$energy      SCF               SCFKIN            SCFPOT
     1 -345.7286732143      344.1332223534     -689.8618955677
     2 -345.7291239483      344.3213882585     -690.0505122068
     3 -345.7300754568      344.2667844091     -689.9968598659
     4 -345.7302135320      344.2614240356     -689.9916375676
     5 -345.7303135420      344.2554997131     -689.9858132551
     6 -345.7304082563      344.2484538032     -689.9788620595
     7 -345.7304447724      344.2429029679     -689.9733477403
     8 -345.7304634425      344.2479594076     -689.9784228501
     9 -345.7304753739      344.2514255483     -689.9819009222
    10 -345.7304820525      344.2517115611     -689.9821936136
    11 -345.7304896588      344.2504965665     -689.9809862253
    12 -345.7304968490      344.2456526780     -689.9761495270
    13 -345.7305007042      344.2426016386     -689.9731023428
    14 -345.7305036484      344.2411874360     -689.9716910844
    15 -345.7305053760      344.2422193078     -689.9727246838
    16 -345.7305071556      344.2429942904     -689.9735014459
    17 -345.7305098588      344.2445959482     -689.9751058071
    18 -345.7305132888      344.2467147875     -689.9772280763
    19 -345.7305150853      344.2474124009     -689.9779274862
    20 -345.7305171036      344.2471394127     -689.9776565164
    21 -345.7305199785      344.2459855852     -689.9765055636
    22 -345.7305226035      344.2449360705     -689.9754586740
    23 -345.7305250665      344.2447151077     -689.9752401742
    24 -345.7305265821      344.2446628240     -689.9751894061
    25 -345.7305288458      344.2445674375     -689.9750962833
    26 -345.7305308352      344.2436684820     -689.9741993172
    27 -345.7305318897      344.2427155602     -689.9732474499
    28 -345.7305331397      344.2412949703     -689.9718281100
    29 -345.7305341925      344.2405122039     -689.9710463963
    30 -345.7305347293      344.2392898788     -689.9698246081
    31 -345.7305351812      344.2398677318     -689.9704029130
$end
