$grad          cartesian gradients
  cycle =      1    SCF energy =     -345.7286732143   |dE/dxyz| =  0.039260
   -4.24036778940451      0.39030592350633      0.64764126825337      c
   -2.25977607380224      1.86490079252656     -0.80934702246372      c
    0.22385317727092      1.01318611034873     -0.13514754325486      o
    1.11314128398469     -0.98158233064049     -1.47004818796438      c
    0.00791039355768     -2.10630385631688     -3.15653237816052      o
    3.68225985520979     -1.71132652983047     -0.64432101945240      c
    5.00466185133103     -0.57509090287674      1.19122665718035      c
   -3.90402488511300      0.53809006535656      2.68394399973574      h
   -4.16865646242721     -1.62104675395260      0.17030211835127      h
   -6.13613158899846      1.10013240934276      0.23124767559658      h
   -2.57230275974510      1.73867275657993     -2.85314629748248      h
   -2.37076724800601      3.86757206816896     -0.30102392302226      h
    4.47143405129313     -3.30401416383082     -1.66595420557821      h
    6.88422124940632     -1.23472437311698      1.67882324048691      h
    4.26454494544297      1.02122878473514      2.24618705324005      h
  0.74684099838829D-03  0.58232690516578D-02  -.26723571959178D-02
  0.13814697351514D-01  -.64923616749199D-02  -.11946404208732D-03
  0.22956085658049D-02  0.38412164289086D-02  0.13061470370659D-01
  -.21055910446763D-02  0.10348264392259D-01  0.75019607228350D-02
  -.43885905789104D-02  -.16197864910451D-01  -.16636409046590D-01
  -.91447204972357D-02  -.30488098300753D-02  -.81847250184883D-02
  0.43520434522294D-02  0.37849375646403D-02  0.61145484603290D-02
  0.11555549062745D-02  -.21896806139422D-02  0.18121135851809D-02
  0.11304638324688D-02  -.28665370202287D-02  0.17643424819962D-02
  -.13251778639644D-02  0.20908519740407D-03  -.24083027835278D-03
  -.40875907558813D-02  0.35786237512445D-02  -.36056846853887D-02
  -.54166095326835D-02  0.26013725229129D-02  -.10889531995064D-02
  0.16427071617797D-02  -.11357247555833D-02  -.82814127200237D-04
  0.14612752552731D-02  -.57782305854607D-03  0.30922459517456D-03
  -.27276513279024D-03  0.22754830160171D-02  0.19657857954532D-02
  cycle =      2    SCF energy =     -345.7291239483   |dE/dxyz| =  0.054385
   -4.24187827945354      0.37866359410607      0.65297854136295      c
   -2.28742318585069      1.87787843505962     -0.80912819767607      c
    0.21924443494722      1.00549723134097     -0.16129049337774      o
    1.11732959171046     -1.00229440009437     -1.48506209219841      c
    0.01665982583370     -2.07393214869054     -3.12326069200364      o
    3.70052708019318     -1.70524303547702     -0.62796234972256      c
    4.99594073513759     -0.58266583340477      1.17897742880116      c
   -3.90634855090343      0.54248522335389      2.68031078795293      h
   -4.17093786300320     -1.61531239083654      0.16677774389324      h
   -6.13349791191413      1.09971854408188      0.23172147008290      h
   -2.56414953347671      1.73149676371557     -2.84595366295250      h
   -2.35994803148171      3.86236539818201     -0.29887774219513      h
    4.46812223796210     -3.30176394644958     -1.66579150957279      h
    6.88128174965376     -1.23357343588518      1.67818482005007      h
    4.26507770064540      1.01668000099798      2.24222738302103      h
  0.30707899204045D-02  -.22901037883774D-02  -.17802790628685D-03
  0.16313093056252D-02  0.58530918951324D-02  -.34881836159012D-03
  0.27137873359777D-02  -.14445788316670D-02  0.65710591273776D-02
  -.19265490976896D-01  -.17991060183644D-01  -.27154880521573D-01
  0.15787915003567D-01  0.11889038152435D-01  0.20606722065674D-01
  0.57434336111298D-02  0.92074165846090D-02  0.11601478910942D-01
  -.94851808202660D-02  -.67898690654237D-02  -.11898418317885D-01
  0.67682544580998D-03  -.15038966438517D-02  -.54040215318139D-03
  0.61982628580729D-03  0.15992955407088D-02  0.24705194650465D-02
  -.57421538155704D-03  0.12024865463047D-02  -.97793175910831D-03
  -.44818668062918D-03  0.22087537118732D-02  -.33863010794355D-03
  -.35250641310059D-02  -.27814481014214D-02  -.23815914818341D-02
  0.39494315660228D-04  -.14145751857252D-02  -.12905990431240D-02
  0.27662298429457D-02  -.82339695591873D-03  0.90915150381666D-03
  0.74625065545401D-04  0.30211784316976D-02  0.28375105254205D-02
  cycle =      3    SCF energy =     -345.7300754568   |dE/dxyz| =  0.011550
   -4.24422808783202      0.37852449862834      0.65388873260958      c
   -2.29264492531584      1.87575510311886     -0.80886227767747      c
    0.21668250415455      1.00535435977531     -0.16969941162412      o
    1.13123607717262     -0.99294620811471     -1.46854400543992      c
    0.00704460471982     -2.07736004718488     -3.13256401703614      o
    3.69925468731795     -1.71070448090965     -0.63355557908286      c
    5.00119063585660     -0.57910269099169      1.18536966995132      c
   -3.90716426422171      0.54417931109374      2.68014382870634      h
   -4.17171180906601     -1.61556746366045      0.16455375432129      h
   -6.13271904147125      1.09882961293914      0.23246473924417      h
   -2.56264394529957      1.72890420990666     -2.84466285585509      h
   -2.35592070442860      3.86351378162996     -0.29692804711151      h
    4.46759360270289     -3.30046380661753     -1.66487885345054      h
    6.87893073524760     -1.23283809537114      1.67745387213802      h
    4.26509993046298      1.01392191575803      2.23967188577238      h
  0.21870008238585D-02  -.13421218600298D-02  -.18383647974000D-03
  0.71386628381687D-03  0.46167562199044D-02  0.50546394771087D-03
  0.32079891318570D-03  -.29398324404678D-02  0.26881110828093D-02
  -.26504350631257D-04  -.38337736573357D-02  -.23374303359572D-02
  0.10630192919296D-02  -.37981782041696D-03  0.33137202343886D-03
  -.14546363728317D-03  0.21554984882869D-02  0.15891242824140D-02
  -.34781076217285D-02  -.89579226732972D-03  -.28998469543281D-02
  0.72842338304962D-03  -.13727252828892D-02  -.77778838014898D-03
  0.67547024009460D-03  0.12935948309850D-02  0.22344814256892D-02
  0.31834781750194D-03  0.83347102584122D-03  -.80991369471810D-03
  0.16440034762290D-03  0.21867388194665D-02  0.11826106407643D-03
  -.33131577748163D-02  -.16169123007822D-02  -.21210987885017D-02
  -.45072918022917D-03  0.53028813697932D-03  0.21909456646342D-03
  0.37204948949940D-03  -.32331711058891D-03  -.22230426545210D-04
  0.72114898826680D-03  0.10272403405294D-02  0.13530403980755D-02
  cycle =      4    SCF energy =     -345.7302135320   |dE/dxyz| =  0.009957
   -4.24922829507180      0.38063385443233      0.65468817614247      c
   -2.29625607338379      1.86638600777503     -0.81006016339077      c
    0.21574614852450      1.01148678167142     -0.17746699903841      o
    1.13040166064816     -0.98672938617471     -1.46591910608832      c
    0.00616233738040     -2.07339691557883     -3.12961899060309      o
    3.70126265397116     -1.71469716475192     -0.63532908043635      c
    5.00798994479067     -0.57801506824635      1.19041808246282      c
   -3.90899250384145      0.54760412266722      2.68163065488513      h
   -4.17342889995217     -1.61803632741077      0.15928307668360      h
   -6.13331502325206      1.09695120644162      0.23430411026891      h
   -2.56247578639820      1.72343075039065     -2.84444857189051      h
   -2.34769187320830      3.86669298021227     -0.29204825539155      h
    4.46836090261403     -3.30163900152049     -1.66545811700000      h
    6.87800252418809     -1.23206626638393      1.67748727501062      h
    4.26346228299077      1.01139442647645      2.23638934385089      h
  0.62559427178602D-04  0.22733321491664D-02  -.55025229541114D-03
  0.19835675213517D-03  -.26956291502720D-02  -.55218769817916D-03
  -.41888423600067D-03  -.24205021267732D-02  0.79394415129735D-03
  -.15324680354065D-02  -.14675453314626D-02  -.92856282400608D-03
  0.11684213850526D-02  -.21536772692821D-03  0.34414052408080D-03
  -.14769578838065D-02  -.24437234250666D-02  -.32243553524313D-02
  0.19449401761815D-02  0.21275898877499D-02  0.30412500656452D-02
  0.86870287891356D-03  -.10955093892809D-02  -.31741714094925D-03
  0.10815894711416D-02  -.40908326869855D-03  0.12126783886414D-02
  0.18124818530976D-02  0.32402646888266D-04  -.32943174100828D-03
  0.71200839482587D-03  0.21892346192059D-02  0.72008115395722D-03
  -.24839047848382D-02  0.24661072818045D-02  -.56429598626020D-03
  -.64826319004629D-03  0.13377568186720D-02  0.81703614452499D-03
  -.22370555667760D-02  0.32671470555463D-03  -.97187089846328D-03
  0.80587048247888D-03  -.72970535697693D-04  0.39644763695763D-03
  cycle =      5    SCF energy =     -345.7303135420   |dE/dxyz| =  0.007972
   -4.25240750838369      0.37824281957660      0.65611040071514      c
   -2.29933993166980      1.86506572993429     -0.80992155792392      c
    0.21562797064535      1.01864547965744     -0.18403889627903      o
    1.13298877533085     -0.98068331574778     -1.46235091742985      c
    0.00347922573157     -2.07048603839647     -3.12842055182210      o
    3.70486266193493     -1.71352316391515     -0.63152236913624      c
    5.00914506654814     -0.58055154922447      1.18888022207814      c
   -3.91146915172249      0.55144119988602      2.68291959799901      h
   -4.17617020931578     -1.61879183607879      0.15418908642619      h
   -6.13635986510534      1.09575493119758      0.23592319957918      h
   -2.56328765270996      1.71664033410085     -2.84526833974172      h
   -2.33873813745720      3.86478322531909     -0.28822553479931      h
    4.46970187214383     -3.30428941643848     -1.66699694086567      h
    6.88069149321908     -1.23206689469885      1.67892231301279      h
    4.26127539081052      1.00981849482812      2.23365172365284      h
  -.45684908764729D-03  0.16329276785707D-02  -.36583035356859D-03
  -.51774171280439D-04  -.30926886508421D-02  0.12985236173059D-03
  -.14465226838703D-02  -.18792125825716D-02  -.58923709704357D-03
  0.70509032651690D-03  0.10453144016481D-02  0.26549324276489D-02
  -.13335807227215D-02  -.17769311022606D-02  -.26779455818567D-02
  0.62623052349675D-03  0.28923642167761D-03  0.82060793137118D-03
  -.13274688413904D-03  0.44774564340960D-04  -.15398064815289D-03
  0.92269871584967D-03  -.58094016895968D-03  -.14223854940166D-03
  0.10803122935002D-02  -.39234878080224D-03  0.74378659036282D-03
  0.16904553982654D-02  0.31016800040265D-04  -.26311471286979D-03
  0.10358254652963D-02  0.16987701986299D-02  0.30865152976461D-03
  -.15165938580093D-02  0.24837020117972D-02  -.15382065399862D-03
  0.41193936683497D-04  0.71845565812051D-05  -.58097180037785D-04
  -.17846078420187D-02  0.21192326826110D-03  -.85815184104686D-03
  0.48716901153681D-03  0.20746469791866D-03  0.49543536958263D-03
  cycle =      6    SCF energy =     -345.7304082563   |dE/dxyz| =  0.006116
   -4.25560274954097      0.37280928358261      0.65847532013086      c
   -2.30301737016921      1.86878235550174     -0.81033190706206      c
    0.21847070168365      1.03109998990638     -0.19106525144498      o
    1.13607879231698     -0.97412215600458     -1.46138927935160      c
    0.00193853696064     -2.06433853910660     -3.12298620359779      o
    3.70618688968655     -1.71526096532080     -0.63204540050881      c
    5.01314624196016     -0.58182011932314      1.19047383859141      c
   -3.91643888465882      0.55724798854596      2.68478369461375      h
   -4.18174851839645     -1.61921303584896      0.14637938807025      h
   -6.14329897289978      1.09406606602442      0.23852286812299      h
   -2.56647153386946      1.70491563844347     -2.84668434836547      h
   -2.32480877648730      3.85798162136729     -0.28313610546165      h
    4.47091381251329     -3.30676825237011     -1.66818432583816      h
    6.88689103760911     -1.23233209995312      1.68216709560914      h
    4.25776079329163      1.00695222455545      2.22887205195755      h
  0.13163481565021D-04  -.15480543009184D-02  0.46270406605690D-03
  -.65155612489207D-03  0.98257663636807D-03  0.96459039076872D-03
  -.22471805032257D-02  -.68393128583026D-03  -.12605561632141D-02
  0.12173340112927D-02  0.76452189424586D-03  0.23495463034148D-02
  -.11177328684946D-02  -.10553141321633D-02  -.18958373229695D-02
  -.64270761508413D-03  -.75075351649839D-03  -.48668912627528D-03
  0.39918228041940D-03  0.14333723918802D-02  0.14538952507381D-02
  0.84628208363207D-03  0.28327305714553D-03  -.35298566510841D-04
  0.78264686025230D-03  0.31222914236950D-03  0.28374210416520D-03
  0.30619197908864D-03  0.51940650849194D-03  -.41516707804581D-03
  0.12373310827927D-02  0.62331488968945D-03  -.43899586249668D-03
  0.13109147275451D-04  -.33852876960048D-03  -.16116750559851D-03
  0.36599255138377D-03  -.25095282716935D-03  -.14648118965288D-03
  -.97394947885653D-03  -.48318033650942D-04  -.72905981210368D-03
  0.32190086158942D-03  -.31645887253666D-03  -.49913855747145D-04
  cycle =      7    SCF energy =     -345.7304447724   |dE/dxyz| =  0.003205
   -4.25706364476308      0.37421827436787      0.65832969019757      c
   -2.30250727138130      1.86770981139207     -0.81243285009646      c
    0.22422037081858      1.03782769162781     -0.19110455095016      o
    1.13683500133562     -0.97077237904841     -1.46268450285916      c
    0.00163928902439     -2.06189998027198     -3.12001168193247      o
    3.70717910356522     -1.71500832788404     -0.63230684521991      c
    5.01457278796914     -0.58481991170101      1.18893427022456      c
   -3.92024351882680      0.55900947592949      2.68571653138090      h
   -4.18568847947083     -1.62023823484906      0.14257501748574      h
   -6.14684566730934      1.09223780825466      0.24049082351161      h
   -2.57059505013383      1.69884706400385     -2.84655127661743      h
   -2.31926079562349      3.85613114747299     -0.28071733634733      h
    4.47071500185052     -3.30728870038049     -1.66830374681856      h
    6.89141775352494     -1.23234559468271      1.68498360486053      h
    4.25562511942029      1.00639185576898      2.22693428864603      h
  -.23125865066326D-03  -.27990025873133D-03  0.53517592414735D-03
  -.80847724879896D-03  0.19097160365436D-03  -.39463989294899D-03
  -.88183344431614D-03  0.19795924577221D-03  -.28316906534262D-03
  -.18050567901634D-03  0.63684633632274D-03  0.90652344662986D-03
  -.45770418835955D-03  -.82945618612254D-03  -.10854153453241D-02
  -.25007644560723D-03  0.12398822284487D-04  0.61694076103086D-03
  -.44542827499499D-03  -.14256739354748D-04  -.29318747587993D-03
  0.72411184524738D-03  0.44715131951435D-03  0.22303282472858D-03
  0.69978078087032D-03  -.65980460712851D-03  -.24139332140861D-03
  0.15310357238722D-04  0.25592371896781D-03  -.20937828377204D-03
  0.87582739697292D-03  0.35315124296492D-03  -.13075185716616D-03
  0.51730371449497D-03  -.33157178427200D-03  0.34891083362824D-03
  0.43939629373496D-03  -.29554134205096D-03  -.11232524425147D-03
  0.24218558025410D-04  -.17468930567115D-03  -.34180616035366D-03
  -.17376832459211D-03  0.41561065636338D-03  0.35827110342987D-03
  cycle =      8    SCF energy =     -345.7304634425   |dE/dxyz| =  0.002743
   -4.25703862764205      0.37500975665899      0.65695247888286      c
   -2.30022211769769      1.86720170558879     -0.81186448135023      c
    0.22828832890498      1.03992134726858     -0.19080247889219      o
    1.13884082065710     -0.97025122277136     -1.46391204514843      c
    0.00159470146769     -2.05966654540187     -3.11743885003035      o
    3.70835958832800     -1.71454732571029     -0.63346427086202      c
    5.01589377709638     -0.58612246397139      1.18867519028412      c
   -3.92357118339596      0.55868492409401      2.68549074290518      h
   -4.18906505141368     -1.61873182280667      0.14174874850743      h
   -6.14836960916519      1.09095945329784      0.24176114809988      h
   -2.57440298670584      1.69544353378090     -2.84637414165770      h
   -2.31831508254667      3.85602720999788     -0.28078871909991      h
    4.46960884286452     -3.30704989433951     -1.66822219293506      h
    6.89316168336373     -1.23194852358478      1.68692508801939      h
    4.25523691588472      1.00506986789890      2.22516521874252      h
  -.13454667299618D-03  -.31558818119294D-03  -.26089781962006D-03
  -.48405967452152D-03  0.40852808196379D-04  -.32195115635972D-04
  -.33747229042447D-03  0.40809660598778D-03  0.16521550168257D-03
  -.86833045921725D-03  -.90869183229109D-03  -.10445448692088D-02
  0.52420981400286D-03  0.37945810842671D-03  0.55245292853795D-03
  -.40641573579747D-03  -.14572483840403D-04  0.41240729810338D-03
  -.45973456325948D-03  -.17147132691669D-03  -.34494289848593D-03
  0.60055469010874D-03  0.51050899107419D-03  0.36549030972718D-03
  0.52405519419953D-03  -.29914094418384D-03  -.15303052565635D-03
  -.16451513293940D-03  0.86343811158407D-05  0.47097067332642D-04
  0.41324434529885D-03  0.16056199476077D-03  -.52672223441622D-03
  0.50323671227976D-03  -.25081596347672D-03  0.47214339245981D-03
  0.16435886817148D-03  0.11016979350566D-03  0.18534873920510D-03
  0.23758902034166D-03  -.13204081625688D-03  -.24430024829544D-03
  -.24810201874155D-03  0.39945253680889D-03  0.30526606603837D-03
  cycle =      9    SCF energy =     -345.7304753739   |dE/dxyz| =  0.002314
   -4.25674857733065      0.37637365044439      0.65682700549024      c
   -2.29746375944918      1.86694046871965     -0.81177427008356      c
    0.23265878278597      1.04099833448373     -0.19089974395708      o
    1.14121121850536     -0.96820224178659     -1.46389338423921      c
    0.00119353618918     -2.05798324745705     -3.11529503055290      o
    3.71068834829731     -1.71382706854333     -0.63481711950124      c
    5.01778082250845     -0.58718105012371      1.18872795566421      c
   -3.92784506345693      0.55731146551771      2.68442718003689      h
   -4.19319204148450     -1.61700723153272      0.14120361675808      h
   -6.14942453139823      1.08995055741073      0.24264457016942      h
   -2.57850916910693      1.69202924005753     -2.84480782758664      h
   -2.31841698255465      3.85621213367086     -0.28192977156184      h
    4.46838882448258     -3.30738330648761     -1.66877033601180      h
    6.89431052482986     -1.23138357594423      1.68921596562479      h
    4.25536806718242      1.00315187157066      2.22299262521614      h
  0.68165626809474D-04  -.29491597769757D-04  0.30637933933590D-04
  0.10300342654452D-03  -.28115154047104D-05  -.34706805855381D-03
  0.49851475132867D-03  -.18501752436861D-03  0.13209169830741D-03
  -.97479180615606D-03  -.50040984799388D-03  -.95300629291933D-03
  0.44073356403735D-03  0.49223360685091D-03  0.68737756733479D-03
  -.32400275668631D-03  -.43423960129033D-04  0.26576407806940D-03
  -.32216831667772D-03  -.85005985558370D-04  -.53514832028284D-04
  0.31769585147064D-03  0.39945004274780D-03  -.24726950598627D-03
  0.30172537351272D-03  -.12975910814403D-03  -.10793534275563D-03
  -.35503669801122D-03  -.27786089879703D-03  0.22930041590942D-03
  -.36370410291717D-04  0.76182269983373D-04  -.40873247031356D-03
  0.31106768639827D-03  -.18716508484475D-03  0.52116872029940D-03
  -.65038348420077D-04  0.31572942851995D-03  0.35797370971980D-03
  0.64001098463520D-04  0.26698548877619D-04  -.24890089209961D-03
  -.16415196993186D-03  0.56837058993536D-04  0.43230163669476D-04
  cycle =     10    SCF energy =     -345.7304820525   |dE/dxyz| =  0.001549
   -4.25672881994072      0.37728971319043      0.65640118130866      c
   -2.29630102065944      1.86670248311322     -0.81095443901909      c
    0.23400963710949      1.04208407760642     -0.19092096336044      o
    1.14365460832675     -0.96723620951849     -1.46345976680581      c
    0.00097923382272     -2.05733678679613     -3.11426901613910      o
    3.71277175607135     -1.71327841915952     -0.63608996812182      c
    5.01940510561320     -0.58775231351253      1.18860311803747      c
   -3.93089059816837      0.55559216539640      2.68456223710637      h
   -4.19613886256316     -1.61574559828464      0.14125590210266      h
   -6.14911205770495      1.09006262633066      0.24258374040006      h
   -2.58071124716932      1.69004507684120     -2.84303226462962      h
   -2.31934192936070      3.85682623309034     -0.28384978008902      h
    4.46775611334451     -3.30820899495338     -1.66984107716614      h
    6.89485352582114     -1.23117166493785      1.69105987806037      h
    4.25579455545758      1.00212761159388      2.22180265378097      h
  0.94163908814657D-04  0.16747656556042D-03  -.32867886246091D-03
  0.39092874143932D-03  -.10732783822011D-03  -.22702170986010D-03
  0.34512377907214D-03  -.16139964535081D-03  0.51492400126902D-04
  -.69123987286437D-04  -.31124544707761D-03  -.31273649477358D-03
  -.11781586863904D-03  0.23093120288875D-03  0.15778908389392D-03
  -.33847626519060D-03  0.26406284835245D-04  0.14497500064464D-03
  -.97447046069774D-04  -.93738129819550D-04  0.12181336938646D-03
  0.20274749625895D-03  0.30624965514867D-03  -.31187584697447D-03
  0.16131903727594D-03  0.62388471270873D-04  0.10768719577901D-04
  -.21610003072471D-03  -.49522271586097D-03  0.35423937695514D-03
  -.22653876299616D-03  0.67913073269366D-04  -.24586612956794D-03
  0.19492281522224D-03  -.11989609666375D-03  0.44561618092896D-03
  -.16300910650212D-03  0.27967382428035D-03  0.35936012775073D-03
  -.16834469741853D-03  0.15783610311030D-03  -.26365158256077D-03
  -.12745858324465D-03  -.83035747139505D-04  -.52832164168341D-04
  cycle =     11    SCF energy =     -345.7304896588   |dE/dxyz| =  0.001420
   -4.25695380919871      0.37769559113788      0.65707575331448      c
   -2.29648949955698      1.86666802940229     -0.80954284165270      c
    0.23433349717979      1.04318991400639     -0.19094778936115      o
    1.14544116640018     -0.96587266327472     -1.46274807610899      c
    0.00161219894418     -2.05723526527665     -3.11330283489597      o
    3.71566552171933     -1.71302480105664     -0.63787052545084      c
    5.02111959843015     -0.58787952605695      1.18813256084708      c
   -3.93425315342428      0.55296814870330      2.68558792890663      h
   -4.19926293893229     -1.61477808662100      0.14142139412910      h
   -6.14808674700262      1.09180895809946      0.24134022194437      h
   -2.58200146754728      1.68818784414242     -2.84071675803147      h
   -2.32112058442658      3.85797429245033     -0.28713573564441      h
    4.46755990908199     -3.30968049826114     -1.67183834209706      h
    6.89577814319147     -1.23150798494933      1.69349224461961      h
    4.25665816514176      1.00148604755435      2.22090423494684      h
  0.26958657085033D-03  0.15392562041869D-03  -.36768197500359D-03
  0.31964896777045D-03  -.42111229339725D-04  -.58407869595767D-04
  0.51756371777761D-04  -.12007966497019D-03  -.11219415021987D-03
  0.36911706262903D-03  -.36785947890222D-04  0.20254572362745D-03
  -.43255814091153D-03  -.14313288304368D-04  -.20266778009745D-03
  0.17464895853227D-04  -.14496913868034D-03  -.60417611543045D-04
  -.20853050783187D-03  0.93496316270175D-04  0.22047100338835D-03
  0.98458199632551D-04  0.17267208236243D-03  -.42125961055333D-03
  0.50223814753978D-04  0.22994640342330D-03  0.11763981523386D-03
  -.85849077947647D-04  -.54647101846230D-03  0.31965818462001D-03
  -.22855222932775D-03  0.11815109139449D-03  -.28021359999367D-05
  0.10597312845110D-03  -.73785629558359D-04  0.24522089757205D-03
  -.22112157888943D-03  0.14066315151120D-03  0.29258192652328D-03
  -.15626979050579D-03  0.15465054060028D-03  -.19739294050029D-03
  -.82865439864836D-04  -.15794000429247D-03  -.70339302221868D-04
  cycle =     12    SCF energy =     -345.7304968490   |dE/dxyz| =  0.001995
   -4.25812049838316      0.37779931173736      0.65866717967885      c
   -2.29731505696911      1.86662701974694     -0.80776341052579      c
    0.23458657320076      1.04477641523449     -0.19071213442602      o
    1.14703425033546     -0.96399503979937     -1.46197541582618      c
    0.00307403698482     -2.05736660223615     -3.11212563269589      o
    3.71845358721272     -1.71232885903476     -0.63987849179875      c
    5.02402973413251     -0.58828170309464      1.18723829320070      c
   -3.93837741003877      0.54959560295189      2.68796423320011      h
   -4.20301326860974     -1.61429070996546      0.14127382644299      h
   -6.14674480461449      1.09522759302749      0.23914123156586      h
   -2.58300022064426      1.68561729052461     -2.83823979466118      h
   -2.32342301756842      3.85947045938225     -0.29149770264939      h
    4.46790959216765     -3.31170513044474     -1.67486570836258      h
    6.89704683130283     -1.23223612456108      1.69670676217809      h
    4.25785967149134      1.00109047653114      2.21991820014472      h
  0.17868921516158D-03  0.11877635141080D-03  -.25623887471937D-03
  0.21838590625214D-03  0.12060621730021D-03  0.96690767859064D-04
  -.10489344533038D-03  -.16507025081341D-03  -.29738696590503D-03
  0.58650995788154D-03  0.49856390093328D-03  0.92578511268099D-03
  -.65002028609682D-03  -.39196586741203D-03  -.72565994150164D-03
  -.10628492577458D-03  0.42693071341277D-04  -.78713786000356D-04
  0.17924288073264D-03  0.19935245542141D-04  0.22566441553296D-03
  0.66505811356678D-04  0.38767111366044D-04  -.37700034199867D-03
  -.10176055568016D-05  0.21863667148875D-03  0.15988155609449D-03
  0.11567432719681D-03  -.52831568060404D-03  0.19179980919030D-03
  -.17109554476464D-03  0.20618180917944D-03  0.17020099706645D-03
  0.40732259800878D-04  -.28961960830423D-04  -.10780555630689D-04
  -.23394094204324D-04  -.41489756650476D-03  -.37753230210012D-04
  -.30050535031816D-03  0.23409976992946D-03  -.11493343524888D-03
  -.16077536294479D-03  -.42538577520564D-04  0.34568906898871D-04
  cycle =     13    SCF energy =     -345.7305007042   |dE/dxyz| =  0.001482
   -4.25935305581297      0.37769729177615      0.66018603344665      c
   -2.29817779250456      1.86627091318090     -0.80668366171555      c
    0.23495664425180      1.04647910730394     -0.19029448617616      o
    1.14828968978647     -0.96278424113068     -1.46194644879945      c
    0.00437273115032     -2.05721291971867     -3.11083275062370      o
    3.72067260591212     -1.71205095392766     -0.64133271730380      c
    5.02586703379627     -0.58856464266039      1.18636204324290      c
   -3.94167098429231      0.54725429058896      2.69029885479741      h
   -4.20593513701814     -1.61427332391676      0.14071239745638      h
   -6.14618286174730      1.09849082706285      0.23738306504050      h
   -2.58363044265048      1.68302694499328     -2.83678614385188      h
   -2.32485536930350      3.86048986858559     -0.29445378420829      h
    4.46809704799758     -3.31230183373101     -1.67687675412057      h
    6.89856119655730     -1.23316507065082      1.69924768862776      h
    4.25898869387757      1.00064374224426      2.21886809965334      h
  0.15117348355757D-03  0.68273065757019D-04  -.72057924357171D-04
  0.31251227712355D-04  0.10056931972351D-03  0.60204468099553D-04
  -.21567067903341D-03  0.89844762546643D-04  -.20748316089669D-03
  0.41958748924059D-03  0.32970188662737D-03  0.63663141400106D-03
  -.43424375073089D-03  -.31943383343541D-03  -.50701314619855D-03
  0.10296695597725D-03  -.83625660325826D-04  -.12175687116942D-03
  -.50399731691825D-04  0.11651355536330D-03  0.70646219599929D-04
  0.51033424679190D-04  -.32822351668958D-04  -.22956027295007D-03
  0.28538787821171D-05  0.98166575439235D-04  0.10837528019058D-03
  0.13390041370552D-03  -.41455397504872D-03  0.46460333214503D-04
  -.11084750606316D-03  0.24335777635838D-03  0.24405944362421D-03
  0.53730942415954D-04  0.11207445856856D-03  -.11710019475672D-03
  -.36123853234690D-04  -.50298149647281D-03  -.10028058414591D-03
  -.73102012551743D-04  0.16899440294799D-03  0.41321160890923D-04
  -.15802328594275D-03  -.48195162357510D-04  0.54690608886555D-04
  cycle =     14    SCF energy =     -345.7305036484   |dE/dxyz| =  0.000781
   -4.26073366784520      0.37740742859508      0.66133957525560      c
   -2.29881463233611      1.86572513245267     -0.80607972150124      c
    0.23565087971158      1.04725853848073     -0.18970583532332      o
    1.14888512773050     -0.96203467059465     -1.46235934856518      c
    0.00555708348241     -2.05693888602095     -3.10969353814280      o
    3.72162956998356     -1.71156703334547     -0.64194263246183      c
    5.02746098368471     -0.58915909033295      1.18570228781312      c
   -3.94406161798496      0.54591424634449      2.69251818440648      h
   -4.20796469110697     -1.61452274106069      0.13997235160515      h
   -6.14625309476011      1.10194917850390      0.23613918922097      h
   -2.58370052397106      1.68037256274957     -2.83662761857899      h
   -2.32588138565677      3.86064187275357     -0.29603428115176      h
    4.46839395206068     -3.31120983515225     -1.67794118572185      h
    6.89961276736842     -1.23431058483193      1.70067384705846      h
    4.26021924963949      1.00047388145880      2.21789016155273      h
  0.82007855119626D-04  -.67881535985581D-04  0.21124434660333D-04
  -.10314854059348D-03  0.15911766057963D-03  0.13150096633191D-03
  0.25924384953024D-04  0.10301811849875D-03  -.11345122558491D-03
  -.87201872804754D-04  0.11114411938506D-03  -.15867717933528D-04
  0.90527383544287D-05  -.63008889093934D-04  0.59768359406048D-04
  0.12793218388982D-03  -.15563282625014D-03  -.10219453298293D-03
  0.71360105139417D-05  -.65828240005256D-04  -.13456877983070D-03
  0.77461971016021D-04  -.42426923876482D-04  0.68210511733259D-04
  0.69901851407034D-04  -.49672663351590D-04  0.18811333250955D-04
  0.12557730565958D-04  -.21611269293996D-03  -.92362622923205D-04
  -.93862685334081D-04  0.21116237858626D-03  0.37814888000372D-04
  0.56803145932203D-04  0.17156182712812D-03  -.15257673807597D-03
  -.87510450092445D-04  -.35488179353309D-03  -.31910992391217D-04
  -.21896033021503D-04  0.16910898945435D-03  0.14285931846543D-03
  -.20782400282610D-03  0.15475543716219D-04  0.70336249933162D-04
  cycle =     15    SCF energy =     -345.7305053760   |dE/dxyz| =  0.001196
   -4.26141925990310      0.37734976647215      0.66168422574839      c
   -2.29892324545796      1.86517458697409     -0.80633781327654      c
    0.23562648446849      1.04702899162288     -0.18918129904426      o
    1.14892560397795     -0.96230516559393     -1.46261546618115      c
    0.00593751631162     -2.05684150763534     -3.10959086256888      o
    3.72128860874827     -1.71108345327408     -0.64165068795298      c
    5.02768636546170     -0.58919865072088      1.18573247219781      c
   -3.94458971318188      0.54583649424458      2.69312537022240      h
   -4.20837020137557     -1.61468167542653      0.13970443902018      h
   -6.14638580679316      1.10369178392719      0.23593706031310      h
   -2.58318294266818      1.67923995744282     -2.83701552894855      h
   -2.32631276377306      3.86016261063667     -0.29595182750621      h
    4.46873952109132     -3.30976157712734     -1.67800479797045      h
    6.89988297672698     -1.23515971474872      1.70048183138089      h
    4.26109685636676      1.00054755320635      2.21753432003180      h
  -.10782051326985D-04  -.11068184270113D-03  0.11142793314006D-03
  -.14253904385164D-03  0.12712153971989D-03  -.64852923831904D-04
  0.92865096126500D-04  0.22647044735624D-03  0.40270172159851D-04
  -.25653034441478D-03  -.40901207008512D-03  -.57955609444796D-03
  0.27867434445811D-03  0.22878809694210D-03  0.46160166651638D-03
  0.91698022248593D-05  -.10397344305826D-03  -.35299793477217D-04
  -.86776583450493D-04  -.23152683969144D-04  -.15156408008368D-03
  0.88354309787563D-04  -.30830407479594D-04  0.18159589867651D-03
  0.15623196232558D-03  -.12426611069466D-03  -.31581177506478D-04
  -.29393512055324D-04  -.11500547686356D-03  -.12116460206474D-03
  -.60489293387539D-04  0.19649396785467D-03  -.85381702770101D-06
  0.51577683524161D-04  0.21151056372407D-03  -.75568545357798D-04
  -.11019193227840D-03  -.21272062877319D-03  0.26751771745780D-04
  0.67235290445541D-04  0.12376371902791D-03  0.16629417862721D-03
  -.18048745405680D-03  -.59589094604511D-04  -.20110698235484D-04
  cycle =     16    SCF energy =     -345.7305071556   |dE/dxyz| =  0.001387
   -4.26232961983805      0.37748854168296      0.66198011575712      c
   -2.29886430346366      1.86421665317552     -0.80636427092742      c
    0.23560895807699      1.04653711940399     -0.18847135493330      o
    1.14904691585907     -0.96210934060830     -1.46257326406540      c
    0.00646289407322     -2.05676676583327     -3.10951543891014      o
    3.72124138568753     -1.71029100783093     -0.64140350813438      c
    5.02829571149570     -0.58933055708327      1.18584390607207      c
   -3.94586809067946      0.54551829309454      2.69379616468084      h
   -4.20961362697645     -1.61458145449344      0.13939062499580      h
   -6.14648764325417      1.10642023847070      0.23572503360641      h
   -2.58262232109927      1.67709155726799     -2.83735882238891      h
   -2.32713239996476      3.85926569767104     -0.29612186009132      h
    4.46931371972797     -3.30763400981067     -1.67834861425619      h
    6.90032086559140     -1.23655967641900      1.70026321894440      h
    4.26262755476413      1.00073471131204      2.21700950511601      h
  -.59191049840090D-04  -.11052434258039D-03  0.15963074981537D-03
  -.56034392858777D-04  0.70732085985337D-04  -.82391830550171D-04
  0.20218989734606D-03  0.17721108705293D-03  0.60079092985749D-04
  -.37202385438822D-03  -.41871630235774D-03  -.70396511248735D-03
  0.34814404639026D-03  0.25644488441995D-03  0.54374558240017D-03
  -.52634988221167D-04  -.87629184343782D-04  0.20385879363344D-04
  -.15765755667208D-03  0.11169036361697D-04  -.13230165818816D-03
  0.75769068901690D-04  -.38416025550540D-04  0.28295030948517D-03
  0.24150071086058D-03  -.17997482324287D-03  -.72819246715228D-04
  -.87928859247396D-04  0.34015086715806D-05  -.14379542783364D-03
  -.55676448393951D-04  0.15369720569397D-03  -.13242707272754D-03
  0.45754611138760D-05  0.20143162270983D-03  -.20661434261960D-04
  -.13960232961366D-03  -.29906322385351D-04  0.10008733417175D-03
  0.11104911046902D-03  0.76703219413561D-04  0.18186127792853D-03
  -.13549500312993D-03  -.16113509457184D-03  -.15307096796406D-03
  cycle =     17    SCF energy =     -345.7305098588   |dE/dxyz| =  0.001276
   -4.26360173880317      0.37792486124442      0.66215940015551      c
   -2.29893283228149      1.86266467386458     -0.80638492507524      c
    0.23522722799493      1.04571141629037     -0.18735449285657      o
    1.14958903114164     -0.96180888869149     -1.46211362917267      c
    0.00717213443003     -2.05650921931107     -3.10949640572694      o
    3.72153422063249     -1.70892560829832     -0.64121792558775      c
    5.02964191768455     -0.58964593796201      1.18610996412574      c
   -3.94818449741984      0.54498972861143      2.69420253198751      h
   -4.21231972726833     -1.61397424520770      0.13908487578662      h
   -6.14638640218212      1.11051734851935      0.23563038230307      h
   -2.58179238847033      1.67341709689782     -2.83727344813518      h
   -2.32840162244276      3.85765763159635     -0.29659308504746      h
    4.47040414240721     -3.30462433605506     -1.67924272130609      h
    6.90086053568475     -1.23881813754197      1.69973410478724      h
    4.26518999889263      1.00142361604317      2.21660680922797      h
  -.49227411466159D-04  -.91598991243474D-04  0.19844045375944D-03
  -.85202657850170D-05  0.20987584433863D-04  -.18150954146723D-03
  0.22301365514210D-03  0.14709842641717D-03  0.66419583739097D-05
  -.20670924520027D-03  -.42375435692654D-03  -.58494290425541D-03
  0.23880153552228D-03  0.21401313415403D-03  0.44597539679264D-03
  -.19555428845330D-03  -.17011949977053D-05  0.71507864374903D-04
  -.74711416467310D-06  -.14556845492869D-03  -.12554297606202D-03
  0.12006758260703D-04  -.70754358080124D-04  0.29566093374734D-03
  0.33406337706993D-03  -.15205881161148D-03  -.79587621209305D-04
  -.86908894702822D-04  0.10994723480862D-03  -.13340484797796D-03
  -.29117966835450D-04  0.95633668821704D-04  -.13976192460944D-03
  -.62515327989350D-04  0.13071458086323D-03  0.52994883678610D-04
  -.15264107070341D-03  0.16013758239462D-03  0.16863983617362D-03
  0.68874609278902D-05  0.60240719324631D-04  0.15314148707180D-03
  -.15496865825624D-03  -.12936639382294D-03  -.24084159498348D-03
  cycle =     18    SCF energy =     -345.7305132888   |dE/dxyz| =  0.000799
   -4.26521512826506      0.37884727119052      0.66183769243489      c
   -2.29907967130490      1.86054675179467     -0.80603370332114      c
    0.23424460369687      1.04448324046952     -0.18557573067528      o
    1.15033939585153     -0.96113751336305     -1.46108072886735      c
    0.00814466761071     -2.05609921866725     -3.10964356662978      o
    3.72274169634762     -1.70712565293365     -0.64133895543708      c
    5.03127330446125     -0.58947876069913      1.18671706338818      c
   -3.95148768264396      0.54435505401546      2.69388117672177      h
   -4.21722408020214     -1.61268981771277      0.13895640932370      h
   -6.14594607890884      1.11550610523581      0.23582911949383      h
   -2.58086509325485      1.66822953866867     -2.83647932867063      h
   -2.32997813221141      3.85542665120651     -0.29768452751227      h
    4.47218211857277     -3.30148161137785     -1.68109697395494      h
    6.90180367088254     -1.24196201814828      1.69881821852492      h
    4.26906640936806      1.00257998032064      2.21674527064662      h
  -.84917680276408D-06  0.20947723961093D-04  0.54474521847056D-04
  0.63464140822700D-04  -.41638234309818D-04  -.13418136729218D-03
  0.65151917980399D-04  0.13618762454265D-03  -.14124677678784D-03
  0.76974679190087D-04  -.99665135680299D-04  -.34527749559393D-04
  -.98022769911693D-04  -.53878799857007D-04  -.99170860849984D-05
  -.17945227418664D-03  0.37714348349101D-04  0.91712718593109D-04
  -.67339363134300D-04  -.27096887603779D-04  0.50806817154858D-04
  -.10187202404238D-03  -.12407707164198D-03  0.16240410391502D-03
  0.36828296015344D-03  0.10636345829443D-04  -.10334750318156D-04
  0.10395019919955D-03  0.10944833750362D-03  -.36552684785161D-04
  -.23358298482580D-05  0.12591672434782D-04  -.35008160695417D-04
  -.13882530606542D-03  -.48144344974445D-04  0.88467816273363D-04
  -.11779411145155D-03  0.19160912530792D-03  0.11697567833914D-03
  0.13309557057393D-05  -.52872803001463D-04  0.11068402514198D-03
  -.10304855439263D-03  -.14838209670394D-03  -.36611199934409D-03
  cycle =     19    SCF energy =     -345.7305150853   |dE/dxyz| =  0.000838
   -4.26627228149225      0.37942124734301      0.66158020245635      c
   -2.29931730444645      1.85928971252897     -0.80559806743092      c
    0.23355858796018      1.04360391066080     -0.18414731901207      o
    1.15091302318881     -0.96057642392547     -1.46037159260268      c
    0.00892179409209     -2.05565492340745     -3.10960450057209      o
    3.72397456203840     -1.70608211751444     -0.64177574179981      c
    5.03259952724717     -0.58936238808076      1.18694839625584      c
   -3.95356349233201      0.54413679966806      2.69332882795863      h
   -4.22136818206267     -1.61186209193022      0.13887378386500      h
   -6.14592332980512      1.11836631109575      0.23600047593972      h
   -2.58047088731748      1.66479816905763     -2.83572670349883      h
   -2.33067396686209      3.85425546259394     -0.29873921212669      h
    4.47348201398567     -3.30010861217123     -1.68260674094054      h
    6.90243895367250     -1.24377043707413      1.69815077544335      h
    4.27170098213344      1.00354538115531      2.21753885153030      h
  0.14055811599480D-03  0.51529792474556D-04  -.83239770375804D-05
  0.39832912381914D-04  -.29908710848014D-04  -.39389836571729D-04
  -.56202254946180D-04  0.13286637359600D-03  -.19576056189799D-03
  0.15946501149627D-03  0.36088287082806D-04  0.17602351863910D-03
  -.21571895043188D-03  -.13599148766283D-03  -.16518129263993D-03
  -.11391233648078D-03  0.42184284117890D-04  0.50803566212052D-04
  0.39056898369125D-04  -.10718900421550D-03  0.10706479500611D-03
  -.17528275228738D-03  -.14427477342674D-03  -.11792645797010D-04
  0.31976293552262D-03  0.13036153093204D-03  0.42585773793121D-04
  0.19644732579668D-03  0.83822657506775D-04  0.16868090744322D-04
  0.27638756653504D-05  -.47489952823082D-04  0.43859842980061D-04
  -.16301704503132D-03  -.14162911445120D-03  0.80427939267200D-04
  -.73542314635293D-04  0.12404366436773D-03  0.43562095816069D-04
  -.94061421542396D-04  -.93718446527048D-04  0.59874605369178D-04
  -.13554163321543D-03  0.22369219977079D-04  -.29275926211713D-03
  cycle =     20    SCF energy =     -345.7305171036   |dE/dxyz| =  0.001105
   -4.26760627341700      0.37981350989079      0.66126796551926      c
   -2.29960047739863      1.85824116189774     -0.80521900045820      c
    0.23299325860263      1.04252646091071     -0.18253728170264      o
    1.15137680666838     -0.95999233333458     -1.45973648420445      c
    0.00976159879925     -2.05510445175397     -3.10954024093866      o
    3.72520917685130     -1.70529814656214     -0.64229629092585      c
    5.03368150038738     -0.58896239801793      1.18696609298259      c
   -3.95489443859915      0.54447257067679      2.69273626279612      h
   -4.22587857753422     -1.61142788275546      0.13866948222177      h
   -6.14647228118724      1.12047345202658      0.23623217708208      h
   -2.58017245134750      1.66186144003947     -2.83516989995935      h
   -2.33069418504468      3.85348416105611     -0.29976199814388      h
    4.47480491949331     -3.29929135460350     -1.68400702179351      h
    6.90317984374074     -1.24508053701542      1.69728882727487      h
    4.27431157998562      1.00428434754453      2.21895884571537      h
  0.18768830459087D-03  0.59730307350805D-04  -.82053625166528D-04
  0.51618188582452D-04  -.92404820067754D-05  0.81959961147807D-04
  -.27891266464602D-04  0.41220047811263D-04  -.29616815934437D-03
  0.10998490871855D-03  0.37292260909033D-03  0.46875206454167D-03
  -.31587988752238D-03  -.26290875698870D-03  -.32679951607077D-03
  -.27260571380090D-04  -.22316896818447D-04  0.26416558693121D-04
  0.12518104572951D-04  -.53903429533125D-04  0.12535855757193D-03
  -.18331429442997D-03  -.11398548932400D-03  -.12463594356610D-03
  0.24577589274461D-03  0.16619087476236D-03  0.61281008886600D-04
  0.25535711732641D-03  0.15006822878697D-04  0.52010556444767D-04
  -.29522514116836D-04  -.93431011087768D-04  0.73728205343654D-04
  -.14972984599835D-03  -.16462774629489D-03  0.70546038522783D-04
  -.10173907138786D-04  -.24361938052390D-04  -.64694143096839D-04
  -.12171469920997D-03  -.13846857478082D-03  0.35997341522154D-04
  -.12627698258696D-03  0.15103452626331D-03  -.19376901566272D-03
  cycle =     21    SCF energy =     -345.7305199785   |dE/dxyz| =  0.001194
   -4.27118591814616      0.38063195658847      0.66098303539972      c
   -2.30035634956476      1.85567823578747     -0.80457796376718      c
    0.23151797791374      1.03988305440142     -0.17825856313120      o
    1.15274923504001     -0.95922412247818     -1.45870828644972      c
    0.01198351861274     -2.05387905568139     -3.10937447995952      o
    3.72780614729845     -1.70321997754392     -0.64342810078740      c
    5.03632268025276     -0.58811823108295      1.18678873988334      c
   -3.95783795934537      0.54512765409834      2.69207965189205      h
   -4.23636530173516     -1.61079315235172      0.13810592718160      h
   -6.14809331640144      1.12611376559306      0.23640350075515      h
   -2.57914233457720      1.65515838942303     -2.83420184640408      h
   -2.33095864655092      3.85186702434440     -0.30239083340843      h
    4.47779935767480     -3.29669052747730     -1.68695237505322      h
    6.90504681291826     -1.24804863245690      1.69529464080582      h
    4.28071409661042      1.00551361883579      2.22208838850897      h
  0.23692705294322D-03  0.51322646699992D-04  -.12893382974230D-03
  0.22235746666321D-04  0.18603476269113D-04  0.14609411990323D-03
  -.35218698941186D-04  0.49926294218183D-04  -.23923719115537D-03
  0.72617370435117D-04  0.44189095785610D-03  0.45387493630236D-03
  -.29672255337408D-03  -.24470080575851D-03  -.25813593529166D-03
  0.65648133006191D-04  -.66937621358454D-04  -.28203379004221D-04
  -.10732949760389D-03  0.19306296440813D-04  0.10228923511752D-03
  -.16119330042890D-03  -.46232352731878D-04  -.23620011537255D-03
  0.10871618443127D-03  0.11775270989354D-03  0.45641650704607D-04
  0.31050848207611D-03  -.40418800156112D-04  0.61833274693573D-04
  -.66973172781227D-04  -.17836756527944D-03  0.13805727777002D-03
  -.12202623183165D-03  -.11780223371902D-03  0.70679770696443D-04
  0.70881294520497D-04  -.20644424005163D-03  -.21675690553830D-03
  -.16025020040181D-03  -.23708894478981D-03  0.12621483655413D-04
  -.65747118813894D-04  0.36182310812080D-03  -.15446583766610D-04
  cycle =     22    SCF energy =     -345.7305226035   |dE/dxyz| =  0.000877
   -4.27455322624698      0.38106416616613      0.66097553926925      c
   -2.30108879112008      1.85370833984329     -0.80442927952521      c
    0.23005511957416      1.03704911315979     -0.17434853092868      o
    1.15367028306008     -0.95933921344382     -1.45823843812858      c
    0.01396364024525     -2.05292056343782     -3.10959274452546      o
    3.72940053985804     -1.70156291370202     -0.64406929308121      c
    5.03852897284826     -0.58751949220273      1.18633605461280      c
   -3.95895940107887      0.54622460548917      2.69188067486657      h
   -4.24464174867338     -1.61074226683812      0.13767850874218      h
   -6.15043896706305      1.13026734455282      0.23650008324013      h
   -2.57783831792508      1.65094397570711     -2.83418050705329      h
   -2.33057581189835      3.85080644324599     -0.30445242466501      h
    4.48002746685499     -3.29414843174973     -1.68840998561734      h
    6.90662917931137     -1.24949579582295      1.69311394254653      h
    4.28582106225379      1.00566468903244      2.22508783571419      h
  0.22049101787227D-03  -.66133562034255D-04  -.62961921040411D-04
  0.67145175090821D-05  0.50823236215428D-04  0.10572136249090D-03
  0.33954251084281D-04  0.97744974537822D-04  -.59600374836238D-04
  -.25616822567048D-04  0.17547838285240D-03  0.69401498747096D-04
  -.12472355065363D-03  -.63705563158184D-04  0.48344492594776D-04
  0.73681937170098D-04  -.85139984966842D-04  -.71801547929379D-04
  -.66995293125149D-04  -.36900010907927D-04  0.63128884337793D-05
  -.49224119730052D-04  0.45649833247525D-04  -.17650086037339D-03
  0.11825061441461D-04  -.22942049147982D-04  -.19656317821592D-04
  0.19026351721006D-03  -.20918667216371D-04  -.12205529188930D-04
  -.86209411177007D-04  -.19919056956986D-03  0.10156495725709D-03
  -.73834531436025D-04  0.27508920378283D-05  0.72265509611956D-04
  0.67403461611316D-04  -.19074932739675D-03  -.20668294768412D-03
  -.30977644426059D-03  -.22703716071090D-03  -.78871516804042D-05
  0.40807153127882D-05  0.46299506228212D-03  0.12153456530402D-03
  cycle =     23    SCF energy =     -345.7305250665   |dE/dxyz| =  0.000877
   -4.27737555649050      0.38147944193038      0.66102591475982      c
   -2.30172447484661      1.85247903395107     -0.80477647851533      c
    0.22868392999505      1.03436093766475     -0.17164509130510      o
    1.15399064794774     -0.96010921891245     -1.45804847858289      c
    0.01546095731668     -2.05234475427970     -3.11034276547429      o
    3.72985793092700     -1.70043904181736     -0.64405105990456      c
    5.03982453276624     -0.58699029179335      1.18588425284537      c
   -3.95851724617950      0.54736600169087      2.69200766855090      h
   -4.24965400636681     -1.61085855926633      0.13760575411362      h
   -6.15296260709057      1.13223360763966      0.23678214846816      h
   -2.57647811343732      1.64977786006714     -2.83492409831327      h
   -2.32959825102392      3.85016640000693     -0.30577802265532      h
    4.48119801654261     -3.29217288277419     -1.68826391708934      h
    6.90850213596242     -1.24918042869612      1.69116762073362      h
    4.28879210397764      1.00423189458822      2.22720798783676      h
  0.65741375492590D-05  -.10960128924681D-03  -.26990806515304D-04
  0.76934153619979D-05  0.39006575422357D-04  -.31894199466614D-05
  0.15138217276281D-03  0.11237614849557D-03  0.87603614231109D-04
  -.78466467826610D-04  -.16507633090065D-03  -.31733438979810D-03
  0.40012878408546D-04  0.13979602351702D-03  0.34243688060498D-03
  0.83046078731552D-05  -.21935054655753D-04  -.77806387055349D-04
  -.28494063831092D-03  0.15084774247195D-03  -.33211514023107D-04
  0.11263398726821D-03  0.11501384506746D-03  0.28238320947491D-04
  -.25041530258119D-04  -.18977747478924D-03  -.90830785356707D-04
  0.91241547839835D-04  -.26133753823529D-04  -.87198094613560D-04
  -.70219766385615D-04  -.14372321812903D-03  0.38491012415435D-04
  -.20735744235131D-04  0.11054199625329D-03  0.60665446243334D-04
  0.10348410347253D-04  -.63744564308041D-04  -.84977402976891D-04
  -.24679837863188D-03  -.22684677403096D-03  0.40510826470948D-04
  0.16949540709039D-03  0.20228202733896D-03  0.30461819251350D-04
  cycle =     24    SCF energy =     -345.7305265821   |dE/dxyz| =  0.000886
   -4.27888620155925      0.38188221568507      0.66112910198357      c
   -2.30212865142720      1.85184091796371     -0.80511323504966      c
    0.22759620719357      1.03267118223903     -0.17034575024892      o
    1.15394799877553     -0.96068322662358     -1.45782790593433      c
    0.01640038240161     -2.05214198665141     -3.11118852934272      o
    3.72997370191323     -1.69993325833347     -0.64380009599548      c
    5.04099221175162     -0.58705521106000      1.18559646654495      c
   -3.95816677969758      0.54788300559590      2.69202353766576      h
   -4.25204034018421     -1.61059620783884      0.13781094911205      h
   -6.15476341928408      1.13295465331656      0.23715392474716      h
   -2.57560699974819      1.64995012288953     -2.83558126989692      h
   -2.32881092823950      3.84972603162482     -0.30657711249717      h
    4.48162634249657     -3.29111942439026     -1.68773092036498      h
    6.91012295328463     -1.24816180487464      1.68995660158597      h
    4.28974352232341      1.00278299045707      2.22834567315981      h
  -.34631716141792D-04  -.15032293567361D-03  0.51311641288358D-04
  0.41793065082119D-04  -.46106716928840D-05  -.54992511922952D-04
  0.15540706600176D-03  0.93951635022460D-04  0.13196007076286D-03
  -.86907042422424D-04  -.23543050139241D-03  -.35278116076887D-03
  0.55423322723445D-04  0.16813118415981D-03  0.32430120980181D-03
  -.65715620892852D-04  0.42501928765967D-04  -.87981397025316D-04
  -.16952341208634D-03  0.86159848819149D-04  -.83973908852000D-04
  0.18980571192602D-03  0.12355617893712D-03  0.96035748509422D-04
  -.39865411044494D-04  -.21477055625861D-03  -.10494020929712D-03
  -.30965932602767D-04  -.20873167787201D-04  -.13537736789381D-03
  -.38168534825008D-04  -.74215534488581D-04  -.36086597896001D-05
  0.15606639760139D-04  0.12908249341261D-03  0.30918205614681D-04
  -.32426603886471D-04  0.53576048753722D-04  0.39087026500447D-04
  -.28156523014518D-03  -.15999469655288D-03  0.58898351864293D-04
  0.19304048268312D-03  0.86404591096371D-04  -.30030331085520D-05
  cycle =     25    SCF energy =     -345.7305288458   |dE/dxyz| =  0.000712
   -4.28101307636088      0.38297682459043      0.66123233523651      c
   -2.30286571860852      1.85093579764282     -0.80531650082470      c
    0.22611449516905      1.03079164643966     -0.16897408351205      o
    1.15425357736125     -0.96094335112008     -1.45720451288195      c
    0.01800055560822     -2.05180560987839     -3.11220767264389      o
    3.73089802120675     -1.69937003438685     -0.64352773069766      c
    5.04336158776027     -0.58747369158855      1.18539379056193      c
   -3.95935479183570      0.54770685606452      2.69207624918203      h
   -4.25587534377938     -1.60944486101542      0.13821179237848      h
   -6.15690249130863      1.13447817092635      0.23788975154602      h
   -2.57485336559290      1.64948347508124     -2.83600095852488      h
   -2.32806568277800      3.84891750570797     -0.30823141924705      h
    4.48221890257245     -3.29014575690189     -1.68768682331208      h
    6.91353649642019     -1.24657519341825      1.68878470934530      h
    4.29054683416601      1.00046822185589      2.22941250886410      h
  -.48940158771119D-04  -.98260329505384D-04  0.83362317654989D-04
  0.28507448984555D-04  -.18774794021101D-04  -.30340079013202D-04
  0.90302371549777D-04  0.10948916567743D-03  0.49025971830652D-04
  -.22540651204037D-04  -.15914572226305D-03  -.25258798697490D-03
  -.57496471146778D-04  0.98800237405494D-04  0.21121334306443D-03
  -.77476090360462D-04  0.11392839840288D-03  -.10069480398511D-03
  -.15111860696915D-04  0.57483019914872D-05  -.95375573616760D-04
  0.19843926174795D-03  0.62559734933669D-04  0.10158189548996D-03
  -.59718122342654D-04  -.14731750712967D-03  -.63404657436070D-04
  -.78086369223754D-04  -.76785094841318D-04  -.13857250954002D-03
  0.10693417767105D-04  0.12536087609331D-04  -.79166383533877D-05
  0.45648202334618D-04  0.36094036519080D-04  -.45809423407737D-04
  -.76522653074307D-04  0.13133826977538D-03  0.16215508961421D-03
  -.22823059520646D-03  -.10691676676888D-03  0.10797313877427D-03
  0.16229355204852D-03  -.40184212767559D-04  -.75969906796640D-04
  cycle =     26    SCF energy =     -345.7305308352   |dE/dxyz| =  0.000766
   -4.28583592202739      0.38521118019131      0.66097436715252      c
   -2.30432989967326      1.84835043279476     -0.80541462800760      c
    0.22308143666687      1.02631593288141     -0.16491673260867      o
    1.15518010502872     -0.96110926947400     -1.45559756712734      c
    0.02178430564387     -2.05093774841330     -3.11390688252686      o
    3.73338095722348     -1.69781314595487     -0.64324699317087      c
    5.04769458069723     -0.58745955702820      1.18538466668015      c
   -3.96305137713485      0.54750808275397      2.69185152827913      h
   -4.26587955976089     -1.60716717017955      0.13873437592881      h
   -6.16031252503322      1.14011599991145      0.23930071411570      h
   -2.57314935887913      1.64547007160087     -2.83627014907251      h
   -2.32769811442087      3.84684493622274     -0.31167676498185      h
    4.48467453298910     -3.28737671162470     -1.68942902284446      h
    6.91988611905791     -1.24571648206159      1.68573530803550      h
    4.29457471962262      0.99776344837903      2.23232921562077      h
  -.12894589391496D-03  0.37173274674521D-04  -.45008472098845D-04
  -.36333832808821D-05  -.46865827596970D-04  0.24054690725028D-04
  0.37755339209133D-04  -.11882014134657D-04  -.89904509575939D-04
  -.19435145588553D-04  0.16038913227553D-03  0.61088192752634D-04
  -.20925060909394D-03  -.51332813069460D-04  -.37911008407165D-04
  -.42586388634899D-04  0.19436001936018D-03  -.89840634114824D-04
  -.15164775497964D-03  0.17605508817120D-03  -.44325696854641D-04
  0.18862410627447D-03  -.25006838665406D-04  0.10068320384679D-03
  -.97578145442137D-04  -.33623688612677D-04  0.32590857703692D-04
  -.36254397258323D-05  -.17877434686158D-03  -.75758616072352D-04
  0.68710135742833D-04  0.88295124353825D-04  0.64227047026841D-05
  0.48004939682988D-04  -.76208360708922D-04  -.13416486621106D-03
  -.71753834059935D-04  0.93960169486040D-04  0.18603677539734D-03
  0.66147501485300D-04  -.18358525144420D-03  0.18650718046019D-03
  0.19236553931736D-03  -.21994849736407D-03  -.17815708084149D-03
  cycle =     27    SCF energy =     -345.7305318897   |dE/dxyz| =  0.000619
   -4.28691379138910      0.38594680022440      0.66098216719213      c
   -2.30476513874446      1.84775976000156     -0.80545264246048      c
    0.22216806389212      1.02526632198742     -0.16389908972080      o
    1.15566576127352     -0.96129585435068     -1.45504677533500      c
    0.02320529085490     -2.05074981419450     -3.11441619043844      o
    3.73431870437979     -1.69795749960454     -0.64291459162269      c
    5.04924345047538     -0.58785686142249      1.18559600394338      c
   -3.96498868477752      0.54723213563910      2.69161769285217      h
   -4.26831384019946     -1.60624158791313      0.13884870491278      h
   -6.16107754720307      1.14218716925811      0.23993811193485      h
   -2.57298469236754      1.64405255699593     -2.83628646256711      h
   -2.32784744803123      3.84635763223886     -0.31243710155425      h
    4.48541833273676     -3.28696801771818     -1.69046280829811      h
    6.92187993607329     -1.24497829979046      1.68461761881677      h
    4.29499160302680      0.99724555864787      2.23316679782066      h
  0.64036048164125D-05  0.43707038291804D-04  0.33181265241294D-04
  -.29095028503512D-04  -.38926833682174D-04  0.72682278029826D-05
  -.92845608688282D-04  0.16112184363093D-04  -.99653227042390D-04
  0.13159490011346D-04  0.18709360499666D-03  0.11968204635529D-03
  -.22763489678046D-03  -.74698680300796D-04  -.11424303400992D-03
  -.30589572033182D-04  0.17628946450909D-03  -.73637280779082D-04
  0.12544898489288D-03  -.34855183455494D-04  -.51464346407903D-04
  0.99918634277325D-04  -.77262501499927D-04  -.39641102664356D-04
  -.90795948095647D-04  0.42165447673943D-04  0.75285532257781D-04
  -.24750635666725D-04  -.15731041445231D-03  -.36060509440283D-04
  0.80831236292625D-04  0.83309690838195D-04  0.85117403736679D-05
  0.34954285838461D-04  -.10367195148082D-03  -.13145375666956D-03
  -.61078520868008D-04  0.49239387922090D-04  0.13954361281298D-03
  0.78740473102336D-06  -.14452506121815D-03  0.14291566365134D-03
  0.69095184383695D-04  -.43719968221546D-04  -.78642332732776D-04
  cycle =     28    SCF energy =     -345.7305331397   |dE/dxyz| =  0.000497
   -4.28739053986276      0.38644696233582      0.66071378056396      c
   -2.30494743140631      1.84776033744795     -0.80552444161382      c
    0.22189267364410      1.02459626095917     -0.16351067706270      o
    1.15604997685815     -0.96182438061673     -1.45462521070511      c
    0.02456867883930     -2.05083785924930     -3.11486252064081      o
    3.73485972451164     -1.69908550641623     -0.64216010917366      c
    5.04955050790663     -0.58810164191511      1.18610785788464      c
   -3.96674846453331      0.54720068465120      2.69152846332473      h
   -4.26857663510000     -1.60560560210113      0.13877164826716      h
   -6.16123771396507      1.14374510420604      0.24069780006232      h
   -2.57332076520404      1.64332086555815     -2.83645755893875      h
   -2.32812705484216      3.84634482264208     -0.31219830938341      h
    4.48589881982230     -3.28726025106912     -1.69156977056042      h
    6.92336565836384     -1.24353066333096      1.68331284298890      h
    4.29416256496786      0.99683086689738      2.23362764046802      h
  0.25444686463608D-04  0.24360987276692D-04  -.66106097902217D-04
  -.64124817710176D-04  0.11168507567254D-04  0.10729477284140D-04
  -.10550758125584D-03  0.21846041870832D-04  -.11108231454481D-03
  -.33648395802555D-04  0.18311741165019D-03  0.82548787124159D-04
  -.15875034086915D-03  -.53153479078194D-04  -.75032707838166D-04
  0.64273637354367D-04  0.46785673253905D-04  -.15189947732197D-04
  0.10329075531792D-03  -.25300135389712D-04  0.74593574896364D-05
  0.42344523433603D-05  -.96481803014835D-04  -.59787796027819D-04
  -.25646938433765D-04  0.96094256676199D-04  0.11208951689048D-03
  0.15941911114023D-04  -.12011993903875D-03  0.56148560326536D-04
  0.47893751212404D-04  0.40321496861178D-04  -.52954761391855D-04
  -.56817624909146D-05  -.85257835774635D-04  -.80375072383440D-04
  -.61645232508720D-04  -.11708746504191D-04  0.42435003482832D-04
  0.60655857088525D-04  -.15785714123911D-03  0.90614011698068D-04
  0.72416286577949D-05  0.49135714107446D-04  -.40712693738364D-04
  cycle =     29    SCF energy =     -345.7305341925   |dE/dxyz| =  0.000476
   -4.28964129446684      0.38746020895067      0.66058989462955      c
   -2.30546658273300      1.84670037602656     -0.80558789191267      c
    0.22067700209302      1.02214506597383     -0.16116924807383      o
    1.15688659349030     -0.96272987473339     -1.45376141801914      c
    0.02725713466578     -2.05059853392865     -3.11581707489825      o
    3.73598081823033     -1.69946401058882     -0.64149184464323      c
    5.05107680513004     -0.58820399995103      1.18642025233569      c
   -3.96925305332827      0.54766611183028      2.69134148407251      h
   -4.27277859506083     -1.60472110887975      0.13853386089049      h
   -6.16274402121079      1.14756385151744      0.24158578838016      h
   -2.57293690354014      1.64087317052574     -2.83662424225312      h
   -2.32819926105723      3.84570713271458     -0.31303652057348      h
    4.48751938036166     -3.28624636985667     -1.69326706383689      h
    6.92619704257204     -1.24197830449990      1.68060065448217      h
    4.29542493485410      0.99582628489824      2.23553480490635      h
  0.52873922618435D-04  0.34339529406985D-04  -.22659316104449D-04
  -.63877390576034D-04  0.17689388440059D-04  -.50673542000765D-04
  -.10854184616743D-03  0.63537840683803D-04  -.42033797206437D-04
  -.22707473117167D-04  0.13667594492413D-03  -.11490096229416D-04
  -.10623965885415D-03  -.56986209639454D-04  -.20614722944456D-04
  0.74555846882957D-04  0.31631914562291D-04  0.29091082050139D-04
  0.15350209885003D-03  -.31098890488614D-04  0.88279234163439D-04
  -.54152619652546D-04  -.95905514636969D-04  -.11194873982580D-03
  0.14548955970823D-04  0.48372745004847D-04  0.10449945438475D-03
  -.24422679444198D-04  -.65494546059001D-04  0.11076956399382D-03
  0.19072965052642D-04  0.18881403833958D-04  -.10418308875045D-03
  -.45125808106812D-04  -.21623901585471D-04  -.37765877202993D-04
  -.42613015239945D-04  -.11191456935573D-03  -.60431451298370D-04
  0.31952991119584D-04  -.14834504700132D-03  0.33715924444098D-04
  -.42941643757510D-05  0.10342809206783D-03  -.53523917900658D-05
  cycle =     30    SCF energy =     -345.7305347293   |dE/dxyz| =  0.000508
   -4.29396108477717      0.38916596715119      0.66028293304410      c
   -2.30647763201933      1.84462942976117     -0.80566659978651      c
    0.21822546976813      1.01711527367859     -0.15689476562978      o
    1.15802228986341     -0.96455256365591     -1.45209420064105      c
    0.03190182797933     -2.05002501908606     -3.11780286507504      o
    3.73762400747977     -1.69980575950657     -0.64049244157936      c
    5.05364562527019     -0.58828108156133      1.18648734625622      c
   -3.97263871557093      0.54891866360051      2.69108915153091      h
   -4.28074727377565     -1.60318363254335      0.13820515822207      h
   -6.16574060427401      1.15388199245570      0.24291929939185      h
   -2.57172430237385      1.63703127515773     -2.83693036975928      h
   -2.32781558344035      3.84428606887890     -0.31472096559255      h
    4.49039306380068     -3.28371061136592     -1.69541885027562      h
    6.93118659658450     -1.23917156332940      1.67564128794974      h
    4.29810631548544      0.99370156036374      2.23924731743897      h
  0.14500336653622D-06  -.12252507837263D-04  -.68571171565779D-04
  -.10459403467790D-03  0.75024531281859D-04  -.12496036314124D-03
  -.67133246841114D-04  0.21451522403376D-04  -.14087398220800D-04
  -.51051783982459D-05  -.76403223567834D-05  -.76126916507019D-04
  0.45023748615425D-04  0.34646634161417D-04  0.96254853209243D-04
  0.10042398538332D-03  -.73798653068238D-04  0.22318358626500D-04
  0.82082211164305D-04  -.97713437362090D-04  0.19808265461732D-04
  -.63512464658621D-04  -.62776515645126D-04  -.64801549881054D-04
  0.56063506691528D-04  -.20534270395167D-06  0.91234731381337D-04
  -.81936877425276D-04  -.36911951561830D-05  0.17145280121962D-03
  0.13651211677942D-05  0.16237019884991D-04  -.15784066684238D-03
  -.91411908019577D-04  0.54868534077115D-04  -.94729927054178D-05
  -.76153291778664D-04  -.57893382307266D-04  -.56171548125712D-04
  0.75282767317171D-04  -.12862689926529D-03  -.98808596679798D-05
  0.51090518821822D-05  0.16618527311183D-03  0.76658027520639D-04
$end
