$hessapprox
  0.456120138582D+00 -0.369540728163D-01  0.489749077578D+00  0.299707080480D-01
  0.122450854711D-01  0.475936513611D+00 -0.676908862677D-01 -0.344749043617D-01
  0.290474877276D-01  0.398756659271D+00  0.208114298848D-01 -0.150553434839D+00
  0.148148980180D-01 -0.594898552733D-02  0.596868481270D+00  0.895443697485D-02
 -0.288333560983D-01 -0.933255175878D-01  0.177679193438D-01  0.345721296274D-01
  0.516035390518D+00 -0.805821538589D-01  0.133243706583D-01  0.163678609792D-01
 -0.884830868008D-01 -0.251238537014D-01 -0.198096637509D-01  0.430923168602D+00
 -0.637292782320D-02 -0.431253602846D-03 -0.246591537463D-01 -0.135675388694D-01
 -0.580951469163D-01 -0.260046820486D-01 -0.661546770465D-01  0.402778359676D+00
  0.125354208539D-01 -0.696114874884D-03 -0.110214406419D-01 -0.545393417685D-01
 -0.166206542222D-02 -0.795118966558D-01 -0.457772000191D-02  0.767664939194D-01
  0.398677072417D+00 -0.283516314904D-01 -0.226651303477D-01 -0.180318002868D-02
  0.171630593424D-03  0.384619880104D-01  0.288164454112D-01 -0.101203480516D+00
 -0.283867019248D-02 -0.134322743447D-01  0.735684366804D+00 -0.371084789939D-03
  0.245795153782D-01  0.264302355105D-01  0.469242580552D-01 -0.489704378542D-01
  0.278637891551D-01  0.353520608800D-01 -0.185983283811D+00 -0.531221368614D-01
  0.132761636760D+00  0.736710847901D+00 -0.144715035229D-02  0.153390559503D-02
 -0.120193301425D-01  0.652098156618D-01  0.127834446647D-01  0.378467479121D-01
  0.248145359119D-01 -0.783107393134D-01 -0.978749828928D-01  0.297100007917D+00
  0.386400912396D+00  0.970824797433D+00 -0.322637987073D-02  0.640901165472D-02
  0.690208143533D-02 -0.543424859629D-01  0.357520313591D-02 -0.333768420385D-01
 -0.328102085605D-02  0.597738367265D-01  0.667923409330D-03 -0.264933099023D+00
 -0.168125848368D+00 -0.308912793723D+00  0.573327070802D+00  0.182480995580D-01
 -0.311833579920D-01 -0.564010019861D-02 -0.131706067641D-01 -0.336163208146D-01
 -0.450630837346D-01 -0.200855557807D-01 -0.184063828383D-02  0.390854890404D-01
 -0.195817290953D+00 -0.285575796097D+00 -0.280302077458D+00  0.168931519044D+00
  0.546441804808D+00 -0.170889769079D-02 -0.131041845624D-01 -0.605588302542D-01
 -0.346808360667D-01  0.560936096254D-02 -0.620348260740D-01 -0.298889637709D-01
  0.165748335448D-01  0.615242332398D-01 -0.297954435890D+00 -0.305025830281D+00
 -0.474133197162D+00  0.287001389039D+00  0.261582250585D+00  0.775839880449D+00
 -0.147093929051D-01  0.156823516928D-01 -0.283306415411D-03 -0.186100622173D-01
 -0.132259541802D-01 -0.112096808253D-01 -0.263894584350D-01 -0.549644858820D-02
  0.478627361863D-02 -0.119246907494D+00 -0.192923532069D-01 -0.465305048919D-01
 -0.328487388694D-01 -0.754343692711D-02  0.800471556676D-02  0.525425350067D+00
  0.855413216861D-02 -0.114573408343D-01  0.140737320618D-01  0.102603203490D-01
  0.100057206154D-01 -0.225821296154D-02  0.107171246236D-01 -0.264838663643D-01
 -0.868763476508D-02  0.122316768414D-01 -0.851303277541D-01  0.713321318931D-02
 -0.384485021181D-02 -0.553611014163D-01 -0.136864306603D-01  0.577008367280D-01
  0.544557961910D+00  0.428402588439D-02 -0.139210262816D-01  0.640012306933D-02
  0.443564640191D-02  0.130007903926D-01 -0.413633332221D-02  0.234049578119D-01
  0.206695549919D-01 -0.653593598248D-02 -0.224553935333D-01  0.173072521577D-01
 -0.801368910983D-01 -0.338374583032D-01  0.229117330303D-01 -0.289959594167D-01
  0.143877856913D+00  0.211379987005D+00  0.654247009002D+00  0.278885490342D-01
  0.113863542905D-02  0.211384926501D-02 -0.528847013007D-02 -0.983112718635D-02
 -0.621560590650D-02 -0.388401628941D-01 -0.129146016465D-01 -0.503907957087D-03
 -0.177560204687D-01 -0.348817574357D-02  0.277375585447D-01 -0.407517120718D-01
 -0.136503416850D-01 -0.208780114322D-01 -0.174837388316D+00 -0.119892967434D+00
 -0.142588397055D+00  0.670985005198D+00 -0.249550135652D-01 -0.220066906281D-02
 -0.172946937617D-01  0.304539612028D-01  0.114023451706D-02  0.162127806855D-01
  0.350611495411D-01 -0.296528837483D-01 -0.851355699489D-02 -0.234578596230D-02
 -0.360234174992D-01 -0.124189163252D-01  0.778075997432D-02  0.165097267608D-02
  0.989616244754D-02 -0.796744288581D-01 -0.189415341702D+00 -0.149504810127D+00
 -0.517330212270D-02  0.585267833364D+00 -0.380078135942D-02 -0.779438858150D-02
  0.189072298791D-01 -0.166640620787D-02 -0.134162303730D-02 -0.511338344668D-02
 -0.202210607726D-02 -0.251995433603D-02 -0.317893757262D-01  0.462550303793D-02
 -0.197749470353D-02 -0.464517498385D-01 -0.114062400197D-01  0.592797975386D-03
 -0.550449573404D-02 -0.123650158626D+00 -0.164641963921D+00 -0.315308062050D+00
  0.167099294177D+00  0.173382384598D+00  0.647768463925D+00 -0.503899874395D-01
  0.203739418715D-01 -0.286096137347D-01 -0.154738267240D-01 -0.115276421221D-01
  0.708168560169D-02  0.235604254451D-02  0.179458302407D-01 -0.761588535964D-02
  0.149253967413D-01  0.189135900112D-01  0.292870679572D-01  0.188625182324D-01
  0.125349292431D-01 -0.200191479758D-03 -0.253321522572D-03 -0.165234669332D-01
  0.249838299498D-01 -0.221252259189D-01 -0.197993946559D-01  0.409381684288D-01
  0.327467561062D+00  0.229589038410D-02 -0.687130559960D-01  0.172163039923D-02
 -0.589437817567D-02 -0.283962884321D-01  0.440830278753D-01 -0.546075332365D-02
 -0.299775520023D-01  0.125891571975D-01  0.196439082292D-01  0.160778082584D-01
 -0.118393914358D-01  0.243937154863D-01 -0.133835476376D-02 -0.418606750160D-01
  0.308118804550D-01  0.233455005406D-01 -0.347960958072D-01  0.195679333136D-01
 -0.226774548910D-01 -0.535405167847D-03 -0.501480026590D-01  0.305322330009D+00
 -0.689284858087D-02  0.276012969518D-01 -0.142484492267D+00  0.285337480271D-01
 -0.126010135832D-01 -0.475971343622D-01  0.649112554702D-02 -0.262675742528D-01
 -0.213911086416D-01  0.282919161133D-01 -0.197348474936D-01 -0.169566261783D-01
 -0.312568982204D-05  0.179306201576D-01 -0.428140887068D-01  0.168333999173D-02
  0.547721017912D-03 -0.519512892554D-02 -0.597176044061D-01  0.268431597261D-01
  0.197274959671D-01  0.758318192613D-03  0.296225771518D-01  0.396325857984D+00
 -0.919074949586D-01  0.313785101396D-01 -0.125618531029D-01 -0.312722407466D-01
 -0.263859292500D-01 -0.430628160593D-02 -0.311474453590D-01 -0.215928786213D-01
  0.679635913761D-01 -0.450271575280D-02  0.102095663468D-01 -0.247604671305D-02
 -0.153427550056D-01  0.429682889129D-01  0.239795709323D-01  0.195627694241D-01
  0.282023434186D-01 -0.361474642565D-01  0.177724492173D-01 -0.290504896796D-02
 -0.136979793294D-01 -0.512599420378D-01  0.294690609407D-01 -0.246124134280D-01
  0.265591648332D+00  0.115608127758D-01 -0.140778520631D+00  0.373063346456D-02
 -0.240731374408D-01  0.312321497033D-02  0.492969349848D-01 -0.305489165982D-01
 -0.108258556035D-01 -0.528202118805D-02  0.876471389889D-02 -0.468033506619D-01
 -0.245059697077D-01  0.146626938457D-01 -0.985589330760D-02  0.182917688331D-01
 -0.201777132085D-04 -0.689803376170D-02 -0.182634522656D-01 -0.912746627664D-02
  0.111021511724D-01 -0.126892006265D-01  0.325969211306D-01 -0.475556534693D-01
  0.203612607960D-01  0.163757689704D-01  0.430478052287D+00 -0.129170378739D-01
 -0.478478109822D-01 -0.684929241421D-01 -0.184856897250D-02  0.225281590086D-01
 -0.168312862459D-01  0.111074369048D-01  0.381509311259D-01 -0.307756719109D-01
  0.264601069467D-01  0.107460542194D-01 -0.458347322561D-01  0.442824775780D-01
  0.729928128880D-01 -0.328076016135D-01  0.410350551819D-02 -0.121573017668D-01
 -0.175374422505D-01 -0.154896973946D-01 -0.283265368039D-01  0.108260477379D-01
 -0.468130665514D-01 -0.102461734980D-01 -0.525255638456D-01 -0.910085131643D-02
 -0.131949545987D-01  0.360746586150D+00 -0.878365770643D-01  0.208934620584D-01
 -0.251831808541D-01 -0.360205155512D-01 -0.476997077202D-01 -0.143972101306D-01
 -0.335549433121D-01 -0.110016043742D-02  0.167483416663D-01 -0.437195554560D-01
  0.143801954048D-01 -0.243089157414D-02 -0.237723579193D-01  0.190967708993D-01
 -0.109559394205D-01 -0.300046130832D-01  0.201154259444D-01  0.315841244920D-02
 -0.143855382347D-01  0.146468280735D-01 -0.396478928588D-02 -0.115449827131D-01
  0.225787123955D-01  0.809490554258D-02 -0.925396446966D-01 -0.144498079966D-01
 -0.158945042041D-01  0.410617673904D+00  0.363926972120D-01 -0.979647726448D-01
 -0.165645805339D-01 -0.335564162797D-02 -0.104106637935D-01 -0.105344378626D-01
  0.838942394184D-02 -0.112268154781D-02 -0.215127724963D-01  0.144311131656D-01
  0.448730681304D-02 -0.193403383482D-01 -0.418224090123D-01 -0.115533680184D-02
  0.852309859540D-02  0.209220688163D-01  0.264547522711D-01 -0.267170262794D-01
 -0.281859077921D-02  0.225653405141D-01 -0.674949183249D-02  0.707208590634D-01
 -0.641370170705D-01 -0.561181042878D-01  0.198468760723D-01 -0.809291947491D-01
  0.123173463337D-01 -0.552906396712D-01  0.232590098273D+00 -0.140345988613D-01
 -0.157967184030D-01 -0.624301052154D-01 -0.612436616999D-02 -0.836480753603D-03
 -0.479338588515D-01 -0.148427435832D-02  0.156568687161D-01 -0.195971994866D-01
  0.734484261291D-02 -0.188169939501D-01 -0.500678621930D-01  0.532049520557D-01
 -0.145651288724D-02 -0.356275858250D-02  0.101776704577D-01 -0.263455642859D-02
 -0.122669531088D-01 -0.155844431092D-01  0.149593698706D-02  0.472131915959D-02
 -0.224416501688D-01 -0.221287559694D-01 -0.335313092580D-01  0.110565585452D-01
 -0.277443319067D-01 -0.823911323762D-01  0.189598344332D-01  0.317140104087D-01
  0.357511193390D+00 -0.411114200635D-02  0.303700781975D-03  0.149193518950D-01
  0.170506659886D-02  0.390398503607D-02  0.101961543829D-01  0.237680131560D-01
  0.380467816197D-01  0.300051990785D-02 -0.161150817723D-01 -0.489350053637D-02
 -0.207540473905D-01 -0.373544929841D-01  0.689200008030D-02  0.356290095389D-01
 -0.138683243087D-01 -0.834377138010D-02 -0.305275516350D-01 -0.306929243528D-01
  0.295960305661D-02 -0.294913663944D-01 -0.640352786088D-01 -0.753517133619D-02
  0.507135792605D-02 -0.397996027174D-01  0.250939023452D-04  0.143425919507D-01
 -0.343337020014D-01 -0.455657744020D-01  0.388802832121D-01  0.379198127519D+00
 -0.230544776331D-01 -0.330898999841D-01  0.636867093697D-02 -0.426900927505D-02
 -0.942296731512D-01 -0.256540224753D-01  0.352162704907D-01  0.697030823101D-02
 -0.183130720106D-01  0.287090714543D-01 -0.213185398425D-01  0.253004793268D-01
  0.657263831248D-02 -0.504545907584D-01  0.688371656320D-01  0.243954753938D-01
 -0.242842130231D-01  0.176611035718D-01  0.164862792168D-01 -0.934596956603D-03
  0.755774303912D-02 -0.736661240277D-01  0.239042952896D-01  0.271876522552D-02
 -0.603865352438D-01 -0.487901152822D-01 -0.136788527222D-01  0.148940271098D-02
  0.222775348222D-01  0.116132820730D-01 -0.395635511758D-01  0.263678606899D+00
 -0.211792148455D-01  0.335614424999D-01 -0.380724794892D-01 -0.355406325004D-02
 -0.375164449007D-01 -0.955313518681D-01 -0.113381574819D-01  0.283753879169D-02
 -0.353883693209D-01 -0.287409500154D-01 -0.731020225937D-02 -0.284912655926D-01
  0.508637618303D-03 -0.327632883613D-01 -0.423091130063D-01 -0.267629729517D-01
  0.757899627681D-02  0.132702619166D-01 -0.243180604953D-02  0.277851163118D-02
 -0.116031647938D-01  0.156468029250D-01  0.344620214490D-01 -0.462562903509D-01
  0.194318673775D-01 -0.105082214308D-01 -0.404130989870D-01 -0.203278369370D-01
 -0.208526465508D-02 -0.528873511349D-01  0.380419383848D-01  0.899551234525D-03
  0.428731462591D+00 -0.411003198843D-02 -0.114285959249D-01  0.384907533365D-02
 -0.187008759234D-01 -0.141253753471D-01  0.233772106842D-01 -0.386685017216D-01
 -0.332178829822D-01  0.296569175242D-01 -0.355999173710D-01 -0.157381524261D-01
 -0.102657358241D-01 -0.350364201047D-02 -0.365594846852D-01 -0.124935056738D-01
 -0.218461360618D-01  0.370854359545D-01 -0.857887254433D-02 -0.455963455930D-01
  0.359537593636D-01 -0.677362893783D-02 -0.699156568576D-01 -0.987221407075D-01
  0.148043982831D-01  0.151234917696D-01 -0.913388901463D-02  0.387005988963D-01
  0.275420241235D-01  0.208203096509D-01 -0.323849460933D-01 -0.433584349596D-01
  0.193786856607D-02  0.292194794338D-01  0.326610173406D+00 -0.344357842012D-01
  0.147955815969D-01 -0.223615243741D-01 -0.597973715584D-02 -0.154132625755D+00
 -0.549994930035D-01 -0.141667065284D-02 -0.249471513802D-01  0.217504847962D-02
 -0.258801059380D-01 -0.822731542641D-02  0.282698093616D-03 -0.312100805738D-03
 -0.280752884626D-01 -0.593756144201D-02 -0.404188293072D-02 -0.112509920805D-01
  0.211992652443D-01  0.248220909764D-01 -0.194339396566D-01  0.281813617299D-01
 -0.106456199341D-01 -0.318619075578D-01 -0.109269975831D-01  0.104311202646D-01
 -0.674867439084D-01 -0.104986866789D-01 -0.827953358614D-02 -0.513320315401D-01
  0.443130020398D-01  0.888940335859D-02 -0.799986131090D-01 -0.230726599131D-01
 -0.116952795438D-02  0.461735460520D+00 -0.247708801798D-01  0.490727092821D-01
 -0.246847353326D-01 -0.982765622597D-02 -0.359160086302D-01 -0.737939570363D-01
 -0.129914381594D-01 -0.128284649772D-01 -0.175791704748D-01 -0.526926541503D-03
 -0.286846605350D-01 -0.310915312612D-01  0.207390852473D-01 -0.716304176030D-01
  0.195869458658D-01  0.370588509154D-01  0.119832344374D-01 -0.325313850470D-01
  0.430501830572D-01  0.309261353282D-01 -0.429804564630D-01 -0.512720911632D-02
  0.266476187666D-02 -0.181669508243D-01 -0.575797243685D-01  0.477394370152D-02
  0.310335797193D-01  0.366171697424D-02  0.187896035407D-01 -0.900456402975D-01
  0.753367342497D-02 -0.163282041475D-01 -0.440531852103D-01 -0.428155097139D-01
  0.552719508117D-01  0.293189461510D+00 -0.148169836072D-01  0.328060582035D-01
  0.199425909235D-01 -0.135687771940D-01  0.249285508273D-01  0.126428555993D-02
 -0.452249973514D-02  0.492926955818D-02 -0.255038970678D-01 -0.405960798065D-01
  0.163646104273D-01  0.466134522256D-02 -0.830714841517D-01 -0.164676906054D-01
 -0.374324265685D-03 -0.406854976065D-01  0.124068932376D-01  0.984891488400D-02
 -0.317163228159D-01 -0.487254654102D-01 -0.387508841712D-01 -0.146945753625D-01
  0.553838782725D-02  0.116995012963D-01 -0.195380034944D-01  0.306088163657D-01
  0.293483074807D-01 -0.237510852291D-01 -0.409844849550D-02  0.119514513601D-01
 -0.445495230854D-01  0.415350968970D-01  0.530951002196D-02 -0.168562315525D-01
  0.192218359829D-01 -0.169115370795D-01  0.422212430731D+00  0.189802703451D-01
  0.441395668907D-02 -0.407932150646D-02  0.380376168811D-02  0.562170880536D-02
  0.253421741945D-02  0.746602131402D-02  0.942869085736D-02 -0.240464460770D-01
  0.170899503203D-01 -0.695702029459D-01  0.578916879925D-02 -0.110360524789D-01
 -0.575135981210D-01  0.426869705508D-01 -0.524299835041D-03 -0.162581114288D+00
 -0.778050045775D-01  0.121171543051D-01 -0.180521545124D-01  0.325058138155D-01
  0.131189041387D-01  0.259974485437D-01  0.688627523976D-02 -0.142998706379D-01
  0.390242899066D-03  0.223486611277D-01  0.202134718789D-01 -0.388778206832D-01
 -0.112442495152D-01 -0.291657807600D-01 -0.571693712657D-03  0.249905848326D-01
  0.510934678498D-01  0.416210822348D-01 -0.600745244105D-01 -0.513507960677D-01
  0.338403825245D+00  0.231140694434D-02 -0.147564594976D-01 -0.840881997639D-02
 -0.111058439269D-01  0.548692626383D-02  0.302646143521D-01 -0.455164868610D-02
  0.120045442854D-01 -0.111301949939D-01  0.230695933858D-01  0.871711489506D-02
 -0.386828977331D-01  0.152790788855D-01  0.463555052002D-01 -0.572196411855D-01
  0.834622559101D-02 -0.543405437621D-01 -0.131675109872D+00  0.191294263134D-01
  0.107000402518D-01 -0.334177924409D-01 -0.341452765075D-01 -0.513077234702D-01
  0.554888363284D-02 -0.205936131397D-01 -0.232542156169D-02 -0.505998219581D-01
  0.335056354861D-01  0.396972829051D-01  0.434808938646D-02 -0.321600189540D-01
 -0.470464368385D-02  0.420111799148D-01 -0.236564580280D-01  0.161723249003D-01
  0.313277494202D-01  0.897899464633D-02  0.195799332237D-01  0.351931552267D+00
 -0.618250953666D-02 -0.289846652134D-01 -0.325495716584D-01 -0.256671170292D-01
  0.344646967955D-01  0.278362247560D-02  0.112374292431D-02  0.144930760969D-01
  0.991451258796D-02 -0.619095459686D-01 -0.538255600623D-01 -0.649714843496D-01
 -0.319016474134D-01  0.331553785635D-01  0.656434456878D-01 -0.104930985914D-01
  0.143288280998D-01  0.335949537688D-01 -0.217098908823D+00  0.339786299696D-01
 -0.325663012929D-01  0.122459407797D-01  0.272267720191D-01 -0.155603549698D-01
  0.182886037293D-02 -0.267033600313D-01 -0.275417727673D-01  0.257485344731D-01
 -0.647533303174D-02 -0.507547281096D-01 -0.180819511563D-01  0.664362252790D-02
  0.221518729341D-01 -0.477150427700D-01  0.158209044107D-01  0.221141347491D-01
 -0.345949977319D-01 -0.754622630719D-02  0.382332795104D-02  0.403054911430D+00
  0.146214114707D-01 -0.397734957560D-03 -0.463136791093D-02  0.266477324843D-01
 -0.289537558041D-01  0.205437887810D-01  0.596440500083D-02 -0.999470747410D-02
 -0.541110636361D-02 -0.875194098819D-02  0.433211440471D-01  0.172481337521D-01
 -0.968694819159D-01 -0.203259675776D-01 -0.262319947407D-01 -0.390033518693D-01
 -0.628251930285D-02 -0.396519271068D-01  0.255157266822D-01 -0.103886452918D+00
  0.180509276351D-01  0.241112359189D-01 -0.324854233320D-01 -0.876812511755D-02
 -0.350479687407D-01  0.148265800238D-02 -0.201503981765D-01  0.446225862767D-01
  0.432877292108D-01 -0.210942734148D-01  0.599436835107D-01 -0.224387295279D-01
  0.107207587446D-01  0.208835996971D-01 -0.408399357960D-01  0.301674842441D-01
 -0.315029698272D-01 -0.141375891281D-01 -0.111038393218D-01 -0.991140764873D-01
  0.226377252290D+00 -0.408039562955D-02  0.791198959070D-02 -0.391940332505D-02
 -0.130774730516D-01 -0.694614459194D-02 -0.150193865925D-01 -0.275609801781D-01
 -0.670986016559D-01 -0.270823348461D-02 -0.298251000113D-01 -0.608007076671D-01
 -0.410243888537D-01  0.545439306473D-02  0.278502479192D-02 -0.625187514900D-01
 -0.144332120844D-01 -0.224203156855D-01 -0.252750156551D-01 -0.422376824711D-01
  0.102326937098D-01 -0.972230516769D-01  0.441127316325D-01  0.572507885384D-01
 -0.171797273310D-01 -0.111414678038D-02  0.581179458152D-02  0.136525325831D-01
 -0.537657441484D-02  0.329221744923D-01  0.741446213738D-01 -0.152669498159D-01
 -0.117802874891D-01 -0.126842114843D-01  0.145834550524D-01 -0.268506479933D-01
  0.426223103268D-01  0.189882441439D-01  0.233267905911D-01 -0.102185752625D+00
  0.443806541149D-01  0.476948323824D-01  0.280418755366D+00 -0.300935166222D-01
 -0.780267382575D-02 -0.221222998132D-01 -0.255150119157D-01  0.277227213447D-01
 -0.109264761764D-01 -0.114982137387D-01  0.280669919652D-01 -0.391004744447D-01
 -0.168473590198D-01 -0.917124275218D-02  0.897832360349D-02  0.214022710383D-02
  0.146742109961D-02 -0.111230250739D-01 -0.411951800798D-01 -0.629979614066D-01
  0.265465392649D-01 -0.775569838303D-01  0.227437483609D-01  0.551276760582D-01
 -0.761646621757D-01 -0.137658148488D-01  0.135773615471D-02  0.574306256528D-01
 -0.538065818065D-03 -0.387395261953D-01 -0.324447172398D-01 -0.320965109024D-01
 -0.876658580630D-02 -0.583707493201D-01  0.379539717854D-01 -0.159751071643D-01
 -0.234048724893D-01  0.129756081659D-01  0.363932370168D-01 -0.392503693577D-01
 -0.299599757533D-01  0.117691700386D-01  0.964282904107D-02  0.879794087871D-01
  0.254530364286D-01  0.363127953991D+00 -0.532138296998D-02  0.323190930247D-02
  0.158458561699D-01 -0.735609458140D-02 -0.940101281815D-02 -0.175938034407D-02
 -0.270039934714D-02 -0.398223380306D-01  0.166307384171D-01 -0.137951342984D-01
 -0.375739505063D-01 -0.297545232283D-01  0.299113646130D-01  0.282034669123D-01
 -0.261549344487D-01  0.193097210228D-01 -0.252190848106D-01  0.365296560522D-01
  0.772487529505D-01 -0.199449621296D+00 -0.620215065872D-01 -0.280059612859D-01
 -0.675046751267D-01  0.190498605160D-02 -0.282633036043D-01  0.133470420442D-01
 -0.229832494761D-01 -0.512170062311D-01 -0.573324307343D-02  0.169597730040D-01
  0.141032982442D-01  0.592799201061D-01 -0.457332393991D-02  0.523206079600D-01
 -0.565579678779D-03  0.218124570809D-01 -0.361941489207D-01 -0.645727818832D-01
 -0.201750406281D-01  0.425373126503D-01 -0.347259677319D-01  0.796061640470D-02
 -0.625776262018D-01  0.380505916591D+00  0.327758066680D-01  0.108236298910D-01
  0.241742118141D-01 -0.857006152227D-02 -0.119759280185D-01 -0.433178207392D-01
  0.320390353101D-01  0.550284049551D-01 -0.948977254448D-01 -0.209701550595D-01
  0.180075154174D-01 -0.459060901423D-01 -0.465035585589D-01 -0.273807534260D-01
  0.155082036716D-01  0.483139722235D-02  0.281300759628D-01 -0.143231772594D-01
  0.465168444246D-01 -0.664092913520D-01 -0.112559024499D+00 -0.178557117695D-01
 -0.967974412342D-02  0.224961831067D-01  0.597587858098D-01  0.122472369242D-01
  0.219505293956D-01  0.144020802694D-01  0.156585000197D-01  0.139889471941D-01
 -0.394149464335D-01 -0.504976785112D-01 -0.363230231841D-01 -0.172224783925D-01
 -0.129480803111D-01 -0.428330348955D-01 -0.404525029551D-01 -0.339886951311D-02
 -0.321120381879D-01  0.195376888783D-01 -0.738289338669D-02 -0.311002971322D-01
 -0.188722238913D-01  0.497778754719D-01  0.355254156302D+00
$end
