$hessapprox
  0.567008043344D+00 -0.153674508893D+00  0.455460236649D+00 -0.110370495265D-01
  0.259032023857D-02  0.146489254251D+00 -0.267286377092D+00  0.108985279769D+00
  0.104965471709D+00  0.440854363955D+00  0.409002853586D-01 -0.144397104784D+00
 -0.215027985867D-01 -0.562466169948D-01  0.218744190061D+00  0.159479675397D+00
 -0.666541371383D-01 -0.534046748830D-01 -0.114972505965D+00  0.237761919268D-01
  0.635826119570D-01 -0.136131633794D+00  0.109883857642D-01 -0.660421946657D-01
 -0.121059397204D+00 -0.128368986847D+00 -0.909689024471D-02  0.269391823051D+00
 -0.117289139315D-02 -0.118536578161D+00 -0.740701598163D-01  0.456101913056D-01
 -0.226471634752D-01  0.314731165895D-01  0.690407458145D-01  0.281707632936D+00
 -0.665578120845D-01 -0.625006190471D-01 -0.444238757200D-01 -0.662284720101D-02
  0.307617821649D-01  0.154306925817D-02  0.391671199742D-01  0.428990113994D-01
  0.379316462226D-01 -0.163590032458D+00  0.337008433597D-01 -0.278862275165D-01
 -0.525085896588D-01  0.143715318484D+00 -0.354102791872D-01 -0.122007920523D-01
 -0.113478045727D+00  0.340135393113D-01  0.228299414169D+00  0.113947114928D+00
 -0.192526553704D+00  0.929826381644D-01 -0.983488540800D-01 -0.516999218018D-01
  0.114048286220D-01  0.483398552686D-01 -0.140523891300D+00 -0.111601745172D-01
 -0.639381161163D-01  0.384750366806D+00 -0.818848137863D-01  0.126564435947D+00
 -0.486607036483D-01  0.166298814577D-01 -0.330351755051D-01 -0.117210063322D-01
  0.359719649362D-01 -0.301968172578D-03  0.494916023922D-02  0.292829673924D-01
 -0.932272922691D-01  0.554325497412D-01
$end
