$coord
   -4.30686527020598     -1.87275185124848      0.44996467086943  c
   -1.81751193583752     -0.90281290082054     -0.56962912271709  c
   -1.01910049852919      1.60002459327266      0.64325844826630  c
    1.56392096092542      2.36027942625492     -0.37132816079372  c
    3.52716113424432      0.27161545599816      0.01698525570236  c
    2.50299754226582     -2.25819114824398     -0.94582761761792  c
    0.05904390282941     -2.78597855753664     -0.05988973069989  o
    2.61477543860362     -2.15578385734003     -3.61377431335869  o
    4.12551370229909     -0.02803798083056      2.60958048762863  o
    2.30162484672451      4.61701669227895      0.95793068399388  o
   -2.85685678959739      3.46841211991287      0.05235102625245  o
   -5.16983386860501     -3.84598264051255     -1.16701618527795  o
   -5.65190895986669     -0.30343306526980      0.49367892656901  h
   -4.01022357616697     -2.56305098769835      2.38132753916005  h
   -2.01490244229560     -0.62541037460744     -2.61161987844858  h
   -0.88282166993511      1.33721514515832      2.69484891277275  h
    1.37261171251377      2.75745133652877     -2.39058278360969  h
    5.23498732905607      0.72001276172175     -1.07381315749427  h
    3.66684679545774     -3.79386241333956     -0.19950106437704  h
    1.92928961130503     -3.71759861175073     -4.25938487849068  h
    4.24968775680749      1.64872083410347      3.32212835844838  h
    3.45322275975836      5.57106738972707     -0.08067246580805  h
   -2.19443983476256      5.06719750599771      0.62833872695187  h
   -6.67721486753409     -4.56611698203126     -0.44927680197584  h
$user-defined bonds
$end
