$hessian (projected)
 1  1   0.5262015563  -0.0554451323  -0.0034593486  -0.1529914254  -0.0225998329
 1  2   0.0468519343  -0.0025350313  -0.0135591161  -0.0017330521  -0.0011262630
 1  3   0.0005841141   0.0007875030  -0.0005135159   0.0003120389   0.0000315107
 1  4  -0.0014845683   0.0036464270  -0.0014988341  -0.0422770717   0.0005229221
 1  5   0.0103317272   0.0008644836  -0.0005478655   0.0002210124   0.0004947565
 1  6  -0.0002416252   0.0001956234   0.0013712277   0.0014181725   0.0001325021
 1  7  -0.0025341814  -0.0001690292  -0.0001466886  -0.0897229782  -0.0233509869
 1  8   0.0035069759  -0.1680401807   0.1256182934  -0.0026604411  -0.0565171692
 1  9   0.0127380512  -0.0282861317   0.0009027022  -0.0018395594   0.0006325177
 1 10   0.0003425031   0.0008118383   0.0007235498  -0.0000153182   0.0000092139
 1 11   0.0000256295   0.0001499395  -0.0000908214   0.0000049262  -0.0007893291
 1 12  -0.0002322566   0.0002359798  -0.0000616919   0.0001802219   0.0001784571
 1 13  -0.0002763209   0.0000187098  -0.0001363256   0.0001382198   0.0001493153
 1 14   0.0001098123  -0.0005617793  -0.0001030661   0.0000948740  -0.0110185643
 1 15  -0.0278300267  -0.0261437134
 2  1  -0.0554451323   0.5296023016  -0.0437207785  -0.0446750127  -0.0842530261
 2  2   0.0248097708  -0.0261396705  -0.0120610724   0.0086796164   0.0008398127
 2  3  -0.0028386278  -0.0018821877  -0.0000491883  -0.0002567304  -0.0003290256
 2  4   0.0021886231  -0.0052669875   0.0033165469   0.0351120860   0.0048415129
 2  5  -0.0115179892  -0.0000113667   0.0002581359  -0.0015897873   0.0001806504
 2  6   0.0000336854   0.0002244479  -0.0009037529  -0.0006518875   0.0003686495
 2  7   0.0013011216   0.0006458451  -0.0003665775  -0.0457192236  -0.1466116917
 2  8  -0.0552374648   0.1228196903  -0.1835672062   0.0073564110   0.0154570578
 2  9  -0.0865801737   0.0840403901  -0.0056886202  -0.0006509694   0.0015205815
 2 10   0.0004138441   0.0011408751   0.0008124313   0.0001021305   0.0000551285
 2 11  -0.0000003494   0.0001379002   0.0001608475   0.0000319755   0.0018943007
 2 12   0.0001969605  -0.0005487781   0.0002281107   0.0002718767   0.0002162418
 2 13  -0.0000830710  -0.0000239909  -0.0000374045  -0.0002662153  -0.0002627862
 2 14  -0.0002572837   0.0000021135   0.0002017638   0.0002444607  -0.0016961880
 2 15  -0.0143837832  -0.0161338972
 3  1  -0.0034593486  -0.0437207785   0.5451545654   0.0424871709   0.0147772498
 3  2  -0.1024125485  -0.0177774766  -0.0048807874   0.0065378285   0.0011438653
 3  3  -0.0023016581  -0.0026493370   0.0002054793  -0.0000693627   0.0003638539
 3  4  -0.0010684561   0.0010116553  -0.0013834797  -0.0044601935  -0.0028461204
 3  5   0.0029439731   0.0010970100  -0.0005925166   0.0000868182   0.0001384887
 3  6   0.0001710439  -0.0004919789  -0.0013315475  -0.0011839393   0.0005681108
 3  7   0.0008825010   0.0015794727   0.0003523820  -0.0265065412  -0.0805162435
 3  8  -0.1357828867   0.0015629398   0.0057690915  -0.0537951070  -0.0309561307
 3  9   0.0886858359  -0.2512724266   0.0310868362   0.0118056750  -0.0148925116
 3 10  -0.0010589055  -0.0007522718   0.0000882549   0.0000038753  -0.0000322877
 3 11   0.0003107993  -0.0000487693   0.0000036362  -0.0000794869  -0.0003324677
 3 12   0.0000632581   0.0002315349   0.0001621769   0.0001824516   0.0000917706
 3 13  -0.0000474231  -0.0000898560   0.0001360764  -0.0003434276  -0.0003459672
 3 14  -0.0002090942   0.0001414224   0.0000867108   0.0001518885   0.0084789218
 3 15   0.0131957081   0.0059510005
 4  1  -0.1529914254  -0.0446750127   0.0424871709   0.4978779789   0.0431666781
 4  2  -0.0046556900  -0.0938128292  -0.0399210222  -0.0130923808  -0.0039391875
 4  3  -0.0285347649  -0.0166539235   0.0025187546   0.0001631314  -0.0029601486
 4  4  -0.0499916587   0.0236168727   0.0017620465  -0.1112258742   0.0290093949
 4  5  -0.0055971819   0.0034386074   0.0024536475  -0.0075633266  -0.0002518107
 4  6   0.0015823093   0.0005083112  -0.0087291250  -0.0037714042   0.0030524559
 4  7   0.0043423281   0.0301767869   0.0097525653  -0.0164119160  -0.0115971936
 4  8   0.0007307754  -0.0161807761  -0.0035199168   0.0089783152   0.0010500279
 4  9   0.0026452233  -0.0005595173  -0.0508058808  -0.0006778367  -0.0163033829
 4 10   0.0003017365  -0.0018181210  -0.0018185787   0.0015429873   0.0004273053
 4 11  -0.0004394441   0.0009787751   0.0015826537   0.0004458201  -0.0018569170
 4 12  -0.0015788828   0.0022343970  -0.0004877455   0.0002593212   0.0018429676
 4 13   0.0007033984  -0.0005962582   0.0000940817  -0.0012273676  -0.0017356161
 4 14  -0.0010599759  -0.0044540222   0.0042095670  -0.0004645259  -0.0003880583
 4 15  -0.0008668621  -0.0007208307
 5  1  -0.0225998329  -0.0842530261   0.0147772498   0.0431666781   0.4588725286
 5  2  -0.0190894094  -0.0356107138  -0.1291558602  -0.0375505986  -0.0166860680
 5  3  -0.0126181936  -0.0027218754  -0.0043293855   0.0039931953   0.0020004050
 5  4   0.0127358025   0.0091023477  -0.0136190544   0.0515268797  -0.1428363308
 5  5   0.0306102865  -0.0032551989  -0.0016219848   0.0075399789   0.0013282538
 5  6  -0.0022287129  -0.0003750151   0.0022134768   0.0015202645   0.0005054629
 5  7   0.0025105982  -0.0275246951  -0.0068599435  -0.0342902720  -0.0214631365
 5  8   0.0057495639   0.0221707941   0.0085410964  -0.0088379647  -0.0121301996
 5  9  -0.0041990167   0.0071569705  -0.0022406897  -0.0521205883   0.0266422364
 5 10  -0.0002839803   0.0018908624   0.0000377428   0.0011816466   0.0007202090
 5 11  -0.0006644332   0.0000173248  -0.0020404185  -0.0004123717  -0.0042953022
 5 12   0.0011932601   0.0007153156   0.0006905103  -0.0006624286  -0.0015851065
 5 13  -0.0011013194   0.0002255376  -0.0002736488   0.0004194160   0.0008457486
 5 14  -0.0004357267   0.0014910873  -0.0012385197  -0.0002315718  -0.0026295058
 5 15  -0.0049421384  -0.0030784927
 6  1   0.0468519343   0.0248097708  -0.1024125485  -0.0046556900  -0.0190894094
 6  2   0.5950397834  -0.0118255664  -0.0427879052  -0.1082844364  -0.0014247889
 6  3   0.0076478631   0.0064324530  -0.0016637934   0.0006123715  -0.0004696248
 6  4   0.0049853775  -0.0124645829   0.0036616558  -0.0161341201   0.0326282760
 6  5  -0.0789420447   0.0003657723   0.0005641836  -0.0029105113  -0.0000103196
 6  6  -0.0001145167  -0.0000169739   0.0036900460   0.0033538322  -0.0005414638
 6  7   0.0023218783   0.0109874345   0.0048442220  -0.0238716232  -0.0133168099
 6  8   0.0079616079  -0.0040352031  -0.0002507466   0.0004055797   0.0295475465
 6  9   0.0124317712  -0.0139395315  -0.0136272518   0.0238972324  -0.2925412872
 6 10  -0.0120243302  -0.0304410141  -0.0159934415   0.0011241304   0.0015402867
 6 11  -0.0000795408   0.0005815138   0.0004482642   0.0000611937   0.0023711546
 6 12   0.0004659399   0.0010104898   0.0009064365  -0.0007821427   0.0003113381
 6 13   0.0000987944   0.0000330378  -0.0002839506   0.0007765684   0.0007597641
 6 14   0.0009183003  -0.0016788361   0.0032066603  -0.0007715832  -0.0026696302
 6 15  -0.0041395609  -0.0034596855
 7  1  -0.0025350313  -0.0261396705  -0.0177774766  -0.0938128292  -0.0356107138
 7  2  -0.0118255664   0.4707001779   0.0097944275   0.0116560114  -0.1410305620
 7  3  -0.0364884852   0.0372483643  -0.0234710524   0.0056440936   0.0055225397
 7  4   0.0058515463   0.0051315239   0.0004454730  -0.0047332429   0.0327736530
 7  5   0.0083692801  -0.0009809421  -0.0011615173   0.0003214228   0.0011954516
 7  6  -0.0007491448   0.0025703022  -0.0162907046  -0.0125887118   0.0008099290
 7  7  -0.1417175538   0.0766599085  -0.0329815336  -0.0079330279  -0.0027404141
 7  8   0.0031623149  -0.0017596577   0.0002719030  -0.0005696286   0.0009367051
 7  9   0.0010088689   0.0000673318   0.0000421192  -0.0031254601  -0.0019078502
 7 10  -0.0500649827  -0.0031145365  -0.0044932650  -0.0004723065   0.0013153944
 7 11   0.0003223272   0.0013760851   0.0004203332  -0.0003815637  -0.0005441931
 7 12  -0.0008375442  -0.0002656924   0.0001422377  -0.0000755511  -0.0002099050
 7 13  -0.0007563438  -0.0003063380  -0.0006121537  -0.0010297551  -0.0002655087
 7 14  -0.0004358052   0.0076305323  -0.0080273496   0.0019862805  -0.0007426700
 7 15  -0.0017891604  -0.0010211363
 8  1  -0.0135591161  -0.0120610724  -0.0048807874  -0.0399210222  -0.1291558602
 8  2  -0.0427879052   0.0097944275   0.5026581784  -0.0022506704  -0.0114260572
 8  3  -0.0770720243   0.0113077143   0.0238107294   0.0087061132  -0.0117362334
 8  4   0.0031126790   0.0017846716  -0.0016066925   0.0074157951  -0.0288721003
 8  5  -0.0046849236  -0.0012141398  -0.0001938355   0.0007479530  -0.0018906130
 8  6   0.0005542681   0.0011332689  -0.0337740906  -0.0285182030   0.0086777197
 8  7   0.0338572266  -0.1454590543   0.0091003417   0.0010024444   0.0008085207
 8  8   0.0011605963   0.0016958808   0.0004032646  -0.0000640655   0.0013885549
 8  9   0.0004977908  -0.0002712720  -0.0009932967   0.0016425133   0.0004196890
 8 10  -0.0031776603  -0.0524683017   0.0223068328  -0.0083817528  -0.0021829461
 8 11   0.0053982162   0.0036566932  -0.0039055523   0.0010497076  -0.0007243416
 8 12   0.0000212532   0.0003190075   0.0003547545  -0.0003446706  -0.0002682212
 8 13   0.0005449599   0.0000492164  -0.0000344809  -0.0042475967  -0.0048661434
 8 14  -0.0038278022   0.0323375574  -0.0323040922   0.0112473584   0.0003379843
 8 15   0.0002780659  -0.0004553511
 9  1  -0.0017330521   0.0086796164   0.0065378285  -0.0130923808  -0.0375505986
 9  2  -0.1082844364   0.0116560114  -0.0022506704   0.5900917806   0.0387081833
 9  3   0.0213149011  -0.1053911193  -0.0037131710  -0.0055518067   0.0061556198
 9  4   0.0025192149  -0.0006527144   0.0001437529  -0.0002312062   0.0107337835
 9  5   0.0044928347  -0.0001307467  -0.0000199724   0.0004522367   0.0021026373
 9  6  -0.0001524679  -0.0022842887  -0.0191260028  -0.0114228461   0.0077293799
 9  7  -0.0380228427   0.0255917752  -0.0817557367   0.0032740525   0.0020596448
 9  8  -0.0008601659  -0.0003774466  -0.0004711641   0.0007652376   0.0007390835
 9  9   0.0013220726  -0.0004613355  -0.0118491879  -0.0303707569  -0.0164266081
 9 10  -0.0057899040   0.0215594199  -0.2895731349   0.0312149183   0.0106128347
 9 11  -0.0139022982  -0.0020194649   0.0012322648   0.0005936739  -0.0003204691
 9 12   0.0000197411   0.0000749730  -0.0001646639   0.0000462978  -0.0002029737
 9 13  -0.0011714285  -0.0005843881   0.0007032725  -0.0027968509  -0.0038986267
 9 14  -0.0019929025   0.0097041692  -0.0108681625   0.0023650107   0.0006205475
 9 15   0.0006218230   0.0010293994
10  1  -0.0011262630   0.0008398127   0.0011438653  -0.0039391875  -0.0166860680
10  2  -0.0014247889  -0.1410305620  -0.0114260572   0.0387081833   0.4763228684
10  3   0.0003868232  -0.0053925645  -0.1349813420   0.0321082439  -0.0016010977
10  4   0.0183513865  -0.0049030540   0.0061016845  -0.0057412237   0.0018546736
10  5   0.0004719777  -0.0010313706   0.0007641658   0.0000092188  -0.0046215305
10  6   0.0054687719  -0.0133650787  -0.0750849207  -0.0231695399   0.0107053632
10  7  -0.0415152429   0.0090925871   0.0078887164   0.0014019028   0.0013325662
10  8   0.0001802055  -0.0000622458  -0.0000025678   0.0001077461   0.0000928577
10  9  -0.0000388432  -0.0000794367   0.0003891980   0.0010205338   0.0007728242
10 10   0.0002054620  -0.0029378093   0.0011424115  -0.0536227067   0.0055038298
10 11  -0.0201839739  -0.0229102570   0.0248203233  -0.0033280291  -0.0016855368
10 12  -0.0044307472  -0.0015051182   0.0002576500   0.0001191459  -0.0002715420
10 13  -0.0001728072   0.0030021609  -0.0025751717  -0.0093178664  -0.0223862839
10 14  -0.0170093299  -0.0002268583  -0.0005539810  -0.0005702894   0.0000485955
10 15   0.0002213136   0.0000742243
11  1   0.0005841141  -0.0028386278  -0.0023016581  -0.0285347649  -0.0126181936
11  2   0.0076478631  -0.0364884852  -0.0770720243   0.0213149011   0.0003868232
11  3   0.4568201065  -0.0433086744   0.0489400235  -0.1075027929   0.0166797558
11  4   0.0119896004  -0.0323569432  -0.0035732545   0.0044751317   0.0046779409
11  5   0.0006933030   0.0004095624   0.0000803988   0.0015177101   0.0041797950
11  6  -0.0068709527   0.0050657204  -0.0374426502  -0.1435574716  -0.0307216437
11  7   0.0369560938  -0.0070555180  -0.0080818616  -0.0009263107  -0.0004033398
11  8   0.0005020659   0.0002837771   0.0000825735  -0.0000653118   0.0000393864
11  9   0.0001253595   0.0001323419   0.0004057854   0.0010580456   0.0007064055
11 10  -0.0041827704   0.0003062238  -0.0001724072   0.0060363739  -0.0631321171
11 11   0.0550284817  -0.0065673369   0.0047678325  -0.0002052850  -0.0006640780
11 12  -0.0003777398  -0.0005964089   0.0000525908  -0.0000276703   0.0000403649
11 13  -0.0017642611   0.0030767185  -0.0023295627  -0.0036018536  -0.0183927162
11 14  -0.0169385975   0.0056396505   0.0014870720  -0.0007517885  -0.0002061972
11 15  -0.0002761644  -0.0002824595
12  1   0.0007875030  -0.0018821877  -0.0026493370  -0.0166539235  -0.0027218754
12  2   0.0064324530   0.0372483643   0.0113077143  -0.1053911193  -0.0053925645
12  3  -0.0433086744   0.6069087832   0.0047936535   0.0026744431  -0.0775413666
12  4   0.0101340795  -0.0082919050   0.0065259971   0.0009786596   0.0023873933
12  5  -0.0004450894  -0.0011448937   0.0015931846  -0.0011709081  -0.0324034984
12  6   0.0276201316  -0.0280507555  -0.0143319087  -0.0664242598  -0.1199302121
12  7  -0.0100501344  -0.0013850911   0.0045022768  -0.0013513040  -0.0009913406
12  8   0.0004760501  -0.0000543435   0.0000829024  -0.0001870968   0.0000348303
12  9  -0.0001259293   0.0003764613  -0.0013812781  -0.0011198333  -0.0000066101
12 10   0.0326127237   0.0102630666  -0.0151697818  -0.0190964872   0.0596544925
12 11  -0.2868909981   0.0100729077  -0.0116055608   0.0041051647  -0.0013698429
12 12  -0.0016560448  -0.0012414503  -0.0002388945   0.0003303556  -0.0001410346
12 13  -0.0028719611   0.0038372433  -0.0008534861   0.0077513776   0.0210606132
12 14   0.0093511100   0.0021461955  -0.0010010976   0.0011768854  -0.0002192602
12 15  -0.0002977406  -0.0001859359
13  1  -0.0005135159  -0.0000491883   0.0002054793   0.0025187546  -0.0043293855
13  2  -0.0016637934  -0.0234710524   0.0238107294  -0.0037131710  -0.1349813420
13  3   0.0489400235   0.0047936535   0.5530405631   0.0312869644  -0.0533608490
13  4  -0.0889649265  -0.0177343395  -0.0108525169  -0.0294301948  -0.0342782942
13  5  -0.0017537180   0.0019152587  -0.0021605110  -0.0026455828  -0.0703226740
13  6  -0.0041378614  -0.0275070357   0.0078899491  -0.0114839846  -0.0045969747
13  7  -0.0054914568  -0.0007653766   0.0017812150   0.0003084514   0.0004481537
13  8   0.0000210965   0.0000556119   0.0000469738  -0.0000042689   0.0001381626
13  9   0.0000503850  -0.0001110584  -0.0005050554   0.0001209634  -0.0002134092
13 10   0.0009604000  -0.0002060585  -0.0000782550  -0.0003497621  -0.0013112315
13 11   0.0008944734  -0.2221290179  -0.0428185774   0.1006844057   0.0087578339
13 12   0.0167116721   0.0047420427   0.0002925414  -0.0007041651   0.0010211810
13 13  -0.0020092266  -0.0004372717  -0.0069636725   0.0024499052  -0.0005516833
13 14  -0.0005905262  -0.0001533941  -0.0005336856  -0.0001244604  -0.0000058135
13 15   0.0000857486   0.0000357449
14  1   0.0003120389  -0.0002567304  -0.0000693627   0.0001631314   0.0039931953
14  2   0.0006123715   0.0056440936   0.0087061132  -0.0055518067   0.0321082439
14  3  -0.1075027929   0.0026744431   0.0312869644   0.4917072027   0.0104279885
14  4  -0.0193017535  -0.1656737388  -0.0193970416  -0.0125687163  -0.0069801690
14  5   0.0023307312   0.0011278378   0.0036814526  -0.0035808758   0.0097615210
14  6  -0.0965615352   0.0372374834   0.0157679971  -0.0450342633  -0.0077839890
14  7  -0.0067549488   0.0021397576   0.0019537767  -0.0002033721  -0.0003514774
14  8  -0.0000652541   0.0002492336  -0.0000022685  -0.0000570472  -0.0000261367
14  9  -0.0000344462   0.0000423710   0.0001702629  -0.0003663959   0.0000070201
14 10  -0.0001028717  -0.0002136610   0.0008824848   0.0053957459  -0.0005032693
14 11   0.0025011357  -0.0446808768  -0.0662109518   0.0237828747  -0.0088057571
14 12  -0.0247676671  -0.0081413138  -0.0000988779   0.0016694634   0.0036625887
14 13  -0.0101499652   0.0046663597  -0.0406374018   0.0010630781  -0.0013515408
14 14  -0.0003603399  -0.0003396400  -0.0007480962  -0.0004325509  -0.0000172323
14 15  -0.0000045405  -0.0000382858
15  1   0.0000315107  -0.0003290256   0.0003638539  -0.0029601486   0.0020004050
15  2  -0.0004696248   0.0055225397  -0.0117362334   0.0061556198  -0.0016010977
15  3   0.0166797558  -0.0775413666  -0.0533608490   0.0104279885   0.5128718926
15  4  -0.0134591405  -0.0260343649  -0.0667485606   0.0155650704   0.0116913221
15  5   0.0025234980  -0.0120047306  -0.0333739311  -0.0298863178  -0.0231999449
15  6  -0.0048489192  -0.2088349123   0.0073357937  -0.0193154886  -0.0050045429
15  7   0.0049658726  -0.0009550441  -0.0013287898   0.0002090657   0.0000783936
15  8  -0.0001093682   0.0002012541   0.0000309047  -0.0000471564   0.0000209874
15  9   0.0001502479  -0.0001208289  -0.0000945533  -0.0003243372  -0.0000752700
15 10   0.0012220415   0.0002007964  -0.0018553752  -0.0220676927   0.0220453794
15 11  -0.0042804110   0.0974922382   0.0216999004  -0.0991846005   0.0019564309
15 12   0.0088929417   0.0049109366   0.0000160206  -0.0002968592  -0.0061944741
15 13  -0.0048761436   0.0020642103  -0.0253347233  -0.0005385772   0.0011843314
15 14  -0.0001291382  -0.0003935451   0.0001375892   0.0002926373   0.0000175977
15 15  -0.0000699631   0.0000270223
16  1  -0.0014845683   0.0021886231  -0.0010684561  -0.0499916587   0.0127358025
16  2   0.0049853775   0.0058515463   0.0031126790   0.0025192149   0.0183513865
16  3   0.0119896004   0.0101340795  -0.0889649265  -0.0193017535  -0.0134591405
16  4   0.5074974711  -0.0739419882   0.0733960995  -0.1817218772  -0.0076724513
16  5   0.0187228555  -0.0721282099  -0.0102862149  -0.0181173644  -0.0043453327
16  6  -0.0054768366  -0.0055789658  -0.0055747245   0.0110433697   0.0021049119
16  7  -0.0023593460  -0.0049590187  -0.0004565579   0.0017478370   0.0007112901
16  8   0.0006783551   0.0007587759  -0.0004682208   0.0004431975  -0.0001708210
16  9   0.0002134925   0.0003226403   0.0032754826  -0.0038434716   0.0023110755
16 10  -0.0005261722   0.0000422966   0.0001672078  -0.0000399405  -0.0005245168
16 11  -0.0007301511  -0.0116202914  -0.0257082734  -0.0056045168  -0.1210377715
16 12   0.1094202940  -0.0516121210   0.0016167338   0.0011766851  -0.0191053900
16 13  -0.0000183257   0.0007590864   0.0001107866  -0.0005339450  -0.0003405078
16 14   0.0003063410   0.0015585522  -0.0004504026  -0.0002748124  -0.0001398746
16 15  -0.0004195633  -0.0001946667
17  1   0.0036464270  -0.0052669875   0.0010116553   0.0236168727   0.0091023477
17  2  -0.0124645829   0.0051315239   0.0017846716  -0.0006527144  -0.0049030540
17  3  -0.0323569432  -0.0082919050  -0.0177343395  -0.1656737388  -0.0260343649
17  4  -0.0739419882   0.5989684655  -0.0280707680  -0.0307790838  -0.1040624935
17  5   0.0224796684  -0.0090834364  -0.1007072188   0.0280790454   0.0004735778
17  6   0.0077185253   0.0015610085   0.0016069718  -0.0010714400   0.0011905602
17  7  -0.0029045473  -0.0004330122   0.0001724997  -0.0003423312   0.0003486697
17  8   0.0002563778   0.0017472604   0.0007567194  -0.0005758881  -0.0003178886
17  9   0.0000466511  -0.0001038834   0.0008868467  -0.0003699641   0.0013677353
17 10  -0.0001224133  -0.0001992652  -0.0000269339   0.0000309484   0.0004833077
17 11   0.0006192617  -0.0005591193  -0.0029431151  -0.0007168015   0.1003326642
17 12  -0.2044517205   0.0610845288   0.0011435977   0.0005028054  -0.0439917568
17 13   0.0012991408  -0.0009486603   0.0035161732   0.0003616927  -0.0007061458
17 14  -0.0001302274   0.0004704078  -0.0004753255  -0.0002627163  -0.0000597302
17 15  -0.0000461330  -0.0000159717
18  1  -0.0014988341   0.0033165469  -0.0013834797   0.0017620465  -0.0136190544
18  2   0.0036616558   0.0004454730  -0.0016066925   0.0001437529   0.0061016845
18  3  -0.0035732545   0.0065259971  -0.0108525169  -0.0193970416  -0.0667485606
18  4   0.0733960995  -0.0280707680   0.4571729001   0.0196635410   0.0184839917
18  5  -0.0731707550  -0.0254217512  -0.0105189877  -0.1916834651  -0.0132256973
18  6  -0.0324925964  -0.0297480857  -0.0018199594   0.0051698265  -0.0000697156
18  7  -0.0007617557   0.0027356676  -0.0004582271  -0.0009105748  -0.0008230068
18  8  -0.0008254131  -0.0012691126  -0.0005500186   0.0005628703   0.0006681935
18  9  -0.0000582568  -0.0002098598  -0.0048162888   0.0030774853  -0.0021113543
18 10   0.0002226962  -0.0004334458  -0.0006489423  -0.0006577761   0.0016392670
18 11  -0.0013222349   0.0077424695   0.0138031654   0.0043637658  -0.0491266387
18 12   0.0618407419  -0.0745052460   0.0032325595   0.0010596716  -0.0242525003
18 13  -0.0031608862   0.0002597927  -0.0058318657   0.0002834588  -0.0003886645
18 14   0.0003879913  -0.0001623951   0.0000084879   0.0001023088   0.0001659649
18 15   0.0001371431   0.0000484631
19  1  -0.0422770717   0.0351120860  -0.0044601935  -0.1112258742   0.0515268797
19  2  -0.0161341201  -0.0047332429   0.0074157951  -0.0002312062  -0.0057412237
19  3   0.0044751317   0.0009786596  -0.0294301948  -0.0125687163   0.0155650704
19  4  -0.1817218772  -0.0307790838   0.0196635410   0.4335874990  -0.0492946975
19  5  -0.0513867527  -0.0116108855  -0.0060025073   0.0405438821   0.0026660019
19  6  -0.0010016486  -0.0022004568   0.0036853695  -0.0020790342  -0.0010888509
19  7   0.0041560338   0.0022598826   0.0004780776   0.0006141021  -0.0013487039
19  8  -0.0010392814  -0.0078872023  -0.0039452892   0.0018193782   0.0034373921
19  9   0.0006628445  -0.0017556784  -0.0123419585   0.0146764339  -0.0086020651
19 10   0.0004997560  -0.0006242138   0.0006846444  -0.0001839507   0.0001223675
19 11  -0.0000821031  -0.0006213407  -0.0055586521  -0.0025842621  -0.0394133615
19 12  -0.0048026444   0.0102031870  -0.0003053216  -0.0009735002  -0.0007223075
19 13  -0.0008256111   0.0006614707   0.0002023747   0.0000490053   0.0010902474
19 14  -0.0000194042  -0.0010766221   0.0000849305  -0.0000387242   0.0007005788
19 15   0.0008906216   0.0002065912
20  1   0.0005229221   0.0048415129  -0.0028461204   0.0290093949  -0.1428363308
20  2   0.0326282760   0.0327736530  -0.0288721003   0.0107337835   0.0018546736
20  3   0.0046779409   0.0023873933  -0.0342782942  -0.0069801690   0.0116913221
20  4  -0.0076724513  -0.1040624935   0.0184839917  -0.0492946975   0.2769901100
20  5  -0.0736837262  -0.0045967206   0.0092970811   0.0035867122  -0.0003544571
20  6   0.0013990797  -0.0004754017  -0.0005441747   0.0009891930  -0.0006547616
20  7  -0.0035346968  -0.0116254296  -0.0044618719  -0.0005766340   0.0025112072
20  8   0.0001933426  -0.0023192106   0.0000570640   0.0010487909  -0.0001421942
20  9   0.0006878654  -0.0004690553   0.0136150583  -0.0107317061   0.0071522863
20 10   0.0003529134   0.0021834805   0.0001461290  -0.0001276715  -0.0006864785
20 11   0.0000949878  -0.0031939175  -0.0054781249  -0.0021170708   0.0259707246
20 12   0.0078803249  -0.0072172386  -0.0001591460   0.0002107065   0.0027864884
20 13   0.0002627264   0.0002627581   0.0001851418  -0.0000766655   0.0002594310
20 14   0.0002174987   0.0025777730  -0.0013358994   0.0003388134  -0.0000689078
20 15   0.0003609771   0.0002502887
21  1   0.0103317272  -0.0115179892   0.0029439731  -0.0055971819   0.0306102865
21  2  -0.0789420447   0.0083692801  -0.0046849236   0.0044928347   0.0004719777
21  3   0.0006933030  -0.0004450894  -0.0017537180   0.0023307312   0.0025234980
21  4   0.0187228555   0.0224796684  -0.0731707550  -0.0513867527  -0.0736837262
21  5   0.1616295581   0.0501860340   0.0124491397  -0.0382282627  -0.0016407402
21  6  -0.0006584247   0.0027945557  -0.0001316937  -0.0001621878   0.0005228832
21  7  -0.0004375214  -0.0046651700   0.0004876132  -0.0003022096   0.0008993211
21  8   0.0014819776   0.0035343268   0.0010951098  -0.0003217058  -0.0007945375
21  9  -0.0016128479   0.0017147570  -0.0249589104   0.0270340148  -0.0006363605
21 10   0.0010604685   0.0016521211   0.0020241374  -0.0000725102  -0.0006582609
21 11   0.0003299341  -0.0011502759  -0.0016180419  -0.0000818149  -0.0042387038
21 12  -0.0020483133   0.0057072289  -0.0009232745   0.0025881901   0.0043413385
21 13   0.0002097672   0.0000871931   0.0004294851  -0.0000066910   0.0000093090
21 14  -0.0001428445   0.0006424103  -0.0006550672   0.0004883694  -0.0001341264
21 15   0.0000365649   0.0000567337
22  1   0.0008644836  -0.0000113667   0.0010970100   0.0034386074  -0.0032551989
22  2   0.0003657723  -0.0009809421  -0.0012141398  -0.0001307467  -0.0010313706
22  3   0.0004095624  -0.0011448937   0.0019152587   0.0011278378  -0.0120047306
22  4  -0.0721282099  -0.0090834364  -0.0254217512  -0.0116108855  -0.0045967206
22  5   0.0501860340   0.1472650709   0.1840990006   0.0524197529   0.0003008675
22  6  -0.0041134402  -0.0031985740   0.0010142610  -0.0003863655   0.0003701295
22  7   0.0006579342   0.0009278879   0.0000486710  -0.0004385961  -0.0003214416
22  8  -0.0001738432  -0.0002247756   0.0000568381  -0.0001831354  -0.0003820215
22  9  -0.0001628097  -0.0000177642   0.0004700187  -0.0001984795   0.0014290884
22 10   0.0000588737   0.0002862328   0.0001369859   0.0000134692   0.0000233989
22 11   0.0003433898   0.0013727658   0.0009096946  -0.0010503565   0.0067502913
22 12  -0.0017348125  -0.0159876476  -0.0764563214  -0.1632109850  -0.0464201975
22 13  -0.0005520237   0.0001265347  -0.0007853611  -0.0001180533   0.0001623954
22 14  -0.0000395490  -0.0002625515   0.0000174833   0.0000402073   0.0000638492
22 15   0.0001423298   0.0001215096
23  1  -0.0005478655   0.0002581359  -0.0005925166   0.0024536475  -0.0016219848
23  2   0.0005641836  -0.0011615173  -0.0001938355  -0.0000199724   0.0007641658
23  3   0.0000803988   0.0015931846  -0.0021605110   0.0036814526  -0.0333739311
23  4  -0.0102862149  -0.1007072188  -0.0105189877  -0.0060025073   0.0092970811
23  5   0.0124491397   0.1840990006   0.4696020552   0.1243609585  -0.0017985049
23  6  -0.0072944660  -0.0058533569  -0.0001938246  -0.0002900503  -0.0008813188
23  7   0.0006635293   0.0002266393  -0.0000735162   0.0001082327   0.0002968040
23  8   0.0000908224  -0.0002317652  -0.0000456976   0.0000334995   0.0003279375
23  9   0.0000640754  -0.0000997009  -0.0003353379   0.0002639264  -0.0015277461
23 10   0.0000167341  -0.0000242775  -0.0000990382  -0.0000254548  -0.0001232875
23 11  -0.0014137689   0.0007437149   0.0009043900  -0.0013078895  -0.0011411751
23 12   0.0073804508   0.0259123822  -0.1641449854  -0.3825589443  -0.1075408920
23 13  -0.0010513023   0.0004416685  -0.0018693600   0.0001198336   0.0002609429
23 14   0.0000743727  -0.0002393628   0.0001435682   0.0000889553   0.0000235329
23 15  -0.0000418266   0.0000044967
24  1   0.0002210124  -0.0015897873   0.0000868182  -0.0075633266   0.0075399789
24  2  -0.0029105113   0.0003214228   0.0007479530   0.0004522367   0.0000092188
24  3   0.0015177101  -0.0011709081  -0.0026455828  -0.0035808758  -0.0298863178
24  4  -0.0181173644   0.0280790454  -0.1916834651   0.0405438821   0.0035867122
24  5  -0.0382282627   0.0524197529   0.1243609585   0.3866896189  -0.0009555990
24  6  -0.0063405647  -0.0016038201   0.0000374066  -0.0014103601   0.0006667843
24  7   0.0005470404  -0.0017941986   0.0002352683   0.0007850523   0.0007069582
24  8   0.0007900758   0.0007567856   0.0001898813   0.0001543947  -0.0004338861
24  9  -0.0000686880   0.0005701626   0.0025856597  -0.0021854373   0.0014948274
24 10  -0.0001204705   0.0002598708   0.0003629165   0.0004520498  -0.0010230934
24 11   0.0000944748  -0.0005296978  -0.0000339711  -0.0001948822   0.0003416644
24 12   0.0030943209  -0.0335074104  -0.0680541720  -0.1527823761  -0.0912459624
24 13  -0.0004194507   0.0006042426  -0.0007801702  -0.0000828265   0.0001394195
24 14  -0.0002283390   0.0000532178   0.0000749551  -0.0000747420  -0.0001517893
24 15  -0.0000926541  -0.0000827870
25  1   0.0004947565   0.0001806504   0.0001384887  -0.0002518107   0.0013282538
25  2  -0.0000103196   0.0011954516  -0.0018906130   0.0021026373  -0.0046215305
25  3   0.0041797950  -0.0324034984  -0.0703226740   0.0097615210  -0.0231999449
25  4  -0.0043453327   0.0004735778  -0.0132256973   0.0026660019  -0.0003544571
25  5  -0.0016407402   0.0003008675  -0.0017985049  -0.0009555990   0.0701392494
25  6   0.0157416946   0.0741427607   0.0036200991  -0.0004289364   0.0008884725
25  7  -0.0010825565   0.0011070474  -0.0008639827  -0.0003962837  -0.0004944643
25  8  -0.0002562855   0.0000679366   0.0000145937  -0.0000484133   0.0000193728
25  9   0.0000065571  -0.0000456186  -0.0000541083  -0.0001470961  -0.0000744667
25 10  -0.0001883164   0.0005396120  -0.0020363138  -0.0031730241   0.0049964748
25 11  -0.0007576385   0.0148683397  -0.0011924008   0.0189342348   0.0002854153
25 12  -0.0000742105   0.0005543374   0.0001781814   0.0002527340  -0.0003644711
25 13  -0.0082404675  -0.0321635013  -0.0199805671  -0.0011963533   0.0003146285
25 14  -0.0008802581   0.0000066098  -0.0003990045  -0.0000247112   0.0000301763
25 15   0.0000460487   0.0000075945
26  1  -0.0002416252   0.0000336854   0.0001710439   0.0015823093  -0.0022287129
26  2  -0.0001145167  -0.0007491448   0.0005542681  -0.0001524679   0.0054687719
26  3  -0.0068709527   0.0276201316  -0.0041378614  -0.0965615352  -0.0048489192
26  4  -0.0054768366   0.0077185253  -0.0324925964  -0.0010016486   0.0013990797
26  5  -0.0006584247  -0.0041134402  -0.0072944660  -0.0063405647   0.0157416946
26  6   0.5299550719   0.1344216461   0.0023658400  -0.0000148842   0.0052310066
26  7   0.0006776536   0.0003843091  -0.0002514398   0.0001000423   0.0003371945
26  8   0.0000122774  -0.0002167390  -0.0000174031   0.0000110476   0.0000661892
26  9  -0.0000025159  -0.0000525382  -0.0000905058   0.0002425436  -0.0001149721
26 10   0.0003315854  -0.0001002243   0.0002424041   0.0042794038  -0.0035558918
26 11   0.0001153727   0.0030412174   0.0040242182   0.0094320090   0.0003495545
26 12   0.0028467743  -0.0000949392   0.0000144458  -0.0001593008  -0.0021917918
26 13  -0.0183300922  -0.4309836461  -0.1306187978   0.0008251194   0.0001683993
26 14   0.0004682410  -0.0005268032   0.0001311440   0.0001611005   0.0000408697
26 15  -0.0000056805   0.0000456881
27  1   0.0001956234   0.0002244479  -0.0004919789   0.0005083112  -0.0003750151
27  2  -0.0000169739   0.0025703022   0.0011332689  -0.0022842887  -0.0133650787
27  3   0.0050657204  -0.0280507555  -0.0275070357   0.0372374834  -0.2088349123
27  4  -0.0055789658   0.0015610085  -0.0297480857  -0.0022004568  -0.0004754017
27  5   0.0027945557  -0.0031985740  -0.0058533569  -0.0016038201   0.0741427607
27  6   0.1344216461   0.4010673542   0.0018172775  -0.0025871479   0.0047069416
27  7  -0.0016186010   0.0004205882   0.0021340576  -0.0002325500  -0.0001416515
27  8   0.0001882824  -0.0001159936  -0.0000052386   0.0000284700  -0.0000926892
27  9  -0.0001605966   0.0001720610   0.0002206152   0.0001839141   0.0002408632
27 10  -0.0016652507  -0.0003058823   0.0015177733  -0.0021094196   0.0024906154
27 11   0.0013956058  -0.0043790277   0.0059486019  -0.0400406953   0.0007952722
27 12   0.0007760527   0.0009832801  -0.0000515655   0.0004071148  -0.0009053343
27 13  -0.0185442182  -0.1791135897  -0.1022274593   0.0002780760  -0.0007742987
27 14  -0.0003827255   0.0001567830  -0.0001077634  -0.0005904104  -0.0000255950
27 15   0.0000294801  -0.0000518050
28  1   0.0013712277  -0.0009037529  -0.0013315475  -0.0087291250   0.0022134768
28  2   0.0036900460  -0.0162907046  -0.0337740906  -0.0191260028  -0.0750849207
28  3  -0.0374426502  -0.0143319087   0.0078899491   0.0157679971   0.0073357937
28  4  -0.0055747245   0.0016069718  -0.0018199594   0.0036853695  -0.0005441747
28  5  -0.0001316937   0.0010142610  -0.0001938246   0.0000374066   0.0036200991
28  6   0.0023658400   0.0018172775   0.2852236768   0.2207538085  -0.1730523524
28  7   0.0005986856  -0.0038866108  -0.0001226193  -0.0011556745  -0.0012306094
28  8   0.0000307817   0.0002972281   0.0000807738  -0.0001317372  -0.0001381403
28  9  -0.0001317197   0.0002308862   0.0000839557   0.0000186269   0.0003196445
28 10   0.0021349413   0.0010317318  -0.0003268079  -0.0007805484  -0.0076902893
28 11  -0.0046704929   0.0027950019  -0.0012590744  -0.0004406532   0.0006504828
28 12   0.0007636444   0.0005336690  -0.0002290483   0.0000350813   0.0001531233
28 13  -0.0022302508  -0.0020831901   0.0031529902  -0.2012681218  -0.1544895487
28 14   0.1991613845   0.0021776563  -0.0009172447  -0.0008304888  -0.0000612759
28 15  -0.0000911722  -0.0001467397
29  1   0.0014181725  -0.0006518875  -0.0011839393  -0.0037714042   0.0015202645
29  2   0.0033538322  -0.0125887118  -0.0285182030  -0.0114228461  -0.0231695399
29  3  -0.1435574716  -0.0664242598  -0.0114839846  -0.0450342633  -0.0193154886
29  4   0.0110433697  -0.0010714400   0.0051698265  -0.0020790342   0.0009891930
29  5  -0.0001621878  -0.0003863655  -0.0002900503  -0.0014103601  -0.0004289364
29  6  -0.0000148842  -0.0025871479   0.2207538085   0.3724713953  -0.0504203384
29  7   0.0014839035   0.0044885654  -0.0002957296  -0.0012304177  -0.0007228812
29  8   0.0000523013  -0.0003025747   0.0000207709  -0.0000656976  -0.0000821049
29  9  -0.0001042748   0.0001137366   0.0000375477   0.0000283394  -0.0000933277
29 10   0.0013598313   0.0010792245  -0.0001669025  -0.0041552469  -0.0069436227
29 11  -0.0071991654   0.0004602178   0.0026463905  -0.0004337777  -0.0014493911
29 12  -0.0025912026  -0.0013768253  -0.0000416738   0.0001961781   0.0001917361
29 13  -0.0007405828  -0.0002077362  -0.0009080124  -0.1723378235  -0.1531652461
29 14   0.1534822752  -0.0023244077  -0.0004329667   0.0011598106   0.0000153485
29 15  -0.0001341915  -0.0000575120
30  1   0.0001325021   0.0003686495   0.0005681108   0.0030524559   0.0005054629
30  2  -0.0005414638   0.0008099290   0.0086777197   0.0077293799   0.0107053632
30  3  -0.0307216437  -0.1199302121  -0.0045969747  -0.0077839890  -0.0050045429
30  4   0.0021049119   0.0011905602  -0.0000697156  -0.0010888509  -0.0006547616
30  5   0.0005228832   0.0003701295  -0.0008813188   0.0006667843   0.0008884725
30  6   0.0052310066   0.0047069416  -0.1730523524  -0.0504203384   0.3217499306
30  7  -0.0003552537   0.0000288620   0.0017722095   0.0001556817   0.0000841510
30  8  -0.0000382203  -0.0000374893   0.0000062159   0.0000012797  -0.0001316186
30  9  -0.0001022733   0.0000439729   0.0003889981   0.0004163361   0.0004152311
30 10  -0.0016051324   0.0000883419   0.0018475852  -0.0118350698  -0.0387134554
30 11  -0.0152506119  -0.0004946817   0.0006313820   0.0000350834  -0.0002133370
30 12  -0.0007558276  -0.0001262277   0.0001256688  -0.0000389733   0.0002224653
30 13   0.0012825399  -0.0020573774   0.0017752644   0.1735146120   0.1146456212
30 14  -0.1995127015  -0.0001779978   0.0001894799  -0.0016093409   0.0000574936
30 15   0.0000661697   0.0000259147
31  1  -0.0025341814   0.0013011216   0.0008825010   0.0043423281   0.0025105982
31  2   0.0023218783  -0.1417175538   0.0338572266  -0.0380228427  -0.0415152429
31  3   0.0369560938  -0.0100501344  -0.0054914568  -0.0067549488   0.0049658726
31  4  -0.0023593460  -0.0029045473  -0.0007617557   0.0041560338  -0.0035346968
31  5  -0.0004375214   0.0006579342   0.0006635293   0.0005470404  -0.0010825565
31  6   0.0006776536  -0.0016186010   0.0005986856   0.0014839035  -0.0003552537
31  7   0.2894489271   0.0477577986   0.1181162932   0.0011259586  -0.0011008917
31  8  -0.0004741149   0.0011555356  -0.0017201970   0.0001277210   0.0001700891
31  9  -0.0002304101   0.0001984606   0.0004131799  -0.0003524128   0.0007270889
31 10  -0.0086816732   0.0136359585  -0.0075185061   0.0034423583   0.0003724576
31 11  -0.0012766885  -0.0022235456   0.0025624715  -0.0002779048   0.0003320561
31 12   0.0003779542   0.0000960275  -0.0001615793   0.0000185559  -0.0000377455
31 13   0.0006634995   0.0002324275   0.0005682365   0.0006366677   0.0009197459
31 14  -0.0000011653  -0.1014459104  -0.1271263659  -0.0676923071   0.0000697922
31 15   0.0003969743  -0.0000265787
32  1  -0.0001690292   0.0006458451   0.0015794727   0.0301767869  -0.0275246951
32  2   0.0109874345   0.0766599085  -0.1454590543   0.0255917752   0.0090925871
32  3  -0.0070555180  -0.0013850911  -0.0007653766   0.0021397576  -0.0009550441
32  4  -0.0049590187  -0.0004330122   0.0027356676   0.0022598826  -0.0116254296
32  5  -0.0046651700   0.0009278879   0.0002266393  -0.0017941986   0.0011070474
32  6   0.0003843091   0.0004205882  -0.0038866108   0.0044885654   0.0000288620
32  7   0.0477577986   0.5806978833   0.1049619410  -0.0004737876  -0.0007734268
32  8  -0.0009489381   0.0000290209  -0.0022382127  -0.0000265510   0.0002950855
32  9  -0.0004547728  -0.0000599628   0.0001628264   0.0022134672   0.0000705195
32 10   0.0140365590  -0.0115751084   0.0084951566  -0.0002538793   0.0006534214
32 11  -0.0010579643   0.0006529337  -0.0003167909   0.0000214162   0.0004871739
32 12   0.0001642591  -0.0000579269  -0.0002486420   0.0001264668   0.0004731334
32 13  -0.0002903891  -0.0006060984   0.0000790182  -0.0001640852   0.0004689980
32 14   0.0003730274  -0.1725871885  -0.3842834684  -0.1449505243   0.0001525089
32 15   0.0001359754   0.0000833587
33  1  -0.0001466886  -0.0003665775   0.0003523820   0.0097525653  -0.0068599435
33  2   0.0048442220  -0.0329815336   0.0091003417  -0.0817557367   0.0078887164
33  3  -0.0080818616   0.0045022768   0.0017812150   0.0019537767  -0.0013287898
33  4  -0.0004565579   0.0001724997  -0.0004582271   0.0004780776  -0.0044618719
33  5   0.0004876132   0.0000486710  -0.0000735162   0.0002352683  -0.0008639827
33  6  -0.0002514398   0.0021340576  -0.0001226193  -0.0002957296   0.0017722095
33  7   0.1181162932   0.1049619410   0.1267300799   0.0001930877   0.0004066033
33  8   0.0005013953   0.0000729721   0.0001575800  -0.0001833000  -0.0000149477
33  9  -0.0005103438   0.0001885949   0.0008045957   0.0014116776   0.0017152004
33 10  -0.0271791041   0.0276583878  -0.0008754106  -0.0018313749  -0.0016270268
33 11   0.0025886001   0.0003420711  -0.0004406612   0.0000243574   0.0000615877
33 12  -0.0000152597   0.0000385033   0.0000075994   0.0000167825   0.0000045436
33 13   0.0005340322   0.0001298044  -0.0003683717  -0.0005228163   0.0004038330
33 14  -0.0001219044  -0.0759073520  -0.1233657296  -0.0609395916  -0.0000545073
33 15  -0.0000232666  -0.0000879723
34  1  -0.0897229782  -0.0457192236  -0.0265065412  -0.0164119160  -0.0342902720
34  2  -0.0238716232  -0.0079330279   0.0010024444   0.0032740525   0.0014019028
34  3  -0.0009263107  -0.0013513040   0.0003084514  -0.0002033721   0.0002090657
34  4   0.0017478370  -0.0003423312  -0.0009105748   0.0006141021  -0.0005766340
34  5  -0.0003022096  -0.0004385961   0.0001082327   0.0007850523  -0.0003962837
34  6   0.0001000423  -0.0002325500  -0.0011556745  -0.0012304177   0.0001556817
34  7   0.0011259586  -0.0004737876   0.0001930877   0.4489508263   0.2338150347
34  8  -0.1431946286   0.0129758860   0.0064907769   0.0105842050  -0.0014482989
34  9  -0.0083563133  -0.0088787989   0.0021564379   0.0010882402  -0.0010616841
34 10   0.0000475669   0.0000709681   0.0002292953  -0.0000867994  -0.0000842808
34 11   0.0001211620  -0.0001866436  -0.0000428748  -0.0000176588  -0.0000302845
34 12   0.0000792452   0.0000020264   0.0001835704  -0.0001139187  -0.0002936372
34 13   0.0001971859   0.0000004976   0.0001482485  -0.0001656726  -0.0000709110
34 14  -0.0001619984   0.0000126082   0.0001098750  -0.0000255762  -0.3517461583
34 15  -0.1504347095   0.1911069079
35  1  -0.0233509869  -0.1466116917  -0.0805162435  -0.0115971936  -0.0214631365
35  2  -0.0133168099  -0.0027404141   0.0008085207   0.0020596448   0.0013325662
35  3  -0.0004033398  -0.0009913406   0.0004481537  -0.0003514774   0.0000783936
35  4   0.0007112901   0.0003486697  -0.0008230068  -0.0013487039   0.0025112072
35  5   0.0008993211  -0.0003214416   0.0002968040   0.0007069582  -0.0004944643
35  6   0.0003371945  -0.0001416515  -0.0012306094  -0.0007228812   0.0000841510
35  7  -0.0011008917  -0.0007734268   0.0004066033   0.2338150347   0.2816496644
35  8   0.0498072010  -0.0141077588  -0.0278178364  -0.0266135581  -0.0038808828
35  9   0.0029192111  -0.0075484112   0.0014892921   0.0006491855  -0.0006468103
35 10   0.0001238164   0.0000647574  -0.0000009743  -0.0000487753  -0.0000727322
35 11   0.0000542490  -0.0002002075   0.0001093249  -0.0000043400  -0.0003693869
35 12   0.0000667965   0.0000864575  -0.0000807526  -0.0002997368  -0.0001082041
35 13   0.0002821843  -0.0000643812   0.0001360516  -0.0000622226  -0.0000450757
35 14  -0.0000972839  -0.0002875975   0.0002347232   0.0000519904  -0.1769800481
35 15  -0.0913703435   0.0764376129
36  1   0.0035069759  -0.0552374648  -0.1357828867   0.0007307754   0.0057495639
36  2   0.0079616079   0.0031623149   0.0011605963  -0.0008601659   0.0001802055
36  3   0.0005020659   0.0004760501   0.0000210965  -0.0000652541  -0.0001093682
36  4   0.0006783551   0.0002563778  -0.0008254131  -0.0010392814   0.0001933426
36  5   0.0014819776  -0.0001738432   0.0000908224   0.0007900758  -0.0002562855
36  6   0.0000122774   0.0001882824   0.0000307817   0.0000523013  -0.0000382203
36  7  -0.0004741149  -0.0009489381   0.0005013953  -0.1431946286   0.0498072010
36  8   0.2633555412  -0.0029973038  -0.0131944974  -0.0041457325  -0.0145813713
36  9  -0.0353289022  -0.0232189873  -0.0013337286   0.0001669055   0.0019191507
36 10   0.0004242527   0.0003717545   0.0004529742  -0.0001367889  -0.0001191256
36 11   0.0000215609  -0.0000735786  -0.0000211988   0.0000367321  -0.0001141663
36 12  -0.0000068692   0.0000473409  -0.0002374433  -0.0000524151  -0.0001827678
36 13   0.0001405711   0.0000358653   0.0000010245   0.0000708374   0.0001005771
36 14   0.0000209381  -0.0000967504   0.0000538891  -0.0000777537   0.1557631186
36 15   0.0464211251  -0.1120133565
37  1  -0.1680401807   0.1228196903   0.0015629398  -0.0161807761   0.0221707941
37  2  -0.0040352031  -0.0017596577   0.0016958808  -0.0003774466  -0.0000622458
37  3   0.0002837771  -0.0000543435   0.0000556119   0.0002492336   0.0002012541
37  4   0.0007587759   0.0017472604  -0.0012691126  -0.0078872023  -0.0023192106
37  5   0.0035343268  -0.0002247756  -0.0002317652   0.0007567856   0.0000679366
37  6  -0.0002167390  -0.0001159936   0.0002972281  -0.0003025747  -0.0000374893
37  7   0.0011555356   0.0000290209   0.0000729721   0.0129758860  -0.0141077588
37  8  -0.0029973038   0.1776448968  -0.1331137098   0.0016149268  -0.0009396925
37  9   0.0021781593   0.0002483875   0.0008969945  -0.0002705220   0.0005632691
37 10  -0.0000120858  -0.0002806004  -0.0001123846  -0.0000016945   0.0000171705
37 11   0.0000074051  -0.0000080929  -0.0001648279  -0.0000210699  -0.0005911061
37 12  -0.0001143180   0.0001524068   0.0000391349  -0.0000737076  -0.0001367273
37 13  -0.0000775952   0.0000480219  -0.0000113545  -0.0000228136   0.0000195586
37 14  -0.0000081550   0.0004988563  -0.0001169954  -0.0000681396   0.0014170621
37 15   0.0000541621   0.0005300497
38  1   0.1256182934  -0.1835672062   0.0057690915  -0.0035199168   0.0085410964
38  2  -0.0002507466   0.0002719030   0.0004032646  -0.0004711641  -0.0000025678
38  3   0.0000825735   0.0000829024   0.0000469738  -0.0000022685   0.0000309047
38  4  -0.0004682208   0.0007567194  -0.0005500186  -0.0039452892   0.0000570640
38  5   0.0010951098   0.0000568381  -0.0000456976   0.0001898813   0.0000145937
38  6  -0.0000174031  -0.0000052386   0.0000807738   0.0000207709   0.0000062159
38  7  -0.0017201970  -0.0022382127   0.0001575800   0.0064907769  -0.0278178364
38  8  -0.0131944974  -0.1331137098   0.2105710843   0.0055383663   0.0092605697
38  9  -0.0063783201   0.0019045143   0.0004632981   0.0001124197  -0.0000125795
38 10   0.0001429732  -0.0000376237  -0.0000518802  -0.0000152784  -0.0000070149
38 11   0.0000055587  -0.0000017334  -0.0000341743  -0.0000039413  -0.0003072583
38 12  -0.0000440942   0.0000872800  -0.0000515228  -0.0000360285  -0.0000171905
38 13  -0.0000110176   0.0000032373  -0.0000097098  -0.0000021206   0.0000139475
38 14   0.0000062578  -0.0001686530  -0.0002652731   0.0000494641   0.0008804918
38 15  -0.0000710245  -0.0003561603
39  1  -0.0026604411   0.0073564110  -0.0537951070   0.0089783152  -0.0088379647
39  2   0.0004055797  -0.0005696286  -0.0000640655   0.0007652376   0.0001077461
39  3  -0.0000653118  -0.0001870968  -0.0000042689  -0.0000570472  -0.0000471564
39  4   0.0004431975  -0.0005758881   0.0005628703   0.0018193782   0.0010487909
39  5  -0.0003217058  -0.0001831354   0.0000334995   0.0001543947  -0.0000484133
39  6   0.0000110476   0.0000284700  -0.0001317372  -0.0000656976   0.0000012797
39  7   0.0001277210  -0.0000265510  -0.0001833000   0.0105842050  -0.0266135581
39  8  -0.0041457325   0.0016149268   0.0055383663   0.0550802616  -0.0201690269
39  9   0.0214094957   0.0015427958  -0.0005299960  -0.0003373445   0.0001140419
39 10  -0.0000903173   0.0001588785  -0.0000571499   0.0000401897  -0.0000008342
39 11  -0.0000073535  -0.0000072438   0.0000137258   0.0000094382   0.0002134627
39 12   0.0000257214  -0.0000931770  -0.0000389376  -0.0000238641  -0.0000012966
39 13   0.0000162751  -0.0000011368   0.0000137246  -0.0000041835  -0.0000100504
39 14  -0.0000117562  -0.0001654129   0.0000130889  -0.0000112119   0.0006573250
39 15   0.0010702884   0.0001839498
40  1  -0.0565171692   0.0154570578  -0.0309561307   0.0010500279  -0.0121301996
40  2   0.0295475465   0.0009367051   0.0013885549   0.0007390835   0.0000928577
40  3   0.0000393864   0.0000348303   0.0001381626  -0.0000261367   0.0000209874
40  4  -0.0001708210  -0.0003178886   0.0006681935   0.0034373921  -0.0001421942
40  5  -0.0007945375  -0.0003820215   0.0003279375  -0.0004338861   0.0000193728
40  6   0.0000661892  -0.0000926892  -0.0001381403  -0.0000821049  -0.0001316186
40  7   0.0001700891   0.0002950855  -0.0000149477  -0.0014482989  -0.0038808828
40  8  -0.0145813713  -0.0009396925   0.0092605697  -0.0201690269   0.0575375210
40  9  -0.0088926001   0.0360605089  -0.0047362593  -0.0015380006   0.0016952346
40 10   0.0000650932  -0.0001916137  -0.0005304171   0.0000363655   0.0000418125
40 11  -0.0001514055   0.0000297725   0.0000548416  -0.0000030357   0.0000560489
40 12   0.0000108283  -0.0000470698   0.0000293522  -0.0000769749   0.0000199958
40 13   0.0000097519  -0.0000193405  -0.0000038777   0.0000002494  -0.0000160006
40 14   0.0000024783   0.0001499154   0.0000069249   0.0000088205   0.0005737254
40 15   0.0003647489  -0.0008876654
41  1   0.0127380512  -0.0865801737   0.0886858359   0.0026452233  -0.0041990167
41  2   0.0124317712   0.0010088689   0.0004977908   0.0013220726  -0.0000388432
41  3   0.0001253595  -0.0001259293   0.0000503850  -0.0000344462   0.0001502479
41  4   0.0002134925   0.0000466511  -0.0000582568   0.0006628445   0.0006878654
41  5  -0.0016128479  -0.0001628097   0.0000640754  -0.0000686880   0.0000065571
41  6  -0.0000025159  -0.0001605966  -0.0001317197  -0.0001042748  -0.0001022733
41  7  -0.0002304101  -0.0004547728  -0.0005103438  -0.0083563133   0.0029192111
41  8  -0.0353289022   0.0021781593  -0.0063783201   0.0214094957  -0.0088926001
41  9   0.0921103757  -0.0853834139  -0.0024695243  -0.0002339914   0.0000239221
41 10  -0.0002970215  -0.0002423729  -0.0005515849   0.0000900771   0.0000508199
41 11  -0.0001106748  -0.0000128067  -0.0000021523  -0.0000148917  -0.0000573527
41 12  -0.0000057069   0.0000138516   0.0000199902  -0.0000566944  -0.0000413390
41 13  -0.0000199302  -0.0000161522   0.0000440507   0.0000121178   0.0000028284
41 14   0.0000010217  -0.0001851163  -0.0000762324   0.0000738101   0.0012286809
41 15   0.0018818454  -0.0000863374
42  1  -0.0282861317   0.0840403901  -0.2512724266  -0.0005595173   0.0071569705
42  2  -0.0139395315   0.0000673318  -0.0002712720  -0.0004613355  -0.0000794367
42  3   0.0001323419   0.0003764613  -0.0001110584   0.0000423710  -0.0001208289
42  4   0.0003226403  -0.0001038834  -0.0002098598  -0.0017556784  -0.0004690553
42  5   0.0017147570  -0.0000177642  -0.0000997009   0.0005701626  -0.0000456186
42  6  -0.0000525382   0.0001720610   0.0002308862   0.0001137366   0.0000439729
42  7   0.0001984606  -0.0000599628   0.0001885949  -0.0088787989  -0.0075484112
42  8  -0.0232189873   0.0002483875   0.0019045143   0.0015427958   0.0360605089
42  9  -0.0853834139   0.2836982177   0.0017465222   0.0006795049   0.0001036786
42 10   0.0002270913   0.0003706710   0.0006022760  -0.0001695301  -0.0001086110
42 11   0.0000658163  -0.0000180964  -0.0000407473   0.0000158527   0.0000556584
42 12  -0.0000035225  -0.0000184439  -0.0001099591   0.0000275464  -0.0000521897
42 13   0.0000154001   0.0000287841  -0.0000285841   0.0000153109   0.0000329992
42 14   0.0000136158   0.0000507645  -0.0000385147  -0.0000529073   0.0007926269
42 15  -0.0003501966   0.0002668321
43  1   0.0009027022  -0.0056886202   0.0310868362  -0.0508058808  -0.0022406897
43  2  -0.0136272518   0.0000421192  -0.0009932967  -0.0118491879   0.0003891980
43  3   0.0004057854  -0.0013812781  -0.0005050554   0.0001702629  -0.0000945533
43  4   0.0032754826   0.0008868467  -0.0048162888  -0.0123419585   0.0136150583
43  5  -0.0249589104   0.0004700187  -0.0003353379   0.0025856597  -0.0000541083
43  6  -0.0000905058   0.0002206152   0.0000839557   0.0000375477   0.0003889981
43  7   0.0004131799   0.0001628264   0.0008045957   0.0021564379   0.0014892921
43  8  -0.0013337286   0.0008969945   0.0004632981  -0.0005299960  -0.0047362593
43  9  -0.0024695243   0.0017465222   0.0608084676  -0.0043619618   0.0216236165
43 10  -0.0003336056  -0.0013781290  -0.0007127438  -0.0002061425  -0.0003845711
43 11   0.0002139611  -0.0001266603  -0.0001784990  -0.0000276752  -0.0002304576
43 12  -0.0000831827   0.0004786208  -0.0004794545   0.0004727156   0.0000173631
43 13   0.0000310351   0.0000284813   0.0000111972  -0.0000652244  -0.0000341705
43 14   0.0000241415  -0.0000015069   0.0000273370   0.0000779766   0.0004167226
43 15   0.0004790370   0.0000515100
44  1  -0.0018395594  -0.0006509694   0.0118056750  -0.0006778367  -0.0521205883
44  2   0.0238972324  -0.0031254601   0.0016425133  -0.0303707569   0.0010205338
44  3   0.0010580456  -0.0011198333   0.0001209634  -0.0003663959  -0.0003243372
44  4  -0.0038434716  -0.0003699641   0.0030774853   0.0146764339  -0.0107317061
44  5   0.0270340148  -0.0001984795   0.0002639264  -0.0021854373  -0.0001470961
44  6   0.0002425436   0.0001839141   0.0000186269   0.0000283394   0.0004163361
44  7  -0.0003524128   0.0022134672   0.0014116776   0.0010882402   0.0006491855
44  8   0.0001669055  -0.0002705220   0.0001124197  -0.0003373445  -0.0015380006
44  9  -0.0002339914   0.0006795049  -0.0043619618   0.0628557142  -0.0327230769
44 10  -0.0013935422  -0.0047050812  -0.0019118254  -0.0003094433  -0.0002535705
44 11   0.0004030331   0.0000224678   0.0002387075   0.0000390674   0.0002472852
44 12   0.0000277619  -0.0003103232   0.0006305081  -0.0003175086   0.0000159991
44 13   0.0002186529   0.0000113767  -0.0000541972  -0.0000770541  -0.0000627555
44 14   0.0001190899  -0.0001532866   0.0003493383   0.0002459562   0.0002444145
44 15   0.0001191915  -0.0001587595
45  1   0.0006325177   0.0015205815  -0.0148925116  -0.0163033829   0.0266422364
45  2  -0.2925412872  -0.0019078502   0.0004196890  -0.0164266081   0.0007728242
45  3   0.0007064055  -0.0000066101  -0.0002134092   0.0000070201  -0.0000752700
45  4   0.0023110755   0.0013677353  -0.0021113543  -0.0086020651   0.0071522863
45  5  -0.0006363605   0.0014290884  -0.0015277461   0.0014948274  -0.0000744667
45  6  -0.0001149721   0.0002408632   0.0003196445  -0.0000933277   0.0004152311
45  7   0.0007270889   0.0000705195   0.0017152004  -0.0010616841  -0.0006468103
45  8   0.0019191507   0.0005632691  -0.0000125795   0.0001140419   0.0016952346
45  9   0.0000239221   0.0001036786   0.0216236165  -0.0327230769   0.3193734111
45 10  -0.0007681110  -0.0019724318   0.0000617756  -0.0006548917  -0.0003709267
45 11   0.0006362522  -0.0000795616  -0.0000621989   0.0000182197  -0.0001479857
45 12  -0.0000405738   0.0000476867   0.0000247786  -0.0000030930  -0.0001812172
45 13   0.0000603660   0.0000439479  -0.0000152928  -0.0001197424  -0.0000272499
45 14  -0.0000096164   0.0001018619  -0.0000456066   0.0002972795  -0.0003282153
45 15  -0.0003137503   0.0004585101
46  1   0.0003425031   0.0004138441  -0.0010589055   0.0003017365  -0.0002839803
46  2  -0.0120243302  -0.0500649827  -0.0031776603  -0.0057899040   0.0002054620
46  3  -0.0041827704   0.0326127237   0.0009604000  -0.0001028717   0.0012220415
46  4  -0.0005261722  -0.0001224133   0.0002226962   0.0004997560   0.0003529134
46  5   0.0010604685   0.0000588737   0.0000167341  -0.0001204705  -0.0001883164
46  6   0.0003315854  -0.0016652507   0.0021349413   0.0013598313  -0.0016051324
46  7  -0.0086816732   0.0140365590  -0.0271791041   0.0000475669   0.0001238164
46  8   0.0004242527  -0.0000120858   0.0001429732  -0.0000903173   0.0000650932
46  9  -0.0002970215   0.0002270913  -0.0003336056  -0.0013935422  -0.0007681110
46 10   0.0608014835  -0.0046860157   0.0131601960  -0.0051235760  -0.0019644372
46 11   0.0017552712   0.0000612262   0.0000364273  -0.0003429527   0.0000548895
46 12   0.0001294084   0.0000205896  -0.0000284567   0.0000764302  -0.0000394952
46 13  -0.0009300613  -0.0002271552   0.0000848727   0.0004637846   0.0004981100
46 14  -0.0000650330  -0.0000455731  -0.0010625470  -0.0000724158  -0.0000632139
46 15  -0.0000182176   0.0000312191
47  1   0.0008118383   0.0011408751  -0.0007522718  -0.0018181210   0.0018908624
47  2  -0.0304410141  -0.0031145365  -0.0524683017   0.0215594199  -0.0029378093
47  3   0.0003062238   0.0102630666  -0.0002060585  -0.0002136610   0.0002007964
47  4   0.0000422966  -0.0001992652  -0.0004334458  -0.0006242138   0.0021834805
47  5   0.0016521211   0.0002862328  -0.0000242775   0.0002598708   0.0005396120
47  6  -0.0001002243  -0.0003058823   0.0010317318   0.0010792245   0.0000883419
47  7   0.0136359585  -0.0115751084   0.0276583878   0.0000709681   0.0000647574
47  8   0.0003717545  -0.0002806004  -0.0000376237   0.0001588785  -0.0001916137
47  9  -0.0002423729   0.0003706710  -0.0013781290  -0.0047050812  -0.0019724318
47 10  -0.0046860157   0.0615253932  -0.0302661518  -0.0011241572  -0.0000602463
47 11   0.0004858808  -0.0001736997   0.0001374540  -0.0000662103   0.0000624403
47 12  -0.0000048089  -0.0000252109  -0.0001380792   0.0001069923  -0.0000050881
47 13  -0.0002328971   0.0001679399   0.0000337861   0.0002847139   0.0001425699
47 14  -0.0001425581   0.0002017412   0.0008895583   0.0011508893  -0.0000616022
47 15  -0.0000043600   0.0001564003
48  1   0.0007235498   0.0008124313   0.0000882549  -0.0018185787   0.0000377428
48  2  -0.0159934415  -0.0044932650   0.0223068328  -0.2895731349   0.0011424115
48  3  -0.0001724072  -0.0151697818  -0.0000782550   0.0008824848  -0.0018553752
48  4   0.0001672078  -0.0000269339  -0.0006489423   0.0006846444   0.0001461290
48  5   0.0020241374   0.0001369859  -0.0000990382   0.0003629165  -0.0020363138
48  6   0.0002424041   0.0015177733  -0.0003268079  -0.0001669025   0.0018475852
48  7  -0.0075185061   0.0084951566  -0.0008754106   0.0002292953  -0.0000009743
48  8   0.0004529742  -0.0001123846  -0.0000518802  -0.0000571499  -0.0005304171
48  9  -0.0005515849   0.0006022760  -0.0007127438  -0.0019118254   0.0000617756
48 10   0.0131601960  -0.0302661518   0.3164075110   0.0017741735   0.0004446104
48 11   0.0001731534   0.0001612167  -0.0002190514   0.0002386251   0.0000473464
48 12  -0.0000882899  -0.0000263091  -0.0000460294   0.0000345125   0.0000109514
48 13   0.0005743853   0.0001914080  -0.0000442425  -0.0002475255  -0.0001019962
48 14   0.0003686929  -0.0007793294   0.0000896570   0.0000712374  -0.0001012563
48 15  -0.0000263335   0.0000159235
49  1  -0.0000153182   0.0001021305   0.0000038753   0.0015429873   0.0011816466
49  2   0.0011241304  -0.0004723065  -0.0083817528   0.0312149183  -0.0536227067
49  3   0.0060363739  -0.0190964872  -0.0003497621   0.0053957459  -0.0220676927
49  4  -0.0000399405   0.0000309484  -0.0006577761  -0.0001839507  -0.0001276715
49  5  -0.0000725102   0.0000134692  -0.0000254548   0.0004520498  -0.0031730241
49  6   0.0042794038  -0.0021094196  -0.0007805484  -0.0041552469  -0.0118350698
49  7   0.0034423583  -0.0002538793  -0.0018313749  -0.0000867994  -0.0000487753
49  8  -0.0001367889  -0.0000016945  -0.0000152784   0.0000401897   0.0000363655
49  9   0.0000900771  -0.0001695301  -0.0002061425  -0.0003094433  -0.0006548917
49 10  -0.0051235760  -0.0011241572   0.0017741735   0.0576472413  -0.0020818352
49 11   0.0239138375   0.0003867645  -0.0010443618   0.0000399088  -0.0000182004
49 12   0.0000891147   0.0000171813   0.0000639467  -0.0001228605   0.0001911629
49 13   0.0002963539  -0.0001775624   0.0005559866   0.0008991001   0.0004342684
49 14  -0.0011382998  -0.0002675321   0.0002379425   0.0004295795   0.0000129157
49 15  -0.0000093723   0.0000128475
50  1   0.0000092139   0.0000551285  -0.0000322877   0.0004273053   0.0007202090
50  2   0.0015402867   0.0013153944  -0.0021829461   0.0106128347   0.0055038298
50  3  -0.0631321171   0.0596544925  -0.0013112315  -0.0005032693   0.0220453794
50  4  -0.0005245168   0.0004833077   0.0016392670   0.0001223675  -0.0006864785
50  5  -0.0006582609   0.0000233989  -0.0001232875  -0.0010230934   0.0049964748
50  6  -0.0035558918   0.0024906154  -0.0076902893  -0.0069436227  -0.0387134554
50  7   0.0003724576   0.0006534214  -0.0016270268  -0.0000842808  -0.0000727322
50  8  -0.0001191256   0.0000171705  -0.0000070149  -0.0000008342   0.0000418125
50  9   0.0000508199  -0.0001086110  -0.0003845711  -0.0002535705  -0.0003709267
50 10  -0.0019644372  -0.0000602463   0.0004446104  -0.0020818352   0.0728229065
50 11  -0.0531817385   0.0002291457   0.0009730086  -0.0006708207   0.0000569338
50 12   0.0001133518  -0.0000827634  -0.0000739208   0.0000910222  -0.0002461637
50 13  -0.0002818336  -0.0011132086  -0.0004462670   0.0015198446   0.0027292556
50 14  -0.0009139935  -0.0002494696  -0.0000505769  -0.0002315749   0.0000110366
50 15  -0.0000074689  -0.0000005428
51  1   0.0000256295  -0.0000003494   0.0003107993  -0.0004394441  -0.0006644332
51  2  -0.0000795408   0.0003223272   0.0053982162  -0.0139022982  -0.0201839739
51  3   0.0550284817  -0.2868909981   0.0008944734   0.0025011357  -0.0042804110
51  4  -0.0007301511   0.0006192617  -0.0013222349  -0.0000821031   0.0000949878
51  5   0.0003299341   0.0003433898  -0.0014137689   0.0000944748  -0.0007576385
51  6   0.0001153727   0.0013956058  -0.0046704929  -0.0071991654  -0.0152506119
51  7  -0.0012766885  -0.0010579643   0.0025886001   0.0001211620   0.0000542490
51  8   0.0000215609   0.0000074051   0.0000055587  -0.0000073535  -0.0001514055
51  9  -0.0001106748   0.0000658163   0.0002139611   0.0004030331   0.0006362522
51 10   0.0017552712   0.0004858808   0.0001731534   0.0239138375  -0.0531817385
51 11   0.3150226085  -0.0004161910   0.0000222823   0.0007362873   0.0000902169
51 12   0.0001114999   0.0001202113   0.0001983870  -0.0001836371   0.0001132353
51 13   0.0004567049  -0.0003994279   0.0001112648   0.0002758157  -0.0005305497
51 14   0.0006297968   0.0000840331  -0.0001223740  -0.0006201005   0.0000054743
51 15   0.0000241236   0.0000039479
52  1   0.0001499395   0.0001379002  -0.0000487693   0.0009787751   0.0000173248
52  2   0.0005815138   0.0013760851   0.0036566932  -0.0020194649  -0.0229102570
52  3  -0.0065673369   0.0100729077  -0.2221290179  -0.0446808768   0.0974922382
52  4  -0.0116202914  -0.0005591193   0.0077424695  -0.0006213407  -0.0031939175
52  5  -0.0011502759   0.0013727658   0.0007437149  -0.0005296978   0.0148683397
52  6   0.0030412174  -0.0043790277   0.0027950019   0.0004602178  -0.0004946817
52  7  -0.0022235456   0.0006529337   0.0003420711  -0.0001866436  -0.0002002075
52  8  -0.0000735786  -0.0000080929  -0.0000017334  -0.0000072438   0.0000297725
52  9  -0.0000128067  -0.0000180964  -0.0001266603   0.0000224678  -0.0000795616
52 10   0.0000612262  -0.0001736997   0.0001612167   0.0003867645   0.0002291457
52 11  -0.0004161910   0.2370565983   0.0461478453  -0.1075280815   0.0004549366
52 12  -0.0003868495  -0.0001505543   0.0002512342   0.0002228275  -0.0002154558
52 13   0.0004478577  -0.0002071206   0.0004160564  -0.0004180789   0.0008958118
52 14   0.0004379328   0.0000008231  -0.0002618547  -0.0001377204   0.0000138081
52 15   0.0000174227   0.0000019946
53  1  -0.0000908214   0.0001608475   0.0000036362   0.0015826537  -0.0020404185
53  2   0.0004482642   0.0004203332  -0.0039055523   0.0012322648   0.0248203233
53  3   0.0047678325  -0.0116055608  -0.0428185774  -0.0662109518   0.0216999004
53  4  -0.0257082734  -0.0029431151   0.0138031654  -0.0055586521  -0.0054781249
53  5  -0.0016180419   0.0009096946   0.0009043900  -0.0000339711  -0.0011924008
53  6   0.0040242182   0.0059486019  -0.0012590744   0.0026463905   0.0006313820
53  7   0.0025624715  -0.0003167909  -0.0004406612  -0.0000428748   0.0001093249
53  8  -0.0000211988  -0.0001648279  -0.0000341743   0.0000137258   0.0000548416
53  9  -0.0000021523  -0.0000407473  -0.0001784990   0.0002387075  -0.0000621989
53 10   0.0000364273   0.0001374540  -0.0002190514  -0.0010443618   0.0009730086
53 11   0.0000222823   0.0461478453   0.0667212109  -0.0302578097   0.0008655438
53 12   0.0004326258   0.0002168093   0.0003066912   0.0002260786   0.0002088997
53 13   0.0004586416  -0.0003562702  -0.0002426542  -0.0001107347  -0.0003926423
53 14   0.0001360660  -0.0000198332   0.0003135433   0.0001509342   0.0000234639
53 15   0.0000245603   0.0000259632
54  1   0.0000049262   0.0000319755  -0.0000794869   0.0004458201  -0.0004123717
54  2   0.0000611937  -0.0003815637   0.0010497076   0.0005936739  -0.0033280291
54  3  -0.0002052850   0.0041051647   0.1006844057   0.0237828747  -0.0991846005
54  4  -0.0056045168  -0.0007168015   0.0043637658  -0.0025842621  -0.0021170708
54  5  -0.0000818149  -0.0010503565  -0.0013078895  -0.0001948822   0.0189342348
54  6   0.0094320090  -0.0400406953  -0.0004406532  -0.0004337777   0.0000350834
54  7  -0.0002779048   0.0000214162   0.0000243574  -0.0000176588  -0.0000043400
54  8   0.0000367321  -0.0000210699  -0.0000039413   0.0000094382  -0.0000030357
54  9  -0.0000148917   0.0000158527  -0.0000276752   0.0000390674   0.0000182197
54 10  -0.0003429527  -0.0000662103   0.0002386251   0.0000399088  -0.0006708207
54 11   0.0007362873  -0.1075280815  -0.0302578097   0.1294028084   0.0003740609
54 12   0.0001818143   0.0000904932  -0.0002633170   0.0003466453   0.0002551970
54 13   0.0007999562   0.0016911595  -0.0003039471   0.0005643431  -0.0003663105
54 14  -0.0000419636   0.0000321889  -0.0000044952  -0.0000496617  -0.0000087676
54 15   0.0000053461  -0.0000098402
55  1  -0.0007893291   0.0018943007  -0.0003324677  -0.0018569170  -0.0042953022
55  2   0.0023711546  -0.0005441931  -0.0007243416  -0.0003204691  -0.0016855368
55  3  -0.0006640780  -0.0013698429   0.0087578339  -0.0088057571   0.0019564309
55  4  -0.1210377715   0.1003326642  -0.0491266387  -0.0394133615   0.0259707246
55  5  -0.0042387038   0.0067502913  -0.0011411751   0.0003416644   0.0002854153
55  6   0.0003495545   0.0007952722   0.0006504828  -0.0014493911  -0.0002133370
55  7   0.0003320561   0.0004871739   0.0000615877  -0.0000302845  -0.0003693869
55  8  -0.0001141663  -0.0005911061  -0.0003072583   0.0002134627   0.0000560489
55  9  -0.0000573527   0.0000556584  -0.0002304576   0.0002472852  -0.0001479857
55 10   0.0000548895   0.0000624403   0.0000473464  -0.0000182004   0.0000569338
55 11   0.0000902169   0.0004549366   0.0008655438   0.0003740609   0.1491250754
55 12  -0.1126943335   0.0496969424  -0.0002506810   0.0001352179  -0.0003492517
55 13   0.0000564919  -0.0000354500   0.0002409728   0.0000906719   0.0000307923
55 14  -0.0000332914  -0.0001625777   0.0000363455   0.0000183179  -0.0000037774
55 15   0.0000748499  -0.0000169342
56  1  -0.0002322566   0.0001969605   0.0000632581  -0.0015788828   0.0011932601
56  2   0.0004659399  -0.0008375442   0.0000212532   0.0000197411  -0.0044307472
56  3  -0.0003777398  -0.0016560448   0.0167116721  -0.0247676671   0.0088929417
56  4   0.1094202940  -0.2044517205   0.0618407419  -0.0048026444   0.0078803249
56  5  -0.0020483133  -0.0017348125   0.0073804508   0.0030943209  -0.0000742105
56  6   0.0028467743   0.0007760527   0.0007636444  -0.0025912026  -0.0007558276
56  7   0.0003779542   0.0001642591  -0.0000152597   0.0000792452   0.0000667965
56  8  -0.0000068692  -0.0001143180  -0.0000440942   0.0000257214   0.0000108283
56  9  -0.0000057069  -0.0000035225  -0.0000831827   0.0000277619  -0.0000405738
56 10   0.0001294084  -0.0000048089  -0.0000882899   0.0000891147   0.0001133518
56 11   0.0001114999  -0.0003868495   0.0004326258   0.0001818143  -0.1126943335
56 12   0.2102512139  -0.0716310481  -0.0006629864   0.0011739250   0.0006451150
56 13   0.0000609889   0.0003178860   0.0001574041   0.0001644383   0.0001089346
56 14  -0.0000913063  -0.0001810933   0.0000676513   0.0000538895   0.0000062732
56 15  -0.0000004897   0.0000086144
57  1   0.0002359798  -0.0005487781   0.0002315349   0.0022343970   0.0007153156
57  2   0.0010104898  -0.0002656924   0.0003190075   0.0000749730  -0.0015051182
57  3  -0.0005964089  -0.0012414503   0.0047420427  -0.0081413138   0.0049109366
57  4  -0.0516121210   0.0610845288  -0.0745052460   0.0102031870  -0.0072172386
57  5   0.0057072289  -0.0159876476   0.0259123822  -0.0335074104   0.0005543374
57  6  -0.0000949392   0.0009832801   0.0005336690  -0.0013768253  -0.0001262277
57  7   0.0000960275  -0.0000579269   0.0000385033   0.0000020264   0.0000864575
57  8   0.0000473409   0.0001524068   0.0000872800  -0.0000931770  -0.0000470698
57  9   0.0000138516  -0.0000184439   0.0004786208  -0.0003103232   0.0000476867
57 10   0.0000205896  -0.0000252109  -0.0000263091   0.0000171813  -0.0000827634
57 11   0.0001202113  -0.0001505543   0.0002168093   0.0000904932   0.0496969424
57 12  -0.0716310481   0.0950095587   0.0005487721   0.0014341063   0.0011842572
57 13   0.0000974073   0.0001401606   0.0001243231   0.0000099453   0.0000516532
57 14  -0.0000705709  -0.0000467963   0.0000135450  -0.0000016797  -0.0000085327
57 15   0.0000076789   0.0000096973
58  1  -0.0000616919   0.0002281107   0.0001621769  -0.0004877455   0.0006905103
58  2   0.0009064365   0.0001422377   0.0003547545  -0.0001646639   0.0002576500
58  3   0.0000525908  -0.0002388945   0.0002925414  -0.0000988779   0.0000160206
58  4   0.0016167338   0.0011435977   0.0032325595  -0.0003053216  -0.0001591460
58  5  -0.0009232745  -0.0764563214  -0.1641449854  -0.0680541720   0.0001781814
58  6   0.0000144458  -0.0000515655  -0.0002290483  -0.0000416738   0.0001256688
58  7  -0.0001615793  -0.0002486420   0.0000075994   0.0001835704  -0.0000807526
58  8  -0.0002374433   0.0000391349  -0.0000515228  -0.0000389376   0.0000293522
58  9   0.0000199902  -0.0001099591  -0.0004794545   0.0006305081   0.0000247786
58 10  -0.0000284567  -0.0001380792  -0.0000460294   0.0000639467  -0.0000739208
58 11   0.0001983870   0.0002512342   0.0003066912  -0.0002633170  -0.0002506810
58 12  -0.0006629864   0.0005487721   0.0751566418   0.1624075934   0.0650851378
58 13   0.0001843854  -0.0000135666  -0.0000528281  -0.0000003193  -0.0000408038
58 14  -0.0000067502   0.0000582165   0.0000090391  -0.0000175887   0.0000067929
58 15  -0.0001028746  -0.0001021133
59  1   0.0001802219   0.0002718767   0.0001824516   0.0002593212  -0.0006624286
59  2  -0.0007821427  -0.0000755511  -0.0003446706   0.0000462978   0.0001191459
59  3  -0.0000276703   0.0003303556  -0.0007041651   0.0016694634  -0.0002968592
59  4   0.0011766851   0.0005028054   0.0010596716  -0.0009735002   0.0002107065
59  5   0.0025881901  -0.1632109850  -0.3825589443  -0.1527823761   0.0002527340
59  6  -0.0001593008   0.0004071148   0.0000350813   0.0001961781  -0.0000389733
59  7   0.0000185559   0.0001264668   0.0000167825  -0.0001139187  -0.0002997368
59  8  -0.0000524151  -0.0000737076  -0.0000360285  -0.0000238641  -0.0000769749
59  9  -0.0000566944   0.0000275464   0.0004727156  -0.0003175086  -0.0000030930
59 10   0.0000764302   0.0001069923   0.0000345125  -0.0001228605   0.0000910222
59 11  -0.0001836371   0.0002228275   0.0002260786   0.0003466453   0.0001352179
59 12   0.0011739250   0.0014341063   0.1624075934   0.3796519631   0.1476723636
59 13   0.0000227984   0.0001741239  -0.0000446210   0.0000003403   0.0000083994
59 14   0.0000155365  -0.0000157529  -0.0000220485   0.0000088642  -0.0000122525
59 15   0.0000750299   0.0000375430
60  1   0.0001784571   0.0002162418   0.0000917706   0.0018429676  -0.0015851065
60  2   0.0003113381  -0.0002099050  -0.0002682212  -0.0002029737  -0.0002715420
60  3   0.0000403649  -0.0001410346   0.0010211810   0.0036625887  -0.0061944741
60  4  -0.0191053900  -0.0439917568  -0.0242525003  -0.0007223075   0.0027864884
60  5   0.0043413385  -0.0464201975  -0.1075408920  -0.0912459624  -0.0003644711
60  6  -0.0021917918  -0.0009053343   0.0001531233   0.0001917361   0.0002224653
60  7  -0.0000377455   0.0004731334   0.0000045436  -0.0002936372  -0.0001082041
60  8  -0.0001827678  -0.0001367273  -0.0000171905  -0.0000012966   0.0000199958
60  9  -0.0000413390  -0.0000521897   0.0000173631   0.0000159991  -0.0001812172
60 10  -0.0000394952  -0.0000050881   0.0000109514   0.0001911629  -0.0002461637
60 11   0.0001132353  -0.0002154558   0.0002088997   0.0002551970  -0.0003492517
60 12   0.0006451150   0.0011842572   0.0650851378   0.1476723636   0.1173591396
60 13  -0.0003348591   0.0001130109  -0.0005846151  -0.0000229130  -0.0000658617
60 14  -0.0000133278  -0.0000255425  -0.0000058189  -0.0000001527   0.0000400519
60 15   0.0000414928   0.0000636096
61  1  -0.0002763209  -0.0000830710  -0.0000474231   0.0007033984  -0.0011013194
61  2   0.0000987944  -0.0007563438   0.0005449599  -0.0011714285  -0.0001728072
61  3  -0.0017642611  -0.0028719611  -0.0020092266  -0.0101499652  -0.0048761436
61  4  -0.0000183257   0.0012991408  -0.0031608862  -0.0008256111   0.0002627264
61  5   0.0002097672  -0.0005520237  -0.0010513023  -0.0004194507  -0.0082404675
61  6  -0.0183300922  -0.0185442182  -0.0022302508  -0.0007405828   0.0012825399
61  7   0.0006634995  -0.0002903891   0.0005340322   0.0001971859   0.0002821843
61  8   0.0001405711  -0.0000775952  -0.0000110176   0.0000162751   0.0000097519
61  9  -0.0000199302   0.0000154001   0.0000310351   0.0002186529   0.0000603660
61 10  -0.0009300613  -0.0002328971   0.0005743853   0.0002963539  -0.0002818336
61 11   0.0004567049   0.0004478577   0.0004586416   0.0007999562   0.0000564919
61 12   0.0000609889   0.0000974073   0.0001843854   0.0000227984  -0.0003348591
61 13   0.0123924456   0.0311749167   0.0260596353   0.0013504733  -0.0004707138
61 14   0.0011916236  -0.0002365752   0.0002204622  -0.0001119309  -0.0000072695
61 15  -0.0000180968   0.0000008426
62  1   0.0000187098  -0.0000239909  -0.0000898560  -0.0005962582   0.0002255376
62  2   0.0000330378  -0.0003063380   0.0000492164  -0.0005843881   0.0030021609
62  3   0.0030767185   0.0038372433  -0.0004372717   0.0046663597   0.0020642103
62  4   0.0007590864  -0.0009486603   0.0002597927   0.0006614707   0.0002627581
62  5   0.0000871931   0.0001265347   0.0004416685   0.0006042426  -0.0321635013
62  6  -0.4309836461  -0.1791135897  -0.0020831901  -0.0002077362  -0.0020573774
62  7   0.0002324275  -0.0006060984   0.0001298044   0.0000004976  -0.0000643812
62  8   0.0000358653   0.0000480219   0.0000032373  -0.0000011368  -0.0000193405
62  9  -0.0000161522   0.0000287841   0.0000284813   0.0000113767   0.0000439479
62 10  -0.0002271552   0.0001679399   0.0001914080  -0.0001775624  -0.0011132086
62 11  -0.0003994279  -0.0002071206  -0.0003562702   0.0016911595  -0.0000354500
62 12   0.0003178860   0.0001401606  -0.0000135666   0.0001741239   0.0001130109
62 13   0.0311749167   0.4253974756   0.1724830082  -0.0002599478  -0.0005439411
62 14   0.0005211694   0.0004924915   0.0000699711   0.0000003519  -0.0000180964
62 15  -0.0000001841  -0.0000186143
63  1  -0.0001363256  -0.0000374045   0.0001360764   0.0000940817  -0.0002736488
63  2  -0.0002839506  -0.0006121537  -0.0000344809   0.0007032725  -0.0025751717
63  3  -0.0023295627  -0.0008534861  -0.0069636725  -0.0406374018  -0.0253347233
63  4   0.0001107866   0.0035161732  -0.0058318657   0.0002023747   0.0001851418
63  5   0.0004294851  -0.0007853611  -0.0018693600  -0.0007801702  -0.0199805671
63  6  -0.1306187978  -0.1022274593   0.0031529902  -0.0009080124   0.0017752644
63  7   0.0005682365   0.0000790182  -0.0003683717   0.0001482485   0.0001360516
63  8   0.0000010245  -0.0000113545  -0.0000097098   0.0000137246  -0.0000038777
63  9   0.0000440507  -0.0000285841   0.0000111972  -0.0000541972  -0.0000152928
63 10   0.0000848727   0.0000337861  -0.0000442425   0.0005559866  -0.0004462670
63 11   0.0001112648   0.0004160564  -0.0002426542  -0.0003039471   0.0002409728
63 12   0.0001574041   0.0001243231  -0.0000528281  -0.0000446210  -0.0005846151
63 13   0.0260596353   0.1724830082   0.1334703520  -0.0001114849   0.0008229671
63 14  -0.0003475637  -0.0004155562   0.0000546004   0.0002204984   0.0000029141
63 15  -0.0000060836   0.0000189865
64  1   0.0001382198  -0.0002662153  -0.0003434276  -0.0012273676   0.0004194160
64  2   0.0007765684  -0.0010297551  -0.0042475967  -0.0027968509  -0.0093178664
64  3  -0.0036018536   0.0077513776   0.0024499052   0.0010630781  -0.0005385772
64  4  -0.0005339450   0.0003616927   0.0002834588   0.0000490053  -0.0000766655
64  5  -0.0000066910  -0.0001180533   0.0001198336  -0.0000828265  -0.0011963533
64  6   0.0008251194   0.0002780760  -0.2012681218  -0.1723378235   0.1735146120
64  7   0.0006366677  -0.0001640852  -0.0005228163  -0.0001656726  -0.0000622226
64  8   0.0000708374  -0.0000228136  -0.0000021206  -0.0000041835   0.0000002494
64  9   0.0000121178   0.0000153109  -0.0000652244  -0.0000770541  -0.0001197424
64 10   0.0004637846   0.0002847139  -0.0002475255   0.0008991001   0.0015198446
64 11   0.0002758157  -0.0004180789  -0.0001107347   0.0005643431   0.0000906719
64 12   0.0001644383   0.0000099453  -0.0000003193   0.0000003403  -0.0000229130
64 13   0.0013504733  -0.0002599478  -0.0001114849   0.2091853820   0.1767042100
64 14  -0.1796598501   0.0001035359  -0.0002167544   0.0009327696  -0.0000034239
64 15  -0.0000517307  -0.0000162259
65  1   0.0001493153  -0.0002627862  -0.0003459672  -0.0017356161   0.0008457486
65  2   0.0007597641  -0.0002655087  -0.0048661434  -0.0038986267  -0.0223862839
65  3  -0.0183927162   0.0210606132  -0.0005516833  -0.0013515408   0.0011843314
65  4  -0.0003405078  -0.0007061458  -0.0003886645   0.0010902474   0.0002594310
65  5   0.0000093090   0.0001623954   0.0002609429   0.0001394195   0.0003146285
65  6   0.0001683993  -0.0007742987  -0.1544895487  -0.1531652461   0.1146456212
65  7   0.0009197459   0.0004689980   0.0004038330  -0.0000709110  -0.0000450757
65  8   0.0001005771   0.0000195586   0.0000139475  -0.0000100504  -0.0000160006
65  9   0.0000028284   0.0000329992  -0.0000341705  -0.0000627555  -0.0000272499
65 10   0.0004981100   0.0001425699  -0.0001019962   0.0004342684   0.0027292556
65 11  -0.0005305497   0.0008958118  -0.0003926423  -0.0003663105   0.0000307923
65 12   0.0001089346   0.0000516532  -0.0000408038   0.0000083994  -0.0000658617
65 13  -0.0004707138  -0.0005439411   0.0008229671   0.1767042100   0.1743123592
65 14  -0.1322429934  -0.0007906859   0.0005048574  -0.0004206501  -0.0000266495
65 15  -0.0000376787  -0.0000378690
66  1   0.0001098123  -0.0002572837  -0.0002090942  -0.0010599759  -0.0004357267
66  2   0.0009183003  -0.0004358052  -0.0038278022  -0.0019929025  -0.0170093299
66  3  -0.0169385975   0.0093511100  -0.0005905262  -0.0003603399  -0.0001291382
66  4   0.0003063410  -0.0001302274   0.0003879913  -0.0000194042   0.0002174987
66  5  -0.0001428445  -0.0000395490   0.0000743727  -0.0002283390  -0.0008802581
66  6   0.0004682410  -0.0003827255   0.1991613845   0.1534822752  -0.1995127015
66  7  -0.0000011653   0.0003730274  -0.0001219044  -0.0001619984  -0.0000972839
66  8   0.0000209381  -0.0000081550   0.0000062578  -0.0000117562   0.0000024783
66  9   0.0000010217   0.0000136158   0.0000241415   0.0001190899  -0.0000096164
66 10  -0.0000650330  -0.0001425581   0.0003686929  -0.0011382998  -0.0009139935
66 11   0.0006297968   0.0004379328   0.0001360660  -0.0000419636  -0.0000332914
66 12  -0.0000913063  -0.0000705709  -0.0000067502   0.0000155365  -0.0000133278
66 13   0.0011916236   0.0005211694  -0.0003475637  -0.1796598501  -0.1322429934
66 14   0.1915833463  -0.0001056515   0.0000598397  -0.0000374299  -0.0000186707
66 15  -0.0000362833  -0.0000219132
67  1  -0.0005617793   0.0000021135   0.0001414224  -0.0044540222   0.0014910873
67  2  -0.0016788361   0.0076305323   0.0323375574   0.0097041692  -0.0002268583
67  3   0.0056396505   0.0021461955  -0.0001533941  -0.0003396400  -0.0003935451
67  4   0.0015585522   0.0004704078  -0.0001623951  -0.0010766221   0.0025777730
67  5   0.0006424103  -0.0002625515  -0.0002393628   0.0000532178   0.0000066098
67  6  -0.0005268032   0.0001567830   0.0021776563  -0.0023244077  -0.0001779978
67  7  -0.1014459104  -0.1725871885  -0.0759073520   0.0000126082  -0.0002875975
67  8  -0.0000967504   0.0004988563  -0.0001686530  -0.0001654129   0.0001499154
67  9  -0.0001851163   0.0000507645  -0.0000015069  -0.0001532866   0.0001018619
67 10  -0.0000455731   0.0002017412  -0.0007793294  -0.0002675321  -0.0002494696
67 11   0.0000840331   0.0000008231  -0.0000198332   0.0000321889  -0.0001625777
67 12  -0.0001810933  -0.0000467963   0.0000582165  -0.0000157529  -0.0000255425
67 13  -0.0002365752   0.0004924915  -0.0004155562   0.0001035359  -0.0007906859
67 14  -0.0001056515   0.0966526003   0.1348383940   0.0668564574   0.0000449965
67 15   0.0000176743  -0.0000143388
68  1  -0.0001030661   0.0002017638   0.0000867108   0.0042095670  -0.0012385197
68  2   0.0032066603  -0.0080273496  -0.0323040922  -0.0108681625  -0.0005539810
68  3   0.0014870720  -0.0010010976  -0.0005336856  -0.0007480962   0.0001375892
68  4  -0.0004504026  -0.0004753255   0.0000084879   0.0000849305  -0.0013358994
68  5  -0.0006550672   0.0000174833   0.0001435682   0.0000749551  -0.0003990045
68  6   0.0001311440  -0.0001077634  -0.0009172447  -0.0004329667   0.0001894799
68  7  -0.1271263659  -0.3842834684  -0.1233657296   0.0001098750   0.0002347232
68  8   0.0000538891  -0.0001169954  -0.0002652731   0.0000130889   0.0000069249
68  9  -0.0000762324  -0.0000385147   0.0000273370   0.0003493383  -0.0000456066
68 10  -0.0010625470   0.0008895583   0.0000896570   0.0002379425  -0.0000505769
68 11  -0.0001223740  -0.0002618547   0.0003135433  -0.0000044952   0.0000363455
68 12   0.0000676513   0.0000135450   0.0000090391  -0.0000220485  -0.0000058189
68 13   0.0002204622   0.0000699711   0.0000546004  -0.0002167544   0.0005048574
68 14   0.0000598397   0.1348383940   0.4168408871   0.1322441346  -0.0000290496
68 15  -0.0000015788  -0.0000180085
69  1   0.0000948740   0.0002444607   0.0001518885  -0.0004645259  -0.0002315718
69  2  -0.0007715832   0.0019862805   0.0112473584   0.0023650107  -0.0005702894
69  3  -0.0007517885   0.0011768854  -0.0001244604  -0.0004325509   0.0002926373
69  4  -0.0002748124  -0.0002627163   0.0001023088  -0.0000387242   0.0003388134
69  5   0.0004883694   0.0000402073   0.0000889553  -0.0000747420  -0.0000247112
69  6   0.0001611005  -0.0005904104  -0.0008304888   0.0011598106  -0.0016093409
69  7  -0.0676923071  -0.1449505243  -0.0609395916  -0.0000255762   0.0000519904
69  8  -0.0000777537  -0.0000681396   0.0000494641  -0.0000112119   0.0000088205
69  9   0.0000738101  -0.0000529073   0.0000779766   0.0002459562   0.0002972795
69 10  -0.0000724158   0.0011508893   0.0000712374   0.0004295795  -0.0002315749
69 11  -0.0006201005  -0.0001377204   0.0001509342  -0.0000496617   0.0000183179
69 12   0.0000538895  -0.0000016797  -0.0000175887   0.0000088642  -0.0000001527
69 13  -0.0001119309   0.0000003519   0.0002204984   0.0009327696  -0.0004206501
69 14  -0.0000374299   0.0668564574   0.1322441346   0.0596386251   0.0000084077
69 15   0.0000105934   0.0000318249
70  1  -0.0110185643  -0.0016961880   0.0084789218  -0.0003880583  -0.0026295058
70  2  -0.0026696302  -0.0007426700   0.0003379843   0.0006205475   0.0000485955
70  3  -0.0002061972  -0.0002192602  -0.0000058135  -0.0000172323   0.0000175977
70  4  -0.0001398746  -0.0000597302   0.0001659649   0.0007005788  -0.0000689078
70  5  -0.0001341264   0.0000638492   0.0000235329  -0.0001517893   0.0000301763
70  6   0.0000408697  -0.0000255950  -0.0000612759   0.0000153485   0.0000574936
70  7   0.0000697922   0.0001525089  -0.0000545073  -0.3517461583  -0.1769800481
70  8   0.1557631186   0.0014170621   0.0008804918   0.0006573250   0.0005737254
70  9   0.0012286809   0.0007926269   0.0004167226   0.0002444145  -0.0003282153
70 10  -0.0000632139  -0.0000616022  -0.0001012563   0.0000129157   0.0000110366
70 11   0.0000054743   0.0000138081   0.0000234639  -0.0000087676  -0.0000037774
70 12   0.0000062732  -0.0000085327   0.0000067929  -0.0000122525   0.0000400519
70 13  -0.0000072695  -0.0000180964   0.0000029141  -0.0000034239  -0.0000266495
70 14  -0.0000186707   0.0000449965  -0.0000290496   0.0000084077   0.3607810843
70 15   0.1788408544  -0.1628900930
71  1  -0.0278300267  -0.0143837832   0.0131957081  -0.0008668621  -0.0049421384
71  2  -0.0041395609  -0.0017891604   0.0002780659   0.0006218230   0.0002213136
71  3  -0.0002761644  -0.0002977406   0.0000857486  -0.0000045405  -0.0000699631
71  4  -0.0004195633  -0.0000461330   0.0001371431   0.0008906216   0.0003609771
71  5   0.0000365649   0.0001423298  -0.0000418266  -0.0000926541   0.0000460487
71  6  -0.0000056805   0.0000294801  -0.0000911722  -0.0001341915   0.0000661697
71  7   0.0003969743   0.0001359754  -0.0000232666  -0.1504347095  -0.0913703435
71  8   0.0464211251   0.0000541621  -0.0000710245   0.0010702884   0.0003647489
71  9   0.0018818454  -0.0003501966   0.0004790370   0.0001191915  -0.0003137503
71 10  -0.0000182176  -0.0000043600  -0.0000263335  -0.0000093723  -0.0000074689
71 11   0.0000241236   0.0000174227   0.0000245603   0.0000053461   0.0000748499
71 12  -0.0000004897   0.0000076789  -0.0001028746   0.0000750299   0.0000414928
71 13  -0.0000180968  -0.0000001841  -0.0000060836  -0.0000517307  -0.0000376787
71 14  -0.0000362833   0.0000176743  -0.0000015788   0.0000105934   0.1788408544
71 15   0.1084519407  -0.0563117044
72  1  -0.0261437134  -0.0161338972   0.0059510005  -0.0007208307  -0.0030784927
72  2  -0.0034596855  -0.0010211363  -0.0004553511   0.0010293994   0.0000742243
72  3  -0.0002824595  -0.0001859359   0.0000357449  -0.0000382858   0.0000270223
72  4  -0.0001946667  -0.0000159717   0.0000484631   0.0002065912   0.0002502887
72  5   0.0000567337   0.0001215096   0.0000044967  -0.0000827870   0.0000075945
72  6   0.0000456881  -0.0000518050  -0.0001467397  -0.0000575120   0.0000259147
72  7  -0.0000265787   0.0000833587  -0.0000879723   0.1911069079   0.0764376129
72  8  -0.1120133565   0.0005300497  -0.0003561603   0.0001839498  -0.0008876654
72  9  -0.0000863374   0.0002668321   0.0000515100  -0.0001587595   0.0004585101
72 10   0.0000312191   0.0001564003   0.0000159235   0.0000128475  -0.0000005428
72 11   0.0000039479   0.0000019946   0.0000259632  -0.0000098402  -0.0000169342
72 12   0.0000086144   0.0000096973  -0.0001021133   0.0000375430   0.0000636096
72 13   0.0000008426  -0.0000186143   0.0000189865  -0.0000162259  -0.0000378690
72 14  -0.0000219132  -0.0000143388  -0.0000180085   0.0000318249  -0.1628900930
72 15  -0.0563117044   0.1077214805
$end
