$dipgrad          cartesian dipole gradients
  -.10737005589111D+01  -.13506175600586D+00  -.18373297751599D-01
  -.22050078617081D+00  -.23434763679643D+00  0.27105222031686D-01
  -.20409186691193D+00  -.27932843883107D-01  -.18948251062751D+00
  0.10004677522724D+01  0.80242563907950D-02  -.23680363066233D+00
  -.38719241099915D+00  0.10118757451351D+00  0.16777101356971D+00
  -.88911962771361D+00  0.65857945148195D-01  0.40696826708307D+00
  -.12685884914150D+01  -.21001838092999D+00  -.15507737029028D+00
  0.21344081896966D+00  -.33622294062799D+00  -.38535606832154D+00
  0.75398505595517D+00  -.25129105318813D+00  -.75417188371692D+00
  0.15312241657332D+01  -.11796307933367D+00  -.44768430140572D+00
  0.64620924647911D-01  0.73226472160850D+00  0.71333516136355D+00
  -.23492017042668D+00  0.75440048164045D+00  0.15312170862592D+01
  -.78811586961392D+00  0.15730898832445D+00  0.32708196177279D+00
  0.15445411528719D+00  -.65190504173131D+00  -.45728128055885D+00
  0.29385586264890D+00  -.43836611374373D+00  -.11439838145484D+01
  -.13241842729883D+01  0.20720262945066D+00  0.54093774784515D+00
  0.19298678755213D+00  -.47348700172591D+00  -.29497162573203D+00
  0.48087443089592D+00  -.28511110253672D+00  -.89615425185264D+00
  0.21748791415610D+01  0.46523586006191D-01  -.35094795012778D+00
  0.18854991763803D+00  0.45150655398340D+00  0.31476692566580D+00
  -.93100952352399D-01  0.36278052056228D+00  0.87112946594742D+00
  -.16357433968175D+01  0.15158313538714D-01  0.33173724732054D+00
  -.18918010434359D+00  -.41060005406574D+00  0.21380537630352D+00
  0.26580843421110D+00  0.13827330505449D+00  -.35381891069276D+00
  0.14406853201245D+01  -.11905987144403D-01  0.93317198743945D-01
  -.24649782798822D+00  0.29378371272049D+00  -.13870431097871D+00
  0.18239825342869D+00  -.21514732000539D+00  0.35416480499116D+00
  0.68778128169269D+00  -.29109508050549D+00  -.50883829500537D-01
  -.10357130588999D+00  0.89571631820376D+00  -.49132390781726D-01
  -.35412916632165D+00  -.10381975304269D+00  0.10442964297156D+01
  0.58886308903274D+00  0.21256484861833D+00  -.26653137647629D+00
  -.42305384727130D-01  0.27101911848160D+00  -.47845600523316D-01
  -.24434718073276D+00  -.85410508876334D-01  0.30701409238841D+00
  0.91789822937466D+00  -.21998848289559D-01  0.63673168782927D-01
  0.61631540469578D-01  0.23245659974227D+00  0.16716886677941D-01
  -.58818554409960D-01  0.68847035744093D-01  0.23732603089652D+00
  -.13805817208972D+01  0.38699992374797D-01  -.75471216924598D-01
  0.38430629175906D-01  -.45922905830652D+00  0.15579541625489D+00
  -.34989442913436D+00  0.10073621983644D+00  -.44556266393354D+00
  0.24510497718047D+00  0.22959356944357D-01  0.88229212359242D-01
  0.54284918866492D-01  0.21189801519306D+00  0.38966081479047D-02
  0.78951482399857D-01  0.13640886578430D-01  0.66607493979593D+00
  -.53311281850166D+00  -.46953275742490D-01  -.74695992047922D-02
  -.16942414214179D-01  -.43508558998688D+00  -.66850008746730D-01
  -.18029106591865D-01  -.58270975152625D-01  -.84598898336794D+00
  -.88133246962316D+00  -.97049855577129D-01  0.20121548941737D+00
  -.64989641995325D-01  -.48555887828380D+00  0.10407882379032D+00
  0.29755120759027D+00  0.15428009515033D+00  -.53481327814875D+00
  -.53317293779737D+00  0.25112696203199D+00  0.85119084037861D-01
  0.21328586092482D+00  -.66881564351280D+00  -.94924817056154D-01
  0.15044487550439D+00  -.10580437709888D+00  -.32976778818512D+00
  -.31475659884421D+00  0.20149840715313D-01  0.13963075980547D-01
  -.16714765503279D-01  -.32945448436231D+00  0.14324405836986D+00
  0.11099155162661D+00  0.16239702261336D+00  -.82423433178118D+00
  0.21479575136648D-01  0.15057122014212D-02  0.36025619042476D-01
  0.99224887114540D-02  0.11645949468652D+00  -.82245156488140D-01
  0.39206957694843D-01  -.89301313208464D-01  -.42364736144596D-02
  0.83487054659125D-01  -.32359447435376D-01  -.49860274021141D-01
  -.35853426202705D-01  0.91903482730132D-01  -.32004964444823D-01
  -.49945538121377D-01  -.40306614369537D-01  0.56058670729586D-01
  0.21730084864837D+00  -.24634064164418D-01  -.35389328367922D-01
  0.19584535460234D-01  0.24123106546265D+00  -.89609694838068D-01
  -.92429510571788D-01  -.69066145549771D-01  0.22786726618441D+00
  0.23842324964284D+00  0.27198892897530D-01  0.39924343370308D-01
  0.84528783261204D-01  0.27252142044341D+00  -.65093362914645D-01
  0.34951023295104D-01  -.55405199124020D-01  0.18630293780594D+00
  0.11548035110281D+00  0.37555187781969D-03  0.92788542612698D-02
  0.48719486709127D-01  0.48415220096922D-01  0.16607602748345D-01
  0.59181202450016D-01  0.57015172089013D-01  0.37593176079353D-01
  0.17165748794260D-01  0.59042897538784D-02  0.18473703924573D-01
  0.28397870770761D-01  -.21965955789465D-01  -.56031809698375D-01
  0.80457119236733D-02  -.44929047425311D-01  -.17501441024672D-01
  -.59194825816631D-01  0.13947721444578D-01  -.32482238489949D-01
  0.52578591799456D-02  0.36628721432324D-01  -.90307123457261D-02
  -.84573485439400D-01  0.79621569464947D-02  -.94420851195454D-01
  0.65712554871539D-01  -.56249656173717D-01  0.66733070769098D-02
  0.45764674994355D-02  -.11067987255256D+00  0.72175859023205D-01
  0.11108950183573D-01  0.24112305579824D-01  -.28278747318991D-01
  -.16626343482156D+00  -.90800808666812D-02  -.70851898599853D-01
  -.48830618343068D-01  0.53934897303326D-01  -.20767872694055D-01
  -.89070199429994D-02  -.18165371885867D-01  -.22715038342766D-01
  0.30273259014993D+00  0.50999137444008D-01  -.17664546056371D-01
  0.51256709175567D-01  0.20369378549280D+00  -.44347139715516D-02
  -.34659322349375D-01  0.30385830823104D-01  0.28112439976989D+00
  0.31006146606973D+00  -.25280567846158D-01  -.40159156056735D-01
  -.61351027922156D-01  0.36273145564738D+00  -.55014563852208D-01
  -.50389068787812D-01  -.52361238676179D-01  0.27799340070473D+00
$end
