$vibrational normal modes
 1  1   0.0789438243   0.0176134042   0.1144696746   0.1153949332  -0.1270728808
 1  2   0.1054655426  -0.0109524108   0.0076470937   0.0271475271  -0.0141368081
 1  3   0.1069564609  -0.0306169425  -0.0552484381   0.0170159454  -0.2145543299
 1  4  -0.0438554573  -0.0258376137  -0.0150239555   0.0516356481  -0.0169000945
 1  5   0.0411940142   0.0840740230   0.0464510188  -0.0112964375  -0.0036029257
 1  6   0.1401832880  -0.0096597038   0.2130224316   0.0107018151   0.0128858443
 1  7   0.0154045883   0.0424896259   0.0186503768  -0.0283687238  -0.0292287274
 1  8  -0.0052532410   0.1608107356   0.0112432604   0.0038355366   0.0169856524
 1  9   0.0264226180   0.0020759101   0.0141850331   0.0153926875   0.0221078051
 1 10   0.0093416522   0.0063717054   0.0020795635   0.0036529416  -0.0000815050
 1 11   0.0000698478
 2  1   0.0337096835   0.0654993464   0.2000034950  -0.1635123186   0.1499400780
 2  2   0.1047874667  -0.1562941824  -0.1437591184  -0.1198068747   0.1058907288
 2  3   0.0241464507  -0.2155678110  -0.0082626165  -0.0798845035   0.0002101490
 2  4   0.0021436853  -0.0142223485   0.0267214596  -0.0417178517   0.0024131254
 2  5   0.0160081147   0.0725799045  -0.0260721934  -0.0336601541  -0.0255166964
 2  6   0.0252437946  -0.1425342965  -0.0619897569  -0.0212276559  -0.0931251030
 2  7  -0.0232339381  -0.0707471629   0.0435670905  -0.0327115735  -0.0430668419
 2  8   0.0147435009  -0.0044669795  -0.0232694582  -0.0066557441  -0.0114881671
 2  9  -0.0234535436  -0.0129728032  -0.0002466167   0.0128571199   0.0046384939
 2 10   0.0033002363   0.0217956527   0.0701339085   0.0523150229   0.0001024877
 2 11  -0.0000325652
 3  1  -0.1184841720   0.0215187531  -0.0542863129  -0.1283964888  -0.0551439448
 3  2   0.1403501157  -0.0682259366  -0.0773343577   0.0775263236  -0.1284814279
 3  3   0.1510399983   0.0601860204   0.1298885442  -0.0995421922   0.0914997239
 3  4   0.0179639210  -0.0884154656   0.0158465720  -0.0185025454   0.0139247316
 3  5   0.0881321563  -0.0592892776   0.0022171173  -0.0582451427  -0.0707344820
 3  6  -0.1280661497  -0.1220586686   0.1493684812  -0.0241065945   0.0345640350
 3  7  -0.0295697354  -0.0028295866  -0.0445847733  -0.0453417344  -0.0214293193
 3  8  -0.0427524123   0.0520172590   0.0370481910   0.0024514152  -0.0347525913
 3  9  -0.0625303739   0.0043562637   0.0078101472  -0.0345092698  -0.0494059800
 3 10  -0.0203420258  -0.0130438996   0.0036614891  -0.0029637217  -0.0000773944
 3 11  -0.0000144488
 4  1  -0.0263748990   0.0525246045   0.1330515295   0.1495255555  -0.0735340447
 4  2   0.0957657905  -0.0144419960  -0.0514018954   0.0287889923  -0.1068770913
 4  3  -0.0243465107  -0.0410359425   0.0504672866   0.0107186162  -0.0412473657
 4  4  -0.0282787342  -0.1053740754  -0.0751942571  -0.0767268007   0.0229909259
 4  5  -0.0045395923   0.0236742378   0.0268540115  -0.1351264723   0.2396163077
 4  6  -0.0293069093   0.1011849681  -0.0349271477  -0.0295946763  -0.0430788021
 4  7  -0.0060261822   0.0417234492  -0.0192679747  -0.0821572382  -0.0560984198
 4  8  -0.0953366193  -0.1020271746  -0.0245000558  -0.0050733485  -0.0402762786
 4  9   0.0297715119  -0.0312983498   0.0620660614  -0.0048012956  -0.0076983336
 4 10   0.0234013933   0.0033612963  -0.0035404491   0.0040701375  -0.0000552999
 4 11   0.0008321157
 5  1  -0.0117255561  -0.1131279036   0.1949598246  -0.1285282512  -0.0261498721
 5  2  -0.0700370275   0.0425585102  -0.0207224855  -0.2682321215  -0.1918615789
 5  3   0.0076195982  -0.0217195774  -0.0089485888  -0.1481714838  -0.0429980861
 5  4   0.0136013255   0.0115846342   0.0103568064   0.0134439317  -0.0007140773
 5  5   0.0567371449   0.0631680989  -0.1022308363   0.1099175794   0.0086165474
 5  6  -0.0717164195   0.1293348649   0.0153440325  -0.0068287592   0.0600653938
 5  7   0.0848664652   0.0001634428  -0.0358468039  -0.0244164391   0.0506939234
 5  8   0.0111907447   0.0111633691  -0.0117147029   0.0020537801   0.0180905869
 5  9  -0.0146253134  -0.0093035444   0.0206044645  -0.0024267579  -0.0027488924
 5 10  -0.0038491725  -0.0050388733  -0.0528133598   0.0757072800  -0.0000072337
 5 11   0.0001828271
 6  1  -0.0376357710   0.0301074867  -0.0661645837  -0.1582986690  -0.0598501250
 6  2   0.1789735432  -0.1084342945  -0.0596629727   0.1079030078  -0.0079168395
 6  3   0.2454596625   0.0234576015   0.0951109779  -0.0343160364   0.0051130053
 6  4   0.0407855373   0.0221947431   0.0467072703   0.0360082292   0.0133766585
 6  5  -0.0483498377  -0.0051126148   0.0202094396   0.1637158384   0.0533288111
 6  6   0.1157317158   0.0933487859  -0.1822183168   0.0412961895  -0.0163529631
 6  7   0.0320872569   0.0525278717   0.0023360169  -0.0382467132  -0.0362805535
 6  8   0.0029511312  -0.0257933632  -0.0047289114  -0.0043051681   0.0556752824
 6  9  -0.0379167389   0.0036481040  -0.0011034150   0.0107062508   0.0191188512
 6 10  -0.0584900970  -0.0077941922   0.0076794053  -0.0080049354   0.0000192260
 6 11  -0.0002131367
 7  1  -0.0052049876   0.0298612846   0.1291274715   0.1426689815  -0.0826324219
 7  2   0.0994554991   0.0022734045  -0.0271037752   0.0431822283  -0.0910394981
 7  3  -0.0645751101  -0.0590630491   0.0846607104   0.0686369124   0.0102897992
 7  4   0.0002679069  -0.0225265268  -0.0638210081  -0.0725267455   0.0282914742
 7  5  -0.1434619772  -0.0126490914  -0.0238686006   0.0424885528  -0.0417813011
 7  6  -0.0043825832  -0.0624184930  -0.0196018033   0.0426544328   0.0664733558
 7  7   0.0430388349  -0.0056508206  -0.0317879338  -0.0459297796   0.0132431639
 7  8   0.1652866309   0.0051854841   0.0049378324  -0.0025467798   0.0022523721
 7  9  -0.0034511713   0.2474111014  -0.4933209919   0.0001937238   0.0006176046
 7 10  -0.0003765056   0.0000187842  -0.0012685141   0.0014830321   0.0001779014
 7 11  -0.0028895830
 8  1  -0.0032597862  -0.2389209300   0.1941426746  -0.1353161080   0.0269391384
 8  2  -0.0168275973   0.0204180669   0.0408208892  -0.0094473218  -0.0678307530
 8  3   0.0196302461  -0.0028759020  -0.0226688099   0.1518837980   0.0540736195
 8  4  -0.0030472158  -0.0213628654   0.0206023073   0.0060836602  -0.0004630693
 8  5   0.0810234764  -0.0209257615   0.0179219583   0.0754178942  -0.0693467176
 8  6   0.0353955512   0.0537797417   0.0185176277  -0.0461033895  -0.0856934792
 8  7  -0.0589951042   0.0140713575   0.0389615202   0.0480865729  -0.0283239088
 8  8  -0.2035628424  -0.0090810817  -0.0054194339   0.0010793452  -0.0130730628
 8  9   0.0074131058   0.1940608460  -0.3852218501  -0.0002642628  -0.0004724879
 8 10  -0.0001607539  -0.0000939593  -0.0012187749   0.0023746189  -0.0000576994
 8 11   0.0015320589
 9  1   0.0789961638   0.0000953971  -0.0883945788  -0.1927862921  -0.1560691908
 9  2   0.1572656016   0.0021871936   0.0320045889  -0.0149936996   0.0281553200
 9  3   0.0574179162   0.0141709300   0.0043795735   0.0065786819  -0.0651698291
 9  4   0.0234230887   0.1493052875  -0.0412754717   0.0137734168  -0.0112003872
 9  5  -0.2726125430   0.0471040986  -0.0864670411  -0.1178662612   0.0277888421
 9  6  -0.1113397549   0.0504784832   0.0767859002  -0.0741113287  -0.0359031265
 9  7  -0.0110259637  -0.0477508901   0.0313666900   0.0444498120  -0.0052907081
 9  8  -0.0675921095   0.0068791949   0.0037829227   0.0013317661   0.0067002233
 9  9  -0.0049559405   0.0301360769  -0.0650237920  -0.0001695467  -0.0004186984
 9 10  -0.0005771862  -0.0000737654   0.0003123703   0.0002737912  -0.0000335295
 9 11   0.0008929776
10  1  -0.0186012611   0.1125295709   0.1324357925   0.1469905307  -0.0841390301
10  2   0.0895220103   0.0402819978  -0.0744754329  -0.0880343486  -0.1690162794
10  3  -0.0145972543  -0.0807170053   0.1029449127   0.1987228795   0.0895836756
10  4   0.0350552096   0.0868034103   0.0306942909   0.0260855233  -0.0056791429
10  5  -0.0316768612  -0.0230606264  -0.0001073148   0.0410033985  -0.0728881715
10  6   0.0142338482  -0.0167181213   0.0013175049  -0.0059978626  -0.0327087790
10  7  -0.0505476878   0.0142635470  -0.0111711974   0.0141017357   0.0192236264
10  8   0.0021729292   0.0089348655   0.0018494468   0.0018906097   0.0048721234
10  9  -0.0024033634  -0.1448693568   0.2894029111  -0.0000846978  -0.0002729198
10 10  -0.0001487416  -0.0000779841   0.0003880101  -0.0005991162  -0.0000273543
10 11  -0.0001463194
11  1  -0.0095011113  -0.3359288213   0.1926494385  -0.1306331708   0.0119885543
11  2  -0.0314420713  -0.1007176424   0.0779867273   0.1380752876   0.0112734787
11  3  -0.0030625755   0.0226255525  -0.0332677163   0.0244639891  -0.0358153007
11  4  -0.0274964769  -0.0845260880  -0.0817534863  -0.0862921445   0.0317869097
11  5  -0.1302134731  -0.0064977878  -0.0280320997   0.0614129983  -0.0602073833
11  6  -0.0010024698  -0.0029459025   0.0011140281  -0.0072261410  -0.0263050011
11  7  -0.0439505836   0.0137745828  -0.0238411906  -0.0024306749   0.0256081439
11  8   0.0580102771   0.0092049268   0.0029780025   0.0012444102   0.0061761205
11  9  -0.0032766626  -0.1322440249   0.2637122783   0.0000078167  -0.0000500380
11 10   0.0000391452   0.0000152280   0.0004263305  -0.0008027777   0.0000198525
11 11  -0.0008028618
12  1   0.1813265413   0.0533828805  -0.0983328528  -0.2392859114  -0.0725654011
12  2   0.2836040641   0.4110110191   0.0936388692  -0.0651831183   0.0408810226
12  3  -0.1095804939  -0.0069806598  -0.0147798714   0.0077835660   0.0080314260
12  4  -0.0181118333  -0.0644860457  -0.0357758600  -0.0537531952   0.0153529580
12  5   0.0617245046  -0.0152861747   0.0153308521   0.0494387918  -0.0188983551
12  6   0.0244660811  -0.0021609263  -0.0159773944   0.0084142690  -0.0055989931
12  7  -0.0103846066   0.0123181399  -0.0085699426  -0.0069386318   0.0043822007
12  8   0.0153119220  -0.0008907662  -0.0006714895  -0.0000064475   0.0010133398
12  9  -0.0000438817  -0.0249895115   0.0508897508   0.0000772703   0.0001396815
12 10  -0.0000960937  -0.0000105846   0.0001240101  -0.0002761500   0.0000073930
12 11  -0.0002498483
13  1   0.0318491484  -0.0975440837   0.1211995070   0.1306899610  -0.0892298935
13  2   0.1156709430  -0.0205891323   0.0558820996   0.2229000170   0.0289181967
13  3  -0.2063508702  -0.0555357873   0.1265211168  -0.1769183150   0.0165269033
13  4   0.0321058730   0.0629403348   0.0446769123   0.0377100844  -0.0094386778
13  5   0.0372397484   0.0082874687  -0.0190300796   0.0525166418  -0.0382787141
13  6   0.0014827168   0.0112327756   0.0043019395   0.0025547920   0.0173492688
13  7   0.0341413403  -0.0142200853   0.0261230811   0.0184202999  -0.0152153689
13  8  -0.0760734526  -0.0029679259  -0.0025819706   0.0002151671  -0.0018578344
13  9   0.0010109538  -0.0202649292   0.0396424203  -0.0000853674  -0.0001034124
13 10   0.0000528285  -0.0000992416  -0.0001620508   0.0000968116   0.0022209155
13 11  -0.0602858127
14  1   0.0126940680  -0.2321668799   0.1952955384  -0.1476949892   0.0959050507
14  2   0.0518192957   0.1466586465   0.0540183750   0.0600165155  -0.0467295457
14  3   0.0398630927   0.0099255046  -0.0122563968   0.0881992722   0.0292108072
14  4   0.0159641058   0.0630647313   0.0599827182   0.0764194360  -0.0268229203
14  5   0.0178645502  -0.0092326873   0.0549246715  -0.1607335534   0.1155328181
14  6   0.0018117845  -0.0963905444  -0.0399880165   0.0715179178   0.1000813678
14  7   0.0760773929  -0.0183171556   0.0062962632  -0.0074266051  -0.0033361643
14  8   0.0237564460  -0.0028227939  -0.0000377478  -0.0005150504   0.0015764453
14  9  -0.0008662488  -0.0169750199   0.0350645026   0.0000586277   0.0001126245
14 10   0.0002436031   0.0000870585   0.0000920187  -0.0004093186  -0.0001560437
14 11   0.0044814669
15  1   0.0568384262  -0.0964587244  -0.0964568128  -0.1653760148  -0.3534559077
15  2  -0.0253287152  -0.3669358939   0.0480377931  -0.1011590315   0.0383080518
15  3  -0.0953378843  -0.0162789161  -0.0048026580   0.0693284088   0.0262840966
15  4   0.0021633541   0.0368301123  -0.0320515191  -0.0366952946  -0.0017926543
15  5   0.1196362922  -0.0205369052   0.0412016514  -0.0305882060   0.0354457106
15  6   0.0191798322  -0.0354382780  -0.0247840187   0.0298518880   0.0304162037
15  7   0.0193531841   0.0017459000  -0.0028494892  -0.0068944668   0.0005588363
15  8   0.0151717639  -0.0018615069  -0.0003618382  -0.0001759752  -0.0007649845
15  9   0.0001639193  -0.0031691246   0.0063828655   0.0000906181   0.0001329725
15 10   0.0001423268   0.0000420058  -0.0000804038  -0.0001807041  -0.0003291916
15 11   0.0089756414
16  1   0.0611593410   0.0541059057   0.1179769944   0.1211506118  -0.1212850137
16  2   0.1004248837  -0.0135005283   0.0020417178   0.0494772292  -0.0286194698
16  3   0.0596804871   0.0570529323  -0.1451361661   0.0167477942  -0.1634217781
16  4  -0.0566501394  -0.0142438066   0.0203795222   0.0411143526  -0.0407162014
16  5   0.0778491625   0.0148360233  -0.0021890917  -0.0520586210  -0.1457082298
16  6  -0.0796870926  -0.0188378366  -0.2026049781  -0.0207346059  -0.0371592810
16  7   0.0172374736  -0.0595145340  -0.0740442703   0.0150426470   0.0056025029
16  8  -0.0128893912  -0.0558940926   0.1604336252   0.0314347337   0.0020004336
16  9   0.0019326428   0.0033371116  -0.0017134680   0.0299500309  -0.0174390243
16 10   0.0028263096  -0.0198347656   0.0016074079   0.0002298119  -0.0000083140
16 11  -0.0000224642
17  1   0.0266646871   0.1941318645   0.2009480312  -0.1578230751   0.1027075408
17  2   0.0574010880  -0.1356676378  -0.1275698739  -0.0142380176   0.0293718480
17  3  -0.1009932850   0.1106232708   0.0005659444  -0.0017791932  -0.0054390437
17  4  -0.0113593683   0.0268882709   0.1168155330  -0.1146969472  -0.0094154435
17  5  -0.0512208391   0.0427335094   0.1863596397  -0.0248215992  -0.0611492333
17  6  -0.0182003294   0.1221525549   0.0602574867   0.0401878636   0.0829049624
17  7  -0.0208066314   0.0248394347  -0.0053701644   0.0291402301  -0.0119625217
17  8   0.0091105073  -0.0131557492   0.0640363003  -0.0631420460   0.0022124866
17  9   0.0025132336   0.0406676089   0.0215040281  -0.0360859557   0.0343834065
17 10   0.0125013663  -0.0532597266   0.0155631517   0.0075408301  -0.0006894105
17 11  -0.0000125015
18  1  -0.2298018698   0.0623724060  -0.0316023583  -0.0979706863   0.0624409051
18  2   0.1833625710  -0.1169376787  -0.1459360996   0.0592897641  -0.1113829398
18  3  -0.1013992841   0.0470266944  -0.1580558935  -0.0156725136   0.0576423899
18  4  -0.0325603859  -0.0164692118  -0.0827761251   0.0515423522  -0.0625252369
18  5   0.0254667379  -0.0241423027  -0.1311505926  -0.1353849498  -0.0837477453
18  6   0.1180862794   0.0901850761  -0.0021245964   0.0339618907   0.0284426194
18  7  -0.0100946246  -0.0035508622   0.0393791027   0.0144526314   0.0154771683
18  8   0.0276711083  -0.0062796270  -0.0991173359   0.0378486119  -0.0053045788
18  9  -0.0084948464  -0.0265150371  -0.0167641008   0.0331627944  -0.0120363509
18 10   0.0117990955  -0.0652722256   0.0110785184   0.0045485749   0.0006228081
18 11   0.0000225957
19  1  -0.0176681793  -0.0285600387   0.1305709594   0.1467237419  -0.0696465972
19  2   0.1052641349   0.0021603853   0.0086039593  -0.0661102475   0.0865988580
19  3   0.0542564820   0.0435389986  -0.1260129952  -0.0380929934   0.0673152414
19  4  -0.0570899285   0.0270476472   0.0626180706  -0.0496394216  -0.0330772213
19  5  -0.0157609147  -0.0365686916  -0.0003385445   0.0536991283   0.0373743581
19  6  -0.0095397030  -0.0579664854  -0.0478030260  -0.1674932144   0.1061496777
19  7  -0.0041153914   0.0398174100  -0.0875566093   0.0780439550  -0.0846964012
19  8   0.0151540394   0.0233132402  -0.1611449320   0.0170572135  -0.0037801714
19  9  -0.0055456880   0.1670227367   0.0885508449   0.0010502353  -0.0013440810
19 10  -0.0002523737  -0.0002003255  -0.0004805250  -0.0005284115   0.0024741856
19 11   0.0000433528
20  1  -0.0065583193   0.1965518862   0.1987293255  -0.1320168305  -0.0430115898
20  2  -0.0876906162   0.0148128642  -0.0195236844   0.0332486918   0.0498855094
20  3  -0.0218995725   0.0704910902   0.0845244632   0.0150558412  -0.0365904318
20  4  -0.1210414706   0.0221820656   0.0243651627  -0.0022297947  -0.0661623997
20  5   0.0018735348  -0.0754756752  -0.0829010402   0.0636853702   0.0737533606
20  6  -0.0047441938  -0.0635613168   0.0217349374  -0.0285699804  -0.0308062565
20  7   0.0255798319   0.0334252051  -0.0002956575   0.0127065936  -0.0015898680
20  8   0.0028685771   0.0006025474  -0.0096628092   0.0088748073   0.0040036597
20  9   0.0036822576  -0.5371844834  -0.2728246027  -0.0013838771   0.0006291775
20 10   0.0000572836  -0.0006352256   0.0006737180   0.0006938640   0.0012435156
20 11   0.0000452717
21  1  -0.3254120045  -0.0004743057  -0.0238856868  -0.0518610498  -0.0431210091
21  2   0.0414758724   0.0464314278  -0.0316706281   0.0133134697  -0.0015892772
21  3  -0.0372179844  -0.0255901993  -0.0601534269  -0.0165450662   0.0650087746
21  4  -0.1588289875   0.0416992932  -0.0366192616   0.0234105257  -0.1062833563
21  5  -0.0362390896   0.0270636262   0.0762699398   0.1387120028   0.0824566303
21  6  -0.0591788933  -0.0783105205   0.0529820032   0.0265015747  -0.1028432203
21  7   0.0485478373   0.0370331935   0.0492518675  -0.0131576259   0.0455189575
21  8   0.0014626893  -0.0206786205   0.0721555525  -0.0091164540  -0.0013038219
21  9   0.0018069575   0.2766529454   0.1387921430   0.0009112653   0.0002499320
21 10   0.0004013533  -0.0012080383  -0.0000711202  -0.0001416181  -0.0018191105
21 11  -0.0000505817
22  1  -0.0581988773  -0.1238479313   0.1364089227   0.1598860084  -0.0374841262
22  2   0.1136223972   0.0258977832  -0.1179633790  -0.1561469547   0.1942207305
22  3   0.0262788368   0.1321491839   0.0651285949  -0.0165091904   0.1244632362
22  4   0.0355845823  -0.0227390757  -0.1379006698   0.0900694761   0.0084191790
22  5  -0.0015724917   0.0635884409   0.0526691773  -0.0031695074  -0.0249774339
22  6  -0.0100584082   0.0055016459  -0.0142110938  -0.0051805666   0.0167226054
22  7  -0.0100591308   0.0041312029   0.0339132640  -0.0229242726   0.0207228794
22  8  -0.0029180243  -0.0026639496   0.0296154234  -0.0005841586   0.0014472257
22  9   0.0017358302  -0.1327029312  -0.0685473317  -0.0004575961   0.0002254229
22 10   0.0002229748  -0.0000098005   0.0001581903   0.0003928212  -0.0006916690
22 11  -0.0000062513
23  1  -0.0238866329   0.1182414840   0.1966932611  -0.1186916848  -0.1088713027
23  2  -0.1530448976   0.1156217484  -0.1704160532   0.0196977284   0.1237359186
23  3  -0.0125314889   0.0736930081   0.1422172408   0.0314584247  -0.0603599996
23  4   0.0153086904  -0.0167458480  -0.0207423940   0.0327603279   0.0280374430
23  5   0.0280707559  -0.0500242620  -0.1130492423  -0.0426476697   0.0050853255
23  6   0.0467252646   0.0059715527   0.0164077996   0.0381381849  -0.0461961029
23  7   0.0163902868  -0.0267857193  -0.0392939600   0.0188926748  -0.0117410795
23  8   0.0021843484  -0.0023897305  -0.0133919935  -0.0082615978  -0.0039211713
23  9  -0.0032866635   0.3341170181   0.1694832062   0.0007420559  -0.0004529548
23 10   0.0001179770  -0.0000874311  -0.0003694276  -0.0002496288   0.0005242078
23 11   0.0000208784
24  1  -0.3255561412  -0.0811144865  -0.0335511563  -0.0353617406  -0.2131574805
24  2  -0.1058134176   0.2413668455  -0.2394704360   0.0660896986   0.0606137722
24  3   0.0092884654  -0.0975493606  -0.1155226650  -0.0037098208  -0.0330290251
24  4   0.0498262725   0.0084927410   0.0711690565  -0.0488900360   0.0589618908
24  5  -0.0043740851   0.0173043123   0.0468435881  -0.0225209440  -0.0299273794
24  6  -0.0123481152   0.0236940469  -0.0147734061  -0.0106115115   0.0376300803
24  7  -0.0164171914   0.0028230719   0.0095345261  -0.0063542336  -0.0018149286
24  8  -0.0005121526   0.0041182543  -0.0034964063   0.0046367708   0.0021533585
24  9   0.0014618886  -0.1592656362  -0.0805957950  -0.0003155101   0.0001986110
24 10   0.0000720477  -0.0001433332   0.0000612841   0.0001229853  -0.0000527051
24 11  -0.0000044489
25  1  -0.0377602689   0.0165926303   0.1345807714   0.1532252498  -0.0635250230
25  2   0.0991329176  -0.0128717351   0.1753297439  -0.0640675825   0.0746739543
25  3   0.0793202513   0.0219167798  -0.1562954328  -0.0506583832   0.1045253972
25  4   0.0262470847   0.0176923142   0.0975496803  -0.0806554791   0.0484165409
25  5  -0.0094925943  -0.0854568311  -0.0806961335  -0.0256198717   0.0316430555
25  6   0.0132526194   0.0368328146   0.0840666236   0.1344989811  -0.0931561288
25  7   0.0182271618  -0.0175176335   0.0088879997  -0.0113497381   0.0156754978
25  8  -0.0015386273  -0.0035927010   0.0341996149  -0.0034366511   0.0000346769
25  9   0.0008910449  -0.0179253869  -0.0109472406  -0.0001969694   0.0002691112
25 10  -0.0000017576  -0.0000290557   0.0000330003   0.0000603245   0.0276773310
25 11   0.0010527618
26  1  -0.0146947954   0.3023064140   0.1993474158  -0.1255186522  -0.0921048554
26  2  -0.1368657033   0.0230055364   0.2642036305   0.1022617628  -0.0212512412
26  3   0.0462917139  -0.0381530546  -0.0975375140  -0.0342495485   0.1231226652
26  4   0.0286987462  -0.0074023030  -0.0835608661   0.0582041257   0.0459503087
26  5  -0.0004552411   0.0428380053   0.0284791126  -0.0109208176  -0.0182659369
26  6   0.0076746697  -0.0035803296  -0.0319511998  -0.0678981454   0.0667134263
26  7  -0.0229409356   0.0151751775   0.0469052363  -0.0261230732   0.0219920084
26  8  -0.0025149761  -0.0007534729   0.0144859719  -0.0034960689   0.0004790211
26  9   0.0003441586   0.0445194714   0.0230854739  -0.0001184464   0.0000619388
26 10  -0.0000066035   0.0000873774  -0.0001089016  -0.0001149199   0.0401651958
26 11   0.0014852339
27  1  -0.4158424483   0.0446763333  -0.0040208235  -0.0295843916   0.0776308452
27  2   0.0982612815  -0.0478743818   0.3255560230  -0.0962538066   0.0509333336
27  3  -0.0415587150   0.0035266198   0.1301882128   0.0456569289  -0.1298869782
27  4  -0.0124538887   0.0050376264   0.0174208071   0.0229793608   0.0790647871
27  5   0.0194556896   0.0178753830   0.0102908154  -0.0239168022  -0.0283257241
27  6  -0.0011358688   0.0073198827  -0.0210848925  -0.0036322103   0.0054458479
27  7  -0.0003950814  -0.0110829031  -0.0351326481   0.0181744066  -0.0214149546
27  8   0.0010388823   0.0028668821  -0.0231071030   0.0033583235  -0.0002432245
27  9  -0.0008590471  -0.0212444010  -0.0102716218   0.0001203724  -0.0001694783
27 10  -0.0000204440   0.0000844521   0.0000645384   0.0000336901  -0.0368408911
27 11  -0.0013731223
28  1   0.1050817384  -0.0877512039   0.1086901937   0.1069488731  -0.1300796060
28  2   0.1186268749  -0.0022146087   0.0222635768  -0.0384423012   0.0250687714
28  3   0.2337443859  -0.2415590938  -0.0763635933  -0.0099977975  -0.3317958284
28  4  -0.0114911446  -0.0527787332  -0.1395597074   0.2679824560  -0.0017785638
28  5   0.1545929248  -0.0527603364  -0.1223857052   0.3069455947   0.1622495461
28  6  -0.0921047326   0.0308580485   0.4334020894   0.2745572739   0.3901051731
28  7  -0.3422534490   0.0451031867   0.2074138565   0.4169909239  -0.2125345009
28  8   0.2951833178  -0.5817933674   0.1303752126  -0.0472989541  -0.1472703967
28  9  -0.2259457494  -0.0346826054  -0.0076551216  -0.0080431045  -0.0217422680
28 10  -0.0075766936   0.0096644684   0.0642940800   0.0403558947   0.0002757899
28 11  -0.0000445016
29  1   0.0450355103   0.0804419165   0.2009340039  -0.1722830441   0.1976061506
29  2   0.1522043405  -0.2018252550  -0.1723022432  -0.1024120471   0.1833915287
29  3   0.0420720940  -0.3217882582  -0.0322574473  -0.0593200747  -0.0370259428
29  4   0.0073941898  -0.0295993357  -0.0419575198   0.0448556476   0.0028905888
29  5   0.0053307576  -0.0998102393   0.0375854497  -0.0243333058  -0.0320577008
29  6  -0.0619453259  -0.0424081144  -0.0107371182  -0.0249120702  -0.0349919074
29  7   0.0012688297  -0.0299425618  -0.0071417174  -0.0409600523  -0.0086298706
29  8  -0.0227071166   0.0225031428   0.0077002049  -0.0122990426  -0.1244078599
29  9  -0.2068521061  -0.0326350109  -0.0074198741   0.1426921445   0.3350863924
29 10   0.1245236855  -0.1236178514  -0.7170998745  -0.4901653248  -0.0002606351
29 11  -0.0004905129
30  1  -0.1484586334  -0.0573859767  -0.0589798647  -0.1018646954  -0.2131001820
30  2  -0.0122345074   0.0872889378   0.0235853319  -0.0006457519  -0.3770394649
30  3   0.1326540510   0.3585686225   0.2036311473  -0.1679151293   0.1748267807
30  4   0.0086664348  -0.0426554183   0.1999509366  -0.2344769292   0.0144125407
30  5   0.1531963446   0.4563131902  -0.2531463612   0.0109718002  -0.0021733552
30  6   0.0803134734  -0.4191086496   0.0550468007   0.0617515728  -0.0415863487
30  7  -0.2177168611  -0.1486347869   0.1764712623   0.1029858620  -0.1944527244
30  8   0.1543235859  -0.2482234408  -0.0326641569   0.0101654719   0.3247803479
30  9   0.5137148472   0.0283929422   0.0106345851   0.0324981780   0.0882444094
30 10   0.0335023415  -0.0402442374  -0.2146193532  -0.1494467796  -0.0002959369
30 11  -0.0001691116
31  1   0.1480391116   0.0703624529   0.1031925434   0.0929841062  -0.1702403871
31  2   0.1034157921  -0.0207368832   0.0323765713   0.0843609004   0.0176922146
31  3   0.1919385476   0.0981092109   0.0089871509   0.0046665965  -0.2096964086
31  4  -0.0171659699   0.0064740879   0.1424242241  -0.0342484939   0.0125007392
31  5  -0.0165090189   0.1445747239   0.3430932505   0.1030159946  -0.0282928928
31  6   0.3807989417  -0.1385967156   0.3325816139  -0.1806208926  -0.0993290772
31  7   0.0991667229  -0.3774917158  -0.1010727587  -0.0562129761   0.5561537612
31  8  -0.0622279444  -0.4528873800  -0.4412277009   0.0114316058  -0.0881661120
31  9  -0.1088414394  -0.0688018567  -0.0741128770  -0.1753683120  -0.2364209417
31 10  -0.0969642680  -0.0874723964  -0.0856555240  -0.0836052694   0.0001436319
31 11  -0.0001291181
32  1   0.0629791026   0.0894826938   0.2022466033  -0.1862033524   0.2749892491
32  2   0.2292253978  -0.2813397597  -0.2153737032  -0.0867718025   0.3150224363
32  3   0.0683263033  -0.5135320514  -0.0961215130  -0.0244515943  -0.1209097930
32  4   0.0146621283  -0.0434148620  -0.1741982454   0.2216824468  -0.0039534607
32  5  -0.0050701486  -0.3845351303   0.0884587561   0.0333796912  -0.0288501372
32  6  -0.1955492010   0.1549129118   0.0707391464   0.0298028346   0.1206554161
32  7   0.0032767513   0.0537707523  -0.0588849926   0.0125785237   0.0137631153
32  8  -0.0230365197   0.0149624554   0.0291428560   0.0279706460   0.3120336408
32  9   0.5095551529   0.0643692574   0.0137998063  -0.2972291729  -0.3920836352
32 10  -0.1619173402  -0.1425983897  -0.1280761910  -0.1336922199  -0.0006659851
32 11   0.0002138681
33  1  -0.0642007633   0.0642015168  -0.0578263758  -0.1560036845   0.0195554826
33  2   0.2336912706  -0.1676197556  -0.1197737892   0.1288396020   0.0446715484
33  3   0.2225637116  -0.1035921680   0.0925347048  -0.0627991683   0.0054651654
33  4   0.0408120181  -0.0932235953  -0.0595140692   0.1382654037   0.0225972575
33  5   0.0427284473  -0.3704953893   0.2193837901   0.0444995643  -0.0838026219
33  6  -0.1775810126   0.0373306288   0.2999716977  -0.0782461296   0.1419666742
33  7   0.0262727371  -0.1050243304  -0.1804383242  -0.0230694040   0.2938487727
33  8  -0.1027540489  -0.2200192074  -0.1379183033   0.0379123746   0.1759571209
33  9   0.3000836762   0.0302210447  -0.0185323305   0.3796832656   0.5009352105
33 10   0.2084318795   0.1903023135   0.1797370428   0.1848866802   0.0003880619
33 11  -0.0001129387
34  1  -0.0574429335   0.1562763100   0.1396616378   0.1595701399  -0.0676758762
34  2   0.0825115142  -0.0337168328  -0.1203558146  -0.0864744286  -0.1705588486
34  3  -0.0415346919  -0.0622143479   0.1129698810  -0.3431242312  -0.1079483016
34  4  -0.0079589384  -0.1411158657  -0.1025730806  -0.1189087658   0.0512554443
34  5  -0.0776684427   0.0037001734   0.1009992728  -0.2143069962   0.4625883893
34  6   0.0729751819  -0.2617646797  -0.3987010117   0.2694125086   0.0512742273
34  7  -0.3866172691   0.0932569482  -0.0721168690   0.5211871262   0.4801974694
34  8  -0.2647098219   0.3113371310   0.0440665787   0.0405117148   0.2221882307
34  9  -0.1416961359   0.1278122865  -0.2153167534   0.0077812389   0.0133157374
34 10  -0.0594836751  -0.0121435084  -0.0535738923   0.0736979911   0.0000329774
34 11  -0.0003581335
35  1  -0.0251434733  -0.1297180831   0.1938697212  -0.1181355258  -0.0827625812
35  2  -0.1263569974   0.0865659304  -0.0047890802  -0.3532550683  -0.2890940142
35  3  -0.0153183815   0.0333087169  -0.0085490366  -0.3063422576  -0.1144445421
35  4   0.0285675445   0.0373289260  -0.0287692498   0.0507631432   0.0047315765
35  5  -0.0673611660  -0.0803581615   0.0581543055   0.0613465429  -0.0239441250
35  6   0.0571808516   0.0328613241  -0.0486521641   0.0092840969  -0.0101158499
35  7   0.0277859970   0.0221322125  -0.0054521015  -0.0347127045  -0.0120310641
35  8  -0.0251988638  -0.0236847995  -0.0134073085  -0.0010112602   0.2382563950
35  9  -0.1511463852   0.0262147221  -0.0406909797  -0.0681984559  -0.1333480239
35 10   0.5212210812   0.1161238210   0.4215077336  -0.6241349593  -0.0000432023
35 11  -0.0002277947
36  1  -0.0108085501   0.1076146943  -0.0611363742  -0.1834495701   0.0960469682
36  2   0.3281132820  -0.2333297016  -0.1246261550   0.3038393502   0.2376426188
36  3   0.3002293732  -0.1331071918   0.1152657323   0.2844799957   0.1813503705
36  4   0.0087889730  -0.0548370066   0.1447660931  -0.0772046554   0.0076929902
36  5   0.2561876854   0.3693223017  -0.3874048170   0.2794113904   0.1965962017
36  6  -0.1986498658   0.2276567345  -0.1362811884   0.0943673951   0.1956060793
36  7   0.0597014958   0.0009049885  -0.0922772176   0.1924321031   0.3181082269
36  8   0.0432289734   0.2174256854   0.0146306429   0.0120783646  -0.5000011920
36  9   0.3017383151  -0.0093625996  -0.0111726332  -0.0215759027  -0.0450039803
36 10   0.1772041063   0.0414410323   0.1519681606  -0.2293900627   0.0000370100
36 11  -0.0000322388
37  1  -0.0926069783  -0.0081136494   0.1437396763   0.1710102579  -0.0310842291
37  2   0.0988510493  -0.0085573306  -0.0465843371   0.1342432221  -0.1448082921
37  3  -0.0068632183  -0.0208682699   0.1157096756   0.1985014537   0.1470334494
37  4  -0.0313611506  -0.2745924093  -0.0296639572  -0.0994308173   0.0508479718
37  5   0.3034802766  -0.1007834152   0.1490771565   0.0065811453   0.3313247702
37  6  -0.1637184500   0.4266255330   0.0733478961  -0.3962635253  -0.1555377384
37  7   0.2310686107  -0.5126399442   0.3337340422   0.3148768969  -0.0469445718
37  8   0.3811091137   0.2411461529   0.0880264718  -0.0024114014   0.2041953125
37  9  -0.1230748724  -0.0842352770   0.0837542137   0.0463244885   0.0772211596
37 10  -0.2163581665  -0.0222173645   0.1059774997  -0.1346639839   0.0003378924
37 11  -0.0002052903
38  1  -0.0397860357  -0.1413007690   0.1927521534  -0.1067832175  -0.1453736740
38  2  -0.1886632365   0.1538402053   0.0134407715  -0.4579262688  -0.4086366979
38  3  -0.0628477685   0.0943921622  -0.0030056239  -0.4994379637  -0.1892295465
38  4   0.0460221072   0.0734420172  -0.0880223981   0.0734041132   0.0151848653
38  5  -0.2275322823  -0.2446371880   0.2327685807  -0.0366211970  -0.0561311917
38  6   0.1525665952  -0.1109070823  -0.1147899493   0.0122522583  -0.0776747708
38  7  -0.0610613568  -0.0159945792   0.0490153345   0.0388330171  -0.0369862953
38  8   0.0428943398   0.0382672809   0.0157474008  -0.0076202224  -0.4742539584
38  9   0.2965520794  -0.0241552466  -0.0039383088   0.1016915069   0.1700515501
38 10  -0.4832458614  -0.0529750885   0.2193589830  -0.2870622334   0.0002474731
38 11  -0.0021918290
39  1  -0.0888843981  -0.0190198631  -0.0638834080  -0.1304335622  -0.1489983536
39  2   0.0747257294  -0.0029392653  -0.0252403923  -0.0216622109  -0.2220634487
39  3   0.1860855214   0.1340337213   0.1260769537  -0.2726938375  -0.0480441135
39  4   0.0678852049   0.0077477417  -0.0231338272   0.0773249354   0.0386260702
39  5  -0.1723929307  -0.3270751148   0.3616235400   0.0887629049   0.0365724711
39  6   0.2496810595   0.0168995199  -0.2489317597  -0.0932996022  -0.1808517974
39  7   0.0003128111  -0.1903469593   0.2217993121   0.1835419104  -0.1088737570
39  8   0.2348016206   0.1422333862   0.0679779976  -0.0124276809  -0.3000436480
39  9   0.1841541963  -0.0417034973   0.0107009497  -0.1097617658  -0.1830608483
39 10   0.5256760698   0.0565731085  -0.2513676884   0.3309060567   0.0000626239
39 11   0.0014591686
40  1   0.0432631945  -0.1036756034   0.1191573192   0.1269916065  -0.0947826105
40  2   0.1169832840  -0.0002965022   0.0672680120   0.2173321267   0.0341753227
40  3  -0.2411378838  -0.0597233471   0.1277698281  -0.1971974684   0.0415789666
40  4   0.0284277444  -0.0136996644   0.1558005590   0.1414399673  -0.0226780319
40  5  -0.0191867269   0.0256148453  -0.0274542431   0.0338940930  -0.0209336892
40  6  -0.0081785632   0.0522436373   0.0182010934  -0.0366411527  -0.0463699801
40  7  -0.0361422017   0.0105817962  -0.0100821239  -0.0044037929   0.0038075562
40  8   0.0137471952   0.0017857967   0.0008148842   0.0000807325  -0.0005062753
40  9   0.0002833013   0.0108863904  -0.0215331225   0.0007731280   0.0007749021
40 10  -0.0020723788  -0.0002830151   0.0004460263  -0.0016418980  -0.0364644295
40 11   0.9835525940
41  1   0.0171771850  -0.3163153426   0.1946691582  -0.1513192490   0.1262539522
41  2   0.0822712285   0.1166901957   0.0939786742   0.2403355679   0.0427716017
41  3   0.0130784871   0.0226667692   0.0511863147  -0.1878076810  -0.0194474863
41  4   0.0997017794   0.4993420989   0.0088657419   0.0767734855  -0.0889007754
41  5   0.5145464526   0.0193732450   0.0789737816  -0.2286228754   0.2261832536
41  6  -0.0523055470   0.2771730235   0.0935637666  -0.2733700233  -0.4505970856
41  7  -0.4971897068   0.1786594629  -0.2616413285  -0.1748121968   0.1321295738
41  8   0.6369263822   0.0257926369   0.0205359398  -0.0013710412   0.0149820146
41  9  -0.0071966148   0.2031606108  -0.4038690418   0.0003523070   0.0004529850
41 10  -0.0003867642   0.0000096140  -0.0002895656  -0.0005003663   0.0027618380
41 11  -0.0756140152
42  1   0.1359208364  -0.1096441430  -0.1106691315  -0.1902217736  -0.4035871939
42  2  -0.0269658274  -0.2124352406   0.1138431154  -0.2062973450   0.0434577179
42  3  -0.3264381878  -0.0495779000  -0.0242488407   0.0418743479   0.2187741120
42  4  -0.0591254107  -0.6757867283   0.7587200463   0.6828157292  -0.0684095119
42  5  -0.4722019390   0.0908962924  -0.0304487029  -0.1295832305   0.1077379263
42  6  -0.0259923537   0.0886378026   0.0174077542  -0.0801004970  -0.1417314854
42  7  -0.1630943124   0.0638825008  -0.0853059757  -0.0555377694   0.0416001020
42  8   0.2059357388   0.0074207197   0.0086002514  -0.0004660225  -0.0009449912
42  9   0.0021448567   0.0685212139  -0.1313277376  -0.0002809372  -0.0002156021
42 10   0.0003225903  -0.0001859315  -0.0009888766  -0.0000628093   0.0054688896
42 11  -0.1475823220
43  1   0.0297719223   0.1580671658   0.1246447054   0.1312986728  -0.1152755091
43  2   0.0871296616  -0.0224421463  -0.0199733666   0.1316844398  -0.0706643046
43  3  -0.1245443939   0.2710252726  -0.3238074211   0.1569392210  -0.3544312310
43  4   0.0261182852   0.0367759164  -0.0159587488   0.1958330864  -0.0085693035
43  5   0.0843559587  -0.0738689448   0.0217115475   0.4183719910   0.1404292751
43  6  -0.4886358760  -0.0664195404  -0.2676289341   0.3438176426   0.0289951775
43  7  -0.3400996223  -0.3146861144   0.1839517888  -0.3367884204  -0.0350120957
43  8  -0.0824828364   0.2444308460  -0.5375667411  -0.3387785827   0.0081183150
43  9  -0.0087302388   0.0311776745   0.0207672940  -0.0429243809   0.0430858174
43 10   0.0152676745  -0.0743583347   0.0220195628   0.0142723375  -0.0015323606
43 11   0.0000260557
44  1   0.0131119427   0.1777313980   0.1998509106  -0.1473253169   0.0454805350
44  2   0.0004689648  -0.0740827858  -0.0733665778  -0.0146432262   0.0450674272
44  3  -0.0437047066   0.0834885276   0.0997337275  -0.0202188189   0.0288354259
44  4  -0.1570803819   0.0364556096   0.1083777099  -0.1215353941  -0.0989046718
44  5  -0.0521603049   0.0231527302   0.1956807909  -0.0661374185  -0.1268911692
44  6  -0.0672370229   0.2531182704   0.0101340813   0.1974198242   0.1479391822
44  7  -0.1402141108  -0.0586311953   0.1006683739  -0.0676669062  -0.0262235292
44  8   0.0155859944   0.0373445790  -0.1121917317   0.1478757794  -0.0076615611
44  9  -0.0137816812   0.0753072651   0.0370447612   0.4571706006  -0.4221577301
44 10  -0.1482772405   0.6431050312  -0.1833648763  -0.0914309643   0.0014726105
44 11  -0.0001827108
45  1  -0.2033185960   0.1400587237  -0.0264977070  -0.1230383653   0.2188128408
45  2   0.3327317698  -0.2847875771  -0.3071384959   0.0879385290  -0.1666243951
45  3  -0.3198901675   0.1905587229  -0.4902110975   0.0829448472  -0.1091773296
45  4   0.4002118554  -0.0265514181  -0.0743131413   0.1291987315   0.2032104728
45  5   0.0334222146  -0.0011259403  -0.1543098232   0.1463996262   0.2021652464
45  6   0.1156180066  -0.3079561725   0.1281705902  -0.2848098151  -0.1435015270
45  7   0.2100145137   0.1525882423  -0.1560507328   0.1599579403   0.0325668991
45  8  -0.0080656146  -0.0567506147   0.1918276531  -0.5971192105   0.0225688585
45  9   0.0307984168  -0.1527027187  -0.0700737404   0.1822592641  -0.1619996351
45 10  -0.0533984478   0.2269792524  -0.0682968512  -0.0338959235   0.0011902967
45 11  -0.0000715145
46  1   0.1414241290   0.0423485074   0.1039948480   0.0951354600  -0.1636662954
46  2   0.1061658467  -0.0211863537   0.0143990052   0.0723640581  -0.0634718123
46  3   0.1969326039   0.0158470980   0.0604353711  -0.0293809060  -0.1805963478
46  4  -0.0213778409  -0.1125076663   0.0276288126  -0.0001808572  -0.0023731681
46  5   0.1670336275   0.0203868382   0.0522785600  -0.4142909129  -0.4746855130
46  6  -0.3282821124   0.0095189949  -0.1811443182   0.0795735900  -0.3163008781
46  7   0.2654834751   0.4428769431   0.3498559754   0.2097785080   0.1308715513
46  8   0.1924861902  -0.0954855936  -0.4397708378  -0.1233914209   0.0009524745
46  9  -0.0019097569   0.0446409308   0.0064570017  -0.3138845555   0.1666390138
46 10  -0.0510853073   0.3127869437  -0.0409033631  -0.0135628600  -0.0023256735
46 11   0.0000601664
47  1   0.0612138221   0.3185013828   0.2046566951  -0.1844445054   0.2380678593
47  2   0.1918248089  -0.2981920572  -0.2933782931   0.0666823810  -0.0628522474
47  3  -0.3609244189   0.3223373842  -0.3534551740   0.1541938928  -0.2878765879
47  4   0.4470918940   0.0083659931   0.0698705740   0.0630413672   0.2668150499
47  5   0.0022634167   0.0199066302   0.1109260743   0.3570855820   0.2637925646
47  6  -0.2394359272  -0.2598288802   0.1188119051  -0.0257453850  -0.1657960102
47  7   0.0845611837   0.1630452785   0.1464090501  -0.0161557391  -0.0060101765
47  8   0.0410570332  -0.0112864670  -0.0329986434   0.6838433522  -0.0227783721
47  9  -0.0203607477   0.1278046890   0.0584597574  -0.0249673016   0.0149049240
47 10   0.0009358166   0.0013164936   0.0018417268  -0.0001889499  -0.0000075630
47 11  -0.0000204620
48  1  -0.2759474675   0.0659704309  -0.0238013813  -0.0826373927   0.0830546784
48  2   0.1768388807  -0.1084014040  -0.1513460141   0.0446469265  -0.0891071975
48  3  -0.1747896070   0.0676868407  -0.2696975650   0.0078413606   0.0707090753
48  4  -0.0567046595   0.0395239665  -0.0845238882   0.0726469974  -0.0852215938
48  5  -0.0243744719  -0.0264524853  -0.1581210388   0.0677891935   0.0980702807
48  6   0.2531150521   0.0692775702  -0.0103306737  -0.0247475741   0.1827329518
48  7  -0.1473752458  -0.2822786259  -0.2001141538  -0.0896935128  -0.0542747555
48  8  -0.0870797646   0.0164155948   0.2293794621   0.0864353129  -0.0060074990
48  9  -0.0082708123  -0.0374164075  -0.0124593580  -0.5807588482   0.3019759365
48 10  -0.0920937743   0.5658685439  -0.0688412969  -0.0231629811  -0.0017491829
48 11   0.0000242066
49  1  -0.0873087605  -0.0415956398   0.1424217360   0.1693012868  -0.0304047265
49  2   0.1028672307   0.0004519848   0.1526738054  -0.1432491916   0.1641655877
49  3   0.0497879893   0.0755999030   0.0582934687   0.0456088733  -0.2523521739
49  4   0.1990392414  -0.0659162998   0.2525744795  -0.2497163047  -0.2717589494
49  5   0.0241204454  -0.2595048060  -0.3276586829  -0.0487220425   0.0624791439
49  6   0.1212202385  -0.0689948291  -0.1127947941  -0.3920322102   0.3497585658
49  7  -0.1408185957   0.1233430419   0.5034214989  -0.2825014017   0.2835531976
49  8  -0.0272743450  -0.0379623289   0.2615864304  -0.0424873887   0.0010241407
49  9   0.0048795569   0.3552552678   0.1816563741   0.0005087218   0.0000078874
49 10  -0.0000730535  -0.0000092521  -0.0001298892  -0.0002154093  -0.4534999962
49 11  -0.0168442387
50  1  -0.0355842721   0.2996692509   0.1979064386  -0.1092996220  -0.1831978433
50  2  -0.2275548747   0.1208270183   0.2941635260   0.1378336640  -0.0013254954
50  3   0.0912810484  -0.0980370224  -0.1828634801  -0.0511297203   0.2150543277
50  4   0.4245702837  -0.1567012957  -0.2226733382  -0.0384024413  -0.4651848201
50  5  -0.0693567759   0.1325821455   0.1954513765   0.0601966683  -0.0135217743
50  6  -0.0641975203   0.0521338866   0.1028348054   0.2724093089  -0.2318659499
50  7   0.0872984472  -0.0775231555  -0.2940506156   0.1632121513  -0.1641246334
50  8   0.0157614050   0.0226925909  -0.1450314363   0.0262971546  -0.0015564375
50  9  -0.0027116659  -0.2120160320  -0.1098949346   0.0028913708  -0.0017961009
50 10  -0.0003035426   0.0006783552   0.0001337962   0.0002419147  -0.6542516610
50 11  -0.0242203364
51  1  -0.4746365110   0.0000000000   0.0000000000   0.0000000000   0.0000000000
51  2   0.0000000000   0.0705559015   0.3429561721  -0.1136306862   0.1375669219
51  3  -0.0127195936  -0.0239776893   0.1915946589   0.0970516542  -0.2888546968
51  4   0.5508533874  -0.2207005558  -0.0223330105  -0.2074928028  -0.7193413342
51  5  -0.0318629023  -0.0098579005   0.0152861994   0.0376988078  -0.0015178316
51  6  -0.0034886852  -0.0091079106  -0.0184526152  -0.0184248001   0.0070974024
51  7  -0.0004402195  -0.0054075389  -0.0229782803   0.0122852578  -0.0143404193
51  8  -0.0000602536   0.0010870441  -0.0120758478   0.0032542670  -0.0009831550
51  9  -0.0001420542  -0.0089506308  -0.0037144715  -0.0020019290   0.0006794522
51 10  -0.0003249707   0.0010818628  -0.0003089563  -0.0001416327   0.6009622618
51 11   0.0222517646
$end
