$dipgrad          cartesian dipole gradients
  0.89873774837980D+00  0.32711157201634D+00  -.18277013679953D+00
  0.93898847951562D-01  0.12150244316404D+01  -.10501061604317D+00
  -.25985158901745D+00  -.19817710552203D+00  0.20139135139812D+00
  -.52479496140126D+00  -.22981997873773D+00  0.19080895805091D+00
  -.27522261054025D+00  0.69194438330665D-03  0.98716975394657D-01
  0.21489267232039D+00  0.31224567585712D-01  -.13554273133915D-01
  -.33326774441730D+00  0.70780118093704D-01  -.37124288169557D-01
  0.66128452484413D-01  -.11233238221789D+00  -.36549982772048D-01
  -.76634832240149D-02  -.77894086499967D-01  -.77124880143074D-01
  -.78131201079067D-01  0.26961762848506D-01  -.87401522394398D-02
  0.59663324761875D-01  -.51224025675055D+00  -.56694950891671D-01
  -.53967057233323D-01  -.25293834237641D-01  -.15814162112168D+00
  0.11891363182126D-03  -.98995429581182D-01  0.58459950860250D-01
  -.66911022021674D-01  -.82109222530579D+00  0.13176687243605D+00
  0.75382876564685D-01  0.19122285483520D+00  -.23012238834223D+00
  0.18902638173348D+00  0.42411733802762D-01  0.16438616970884D-01
  0.68481396983534D-01  0.23969251801442D+00  -.44134059390986D-02
  0.29763714386894D-01  0.33526088683880D-01  0.20519228521935D+00
  0.20019680472215D+00  -.31819940344486D-01  -.32156535059603D-01
  -.32263102837133D-01  0.18719233269525D+00  0.22741121224612D-01
  -.24990209613182D-01  0.98788801304591D-01  0.27250483901912D+00
  0.19106013001631D+00  -.23856720285627D-01  0.14454543140435D-01
  -.30184874248522D-01  0.21211688277226D+00  -.37662114750601D-01
  0.31530279216612D-01  -.10583633750590D+00  0.24299428402805D+00
  0.20819063953112D+00  0.93543418163495D-01  -.48219379450020D-01
  0.13495980568738D+00  0.32732210341412D+00  0.24859340410612D-01
  0.36213444980897D-01  0.22390808955667D+00  0.21660901805146D+00
  0.24886328891214D+00  -.17631653597587D+00  0.28848422695869D-01
  -.18550218221305D-01  0.26362465138484D+00  -.37753239069297D-01
  -.41310648381553D-01  -.17146903820050D+00  0.34025138505502D+00
$end
