$hessian (projected)
 1  1   0.3308489517   0.0650817995  -0.0111493531  -0.1303430171  -0.0270109723
 1  2   0.0358856319  -0.1068909206   0.0096934333  -0.0179987983  -0.0452900027
 1  3   0.0077561998  -0.0051401179  -0.0686365131  -0.0451725496  -0.0030002076
 1  4   0.0049802050  -0.0143226105  -0.0021221898   0.0002038217   0.0097021242
 1  5  -0.0018887334   0.0004378638   0.0117182859   0.0033146219   0.0047118621
 1  6  -0.0191362300   0.0046238378   0.0099777492   0.0016905197  -0.0025246914
 2  1   0.0650817995   0.3768100552  -0.0565171706  -0.0241339151  -0.0234362607
 2  2   0.0073006279   0.0069397838  -0.0166611587   0.0053030099   0.0017999751
 2  3  -0.0766291598  -0.0014937590  -0.0562449228  -0.2226210105   0.0487933158
 2  4  -0.0011428028  -0.0074913138  -0.0001419043   0.0006528361  -0.0047093437
 2  5  -0.0018710939   0.0018335508  -0.0089096822   0.0004687502   0.0018227548
 2  6  -0.0111141503  -0.0061916774   0.0033909406  -0.0052379753   0.0043499015
 3  1  -0.0111493531  -0.0565171706   0.1311421842   0.0407769856   0.0081392399
 3  2  -0.0251804902  -0.0255401344   0.0006200096  -0.0129811555  -0.0053051523
 3  3  -0.0074975808  -0.0406667698   0.0047330952   0.0472481507  -0.0738778673
 3  4   0.0023823140  -0.0035778921  -0.0002578378  -0.0017136691  -0.0155292407
 3  5   0.0019321365  -0.0004830383   0.0123289096   0.0037174121  -0.0075263484
 3  6  -0.0018331993   0.0136558222   0.0038253009   0.0166187737   0.0025165654
 4  1  -0.1303430171  -0.0241339151   0.0407769856   0.1425339232   0.0218429468
 4  2  -0.0461343748  -0.0054394063   0.0006508446   0.0006359402  -0.0049635732
 4  3   0.0065007511   0.0024196662  -0.0010145698  -0.0090321097   0.0036544358
 4  4  -0.0015328212   0.0015581576   0.0004680425  -0.0003217120  -0.0002295532
 4  5   0.0000861396  -0.0002348116   0.0001643414   0.0002136214   0.0028969948
 4  6   0.0010777755  -0.0008161487  -0.0015810067   0.0016007611  -0.0013043077
 5  1  -0.0270109723  -0.0234362607   0.0081392399   0.0218429468   0.0240221940
 5  2  -0.0049233695  -0.0028260536   0.0029942575   0.0006283580   0.0119505971
 5  3  -0.0023721695  -0.0070038410  -0.0055900625  -0.0025362332   0.0032560173
 5  4  -0.0001928569   0.0017276802   0.0003299370   0.0011842399  -0.0006529493
 5  5  -0.0001895654   0.0001393309   0.0003298874   0.0004317775  -0.0002347325
 5  6   0.0001608061  -0.0000261236   0.0007375632  -0.0002372126  -0.0006424302
 6  1   0.0358856319   0.0073006279  -0.0251804902  -0.0461343748  -0.0049233695
 6  2   0.0205351428   0.0033276615  -0.0005897438   0.0031413880   0.0046341443
 6  3  -0.0016790828  -0.0002263987  -0.0007524456   0.0003683970   0.0029241046
 6  4   0.0002783452   0.0001100212  -0.0009588938   0.0004504821   0.0000827293
 6  5  -0.0001149067   0.0007287029   0.0001936692   0.0001322420  -0.0005060045
 6  6   0.0000691543   0.0008879694   0.0020878569  -0.0009324030  -0.0011401575
 7  1  -0.1068909206   0.0069397838  -0.0255401344  -0.0054394063  -0.0028260536
 7  2   0.0033276615   0.1278336871  -0.0107850622   0.0263749233  -0.0073780122
 7  3  -0.0061679390  -0.0010216385  -0.0044607123   0.0133108471  -0.0038393833
 7  4  -0.0002681039  -0.0007941874  -0.0001584930  -0.0006784503   0.0000149327
 7  5   0.0002686338  -0.0006963611  -0.0002084001  -0.0000796909  -0.0021645792
 7  6   0.0010702305  -0.0005163446   0.0001428589  -0.0005541518   0.0011844661
 8  1   0.0096934333  -0.0166611587   0.0006200096   0.0006508446   0.0029942575
 8  2  -0.0005897438  -0.0107850622   0.0212076986  -0.0058415084  -0.0117574343
 8  3  -0.0055251917  -0.0001884079   0.0131167202  -0.0050780453   0.0051472608
 8  4  -0.0003734971  -0.0010650765  -0.0006763534   0.0002802765   0.0009219894
 8  5   0.0006286667   0.0006921266   0.0010365041  -0.0002533131  -0.0025832760
 8  6   0.0026985527   0.0014155405   0.0010658684  -0.0005295300  -0.0002621512
 9  1  -0.0179987983   0.0053030099  -0.0129811555   0.0006359402   0.0006283580
 9  2   0.0031413880   0.0263749233  -0.0058415084   0.0100670742  -0.0011125181
 9  3  -0.0011907356  -0.0004123218  -0.0094237158   0.0011147657   0.0018675125
 9  4  -0.0001206155   0.0001903694   0.0000109638   0.0002808326   0.0004024891
 9  5   0.0002683185  -0.0002579360  -0.0001651564  -0.0002001930   0.0019110877
 9  6  -0.0008550792  -0.0017473538  -0.0002892002   0.0004134874  -0.0000142329
10  1  -0.0452900027   0.0017999751  -0.0053051523  -0.0049635732   0.0119505971
10  2   0.0046341443  -0.0073780122  -0.0117574343  -0.0011125181   0.6866944545
10  3   0.0357568771   0.0009324223   0.0095522414   0.0023325233   0.0033547205
10  4  -0.3349808943  -0.1644605104  -0.0242113130  -0.1606113989   0.0509685802
10  5   0.1545283891  -0.1419008756   0.0730990269  -0.1320481320   0.0005953281
10  6   0.0005803949  -0.0022277650  -0.0017172670  -0.0002700300   0.0014552042
11  1   0.0077561998  -0.0766291598  -0.0074975808   0.0065007511  -0.0023721695
11  2  -0.0016790828  -0.0061679390  -0.0055251917  -0.0011907356   0.0357568771
11  3   0.3725321083  -0.0258049274   0.0002651943  -0.0131508015  -0.0020996419
11  4  -0.1389304028  -0.1187660643  -0.0090622407   0.0373914809  -0.0582243219
11  5  -0.0608634737   0.0614470463  -0.0953169380   0.1042705954  -0.0019684550
11  6  -0.0008901879   0.0042969368  -0.0020507527  -0.0016572736  -0.0003698493
12  1  -0.0051401179  -0.0014937590  -0.0406667698   0.0024196662  -0.0070038410
12  2  -0.0002263987  -0.0010216385  -0.0001884079  -0.0004123218   0.0009324223
12  3  -0.0258049274   0.6579508658   0.0052130233   0.0009257847   0.0157787753
12  4  -0.0230951740  -0.0094308014  -0.0629807883   0.1572551533  -0.0827311650
12  5  -0.2947936594  -0.1370510793   0.1279088297  -0.2718714012   0.0037121208
12  6  -0.0007610217  -0.0037874211  -0.0032243763  -0.0014206910   0.0010091194
13  1  -0.0686365131  -0.0562449228   0.0047330952  -0.0010145698  -0.0055900625
13  2  -0.0007524456  -0.0044607123   0.0131167202  -0.0094237158   0.0095522414
13  3   0.0002651943   0.0052130233   0.3776002999   0.1463548269   0.2491488054
13  4  -0.0003469686   0.0013919237   0.0000917365   0.0005239263  -0.0000873068
13  5   0.0004202947   0.0007325767  -0.0020306062  -0.0005679428  -0.2295982579
13  6  -0.1481077972  -0.1220804033  -0.0843520225   0.0509320304  -0.1267824477
14  1  -0.0451725496  -0.2226210105   0.0472481507  -0.0090321097  -0.0025362332
14  2   0.0003683970   0.0133108471  -0.0050780453   0.0011147657   0.0023325233
14  3  -0.0131508015   0.0009257847   0.1463548269   0.5160418077  -0.1062515933
14  4   0.0013336001  -0.0008192019  -0.0002699722  -0.0001284344  -0.0016483761
14  5   0.0011071245  -0.0003236657  -0.0019932102  -0.0014972831  -0.1413515815
14  6  -0.1540401868  -0.0689455804   0.0326765435  -0.1141547421   0.1262002063
15  1  -0.0030002076   0.0487933158  -0.0738778673   0.0036544358   0.0032560173
15  2   0.0029241046  -0.0038393833   0.0051472608   0.0018675125   0.0033547205
15  3  -0.0020996419   0.0157787753   0.2491488054  -0.1062515933   0.4792479715
15  4  -0.0009092237   0.0012026386   0.0008837845   0.0003661321   0.0028873288
15  5  -0.0001522195   0.0000165945  -0.0034529497  -0.0007583642  -0.1349373142
15  6  -0.0897535351  -0.1230109169  -0.1138545595   0.1402711586  -0.3029027806
16  1   0.0049802050  -0.0011428028   0.0023823140  -0.0015328212  -0.0001928569
16  2   0.0002783452  -0.0002681039  -0.0003734971  -0.0001206155  -0.3349808943
16  3  -0.1389304028  -0.0230951740  -0.0003469686   0.0013336001  -0.0009092237
16  4   0.3557994115   0.1536205513   0.0240488377  -0.0127228879  -0.0073370818
16  5  -0.0039136860  -0.0117732777  -0.0072978704   0.0019020081   0.0004445559
16  6   0.0000180877  -0.0004559934   0.0004007813   0.0003022727  -0.0001168125
17  1  -0.0143226105  -0.0074913138  -0.0035778921   0.0015581576   0.0017276802
17  2   0.0001100212  -0.0007941874  -0.0010650765   0.0001903694  -0.1644605104
17  3  -0.1187660643  -0.0094308014   0.0013919237  -0.0008192019   0.0012026386
17  4   0.1536205513   0.1173085648   0.0103420400   0.0092047264   0.0031147966
17  5   0.0017894556   0.0147551930   0.0065181138  -0.0009837780  -0.0003692246
17  6  -0.0001163781  -0.0000875828  -0.0005840192  -0.0004111208   0.0004455295
18  1  -0.0021221898  -0.0001419043  -0.0002578378   0.0004680425   0.0003299370
18  2  -0.0009588938  -0.0001584930  -0.0006763534   0.0000109638  -0.0242113130
18  3  -0.0090622407  -0.0629807883   0.0000917365  -0.0002699722   0.0008837845
18  4   0.0240488377   0.0103420400   0.0563938489   0.0275795115   0.0156903470
18  5   0.0057110948  -0.0256866798  -0.0158935587   0.0011650868   0.0000182320
18  6  -0.0001172527  -0.0000905532  -0.0000276846  -0.0002010418   0.0001232942
19  1   0.0002038217   0.0006528361  -0.0017136691  -0.0003217120   0.0011842399
19  2   0.0004504821  -0.0006784503   0.0002802765   0.0002808326  -0.1606113989
19  3   0.0373914809   0.1572551533   0.0005239263  -0.0001284344   0.0003661321
19  4  -0.0127228879   0.0092047264   0.0275795115   0.1619038571  -0.0432957849
19  5  -0.1674256652   0.0119463435  -0.0052392886  -0.0170053310  -0.0001741237
19  6   0.0000994123   0.0002281243  -0.0000693758  -0.0001494642  -0.0000155706
20  1   0.0097021242  -0.0047093437  -0.0155292407  -0.0002295532  -0.0006529493
20  2   0.0000827293   0.0000149327   0.0009219894   0.0004024891   0.0509685802
20  3  -0.0582243219  -0.0827311650  -0.0000873068  -0.0016483761   0.0028873288
20  4  -0.0073370818   0.0031147966   0.0156903470  -0.0432957849   0.0589632063
20  5   0.0669489998  -0.0091943459   0.0026168825   0.0121076253   0.0002447444
20  6  -0.0001239879  -0.0000796038  -0.0007863089  -0.0002578957   0.0002204902
21  1  -0.0018887334  -0.0018710939   0.0019321365   0.0000861396  -0.0001895654
21  2  -0.0001149067   0.0002686338   0.0006286667   0.0002683185   0.1545283891
21  3  -0.0608634737  -0.2947936594   0.0004202947   0.0011071245  -0.0001522195
21  4  -0.0039136860   0.0017894556   0.0057110948  -0.1674256652   0.0669489998
21  5   0.3087847117   0.0175728018  -0.0075472070  -0.0215127087   0.0000419864
21  6  -0.0000231242  -0.0002407995   0.0003098393   0.0000202176   0.0001180322
22  1   0.0004378638   0.0018335508  -0.0004830383  -0.0002348116   0.0001393309
22  2   0.0007287029  -0.0006963611   0.0006921266  -0.0002579360  -0.1419008756
22  3   0.0614470463  -0.1370510793   0.0007325767  -0.0003236657   0.0000165945
22  4  -0.0117732777   0.0147551930  -0.0256866798   0.0119463435  -0.0091943459
22  5   0.0175728018   0.1416827784  -0.0695040601   0.1448040930  -0.0002324746
22  6   0.0002219356   0.0004482045   0.0000382382  -0.0000671114  -0.0000916634
23  1   0.0117182859  -0.0089096822   0.0123289096   0.0001643414   0.0003298874
23  2   0.0001936692  -0.0002084001   0.0010365041  -0.0001651564   0.0730990269
23  3  -0.0953169380   0.1279088297  -0.0020306062  -0.0019932102  -0.0034529497
23  4  -0.0072978704   0.0065181138  -0.0158935587  -0.0052392886   0.0026168825
23  5  -0.0075472070  -0.0695040601   0.0954974589  -0.1147945948  -0.0010745540
23  6  -0.0000243122   0.0014043309   0.0003731252   0.0002452960   0.0000177272
24  1   0.0033146219   0.0004687502   0.0037174121   0.0002136214   0.0004317775
24  2   0.0001322420  -0.0000796909  -0.0002533131  -0.0002001930  -0.1320481320
24  3   0.1042705954  -0.2718714012  -0.0005679428  -0.0014972831  -0.0007583642
24  4   0.0019020081  -0.0009837780   0.0011650868  -0.0170053310   0.0121076253
24  5  -0.0215127087   0.1448040930  -0.1147945948   0.2885567389  -0.0005161859
24  6   0.0001776194   0.0008688354  -0.0000170618   0.0000726012  -0.0000976481
25  1   0.0047118621   0.0018227548  -0.0075263484   0.0028969948  -0.0002347325
25  2  -0.0005060045  -0.0021645792  -0.0025832760   0.0019110877   0.0005953281
25  3  -0.0019684550   0.0037121208  -0.2295982579  -0.1413515815  -0.1349373142
25  4   0.0004445559  -0.0003692246   0.0000182320  -0.0001741237   0.0002447444
25  5   0.0000419864  -0.0002324746  -0.0010745540  -0.0005161859   0.2250812156
25  6   0.1535646938   0.1390727416  -0.0015605212  -0.0080503694  -0.0012703155
26  1  -0.0191362300  -0.0111141503  -0.0018331993   0.0010777755   0.0001608061
26  2   0.0000691543   0.0010702305   0.0026985527  -0.0008550792   0.0005803949
26  3  -0.0008901879  -0.0007610217  -0.1481077972  -0.1540401868  -0.0897535351
26  4   0.0000180877  -0.0001163781  -0.0001172527   0.0000994123  -0.0001239879
26  5  -0.0000231242   0.0002219356  -0.0000243122   0.0001776194   0.1535646938
26  6   0.1517014416   0.0836281891   0.0106114969   0.0117484029   0.0094682494
27  1   0.0046238378  -0.0061916774   0.0136558222  -0.0008161487  -0.0000261236
27  2   0.0008879694  -0.0005163446   0.0014155405  -0.0017473538  -0.0022277650
27  3   0.0042969368  -0.0037874211  -0.1220804033  -0.0689455804  -0.1230109169
27  4  -0.0004559934  -0.0000875828  -0.0000905532   0.0002281243  -0.0000796038
27  5  -0.0002407995   0.0004482045   0.0014043309   0.0008688354   0.1390727416
27  6   0.0836281891   0.1192280364  -0.0182762532  -0.0154144292  -0.0057636189
28  1   0.0099777492   0.0033909406   0.0038253009  -0.0015810067   0.0007375632
28  2   0.0020878569   0.0001428589   0.0010658684  -0.0002892002  -0.0017172670
28  3  -0.0020507527  -0.0032243763  -0.0843520225   0.0326765435  -0.1138545595
28  4   0.0004007813  -0.0005840192  -0.0000276846  -0.0000693758  -0.0007863089
28  5   0.0003098393   0.0000382382   0.0003731252  -0.0000170618  -0.0015605212
28  6   0.0106114969  -0.0182762532   0.0787205657  -0.0454344570   0.1294661385
29  1   0.0016905197  -0.0052379753   0.0166187737   0.0016007611  -0.0002372126
29  2  -0.0009324030  -0.0005541518  -0.0005295300   0.0004134874  -0.0002700300
29  3  -0.0016572736  -0.0014206910   0.0509320304  -0.1141547421   0.1402711586
29  4   0.0003022727  -0.0004111208  -0.0002010418  -0.0001494642  -0.0002578957
29  5   0.0000202176  -0.0000671114   0.0002452960   0.0000726012  -0.0080503694
29  6   0.0117484029  -0.0154144292  -0.0454344570   0.1104920514  -0.1394276733
30  1  -0.0025246914   0.0043499015   0.0025165654  -0.0013043077  -0.0006424302
30  2  -0.0011401575   0.0011844661  -0.0002621512  -0.0000142329   0.0014552042
30  3  -0.0003698493   0.0010091194  -0.1267824477   0.1262002063  -0.3029027806
30  4  -0.0001168125   0.0004455295   0.0001232942  -0.0000155706   0.0002204902
30  5   0.0001180322  -0.0000916634   0.0000177272  -0.0000976481  -0.0012703155
30  6   0.0094682494  -0.0057636189   0.1294661385  -0.1394276733   0.3061514268
$end
