$vibrational normal modes
 1  1   0.0104633945  -0.0016957147  -0.0141427063   0.1228061934   0.2584728794
 1  2   0.0006103831   0.0003382169  -0.0041546756   0.0101450001   0.0229859508
 1  3   0.0034374658  -0.0402394841   0.0638441539   0.1420439291   0.0014106169
 1  4  -0.0035734665  -0.0099823210  -0.0005946060   0.0025268375  -0.0056579111
 1  5   0.0057034469  -0.0001882094  -0.0001200766  -0.0001086687  -0.0003137182
 1  6  -0.0000081809  -0.0000029574  -0.0000014613   0.0000130047   0.0000136707
 2  1   0.0374836938   0.2948746995   0.0007594230  -0.0161690219   0.0065272956
 2  2  -0.0157617414   0.0033189493   0.0080248464   0.0218787134  -0.0887199875
 2  3  -0.0006429351  -0.0085749851  -0.0164478176   0.0040331963   0.0275520855
 2  4   0.0131222183  -0.0362609370  -0.0002778097  -0.0007971347  -0.0041693202
 2  5   0.0004314461   0.0000561368   0.0011476117   0.0000471128  -0.0000143756
 2  6  -0.0000334351   0.0000378625  -0.0000052758  -0.0000018348   0.0000089555
 3  1   0.0090646619  -0.0068365718   0.1908212771   0.1228340038  -0.0422136775
 3  2  -0.0544136898   0.0080193280  -0.0576760934  -0.0455636574  -0.0306437409
 3  3   0.0220919760  -0.0196751804   0.0499319508  -0.0323198953   0.0041074561
 3  4  -0.0013645084   0.0098975779  -0.0010230494  -0.0008963792   0.0047041384
 3  5   0.0059807747   0.0002406893  -0.0001339388  -0.0003269297  -0.0000325626
 3  6   0.0000116478  -0.0000191136  -0.0000148213  -0.0000018129   0.0000185498
 4  1  -0.0496344629   0.0239598370  -0.0785353044   0.2578869636   0.1743134988
 4  2  -0.0055991719  -0.0075507962   0.0940448819   0.0559790417  -0.0204577342
 4  3  -0.0013600672  -0.0265033873   0.2586200721  -0.6225920991  -0.0480380879
 4  4   0.0089453126  -0.0017581896  -0.0003694780  -0.0021788089   0.0009757901
 4  5  -0.0016641456  -0.0001768957   0.0005238438   0.0000371148   0.0001954824
 4  6   0.0000279413   0.0002422995   0.0000105619  -0.0000100006  -0.0000146709
 5  1   0.3435840944   0.2119778865   0.0305150798   0.0097793133   0.0064900554
 5  2   0.0776025772  -0.0086135368  -0.0478821696  -0.0276073379   0.2930321743
 5  3   0.0971896698   0.0534575188   0.0641623398  -0.1089436278  -0.0014748494
 5  4  -0.0017790769  -0.0009242372  -0.0021699011  -0.0032828294   0.0004645779
 5  5  -0.0004269202  -0.0006143186   0.0002043783   0.0001922229   0.0000704656
 5  6  -0.0000056357   0.0000236133  -0.0000073051   0.0000007357  -0.0000054511
 6  1   0.0278746044   0.0169993177   0.0120693943   0.5567542159  -0.3018010781
 6  2  -0.0112930481  -0.0272138992   0.2183843404   0.0286025219   0.0385286521
 6  3   0.0021899185   0.0450927578  -0.0996310539   0.1966220638   0.0191083302
 6  4  -0.0089956953  -0.0012564490  -0.0007540918  -0.0000610696  -0.0016952573
 6  5   0.0000225583  -0.0001835698  -0.0000366582  -0.0002410390   0.0000881915
 6  6  -0.0000119916   0.0000012854  -0.0000067042   0.0000035661   0.0000017091
 7  1  -0.0123338511   0.0101570165  -0.0539787245   0.2032323632   0.2086090162
 7  2  -0.0037944934   0.0094284741  -0.0690124592  -0.0438070865   0.0221909122
 7  3  -0.0176700480   0.0094709777  -0.7486883152  -0.1975857146   0.0172805330
 7  4   0.0035265733   0.0133794422  -0.0000160983   0.0014118888   0.0011844792
 7  5  -0.0009474974  -0.0000092758  -0.0000741196   0.0000103042  -0.0000703433
 7  6  -0.0000162773  -0.0001543332  -0.0000044886  -0.0000181702   0.0000311477
 8  1  -0.2907813008   0.3817974011   0.0650608615   0.0232125680  -0.0177544231
 8  2   0.0664836082  -0.0117705912   0.0010005584  -0.1307498760   0.2238176751
 8  3  -0.1106617972  -0.0061302974   0.0956608953  -0.0021742792   0.0124145338
 8  4  -0.0093470106  -0.0022880788  -0.0000128542   0.0053026103   0.0028457747
 8  5  -0.0008226100  -0.0004697890   0.0004093670  -0.0001251214   0.0003638010
 8  6   0.0000073910  -0.0000021087  -0.0000080409  -0.0000080985  -0.0000338895
 9  1  -0.0085523582  -0.0347101778   0.4421177733  -0.3096964986   0.2260128454
 9  2   0.0065977099  -0.0480786128   0.2070051770   0.0275344202   0.0307568257
 9  3   0.0248941492  -0.0066464217  -0.1696450379  -0.0359183804  -0.0040770174
 9  4   0.0071532208   0.0013479594  -0.0006276202  -0.0010332495  -0.0033106322
 9  5  -0.0000155843  -0.0001176067   0.0001771441   0.0001288512   0.0000629106
 9  6   0.0000226111   0.0000213399   0.0000032160  -0.0000033570   0.0000148809
10  1  -0.2959011515   0.0775194873   0.0323317865   0.1016863142   0.2656961668
10  2   0.0187923672   0.0039241951  -0.0646149654   0.0366290539  -0.0594591532
10  3   0.2192310294   0.2816905922   0.1010021140   0.0829353824   0.0284115712
10  4   0.0167743271   0.0029966445   0.0060759130  -0.0993424168   0.0305011046
10  5  -0.0428930176  -0.0096901543  -0.0005646133  -0.0063110477  -0.0588171229
10  6   0.0030114830  -0.0005829564   0.0397003379  -0.0706262329  -0.0002323005
11  1   0.0161498383   0.3008859053  -0.0126877789  -0.0259223885   0.0094049994
11  2  -0.0438271389  -0.0002518955   0.0123103327  -0.0357289310  -0.0935400194
11  3   0.0312871484   0.0286289500  -0.1294648053   0.1205776492  -0.3239132219
11  4  -0.1238275139  -0.0572661083   0.0004419438  -0.0040632100   0.0204572995
11  5   0.0041072818   0.1116827281  -0.0019545672   0.0051642724  -0.0064116486
11  6  -0.0394570545   0.0110568409  -0.0004862283  -0.0094943736   0.0000031092
12  1   0.0168479560  -0.0145903642   0.3831400868   0.2194352524  -0.0699396772
12  2   0.2853192140   0.0442223850  -0.1537143796   0.2128469472  -0.0637551589
12  3  -0.1456368192   0.0358896132  -0.0120890846   0.0175450028  -0.0531061008
12  4   0.0009509773  -0.0027614194   0.0813662857   0.0096151030  -0.0440932146
12  5  -0.0478243607   0.0103743284  -0.0006322985  -0.0594000376   0.0066326546
12  6   0.0009600867  -0.0001085001   0.0703646039   0.0389641064  -0.0010671329
13  1   0.2645763253  -0.0750205676   0.0026797956   0.0354541738   0.3169416417
13  2  -0.0071066938  -0.0122759350   0.0665446865  -0.1789759295  -0.2014390095
13  3  -0.2294691780   0.1937907420   0.1877086138   0.0174482316   0.0205585555
13  4   0.0078666491   0.0632908995   0.0237064647   0.0485355602   0.1166974288
13  5  -0.0613617044   0.0001981967  -0.0227163650   0.0002722778   0.0010566090
13  6  -0.0048828708  -0.0179392678  -0.0005549691  -0.0003245113  -0.0537767679
14  1  -0.0103525390   0.3083196479  -0.0277481474  -0.0368898039   0.0125641195
14  2  -0.0755744170   0.0055364711  -0.0055359753   0.1122779930   0.0284573625
14  3   0.0001330695  -0.0290529945  -0.0122431876   0.0631790760  -0.0162425103
14  4  -0.0064941771   0.5109084566  -0.0151517847  -0.0048371882  -0.0117056703
14  5  -0.0136830601   0.0042608210  -0.0882735145   0.0003389863   0.0012707770
14  6  -0.0123534661  -0.0463400841   0.0000955639  -0.0001704762  -0.0049743390
15  1  -0.0010413193  -0.0055623974   0.0740278582  -0.0439993697   0.0335628519
15  2  -0.3348562475   0.0171538189  -0.0752008777   0.1781393384   0.2720185385
15  3  -0.1558131785   0.1062350503   0.0071038361   0.0145382613  -0.0269914191
15  4   0.0118792555  -0.0981440199  -0.0581876711   0.0093593007  -0.0679289679
15  5  -0.0851749868  -0.0008591410   0.0278266766   0.0012847385   0.0000295471
15  6   0.0046414990   0.0168966391  -0.0007127068  -0.0001963794  -0.0657593402
16  1  -0.3635167202   0.0945681341   0.0457452519   0.0910469794   0.2709649217
16  2   0.0232249653   0.0184401203  -0.0696229324   0.0483004087  -0.0766853491
16  3   0.2887548248   0.3952316677   0.1237318023   0.0434765854   0.0191503874
16  4   0.0387085057   0.0168576113  -0.0097708828   0.2359574027  -0.0578393000
16  5   0.0808341241   0.2850729539   0.0001413762  -0.0448248999  -0.1818145682
16  6   0.5130676880  -0.1445374783  -0.4010313598   0.5930359713   0.0029121534
17  1   0.1475152215   0.2659404895  -0.0306023561  -0.0362211301   0.0171458361
17  2  -0.0619217668   0.0543060623   0.0961008530  -0.0820944427  -0.0346176424
17  3  -0.0851977374  -0.1909373597  -0.1723581459   0.1895442388  -0.2975816844
17  4  -0.1727744114  -0.0844762461   0.0779621766  -0.6464319031   0.1694207549
17  5  -0.2582208330  -0.5037396359  -0.0055145372  -0.0425763809   0.2728194194
17  6   0.2438723557  -0.0700537471  -0.2003996176   0.2974681985   0.0009798024
18  1   0.0261451708  -0.0050055258   0.3279899572   0.4235670136  -0.1883103646
18  2   0.3467676196  -0.4960305347  -0.6374031181   0.3792471073  -0.2270638348
18  3  -0.2813933564   0.0136662963  -0.0183571210   0.0579302650  -0.0918988978
18  4   0.0396640587  -0.0274771000  -0.2164540237  -0.0996156912   0.1248655198
18  5   0.0725074159  -0.0403281679   0.0020367682   0.7449427483  -0.0847868558
18  6   0.0386164244  -0.0113340788  -0.0234890050   0.0521579746   0.0000850353
19  1  -0.3361051220   0.0764641164   0.1216359556  -0.0586730464   0.3635082094
19  2   0.0322441050   0.4926449861   0.3400824872  -0.0486786096   0.0578176248
19  3   0.3163655822   0.3825654193   0.0922265175   0.0750565303   0.0121625680
19  4   0.0439780121   0.0268738680  -0.0826959955   0.1611136122  -0.0075019846
19  5   0.0991497326  -0.0718004423   0.0082938698   0.4206740288   0.4589925043
19  6  -0.2692226247   0.0733170053   0.2314753917   0.3925822643  -0.0044844593
20  1  -0.0665908267   0.3244233806  -0.0757330909  -0.0713582397   0.0233192422
20  2  -0.1733211956  -0.0076731445   0.0373568923  -0.1527706635  -0.1297196427
20  3   0.2286195758   0.1156405747  -0.0543981483   0.0061149239  -0.2615761485
20  4  -0.1814820189   0.0203478052   0.5182300607   0.4380047951  -0.3579058617
20  5  -0.1091501444  -0.5541035463  -0.0080682438   0.2627210174  -0.1781637623
20  6   0.0966792467  -0.0258770685  -0.0907893417  -0.1602132758   0.0014946657
21  1   0.0134165730  -0.0218211949   0.4593202078   0.1267050642  -0.0095455934
21  2   0.3301232354   0.3682220136   0.1058860786   0.1897527987   0.0232732225
21  3  -0.1363443980   0.0779763011  -0.0374444938   0.0437383231  -0.0802312372
21  4   0.0347688777  -0.0098051718  -0.1193512832   0.0591010963   0.0350335215
21  5   0.0762965404   0.1266557906   0.0056938642   0.1617302526   0.3790845322
21  6   0.4182144647  -0.1145928108  -0.3336747251  -0.6085975666   0.0067418181
22  1  -0.3466541865   0.1024156527  -0.0455177739   0.2602134282   0.1673007216
22  2   0.0104270661  -0.5019140639  -0.5120870793   0.1388871366  -0.2336926213
22  3   0.2249166422   0.3447951134   0.1373120685   0.0451538232   0.0150391805
22  4   0.0263128212   0.0182773478   0.0574713352   0.1836084784  -0.0849327536
22  5   0.0277650448  -0.0574798651   0.0056283319  -0.2729739464   0.5855624849
22  6  -0.2855689512   0.0775276320  -0.3819484921  -0.0053355152   0.0041864806
23  1  -0.0528329202   0.3179058551   0.0614874334   0.0247294129  -0.0110327565
23  2   0.0884428570  -0.0604527361  -0.1087666836   0.1019721272  -0.1718986645
23  3  -0.0119229281   0.1978784655  -0.1385783368   0.1463111632  -0.3993583412
23  4  -0.0151232262  -0.0428425230  -0.5410214210   0.2896873830   0.1619076712
23  5   0.3791742334  -0.5110540761  -0.0085793898  -0.2999781268  -0.0258333998
23  6   0.2121319004  -0.0573953889   0.3000912065  -0.0047604156  -0.0025660232
24  1   0.0144918189  -0.0217259180   0.4682573617   0.1455425723  -0.0186521936
24  2   0.3557435131   0.3300475820   0.0658325137   0.2157205464   0.0062187003
24  3  -0.1703829307   0.0800090821  -0.0406754764   0.0558480923  -0.0856915220
24  4   0.0494010539  -0.0037804772  -0.2175934714  -0.0218026164   0.0963344221
24  5   0.0925495960  -0.2398207814  -0.0066727563  -0.0303518044  -0.3898443906
24  6  -0.4711954860   0.1280055566  -0.6186180652   0.0156406428   0.0067085615
25  1   0.3481854025  -0.0908054889  -0.0523917144   0.1214997615   0.2656237144
25  2  -0.0177060332  -0.0257556444   0.0991297967  -0.4696246690  -0.2863246002
25  3  -0.3054925590   0.2670626610   0.1906675389   0.2175288703  -0.3399305347
25  4   0.4009253125   0.2742577557  -0.1190297840  -0.1541074371  -0.4624490503
25  5  -0.0162001905   0.0133851671  -0.0998855965   0.0040626640   0.0001727043
25  6   0.1351244845   0.4929572108   0.0045049374   0.0039785923   0.4911542671
26  1  -0.1140645894   0.3352024978   0.0207746603  -0.0047432512  -0.0022380871
26  2   0.0038775838   0.0120817514  -0.0317685188   0.2528702006   0.0468169608
26  3   0.1970505223  -0.2201745301  -0.0489730831   0.0368418809   0.1594447939
26  4  -0.2094014350   0.4064238964  -0.1017796522   0.2845749168   0.4275702599
26  5  -0.4657477108  -0.0089892571   0.4862180975  -0.0019990841  -0.0024036907
26  6   0.0985632319   0.3636333414   0.0027409082   0.0027012521   0.3719794909
27  1  -0.0092665771  -0.0127374258   0.1030983600  -0.2184518323   0.1323839100
27  2  -0.4130588032   0.0310180029  -0.0977008078   0.4670783493   0.3840005730
27  3  -0.2720924614   0.2199721201   0.0395882157  -0.2612474033   0.3318264627
27  4  -0.3665896705  -0.2937643363   0.2673427179  -0.0194473889   0.3168508110
27  5   0.3787877858  -0.0068208075  -0.5016628427  -0.0011466788   0.0064779728
27  6   0.0864048687   0.3255888321   0.0018955934   0.0021921726   0.3106098917
28  1   0.3209520442  -0.1021670950   0.0854643221  -0.1336474097   0.4219425553
28  2   0.0016946662   0.0011393447   0.0393107409  -0.0823975378  -0.3452915069
28  3  -0.3782142164   0.3900054126   0.3249245726  -0.4191225168   0.4219101713
28  4  -0.5994041944   0.2658080553  -0.1311887723  -0.1826257444  -0.4137047182
28  5   0.2451971934   0.0056956688   0.4167546317  -0.0036597796  -0.0039611878
28  6  -0.0662228308  -0.2444021183   0.0031066581   0.0001405704   0.2535135091
29  1   0.0379812680   0.2969041719  -0.1045347801  -0.0897140678   0.0331571151
29  2  -0.2152877838   0.0029269942   0.0087841876   0.1517959027   0.1854582613
29  3  -0.1668803816   0.0984416591  -0.0546661253   0.1954527976  -0.1912816906
29  4   0.2414175396   0.5275930603   0.3815559756  -0.1589213371   0.1678808728
29  5   0.5474573058  -0.0059927869   0.5460559555  -0.0061186547  -0.0074733862
29  6   0.0751188347   0.2719028383  -0.0046536864  -0.0002794224  -0.3031574989
30  1   0.0000000000   0.0000000000   0.0000000000   0.0000000000   0.0000000000
30  2  -0.4099935277   0.0100605429  -0.0552193211   0.1588658657   0.4133116571
30  3  -0.1790979978   0.0890439963  -0.0663814571   0.2606370033  -0.2846119937
30  4   0.3933557284  -0.1817672521   0.2105641488   0.0300703755   0.2492136040
30  5   0.0702613435  -0.0078978115   0.1436941822  -0.0003881634  -0.0025214649
30  6  -0.1525074203  -0.5580512166   0.0089981374   0.0002359237   0.6002983751
$end
