$dipgrad          cartesian dipole gradients
  0.42126174150085D-01  -.78292299964711D-01  -.23578038664660D-01
  -.12657234839410D+00  -.49931245964740D-01  -.11365486050417D+00
  -.12138286501282D+00  -.10676589884702D+00  0.31229916099211D-02
  0.79086191474905D-01  0.88643292537157D-01  0.15488319969299D-01
  0.17148940444924D+00  -.10690896105159D+00  -.20003845447573D-01
  0.41277133235250D-02  -.27813672320339D-01  0.73141344389258D-01
  0.98908965286912D+00  -.23606308270203D+00  -.52840926956070D+00
  -.35056583984079D+00  0.10820543456384D+01  -.38463940561042D+00
  -.51896954691456D+00  -.44821866023589D+00  0.12531439125168D+01
  -.84638388340628D+00  0.32317949999797D-01  0.45476428470378D+00
  0.19946491688493D+00  -.55009344063778D+00  -.84848947705989D-02
  0.37571004861726D+00  0.12843708346290D+00  -.83944630258578D+00
  -.42288322157926D+00  0.52974693922452D-01  -.12170065918176D-01
  -.16092853378067D-01  -.82790911909110D+00  0.50042560783600D+00
  0.79880139051125D-01  0.40890254045487D+00  -.79804454576464D+00
  0.12755471430961D+01  0.43161318394702D+00  -.45035019455230D+00
  0.47788944201831D+00  0.67290293209557D+00  0.24435269382019D+00
  -.49492998062462D+00  0.22217273275168D+00  0.13570690697911D+01
  -.64798828794292D+00  -.16295556996138D+00  0.21342262061192D-01
  -.86713964599611D-01  -.52806104568951D+00  -.30267183281175D+00
  0.21314862134975D+00  -.17904542603083D+00  -.10019201107228D+01
  -.10353703964242D+01  -.17582362667833D+00  0.50325534256393D+00
  -.26726064404479D+00  -.41150979378170D+00  0.17737800073962D+00
  0.40282149961571D+00  0.11737719382022D+00  -.66297569785190D+00
  -.41549331396346D-01  0.53770714496215D-01  0.24638316719533D-01
  0.48692244858342D-01  -.26515748506637D-01  -.38835681005121D-01
  0.23995882108862D-01  -.44737688334766D-02  0.92188731761239D-01
  0.35703561235819D-01  -.40442839634249D-01  -.35218634220433D-01
  -.25807973744709D-01  0.62837481811614D-01  0.61118237391745D-01
  -.30354491876557D-02  0.34250953641746D-01  -.14086436189669D-01
  0.18826944343990D-01  0.45869894045898D-01  -.17251569431211D-02
  0.24809363849331D-01  0.78970678308330D-01  0.92707681557305D-02
  0.10781450630450D-01  0.46217240910829D-01  -.22656289977084D-01
  -.35843338227061D-01  -.43617986705721D-01  -.63800740990598D-02
  -.45217151215706D-01  0.62362100903957D-02  -.40283435199344D-01
  -.17498410723785D-01  -.65367214293063D-01  0.60029564681072D-01
  0.25251079427042D+00  0.36677209698978D-01  0.55877115485094D-01
  0.13266405844357D-01  0.31604216975485D+00  -.22753091496869D-01
  0.85971280485568D-01  -.47971962150382D-01  0.27335672724557D+00
  0.33712799753721D+00  -.46715330011257D-02  -.17534207544198D-01
  -.17381002686756D-01  0.28188553702605D+00  -.61218261097467D-01
  -.40620382718638D-01  -.77701142331213D-01  0.22707704109916D+00
$end
