$hessian (projected)
 1  1   0.4997059242  -0.0373249178  -0.0018116524  -0.1484095324  -0.0143183020
 1  2   0.0489920735  -0.0192929857  -0.0012155899   0.0112557610  -0.0009886641
 1  3   0.0021764728   0.0013325150  -0.0005597877  -0.0000342858   0.0007794112
 1  4  -0.1285277750  -0.0388175564  -0.0245214948   0.0148070922  -0.0072414782
 1  5   0.0008464894  -0.0262420948  -0.0301856132  -0.0052976558  -0.1135901325
 1  6   0.1121500685   0.0192210321  -0.0678295844   0.0196578790  -0.0644400202
 1  7   0.0077938626   0.0011075594  -0.0027617159  -0.0154669810  -0.0028569398
 1  8   0.0123016268   0.0003330344  -0.0007162783   0.0005451120  -0.0017323758
 1  9  -0.0023810184   0.0035585181
 2  1  -0.0373249178   0.5185476657  -0.0216973855  -0.0152229596  -0.0837263012
 2  2   0.0163135384   0.0182861754   0.0115976813  -0.0158389456   0.0055954138
 2  3  -0.0059643162  -0.0030004042   0.0014784978  -0.0021472554  -0.0000979835
 2  4  -0.0394192225  -0.1290437177  -0.0155252561  -0.0146326502   0.0011725674
 2  5  -0.0261657644  -0.0182931530  -0.0045740507  -0.0032524553   0.1087907408
 2  6  -0.2329328784  -0.0300295050   0.0203561568  -0.0708137387   0.0790697312
 2  7  -0.0095350551  -0.0023615055   0.0054083758  -0.0192093869  -0.0038581729
 2  8   0.0155135606  -0.0001742515   0.0004969429  -0.0005761009  -0.0006953880
 2  9   0.0036070795  -0.0001214054
 3  1  -0.0018116524  -0.0216973855   0.5494237241   0.0479554176   0.0146352348
 3  2  -0.1205258375   0.0064974281  -0.0084578742  -0.0044721990  -0.0000250638
 3  3   0.0016725607   0.0025433572  -0.0001748132   0.0018021665  -0.0012227135
 3  4  -0.0277882451  -0.0176833813  -0.0913350877  -0.0144678887  -0.0385797452
 3  5  -0.0252416522   0.0170289214   0.0124722473   0.0104657146   0.0181383681
 3  6  -0.0290623452  -0.0462832722  -0.0660041508   0.0798595622  -0.2633860334
 3  7   0.0262826306   0.0046140045  -0.0157166924  -0.0114546829  -0.0017932797
 3  8   0.0077769234  -0.0000977156   0.0002264572  -0.0004211749   0.0059214467
 3  9   0.0019917779  -0.0016050563
 4  1  -0.1484095324  -0.0152229596   0.0479554176   0.4956330751   0.0222521829
 4  2   0.0323530993  -0.1232412066   0.0490013019  -0.0008161801  -0.0150968000
 4  3   0.0275141350   0.0212599499   0.0049966902   0.0062737243   0.0022195965
 4  4  -0.0234915257  -0.0087222225   0.0092647333   0.0011041802   0.0023744607
 4  5   0.0030729619  -0.0013151652  -0.0022253774  -0.0010894116  -0.0152879124
 4  6  -0.0047233592   0.0109457785   0.0079995994   0.0011747882  -0.0033817842
 4  7  -0.0690619462   0.0245830433  -0.0662131496  -0.1167710235  -0.1020326227
 4  8  -0.0590946037   0.0030882745   0.0000185715   0.0026787033  -0.0001467073
 4  9  -0.0002656663   0.0008448890
 5  1  -0.0143183020  -0.0837263012   0.0146352348   0.0222521829   0.5038235321
 5  2  -0.0176686178   0.0420391466  -0.1418655724  -0.0048594308   0.0129737120
 5  3   0.0084366098  -0.0047421280   0.0201117772  -0.0274686324   0.0070036278
 5  4  -0.0205325919  -0.0080397469   0.0121052625   0.0004091196   0.0005630516
 5  5   0.0031735044  -0.0036003660  -0.0020825746  -0.0016716123   0.0222032714
 5  6   0.0074281588  -0.0159751768  -0.0093774225  -0.0027126001   0.0052869053
 5  7   0.0255659250  -0.0698665303   0.0797921417  -0.0969206303  -0.1848566797
 5  8  -0.0817008981   0.0004197888   0.0003608952   0.0041690973  -0.0012256109
 5  9   0.0000063901   0.0004520898
 6  1   0.0489920735   0.0163135384  -0.1205258375   0.0323530993  -0.0176686178
 6  2   0.5713178784   0.0017321058  -0.0099211707  -0.0817772887   0.0318484733
 6  3  -0.0205282366  -0.0049871112  -0.0123893600   0.0270778967   0.0048967017
 6  4  -0.0068830442   0.0040545840   0.0117610569  -0.0011222172  -0.0010403305
 6  5  -0.0015119072  -0.0037264636  -0.0041400879  -0.0006947841   0.0027507673
 6  6   0.0010011196  -0.0031324719   0.0265210929   0.0054150279  -0.0157684572
 6  7  -0.0648182204   0.0760785022  -0.2688034522  -0.0568567338  -0.0821778770
 6  8  -0.0899784011   0.0024223164   0.0063577274  -0.0015128759  -0.0008238891
 6  9  -0.0008220758   0.0007169500
 7  1  -0.0192929857   0.0182861754   0.0064974281  -0.1232412066   0.0420391466
 7  2   0.0017321058   0.6125587315  -0.1496964285  -0.3338643295  -0.3852368004
 7  3   0.0463421133   0.3251113083  -0.0971592874   0.0178592335   0.0259535811
 7  4  -0.0055494881  -0.0005872019   0.0021915221   0.0030877960   0.0007926654
 7  5  -0.0001140225   0.0028105214   0.0014658967  -0.0013450123  -0.0012803443
 7  6  -0.0016497353   0.0014640979   0.0012488330   0.0000030967  -0.0005414771
 7  7  -0.0055294564   0.0097717402   0.0020113203   0.0132638601  -0.0151958289
 7  8  -0.0017012946   0.0045663532   0.0308647735  -0.0275035356  -0.0002465264
 7  9  -0.0002956467   0.0001083080
 8  1  -0.0012155899   0.0115976813  -0.0084578742   0.0490013019  -0.1418655724
 8  2  -0.0099211707  -0.1496964285   0.4966875460  -0.0499424683   0.0539481251
 8  3  -0.1121787978  -0.0337568718   0.0312101439  -0.1818416145   0.0650254857
 8  4   0.0008684892   0.0081093465   0.0048316783  -0.0000965291  -0.0049866596
 8  5  -0.0018355965  -0.0026020249  -0.0029652936  -0.0003545051  -0.0042600605
 8  6  -0.0007299855   0.0032790159  -0.0010816359   0.0006557158   0.0022570256
 8  7   0.0040399131  -0.0112526250  -0.0001646481   0.0150132017  -0.0234244681
 8  8  -0.0016507292   0.0054242907  -0.0378632067   0.0306776603  -0.0005531969
 8  9   0.0000579335   0.0000129982
 9  1   0.0112557610  -0.0158389456  -0.0044721990  -0.0008161801  -0.0048594308
 9  2  -0.0817772887  -0.3338643295  -0.0499424683   0.6674162758   0.3177096451
 9  3  -0.0248377709  -0.4353513830   0.0151555715   0.0829723578  -0.1535886714
 9  4   0.0014220648   0.0006667509   0.0037470789   0.0002610613  -0.0001292804
 9  5  -0.0024132814   0.0001889912   0.0002479561  -0.0015374511   0.0022362491
 9  6   0.0016570423  -0.0020867311   0.0012551818  -0.0009843782  -0.0018766166
 9  7  -0.0207463695   0.0273026548   0.0027502245   0.0112411639  -0.0147006112
 9  8  -0.0027998167  -0.0055487941  -0.0014298625   0.0117505844   0.0002499835
 9  9  -0.0001240139   0.0002392755
10  1  -0.0009886641   0.0055954138  -0.0000250638  -0.0150968000   0.0129737120
10  2   0.0318484733  -0.3852368004   0.0539481251   0.3177096451   0.3989218376
10  3  -0.0439110242  -0.3988803742   0.0116604242  -0.0245819102   0.0439765333
10  4   0.0027841716   0.0022502045   0.0011701627  -0.0011259456  -0.0010016195
10  5  -0.0011283738  -0.0014522357  -0.0009647904   0.0001880799  -0.0020437877
10  6  -0.0004195984   0.0010081196   0.0000777429  -0.0001826583  -0.0000786399
10  7   0.0007274093  -0.0032154003   0.0005238479  -0.0029407657   0.0024076840
10  8   0.0019438423  -0.0054747596  -0.0029478261   0.0017498559   0.0001881732
10  9   0.0000496880  -0.0000061081
11  1   0.0021764728  -0.0059643162   0.0016725607   0.0275141350   0.0084366098
11  2  -0.0205282366   0.0463421133  -0.1121787978  -0.0248377709  -0.0439110242
11  3   0.0866146892   0.0038471681  -0.0302565903   0.0131247065   0.0502886816
11  4  -0.0013492922  -0.0030786523  -0.0022274556   0.0002176042   0.0017975126
11  5   0.0013370645   0.0010476921   0.0011274695   0.0002364071   0.0018817149
11  6   0.0006767698  -0.0013845355   0.0003522749  -0.0000727952  -0.0006618113
11  7  -0.0001355547   0.0014218989  -0.0011894534  -0.0007672248   0.0019590867
11  8  -0.0000863684  -0.0032414941   0.0061620632  -0.0064704775   0.0001291730
11  9  -0.0000262447   0.0000042272
12  1   0.0013325150  -0.0030004042   0.0025433572   0.0212599499  -0.0047421280
12  2  -0.0049871112   0.3251113083  -0.0337568718  -0.4353513830  -0.3988803742
12  3   0.0038471681   0.5060791878   0.0482848202   0.0434189360  -0.0675022944
12  4  -0.0016108255  -0.0018285984  -0.0030915444   0.0001678295   0.0007540567
12  5   0.0021986887   0.0004263043   0.0004182926   0.0008168530   0.0014726022
12  6   0.0001153674  -0.0003942277  -0.0007492460   0.0003414063   0.0008680145
12  7   0.0020973196  -0.0012824874   0.0008793606  -0.0008405682   0.0024973860
12  8   0.0006361823   0.0021020823  -0.0068715666  -0.0025582987  -0.0001737174
12  9   0.0000894433  -0.0001367848
13  1  -0.0005597877   0.0014784978  -0.0001748132   0.0049966902   0.0201117772
13  2  -0.0123893600  -0.0971592874   0.0312101439   0.0151555715   0.0116604242
13  3  -0.0302565903   0.0482848202   0.3191064244  -0.2308287662  -0.1428901694
13  4   0.0011499655  -0.0001323247  -0.0013692927  -0.0017852879   0.0008716553
13  5   0.0001498351  -0.0007208230  -0.0002696637   0.0005123258  -0.0000211841
13  6   0.0003618328  -0.0006426691  -0.0010448414   0.0008695940  -0.0006833171
13  7  -0.0018501479   0.0035958722   0.0000051095  -0.0012718023   0.0024270169
13  8  -0.0004278044  -0.2327363646   0.2004960255   0.0945313052   0.0002360220
13  9   0.0000649293  -0.0000615413
14  1  -0.0000342858  -0.0021472554   0.0018021665   0.0062737243  -0.0274686324
14  2   0.0270778967   0.0178592335  -0.1818416145   0.0829723578  -0.0245819102
14  3   0.0131247065   0.0434189360  -0.2308287662   0.4494507408  -0.0703015194
14  4  -0.0013450736  -0.0037611682  -0.0015119229   0.0001221528   0.0026527870
14  5   0.0004403639   0.0013148530   0.0015510070  -0.0002884193   0.0007716693
14  6   0.0001247387  -0.0000751951   0.0013563926  -0.0008925696  -0.0002759602
14  7   0.0030799161  -0.0045112911  -0.0014532413   0.0007148948  -0.0007939798
14  8   0.0004029040   0.2248935651  -0.2452561995  -0.0823215244   0.0004036344
14  9  -0.0002312695   0.0001131575
15  1   0.0007794112  -0.0000979835  -0.0012227135   0.0022195965   0.0070036278
15  2   0.0048967017   0.0259535811   0.0650254857  -0.1535886714   0.0439765333
15  3   0.0502886816  -0.0675022944  -0.1428901694  -0.0703015194   0.2789551781
15  4   0.0000709669   0.0001357431  -0.0017795731  -0.0008530054   0.0002804209
15  5   0.0011374191  -0.0008323374  -0.0007052954   0.0009363906  -0.0001842083
15  6  -0.0002917732   0.0006300634  -0.0002128228  -0.0003737639   0.0011441189
15  7   0.0008753236  -0.0011696961   0.0006356588  -0.0014347377   0.0009958638
15  8  -0.0004338537   0.0726471385  -0.0509153576  -0.0636656256  -0.0001152700
15  9   0.0001255663  -0.0001427989
16  1  -0.1285277750  -0.0394192225  -0.0277882451  -0.0234915257  -0.0205325919
16  2  -0.0068830442  -0.0055494881   0.0008684892   0.0014220648   0.0027841716
16  3  -0.0013492922  -0.0016108255   0.0011499655  -0.0013450736   0.0000709669
16  4   0.4747595423   0.1370126496  -0.0771671787  -0.1089741552  -0.0055216116
16  5   0.0322881856  -0.1885124002  -0.0613961411   0.0554929830   0.0144210899
16  6   0.0148913243   0.0079575678  -0.0045796541  -0.0067115584  -0.0039256075
16  7   0.0010964394  -0.0000927308  -0.0006017741  -0.0021104784   0.0000557073
16  8   0.0025834016   0.0001752683   0.0008450165  -0.0004553438  -0.0326410001
16  9  -0.0173049647   0.0186168491
17  1  -0.0388175564  -0.1290437177  -0.0176833813  -0.0087222225  -0.0080397469
17  2   0.0040545840  -0.0005872019   0.0081093465   0.0006667509   0.0022502045
17  3  -0.0030786523  -0.0018285984  -0.0001323247  -0.0037611682   0.0001357431
17  4   0.1370126496   0.4630744206   0.2583666817  -0.0000924952  -0.2042472286
17  5  -0.2478801223  -0.0509700367  -0.1036058428  -0.0033467531  -0.0180102767
17  6  -0.0217422319  -0.0158490881   0.0114816626   0.0106356831   0.0034850823
17  7   0.0004182070   0.0005831150  -0.0013125642   0.0006450358   0.0008861522
17  8  -0.0006801569   0.0005751633   0.0003258222  -0.0000616544  -0.0350508086
17  9  -0.0100959513   0.0219334766
18  1  -0.0245214948  -0.0155252561  -0.0913350877   0.0092647333   0.0121052625
18  2   0.0117610569   0.0021915221   0.0048316783   0.0037470789   0.0011701627
18  3  -0.0022274556  -0.0030915444  -0.0013692927  -0.0015119229  -0.0017795731
18  4  -0.0771671787   0.2583666817   0.8498131509   0.0439021578  -0.2399461353
18  5  -0.6135553727   0.0750675090   0.0111538086  -0.1503969400   0.0001528846
18  6  -0.0035014083  -0.0041458924  -0.0192362660  -0.0232141421  -0.0168104086
18  7   0.0019874822   0.0025926402  -0.0014628287   0.0040624839   0.0002938671
18  8  -0.0039142245   0.0008980565  -0.0000034804   0.0005340019  -0.0164027598
18  9  -0.0034141377   0.0206365836
19  1   0.0148070922  -0.0146326502  -0.0144678887   0.0011041802   0.0004091196
19  2  -0.0011222172   0.0030877960  -0.0000965291   0.0002610613  -0.0011259456
19  3   0.0002176042   0.0001678295  -0.0017852879   0.0001221528  -0.0008530054
19  4  -0.1089741552  -0.0000924952   0.0439021578   0.0921123812   0.0007881905
19  5  -0.0841732395  -0.0010975152   0.0117961881   0.0669715086  -0.0031105128
19  6  -0.0038277429  -0.0033799088  -0.0006149087  -0.0010904864  -0.0018971369
19  7  -0.0003454414   0.0004398892  -0.0007527340   0.0001529733  -0.0001439205
19  8  -0.0009981795   0.0002097451  -0.0004289300   0.0002200540   0.0055795989
19  9   0.0065396098  -0.0038783013
20  1  -0.0072414782   0.0011725674  -0.0385797452   0.0023744607   0.0005630516
20  2  -0.0010403305   0.0007926654  -0.0049866596  -0.0001292804  -0.0010016195
20  3   0.0017975126   0.0007540567   0.0008716553   0.0026527870   0.0002804209
20  4  -0.0055216116  -0.2042472286  -0.2399461353   0.0007881905   0.1785583689
20  5   0.2873758064   0.0075446867   0.0328093765  -0.0039816730   0.0002040379
20  6   0.0002289095   0.0000382562  -0.0040599158  -0.0060803275  -0.0023398521
20  7  -0.0002687417   0.0001211001  -0.0001201825  -0.0001335099   0.0001603952
20  8  -0.0001962744  -0.0005431507  -0.0001291893  -0.0001858877   0.0061943310
20  9  -0.0026206638  -0.0019291790
21  1   0.0008464894  -0.0261657644  -0.0252416522   0.0030729619   0.0031735044
21  2  -0.0015119072  -0.0001140225  -0.0018355965  -0.0024132814  -0.0011283738
21  3   0.0013370645   0.0021986887   0.0001498351   0.0004403639   0.0011374191
21  4   0.0322881856  -0.2478801223  -0.6135553727  -0.0841732395   0.2873758064
21  5   0.7163802583   0.0591178037  -0.0098726828  -0.0735297008  -0.0036554421
21  6  -0.0012765349  -0.0019547405  -0.0003692591  -0.0016836437   0.0008008950
21  7  -0.0011874522  -0.0013229112   0.0014311485   0.0000499898   0.0002500339
21  8   0.0011156054  -0.0004363101  -0.0000807913  -0.0003204445  -0.0044611663
21  9  -0.0024587261  -0.0045369157
22  1  -0.0262420948  -0.0182931530   0.0170289214  -0.0013151652  -0.0036003660
22  2  -0.0037264636   0.0028105214  -0.0026020249   0.0001889912  -0.0014522357
22  3   0.0010476921   0.0004263043  -0.0007208230   0.0013148530  -0.0008323374
22  4  -0.1885124002  -0.0509700367   0.0750675090  -0.0010975152   0.0075446867
22  5   0.0591178037   0.3941445218   0.2483287996  -0.0187498418  -0.0021677777
22  6  -0.0016796924   0.0007015111  -0.0005816637   0.0003303908   0.0015704214
22  7   0.0002080125   0.0004812916  -0.0000046247  -0.0017564631  -0.0003162267
22  8   0.0009483032   0.0001300176  -0.0002768079   0.0002780122  -0.1734469348
22  9  -0.1813094062  -0.1320145098
23  1  -0.0301856132  -0.0045740507   0.0124722473  -0.0022253774  -0.0020825746
23  2  -0.0041400879   0.0014658967  -0.0029652936   0.0002479561  -0.0009647904
23  3   0.0011274695   0.0004182926  -0.0002696637   0.0015510070  -0.0007052954
23  4  -0.0613961411  -0.1036058428   0.0111538086   0.0117961881   0.0328093765
23  5  -0.0098726828   0.2483287996   0.2957513114   0.1505711374   0.0002380200
23  6   0.0016029746   0.0014617111  -0.0017871472  -0.0008898165   0.0006583293
23  7   0.0000902793  -0.0000326317   0.0001811343  -0.0015096988  -0.0002154801
23  8   0.0009954796  -0.0001151575  -0.0002716229   0.0001685197  -0.1634655943
23  9  -0.2182048259  -0.1636105499
24  1  -0.0052976558  -0.0032524553   0.0104657146  -0.0010894116  -0.0016716123
24  2  -0.0006947841  -0.0013450123  -0.0003545051  -0.0015374511   0.0001880799
24  3   0.0002364071   0.0008168530   0.0005123258  -0.0002884193   0.0009363906
24  4   0.0554929830  -0.0033467531  -0.1503969400   0.0669715086  -0.0039816730
24  5  -0.0735297008  -0.0187498418   0.1505711374   0.3609152588  -0.0000775628
24  6   0.0002407409   0.0001084514   0.0015959930   0.0009019702   0.0014508798
24  7  -0.0004459635  -0.0007856641   0.0003620472  -0.0004165181  -0.0000130872
24  8   0.0006877450  -0.0002305052   0.0001842161  -0.0003199323  -0.0971084192
24  9  -0.1384403023  -0.1492645321
25  1  -0.1135901325   0.1087907408   0.0181383681  -0.0152879124   0.0222032714
25  2   0.0027507673  -0.0012803443  -0.0042600605   0.0022362491  -0.0020437877
25  3   0.0018817149   0.0014726022  -0.0000211841   0.0007716693  -0.0001842083
25  4   0.0144210899  -0.0180102767   0.0001528846  -0.0031105128   0.0002040379
25  5  -0.0036554421  -0.0021677777   0.0002380200  -0.0000775628   0.1259508582
25  6  -0.1205914051  -0.0212129537  -0.0049409206   0.0083632407   0.0010907172
25  7   0.0011327742  -0.0001441577   0.0000678211   0.0006451384   0.0001670265
25  8  -0.0008488198   0.0000321414  -0.0002304894   0.0001300624   0.0002605701
25  9   0.0006166680  -0.0000604853
26  1   0.1121500685  -0.2329328784  -0.0290623452  -0.0047233592   0.0074281588
26  2   0.0010011196  -0.0016497353  -0.0007299855   0.0016570423  -0.0004195984
26  3   0.0006767698   0.0001153674   0.0003618328   0.0001247387  -0.0002917732
26  4   0.0148913243  -0.0217422319  -0.0035014083  -0.0038277429   0.0002289095
26  5  -0.0012765349  -0.0016796924   0.0016029746   0.0002407409  -0.1205914051
26  6   0.2525530910   0.0329014542   0.0050518719  -0.0090119713  -0.0008752465
26  7   0.0004256851   0.0002917281  -0.0003037459   0.0004040807   0.0007656736
26  8  -0.0002422501   0.0000179791   0.0001719873  -0.0000864697  -0.0004113092
26  9   0.0005730358  -0.0002759507
27  1   0.0192210321  -0.0300295050  -0.0462832722   0.0109457785  -0.0159751768
27  2  -0.0031324719   0.0014640979   0.0032790159  -0.0020867311   0.0010081196
27  3  -0.0013845355  -0.0003942277  -0.0006426691  -0.0000751951   0.0006300634
27  4   0.0079575678  -0.0158490881  -0.0041458924  -0.0033799088   0.0000382562
27  5  -0.0019547405   0.0007015111   0.0014617111   0.0001084514  -0.0212129537
27  6   0.0329014542   0.0516302710  -0.0144506174   0.0257664534   0.0048298165
27  7  -0.0005236667  -0.0003814738   0.0001911566  -0.0008159058   0.0001779211
27  8   0.0008074972  -0.0000598191  -0.0001145124   0.0001275537  -0.0002125666
27  9   0.0001846748  -0.0003274738
28  1  -0.0678295844   0.0203561568  -0.0660041508   0.0079995994  -0.0093774225
28  2   0.0265210929   0.0012488330  -0.0010816359   0.0012551818   0.0000777429
28  3   0.0003522749  -0.0007492460  -0.0010448414   0.0013563926  -0.0002128228
28  4  -0.0045796541   0.0114816626  -0.0192362660  -0.0006149087  -0.0040599158
28  5  -0.0003692591  -0.0005816637  -0.0017871472   0.0015959930  -0.0049409206
28  6   0.0050518719  -0.0144506174   0.0734774373  -0.0217093612   0.0692618318
28  7  -0.0047331855  -0.0007615001   0.0029889308   0.0011224632   0.0000264565
28  8  -0.0007180943  -0.0000924924   0.0000312797  -0.0001329425   0.0004911748
28  9   0.0001208877   0.0002503683
29  1   0.0196578790  -0.0708137387   0.0798595622   0.0011747882  -0.0027126001
29  2   0.0054150279   0.0000030967   0.0006557158  -0.0009843782  -0.0001826583
29  3  -0.0000727952   0.0003414063   0.0008695940  -0.0008925696  -0.0003737639
29  4  -0.0067115584   0.0106356831  -0.0232141421  -0.0010904864  -0.0060803275
29  5  -0.0016836437   0.0003303908  -0.0008898165   0.0009019702   0.0083632407
29  6  -0.0090119713   0.0257664534  -0.0217093612   0.0788608800  -0.0861701751
29  7  -0.0013809467   0.0003954690  -0.0000501931   0.0000768921  -0.0001330405
29  8   0.0001616497   0.0000320514   0.0000384124  -0.0000136985   0.0005670781
29  9   0.0000206990   0.0000439250
30  1  -0.0644400202   0.0790697312  -0.2633860334  -0.0033817842   0.0052869053
30  2  -0.0157684572  -0.0005414771   0.0022570256  -0.0018766166  -0.0000786399
30  3  -0.0006618113   0.0008680145  -0.0006833171  -0.0002759602   0.0011441189
30  4  -0.0039256075   0.0034850823  -0.0168104086  -0.0018971369  -0.0023398521
30  5   0.0008008950   0.0015704214   0.0006583293   0.0014508798   0.0010907172
30  6  -0.0008752465   0.0048298165   0.0692618318  -0.0861701751   0.2877926025
30  7   0.0028776937   0.0004325664  -0.0003198073   0.0000639262   0.0000713006
30  8   0.0006578797  -0.0001638363  -0.0002938860   0.0004077452   0.0002472289
30  9  -0.0006440097   0.0002093710
31  1   0.0077938626  -0.0095350551   0.0262826306  -0.0690619462   0.0255659250
31  2  -0.0648182204  -0.0055294564   0.0040399131  -0.0207463695   0.0007274093
31  3  -0.0001355547   0.0020973196  -0.0018501479   0.0030799161   0.0008753236
31  4   0.0010964394   0.0004182070   0.0019874822  -0.0003454414  -0.0002687417
31  5  -0.0011874522   0.0002080125   0.0000902793  -0.0004459635   0.0011327742
31  6   0.0004256851  -0.0005236667  -0.0047331855  -0.0013809467   0.0028776937
31  7   0.0753881474  -0.0286210407   0.0688292887  -0.0053077567   0.0056355009
31  8  -0.0149202348   0.0005747392   0.0006910995  -0.0002110975  -0.0000934504
31  9  -0.0000051870  -0.0000967337
32  1   0.0011075594  -0.0023615055   0.0046140045   0.0245830433  -0.0698665303
32  2   0.0760785022   0.0097717402  -0.0112526250   0.0273026548  -0.0032154003
32  3   0.0014218989  -0.0012824874   0.0035958722  -0.0045112911  -0.0011696961
32  4  -0.0000927308   0.0005831150   0.0025926402   0.0004398892   0.0001211001
32  5  -0.0013229112   0.0004812916  -0.0000326317  -0.0007856641  -0.0001441577
32  6   0.0002917281  -0.0003814738  -0.0007615001   0.0003954690   0.0004325664
32  7  -0.0286210407   0.0780925078  -0.0843517462  -0.0067777640   0.0085584418
32  8  -0.0223240252  -0.0002138193  -0.0013890173   0.0005730264  -0.0001529829
32  9  -0.0000506599   0.0000246097
33  1  -0.0027617159   0.0054083758  -0.0157166924  -0.0662131496   0.0797921417
33  2  -0.2688034522   0.0020113203  -0.0001646481   0.0027502245   0.0005238479
33  3  -0.0011894534   0.0008793606   0.0000051095  -0.0014532413   0.0006356588
33  4  -0.0006017741  -0.0013125642  -0.0014628287  -0.0007527340  -0.0001201825
33  5   0.0014311485  -0.0000046247   0.0001811343   0.0003620472   0.0000678211
33  6  -0.0003037459   0.0001911566   0.0029889308  -0.0000501931  -0.0003198073
33  7   0.0688292887  -0.0843517462   0.2919213369  -0.0040776797   0.0038188970
33  8  -0.0119420180  -0.0000766470  -0.0002730704   0.0000427362   0.0000620068
33  9   0.0000182962   0.0000311294
34  1  -0.0154669810  -0.0192093869  -0.0114546829  -0.1167710235  -0.0969206303
34  2  -0.0568567338   0.0132638601   0.0150132017   0.0112411639  -0.0029407657
34  3  -0.0007672248  -0.0008405682  -0.0012718023   0.0007148948  -0.0014347377
34  4  -0.0021104784   0.0006450358   0.0040624839   0.0001529733  -0.0001335099
34  5   0.0000499898  -0.0017564631  -0.0015096988  -0.0004165181   0.0006451384
34  6   0.0004040807  -0.0008159058   0.0011224632   0.0000768921   0.0000639262
34  7  -0.0053077567  -0.0067777640  -0.0040776797   0.1312454674   0.1089181279
34  8   0.0607073611  -0.0005026144  -0.0003555785  -0.0004676517  -0.0003020174
34  9  -0.0000984399   0.0002395531
35  1  -0.0028569398  -0.0038581729  -0.0017932797  -0.1020326227  -0.1848566797
35  2  -0.0821778770  -0.0151958289  -0.0234244681  -0.0147006112   0.0024076840
35  3   0.0019590867   0.0024973860   0.0024270169  -0.0007939798   0.0009958638
35  4   0.0000557073   0.0008861522   0.0002938671  -0.0001439205   0.0001603952
35  5   0.0002500339  -0.0003162267  -0.0002154801  -0.0000130872   0.0001670265
35  6   0.0007656736   0.0001779211   0.0000264565  -0.0001330405   0.0000713006
35  7   0.0056355009   0.0085584418   0.0038188970   0.1089181279   0.2008889912
35  8   0.0897538845   0.0008950564   0.0000391630   0.0007920970   0.0000129623
35  9   0.0000239176   0.0000336040
36  1   0.0123016268   0.0155135606   0.0077769234  -0.0590946037  -0.0817008981
36  2  -0.0899784011  -0.0017012946  -0.0016507292  -0.0027998167   0.0019438423
36  3  -0.0000863684   0.0006361823  -0.0004278044   0.0004029040  -0.0004338537
36  4   0.0025834016  -0.0006801569  -0.0039142245  -0.0009981795  -0.0001962744
36  5   0.0011156054   0.0009483032   0.0009954796   0.0006877450  -0.0008488198
36  6  -0.0002422501   0.0008074972  -0.0007180943   0.0001616497   0.0006578797
36  7  -0.0149202348  -0.0223240252  -0.0119420180   0.0607073611   0.0897538845
36  8   0.0977843112  -0.0001542928  -0.0001214454  -0.0002396200   0.0003787890
36  9   0.0001746693  -0.0001582103
37  1   0.0003330344  -0.0001742515  -0.0000977156   0.0030882745   0.0004197888
37  2   0.0024223164   0.0045663532   0.0054242907  -0.0055487941  -0.0054747596
37  3  -0.0032414941   0.0021020823  -0.2327363646   0.2248935651   0.0726471385
37  4   0.0001752683   0.0005751633   0.0008980565   0.0002097451  -0.0005431507
37  5  -0.0004363101   0.0001300176  -0.0001151575  -0.0002305052   0.0000321414
37  6   0.0000179791  -0.0000598191  -0.0000924924   0.0000320514  -0.0001638363
37  7   0.0005747392  -0.0002138193  -0.0000766470  -0.0005026144   0.0008950564
37  8  -0.0001542928   0.2298227722  -0.2280033149  -0.0713081346  -0.0001261151
37  9   0.0000332932   0.0000064611
38  1  -0.0007162783   0.0004969429   0.0002264572   0.0000185715   0.0003608952
38  2   0.0063577274   0.0308647735  -0.0378632067  -0.0014298625  -0.0029478261
38  3   0.0061620632  -0.0068715666   0.2004960255  -0.2452561995  -0.0509153576
38  4   0.0008450165   0.0003258222  -0.0000034804  -0.0004289300  -0.0001291893
38  5  -0.0000807913  -0.0002768079  -0.0002716229   0.0001842161  -0.0002304894
38  6   0.0001719873  -0.0001145124   0.0000312797   0.0000384124  -0.0002938860
38  7   0.0006910995  -0.0013890173  -0.0002730704  -0.0003555785   0.0000391630
38  8  -0.0001214454  -0.2280033149   0.2772282408   0.0533709066   0.0000124590
38  9   0.0000857088  -0.0000353347
39  1   0.0005451120  -0.0005761009  -0.0004211749   0.0026787033   0.0041690973
39  2  -0.0015128759  -0.0275035356   0.0306776603   0.0117505844   0.0017498559
39  3  -0.0064704775  -0.0025582987   0.0945313052  -0.0823215244  -0.0636656256
39  4  -0.0004553438  -0.0000616544   0.0005340019   0.0002200540  -0.0001858877
39  5  -0.0003204445   0.0002780122   0.0001685197  -0.0003199323   0.0001300624
39  6  -0.0000864697   0.0001275537  -0.0001329425  -0.0000136985   0.0004077452
39  7  -0.0002110975   0.0005730264   0.0000427362  -0.0004676517   0.0007920970
39  8  -0.0002396200  -0.0713081346   0.0533709066   0.0561241578  -0.0000543994
39  9  -0.0000354942   0.0000511927
40  1  -0.0017323758  -0.0006953880   0.0059214467  -0.0001467073  -0.0012256109
40  2  -0.0008238891  -0.0002465264  -0.0005531969   0.0002499835   0.0001881732
40  3   0.0001291730  -0.0001737174   0.0002360220   0.0004036344  -0.0001152700
40  4  -0.0326410001  -0.0350508086  -0.0164027598   0.0055795989   0.0061943310
40  5  -0.0044611663  -0.1734469348  -0.1634655943  -0.0971084192   0.0002605701
40  6  -0.0004113092  -0.0002125666   0.0004911748   0.0005670781   0.0002472289
40  7  -0.0000934504  -0.0001529829   0.0000620068  -0.0003020174   0.0000129623
40  8   0.0003787890  -0.0001261151   0.0000124590  -0.0000543994   0.2019795883
40  9   0.1942352530   0.1124927327
41  1  -0.0023810184   0.0036070795   0.0019917779  -0.0002656663   0.0000063901
41  2  -0.0008220758  -0.0002956467   0.0000579335  -0.0001240139   0.0000496880
41  3  -0.0000262447   0.0000894433   0.0000649293  -0.0002312695   0.0001255663
41  4  -0.0173049647  -0.0100959513  -0.0034141377   0.0065396098  -0.0026206638
41  5  -0.0024587261  -0.1813094062  -0.2182048259  -0.1384403023   0.0006166680
41  6   0.0005730358   0.0001846748   0.0001208877   0.0000206990  -0.0006440097
41  7  -0.0000051870  -0.0000506599   0.0000182962  -0.0000984399   0.0000239176
41  8   0.0001746693   0.0000332932   0.0000857088  -0.0000354942   0.1942352530
41  9   0.2268548509   0.1433543319
42  1   0.0035585181  -0.0001214054  -0.0016050563   0.0008448890   0.0004520898
42  2   0.0007169500   0.0001083080   0.0000129982   0.0002392755  -0.0000061081
42  3   0.0000042272  -0.0001367848  -0.0000615413   0.0001131575  -0.0001427989
42  4   0.0186168491   0.0219334766   0.0206365836  -0.0038783013  -0.0019291790
42  5  -0.0045369157  -0.1320145098  -0.1636105499  -0.1492645321  -0.0000604853
42  6  -0.0002759507  -0.0003274738   0.0002503683   0.0000439250   0.0002093710
42  7  -0.0000967337   0.0000246097   0.0000311294   0.0002395531   0.0000336040
42  8  -0.0001582103   0.0000064611  -0.0000353347   0.0000511927   0.1124927327
42  9   0.1433543319   0.1342872697
$end
