$coord
    5.85700636543673      0.30630823278703      0.26916375164754  c
    3.32155474655277      1.06755873371313      0.87203222880700  o
    1.45940268346921     -0.35694643137420     -0.13216609794502  c
    1.84754822445037     -2.14042998047376     -1.49436338691163  o
   -1.10463315398436      0.56685501086183      0.71262498420589  c
   -3.28619708492964     -0.71971601784511     -0.65611054724593  c
   -5.69273064851617      0.09471355537352      0.44450893352565  n
    6.16117113535597      0.34683618669944     -1.76689540258736  h
    7.07909217552194      1.66298443597304      1.20925881672690  h
    6.22299998832309     -1.59786741602876      0.96388233731695  h
   -1.17022725896481      2.61923444925162      0.47000383547460  h
   -1.26671396784054      0.23657739946442      2.74739986600681  h
   -3.12551248000229     -0.35825165351167     -2.69376719564526  h
   -3.12356483263048     -2.76010850606535     -0.41099099111928  h
   -7.14492866275618     -0.90779019442191     -0.29735985102559  h
   -6.03426533976246      1.94004408532079      0.05433700363436  h
$user-defined bonds
$end
