$energy      SCF               SCFKIN            SCFPOT
     1 -362.9912526623      361.3474664153     -724.3387190776
     2 -362.9914896317      361.5789630309     -724.5704526627
     3 -362.9931268755      361.5017838374     -724.4949107129
     4 -362.9935341226      361.4842688836     -724.4778030063
     5 -362.9938374034      361.4799874785     -724.4738248819
     6 -362.9940180691      361.4719464486     -724.4659645177
     7 -362.9941365676      361.4677068156     -724.4618433832
     8 -362.9941852764      361.4712512606     -724.4654365370
     9 -362.9942180453      361.4708627973     -724.4650808426
    10 -362.9942336668      361.4670284823     -724.4612621491
    11 -362.9942515316      361.4612985347     -724.4555500663
    12 -362.9942689047      361.4549071749     -724.4491760796
    13 -362.9942770053      361.4547715719     -724.4490485771
    14 -362.9942850239      361.4579941777     -724.4522792016
    15 -362.9942965784      361.4618426679     -724.4561392463
    16 -362.9943106566      361.4627272311     -724.4570378877
    17 -362.9943335192      361.4603312267     -724.4546647460
    18 -362.9943544409      361.4527881200     -724.4471425609
    19 -362.9943705159      361.4476932085     -724.4420637244
    20 -362.9943823429      361.4469615194     -724.4413438624
    21 -362.9943872424      361.4495188710     -724.4439061134
    22 -362.9943940655      361.4560658306     -724.4504598961
    23 -362.9943992545      361.4592376929     -724.4536369474
    24 -362.9944038074      361.4595470695     -724.4539508769
    25 -362.9944060032      361.4563973660     -724.4508033692
    26 -362.9944068388      361.4555120546     -724.4499188935
    27 -362.9944075229      361.4558063692     -724.4502138921
    28 -362.9944081148      361.4571007185     -724.4515088333
    29 -362.9944085419      361.4583213953     -724.4527299372
    30 -362.9944091701      361.4595783263     -724.4539874964
    31 -362.9944106177      361.4605515662     -724.4549621839
    32 -362.9944118447      361.4595604952     -724.4539723399
    33 -362.9944126589      361.4583645972     -724.4527772562
    34 -362.9944138749      361.4571684889     -724.4515823638
    35 -362.9944166595      361.4550471535     -724.4494638130
    36 -362.9944193876      361.4542423590     -724.4486617467
    37 -362.9944216263      361.4543039228     -724.4487255491
    38 -362.9944235577      361.4555357973     -724.4499593550
    39 -362.9944261115      361.4547250569     -724.4491511684
    40 -362.9944284377      361.4538126459     -724.4482410836
    41 -362.9944306802      361.4519712088     -724.4464018889
    42 -362.9944321326      361.4510512580     -724.4454833906
    43 -362.9944369323      361.4510437011     -724.4454806335
    44 -362.9944448012      361.4513261700     -724.4457709712
    45 -362.9944454995      361.4547427003     -724.4491881997
    46 -362.9944478621      361.4551243278     -724.4495721899
    47 -362.9944489541      361.4566704456     -724.4511193996
    48 -362.9944493878      361.4568061671     -724.4512555549
    49 -362.9944494565      361.4566262927     -724.4510757492
    50 -362.9944501421      361.4558332510     -724.4502833931
    51 -362.9944516014      361.4566609675     -724.4511125688
    52 -362.9944521812      361.4572214015     -724.4516735827
    53 -362.9944523175      361.4581221051     -724.4525744226
    54 -362.9944527842      361.4590437426     -724.4534965268
    55 -362.9944539921      361.4602626998     -724.4547166920
    56 -362.9944553628      361.4601147237     -724.4545700865
    57 -362.9944601151      361.4573330525     -724.4517931676
    58 -362.9944626441      361.4544185167     -724.4488811608
    59 -362.9944678440      361.4581497566     -724.4526176006
    60 -362.9944736823      361.4606117084     -724.4550853907
    61 -362.9944763315      361.4543259884     -724.4488023199
    62 -362.9944792706      361.4631817399     -724.4576610105
    63 -362.9944860343      361.4603724749     -724.4548585092
    64 -362.9944908518      361.4554507226     -724.4499415744
    65 -362.9944919123      361.4562725989     -724.4507645112
    66 -362.9944924829      361.4551274703     -724.4496199532
    67 -362.9944934651      361.4577860439     -724.4522795090
    68 -362.9944941749      361.4556816642     -724.4501758391
    69 -362.9944946084      361.4552093032     -724.4497039116
    70 -362.9944955429      361.4548270264     -724.4493225693
    71 -362.9944969640      361.4534967624     -724.4479937264
    72 -362.9944989931      361.4544643084     -724.4489633014
    73 -362.9945004605      361.4558814085     -724.4503818690
    74 -362.9945017428      361.4564973707     -724.4509991135
    75 -362.9945038452      361.4553645029     -724.4498683481
    76 -362.9945041745      361.4557194772     -724.4502236517
    77 -362.9945041762      361.4571589127     -724.4516630889
    78 -362.9945044981      361.4568287677     -724.4513332659
    79 -362.9945047327      361.4567660469     -724.4512707795
    80 -362.9945046446      361.4560663001     -724.4505709447
    81 -362.9945047328      361.4553649820     -724.4498697148
    82 -362.9945049254      361.4566708351     -724.4511757605
    83 -362.9945051203      361.4569089951     -724.4514141154
    84 -362.9945053154      361.4566815733     -724.4511868887
$end
