$hessapprox
  0.509406127970D+00  0.296740604351D-01  0.546911447534D+00  0.175577087743D-01
 -0.646517953561D-02  0.544521970856D+00 -0.131713473313D+00  0.177204230033D-01
 -0.899582713074D-03  0.554604811903D+00  0.209100792912D-01 -0.824190369877D-01
 -0.782302508999D-02  0.607926322979D-01  0.372548505060D+00  0.319761123803D-02
 -0.911216807718D-02 -0.915945504002D-01  0.553472426731D-01  0.129359929186D+00
  0.356102845134D+00 -0.477186166344D-01 -0.207773301356D-02 -0.414175009596D-02
 -0.201898653565D+00 -0.897941313036D-01 -0.530437609415D-01  0.617581020654D+00
 -0.156490077614D+00  0.517386440620D-01  0.709453077173D-01 -0.162270987353D+00
 -0.216315981650D+00 -0.157263534719D+00  0.529668384523D-01  0.128387070068D+01
 -0.977298981693D-01  0.645288418662D-01  0.287464267408D-01 -0.920958649666D-01
 -0.153112447855D+00 -0.186824246788D+00 -0.112968630232D-01  0.719801975364D+00
  0.996665350734D+00 -0.169932613137D-01 -0.991411379057D-02  0.665026782761D-03
  0.191069240878D-02 -0.568512546431D-01 -0.210450710578D-01 -0.122600202535D+00
  0.140879205361D+00  0.108062472824D+00  0.188324376432D+00  0.131996860064D+00
 -0.573733305344D-01 -0.312610808272D-01  0.591495124442D-02  0.335275731234D-01
 -0.311080867118D-01  0.325106941880D-01 -0.865582994491D+00 -0.635425550442D+00
 -0.102960711371D+00  0.876302599067D+00  0.731460968008D-01 -0.333839187476D-01
 -0.442881457371D-01 -0.462233682381D-02 -0.167327596764D-01  0.556112992081D-01
  0.428285251327D-01 -0.539348692056D+00 -0.570596935430D+00 -0.101463869176D+00
  0.572717430493D+00  0.546979035687D+00  0.942725562958D-02 -0.452810025624D-02
  0.679403352635D-02 -0.466152310820D-01 -0.600395413666D-02 -0.184289522898D-01
 -0.917569099674D-01 -0.168480149396D-02 -0.181561976737D-01 -0.189755427217D-01
  0.540016767759D-01  0.223776863107D-01  0.489011537813D+00 -0.104046124050D-01
 -0.102407241360D-01 -0.237456223386D-01  0.474556545608D-02 -0.203190605633D-01
 -0.139638635041D-01  0.278423136602D-01 -0.615243112578D-01  0.155292094504D-01
  0.541533054628D-01  0.138024052706D-02 -0.246011110181D-01  0.157348536234D-01
  0.482791326214D+00  0.333180541715D-01 -0.139421194269D-01 -0.319827235873D-02
 -0.368797678817D-02 -0.128526124354D-01 -0.200175421567D-01  0.933462340110D-02
 -0.376795142887D-01 -0.670688420327D-01 -0.106111945396D-01 -0.676709284390D-02
  0.127014532290D-01  0.126153601477D-01 -0.229588797832D-01  0.511805263354D+00
 -0.976629229987D-02  0.446957685945D-02  0.634670807735D-03 -0.617728718944D-02
  0.115453283163D-02  0.908331416370D-02 -0.495723614514D-01  0.446915843042D-02
  0.219841073584D-02 -0.160001640225D-02 -0.291241290127D-01  0.759141008032D-03
 -0.964813427788D-01 -0.404153032424D-01 -0.369949167856D-01  0.459258546895D+00
  0.221363436561D-01  0.274289941628D-02  0.262728202673D-01  0.212484588898D-01
 -0.486722109868D-03  0.134440826448D-02 -0.115598353728D-01  0.442335067582D-01
  0.393762917083D-01  0.213687504858D-01 -0.348757857954D-01 -0.194617154447D-01
  0.683256729685D-02 -0.739871329528D-01 -0.195095900803D-01  0.487072893481D-02
  0.491672256329D+00 -0.527373291213D-02  0.677813504335D-02 -0.370187234974D-01
  0.231031996964D-01 -0.494581102425D-02  0.866614760281D-02 -0.256822474956D-01
 -0.133214977915D-01 -0.729457967179D-02  0.318279486447D-02  0.880106810514D-02
 -0.589269761564D-02 -0.131123193926D-01 -0.927093645744D-02 -0.726176636918D-01
 -0.931997631614D-02 -0.886943424294D-02  0.493824685922D+00 -0.432659466521D-03
 -0.253241254111D-01 -0.267850053225D-02 -0.156850103872D-01  0.883649803028D-02
 -0.157826950229D-01 -0.328505841173D-01 -0.529930686982D-02  0.261847310688D-02
  0.716052261555D-02 -0.301885278350D-02 -0.191803588578D-01 -0.470238859928D-01
  0.269331971231D-01  0.420784134824D-02 -0.151410526984D+00 -0.102851180377D-01
  0.846214586844D-01  0.533153293749D+00 -0.438425174543D-01 -0.153687693293D-01
 -0.412339309450D-02 -0.995515016657D-02 -0.928333987005D-02  0.262129623292D-01
  0.226798605598D-01  0.408494575253D-01  0.354883299196D-01 -0.626896952219D-02
 -0.523152743162D-01 -0.760176839564D-03 -0.348045202440D-01 -0.113266921281D-01
  0.464342658518D-02  0.568518702979D-01 -0.109416873865D+00 -0.540729970556D-01
  0.175221208807D-01  0.635020311105D+00 -0.240470830708D-01 -0.105179970191D-01
 -0.269418221797D-01  0.224913899039D-02 -0.166877267626D-01  0.603087412485D-02
  0.257501067995D-01  0.544443902797D-02 -0.190778378112D-01  0.129700934991D-01
 -0.142636407537D-02 -0.657664163349D-02  0.586773165747D-02  0.203726391403D-01
 -0.383889992962D-02  0.314815883570D-01 -0.190616454736D-01 -0.664260445824D-01
  0.236811689076D-01  0.184413067235D-01  0.261331760334D+00 -0.739965718222D-01
 -0.841812473356D-02  0.258251216005D-01 -0.505484539057D-01 -0.518814827226D-01
  0.865098646923D-01 -0.827205284858D-02  0.150232310517D-01  0.231014335292D-01
  0.124044657571D-01 -0.217437972931D-01 -0.854855885141D-02 -0.101959843906D-01
 -0.751062452654D-02 -0.420406217117D-02  0.478470439780D-03 -0.764452475162D-02
  0.893039250662D-02  0.190980616257D-02  0.348021364329D-02  0.971298017230D-02
  0.187116801896D+00 -0.103034985502D-01 -0.748775062774D-01  0.442022239690D-02
  0.936244333633D-02 -0.410002044613D-01  0.819495378197D-02 -0.261258430994D-02
 -0.170791596057D-01  0.173024556130D-01 -0.133978987574D-02 -0.901680659001D-02
  0.340343868289D-02 -0.587520264724D-02 -0.769587545869D-02  0.102773225908D-01
  0.740750843298D-02 -0.834526047150D-02  0.100541958164D-01  0.801357057382D-02
  0.183372087930D-01  0.194404993272D-01  0.331961000761D-01  0.107244439314D+00
  0.745202872603D-01  0.295381549637D-01 -0.239015553923D+00  0.521055479227D-02
 -0.383094993704D-01 -0.477036453876D-01  0.108927603011D-01 -0.860849377320D-01
 -0.414053640481D-01 -0.238843900634D-01  0.892408955966D-01  0.632490747173D-01
  0.100804164349D-01 -0.772835676318D-02 -0.107568914283D-02 -0.767875559250D-02
 -0.268908473141D-01 -0.222499448616D-01  0.224835852248D-01 -0.638710106875D-04
 -0.344286205698D-01 -0.593188809276D-01 -0.331107668622D-01  0.481439900207D+00
 -0.143966381683D+00 -0.629614162597D-01 -0.338275455399D-01 -0.286311369032D-01
  0.256191407702D-01 -0.109887144727D-01 -0.236334342562D-01  0.730957224804D-01
  0.513174891955D-01  0.705187933746D-02 -0.585113571869D-01 -0.530743828515D-01
 -0.122558408367D-01  0.401108001594D-02 -0.200672419536D-02  0.823353977626D-03
  0.749386588710D-02 -0.393092231427D-02  0.405910181674D-02  0.175308671623D-02
 -0.740286985827D-02 -0.520547023291D-02 -0.145846353600D-01 -0.581033069674D-01
  0.220425204256D+00 -0.997209175263D-01 -0.134194562227D+00 -0.347072159138D-01
  0.396784451836D-01  0.441977497278D-02  0.386157605616D-01 -0.199385337321D-01
  0.668779647842D-02  0.291007609258D-01 -0.252542410048D-02 -0.388092877454D-01
 -0.681121537609D-01 -0.105324946301D-01 -0.132973376533D-01  0.966368169340D-02
  0.201237799221D-02 -0.685549522510D-02 -0.322755929098D-02  0.945315517761D-03
 -0.308971950560D-02 -0.642415533087D-02  0.643274609100D-01  0.726618436441D-02
 -0.442458881479D-01  0.141887621966D+00  0.319785726801D+00 -0.724701572944D-01
 -0.543255840093D-01 -0.116335542796D+00  0.329689011197D-01  0.682575723056D-01
 -0.390559603737D-01 -0.756603629368D-02  0.501569198057D-01  0.691503560412D-02
 -0.483552914611D-02 -0.322092267471D-01 -0.429494784208D-01 -0.125900095152D-02
  0.158069262416D-01  0.774615385287D-02 -0.475310679842D-02 -0.248715510271D-02
  0.190815711844D-01 -0.645758134245D-02 -0.193181535729D-01  0.169184511468D-01
 -0.835842718805D-01 -0.605949296041D-01 -0.104834745365D+00  0.106422602610D+00
  0.810378603560D-01  0.234066316728D+00 -0.863624114105D-01  0.400505492397D-01
 -0.136788132528D-01 -0.530691533125D-01  0.804075264608D-01 -0.513250703165D-01
 -0.221136967638D-01  0.393132007171D-01  0.166791752672D-01 -0.255735048703D-01
 -0.201226188842D-01  0.579197459017D-02 -0.242033039503D-01 -0.284602584575D-01
  0.268494337090D-02  0.947497937699D-02 -0.331593460325D-01 -0.940710993553D-03
  0.391036038807D-02  0.207264876842D-01 -0.804701733219D-02 -0.604302357503D-01
 -0.182001495919D-01 -0.893432494181D-02  0.960036358027D-02 -0.803645223745D-01
  0.635262021327D-01  0.191208494299D+00  0.538435105137D-01 -0.236888218581D+00
  0.337998896374D-01  0.286670853897D-01 -0.440730668296D-01  0.203104310333D-01
  0.542198143049D-02 -0.535800932927D-01 -0.255555356276D-01 -0.112879994388D-01
  0.189006421003D-01  0.599363944874D-01 -0.393655265949D-02  0.171482041522D-01
  0.841396400830D-02 -0.513785472023D-02 -0.519210885153D-02 -0.452698707379D-02
  0.571630271423D-02  0.133700536970D-01  0.981230065005D-02 -0.467681153780D-01
  0.191520068953D-02  0.554504843859D-01 -0.717676180225D-01 -0.139586129717D+00
 -0.567185690840D-02  0.177265707719D-02  0.434509203902D+00 -0.141406033543D-01
  0.274986529230D-01 -0.756625451482D-01  0.485391279871D-02  0.108197268926D-01
 -0.370852426401D-01  0.512641353590D-02  0.327720750577D-02 -0.577162547024D-01
  0.395890224699D-01  0.443174845284D-01 -0.393241272459D-01  0.215814191328D-01
  0.219075440817D-01 -0.314162985371D-01 -0.115604825106D-01 -0.406805351691D-02
  0.279072337950D-01  0.566369314384D-02 -0.302178116933D-01  0.566702428794D-01
  0.454882440384D-02  0.423305066616D-01 -0.812627169173D-01  0.386839246452D-02
 -0.120584068027D-01  0.472456261999D-01 -0.971034180335D-02 -0.110740658744D+00
  0.213315156879D+00 -0.290421615486D-01  0.589727280986D-02  0.535938124769D-02
  0.223857418457D-02  0.376963865685D-01  0.266003236216D-01 -0.621136164830D-02
  0.820346433534D-01  0.330514587528D-02  0.210377965402D-01 -0.272713608697D-01
 -0.153692930298D-01 -0.562949123725D-01  0.215809188859D-01 -0.230835441724D-01
 -0.596855379645D-02 -0.143368061453D-01 -0.103656171903D-01 -0.526344833477D-03
  0.508094600390D-02  0.122981958263D-02 -0.257678074729D-01 -0.168085492482D-01
 -0.292591396170D-01  0.409389754749D-01 -0.321555688159D-02  0.240339461572D-01
  0.143895417212D-01 -0.207948516657D-01  0.468533758251D-02  0.110499011270D+00
  0.243734794009D-01  0.751556373999D-02 -0.183696426617D-01  0.169284097918D-01
  0.109359389259D-01  0.115360476036D-01  0.117588797500D-01 -0.747303563093D-01
 -0.346732082444D-02  0.378649039064D-01  0.279031583541D-01 -0.665396235415D-02
  0.225237611255D-01 -0.198541743195D+00  0.441281338639D-01 -0.827912229130D-02
  0.659202244795D-02 -0.555591038059D-02 -0.221588969234D-01  0.569083201393D-02
  0.123012983661D-01 -0.109718290706D-01  0.891982579298D-03 -0.161064341545D-01
 -0.636205159640D-02 -0.318257841103D-01 -0.413778749677D-02 -0.315124150166D-01
 -0.589666166841D-03  0.390311125929D-01  0.343416002348D-02  0.358364265125D+00
 -0.134133744437D-01 -0.152825571630D-01  0.406779546306D-02 -0.288506195070D-02
  0.212476231400D-01 -0.712612054003D-03  0.701510608420D-03  0.237642001846D-02
  0.124785063225D-02  0.515952694663D-02 -0.100207671368D-01  0.519251544737D-02
  0.910295769341D-02  0.398254227242D-01 -0.604745139074D-01  0.389756529156D-02
 -0.281120442571D-02 -0.769806742835D-02  0.266584133561D-01  0.238030708101D-01
 -0.267740281617D-02 -0.114096530757D-01  0.182008736485D-01  0.354993524731D-01
  0.124601338205D-01 -0.416905160707D-01 -0.507041228690D-01 -0.556704730828D-02
 -0.177418939423D-01  0.145652446074D-02  0.211831634437D-01 -0.187544077130D-01
  0.169099998001D+00 -0.178824670729D-02  0.373118522675D-02  0.137303392617D-01
 -0.616314910891D-02  0.653575045059D-02 -0.293619277930D-02 -0.732016507325D-02
  0.131168451806D-01  0.685141388132D-01  0.396540571069D-02 -0.116698595907D-01
 -0.236119582880D-01 -0.486575209182D-01 -0.550419928713D-02  0.781679074881D-02
 -0.541596141654D-02  0.111624946757D-02 -0.366576576629D-01  0.807792419519D-02
  0.247620045574D-02 -0.107661484981D-01  0.268925217756D-03 -0.128383550003D-01
  0.199681172839D-01  0.896779116409D-02  0.989362525150D-02 -0.991423407439D-02
 -0.742076904095D-02 -0.345905742916D-02 -0.129712939545D-01  0.794124313005D-02
  0.422957227222D-02  0.339466791779D-02  0.735844295828D-01  0.790112907759D-02
 -0.144295089669D-01  0.138901668655D-01 -0.178234499648D-01  0.618086322623D-02
 -0.433318418753D-01 -0.149753203678D-01 -0.195143637441D-01 -0.275995968169D-01
 -0.423815270712D-01  0.340766176891D-02 -0.216665548887D-01  0.834418595032D-02
 -0.729230015247D-01  0.496126572714D-01  0.150418077423D-02 -0.294929116579D-01
 -0.535119580968D-02  0.373611568800D-01  0.443326203686D-02  0.366402331368D-02
  0.131034626582D-01  0.372097384694D-01  0.348388659289D-01 -0.131979366017D-01
  0.931996832418D-02 -0.321903200391D-01  0.223174775278D-01 -0.252302525888D-01
  0.177038100760D-01 -0.379224990261D-01 -0.480404460571D-01  0.876136595056D-01
 -0.226153500964D-02  0.188097245271D+00  0.193352064712D-02  0.133180160462D-01
  0.453393881761D-02  0.297019891165D-01  0.867270550166D-02  0.987333329720D-02
  0.364597017885D-02  0.251998843567D-03 -0.195020560015D-01 -0.488900436763D-01
 -0.406975118956D-01 -0.850371116061D-03  0.493280518246D-02  0.160491175365D-01
 -0.180696607852D+00  0.979585059233D-02 -0.848700447131D-03 -0.238366218741D-01
 -0.373317778746D-03  0.466348952964D-03 -0.109374037440D-01  0.249259599764D-02
  0.118185169547D-01 -0.501555543281D-01  0.175120436456D-01  0.445790709503D-01
  0.271294270220D-01  0.207600240344D-02 -0.299887233769D-01 -0.306507305367D-01
 -0.141743589552D-01 -0.237698075948D-01 -0.219696490073D-01 -0.228528503873D-01
  0.159095120173D-02  0.384796793700D+00 -0.219927013359D-02  0.575198774677D-02
 -0.380867262516D-01  0.171181802891D-02 -0.206516657207D-01  0.756945778463D-02
  0.945029095530D-04 -0.400675028748D-01 -0.593600375327D-02 -0.280407608637D-01
  0.107918379438D-01  0.428719635546D-01 -0.154541626170D-01 -0.214893015472D-02
  0.522102784006D-02 -0.446235658211D-01 -0.102309321211D-01  0.298476709254D-01
 -0.251194419243D-01  0.139778488523D-01  0.472845598847D-01  0.188182860293D-01
  0.255355704696D-01 -0.319147112715D-01 -0.168473822931D-01 -0.200659864276D-01
  0.853770864647D-02  0.188266266576D-01  0.190368671330D-01 -0.124642778738D-01
 -0.214761777381D-01 -0.858851482113D-02 -0.186491798398D-01 -0.257417009855D-01
  0.216161755463D-02  0.213528200000D-01  0.128143097642D+00 -0.112664595801D-02
  0.917100696140D-03 -0.968453683085D-02 -0.190515836379D-01  0.101373541326D-01
 -0.279183514162D-01 -0.109703768833D-01 -0.286353804487D-01 -0.290696935759D-01
 -0.358075386921D-01  0.378877876506D-01  0.680723054753D-01 -0.148273732825D-01
 -0.165635170156D-01  0.148672072738D-01  0.255786204575D-03 -0.613530336245D-01
  0.276202751345D-01  0.188544753813D-02 -0.593221547508D-02 -0.380020529735D-01
  0.239271608925D-01 -0.105421925972D-01  0.148317698199D-02  0.532660392372D-02
  0.953362122732D-02  0.113551317695D-01  0.185915690485D-01 -0.260626421880D-01
 -0.427631189184D-01 -0.201062636469D-01 -0.346459031580D-01 -0.266983497007D-01
 -0.131462102331D-01 -0.663008562230D-02  0.275421728322D-01  0.474673331414D-01
  0.173385692007D+00  0.612923902871D-02 -0.606034999278D-02 -0.197651838226D-01
 -0.218370508153D-01 -0.212173951765D-01 -0.562800877685D-03 -0.113983363864D-02
 -0.180799695212D-01  0.876424069910D-02 -0.473916974812D-03  0.291643570452D-02
  0.251917434582D-01 -0.376280154042D-01  0.210075879011D-03 -0.257532426243D-01
  0.177772550388D-01  0.474343196379D-02 -0.201099810172D+00  0.136294350026D-01
  0.188339641452D-01 -0.215630865061D-01  0.193820832683D-01  0.256573222501D-01
 -0.407993537521D-01 -0.202599900782D-01 -0.168952016975D-01  0.708501598100D-02
  0.203350674975D-01  0.184078801433D-01  0.578904619520D-02 -0.143207310285D-01
 -0.358717931984D-02 -0.233049758753D-01 -0.227300616920D-01 -0.820211613862D-02
 -0.775204631962D-02  0.266779860238D-01 -0.833506333380D-02  0.354487449393D+00
  0.736780804278D-02 -0.183351909818D-01 -0.209838139714D-02 -0.183427667885D-01
 -0.670312667882D-03 -0.985216180846D-02  0.112480893077D-01 -0.574455145398D-01
 -0.856195106268D-01  0.121835940226D-01  0.938580057522D-01  0.818708707096D-01
 -0.259121055188D-02 -0.232894276413D-01 -0.143113754457D-01 -0.523176659169D-01
  0.229089046073D-02 -0.119554130475D-01 -0.213041858234D-01  0.272033759423D-01
 -0.149823958541D-01  0.128099873206D-01 -0.136310488834D-01  0.422911586542D-01
 -0.250464616548D-01 -0.253378203969D-01 -0.239740579905D-01 -0.653194444868D-02
  0.239491318090D-02  0.138077350427D-02 -0.132017999769D-01 -0.631011000563D-02
 -0.149911943479D-01 -0.211679530471D-02 -0.369975228819D-01 -0.461555611583D-01
  0.514407301376D-02  0.515320512937D-01  0.786864613005D-02  0.157562560422D+00
  0.369305753982D-01 -0.266657707203D-02 -0.116221824922D-01  0.187236889878D-01
 -0.629015279835D-02  0.142053294452D-01  0.334827024558D-01 -0.288634461168D-01
  0.120986969584D-02  0.124563837650D-01  0.236794192036D-01  0.293286052881D-01
 -0.928949548597D-02  0.643993538751D-02 -0.194947733447D-02  0.134660847609D-01
 -0.170398260146D+00  0.263559620626D-01  0.861983950009D-02 -0.175606118700D-01
 -0.208048914279D-01 -0.240260201889D-01 -0.209384854917D-01  0.286446943713D-01
 -0.282877316537D-02 -0.179837748833D-02 -0.550388727527D-02 -0.419107918335D-01
  0.142208117026D-01 -0.289882668696D-01  0.246625337320D-02  0.701422940898D-02
 -0.135796410599D-01  0.117421646230D-01 -0.652481675921D-01 -0.133075929031D-01
 -0.177682891381D-01 -0.238090272092D-01  0.610942982143D-02 -0.153718488666D-02
  0.353091796911D+00 -0.508465515644D-02  0.127396389233D-01  0.269265435089D-01
 -0.646136497250D-02  0.201480334391D-01  0.319684999052D-01  0.262255680915D-03
 -0.986158255282D-02 -0.178388069687D-01  0.204040593456D-01  0.271819823095D-01
  0.195983950000D-01 -0.119736964792D-01 -0.195513277228D-01 -0.262206093411D-01
 -0.754740528713D-02  0.408640420782D-01 -0.842183943148D-01 -0.194767776066D-01
 -0.173474528252D-01 -0.312036680749D-01 -0.101143304451D-01 -0.418627413520D-01
  0.278938830043D-01  0.176899981623D-01  0.202792592561D-01 -0.250206585619D-02
 -0.378846994880D-02 -0.670209052047D-02 -0.441874799255D-01  0.276531393831D-01
 -0.100109064836D-01 -0.315787245524D-01  0.144113116880D-01 -0.743919125283D-01
 -0.309879643588D-01 -0.306803502220D-01  0.604530474147D-01 -0.380689455739D-01
  0.525905473593D-01 -0.969854760191D-03  0.166907623834D+00  0.676365671559D-03
 -0.501338809449D-02  0.123784843137D-01 -0.715682271692D-02  0.603034547862D-02
  0.338366571526D-02 -0.161060177438D-01  0.166741967684D-01  0.111085545700D-01
  0.182558152145D-02 -0.246276940149D-01 -0.731915495620D-02 -0.199070959494D-01
 -0.721455318424D-02 -0.458552246603D-02 -0.382466654019D-01 -0.447805711521D-02
 -0.247774985715D-01 -0.190283314855D+00 -0.110150770391D+00 -0.886447935206D-01
 -0.442485321130D-02  0.184251732077D-01  0.215054671251D-01 -0.658705542121D-03
 -0.364794786195D-01 -0.422038784700D-01  0.902089989585D-02  0.839334668715D-02
 -0.317008379615D-02  0.436553831143D-02  0.172987968597D-01  0.705907286953D-01
  0.370608315570D-02  0.486619148311D-01  0.117420031449D-02 -0.877040312944D-02
 -0.349444170080D-01 -0.576880241501D-02 -0.262053741849D-01 -0.255490323980D-01
 -0.316589577434D-01  0.326124839843D+00  0.651076093451D-02  0.846912394572D-02
 -0.134643762993D-01 -0.147931907656D-01 -0.209392657154D-01  0.121504198466D-01
 -0.246003126183D-01 -0.402915627209D-01 -0.288186252697D-01  0.868137080340D-02
  0.249313473433D-01 -0.313233804351D-02 -0.280745002403D-01 -0.222995733292D-01
 -0.216347565246D-01  0.166387886323D-02 -0.244943307671D-01  0.178524333005D-01
 -0.918972600087D-01 -0.161728470621D+00 -0.506366192974D-01  0.287234584464D-01
  0.148850490227D-01 -0.239302215443D-02 -0.378099696443D-01  0.297574311065D-02
 -0.159610835703D-02  0.239746165819D-01  0.219070809914D-01  0.324283878965D-01
 -0.301893126258D-01 -0.806815672273D-02 -0.588101716685D-01 -0.109005677895D-01
  0.964174051772D-02 -0.139120248520D-01  0.147337068231D-01 -0.736325730229D-02
  0.438377567121D-01  0.161607599320D-01 -0.290464023733D-01 -0.153089495926D-02
  0.117237150539D+00  0.266061746185D+00  0.280500178951D-01 -0.767279202342D-02
  0.406618745647D-02 -0.179561430802D-02  0.129059098129D-01 -0.342411174088D-01
 -0.387861929260D-03 -0.161398464063D-01 -0.209680780221D-01 -0.929877596423D-02
  0.413223482339D-01  0.420065615145D-01  0.919582370732D-02  0.477388329270D-02
  0.203622693280D-01  0.697501682303D-02  0.341476677619D-01 -0.240559302878D-03
 -0.106998320038D+00 -0.971131846233D-01 -0.915146961918D-01 -0.176580189217D-02
 -0.678150057281D-02  0.626808803083D-02  0.440797466761D-02 -0.252412135071D-01
 -0.108211778120D-01 -0.163351173508D-01 -0.269883680425D-01 -0.707404256323D-02
 -0.436767549029D-02  0.122738969217D-01  0.306164182420D-01 -0.417358459918D-02
 -0.159373918677D-02  0.747345921999D-02  0.133566483173D-01  0.436487101498D-01
  0.290824386160D-02  0.308505380018D-01  0.171031436729D-01 -0.225252235037D-03
  0.991189939871D-01  0.327763592500D-01  0.124007226961D+00  0.171017890197D-01
  0.292771372200D-01  0.124665334679D-01  0.553524174760D-02 -0.221300909851D-01
 -0.828886119957D-02  0.113044373247D-02 -0.143148510499D-01  0.239290442962D-01
 -0.420810256396D-01 -0.300236449615D-01 -0.364563452719D-01 -0.802584931310D-02
 -0.300533253284D-01  0.242866755358D-01 -0.845511123027D-02  0.433676449744D-02
 -0.766942078084D-02 -0.736350545431D-01  0.332699167417D-01 -0.633687971673D-02
  0.503468681139D-02 -0.574655262966D-02  0.121411623047D-01 -0.356218562051D-01
  0.394358878676D-01  0.215284935755D-01  0.292737536279D-01  0.379053851876D-01
 -0.272807057436D-01 -0.429215612453D-01 -0.442290234051D-01 -0.862331568074D-01
 -0.188749360100D-02  0.242046656694D-01  0.378283338775D-01  0.155344612243D-01
  0.994457299298D-03  0.123586900570D-01 -0.386579074787D-01 -0.149781057674D-01
 -0.622530375780D-02 -0.339600556647D-01  0.205794107686D-01 -0.468322618272D-01
  0.211635538757D+00 -0.123885292631D-01  0.101634547167D-01  0.119378481992D-01
  0.112258307274D-03  0.337682154418D-02  0.207676042508D-01 -0.101344428951D-01
 -0.212624558662D-01 -0.192889641315D-01 -0.606659127948D-02  0.100530503338D-01
  0.395208401994D-03  0.121199503044D-01  0.959262933509D-03 -0.431235056929D-02
 -0.151692751156D-01 -0.203427694848D-01  0.116802596644D-01  0.421501112760D-01
 -0.331679158191D+00  0.740849458117D-01 -0.281656901337D-02  0.174568772149D-02
  0.157373512809D-01  0.883663607701D-02  0.946787839272D-02 -0.857940136583D-02
  0.657601785342D-02  0.923098098118D-02 -0.104781166138D-01  0.124546190911D-01
 -0.284659368762D-01  0.123224390337D-01  0.693819141158D-02  0.232182581395D-01
 -0.176453775028D-02 -0.199349484065D-01 -0.103243010725D-01 -0.383390214393D-01
 -0.988586367656D-02 -0.378266844562D-01  0.562760283666D-03  0.157364664533D-01
 -0.346408115654D-01 -0.174212747338D-01 -0.285280311244D-01  0.416326722750D+00
 -0.569303141461D-02  0.236122622913D-02  0.409574770202D-01 -0.191500858488D-01
  0.269777112193D-03 -0.104552811863D-01  0.471618777927D-02  0.255253067837D-01
 -0.340459029345D-01  0.304697938664D-01  0.241803570851D-02 -0.600516810629D-01
 -0.199005160196D-02 -0.126547207591D-01 -0.602369581896D-01 -0.474816952762D-02
 -0.427403159959D-01 -0.208865314907D-01 -0.126165175955D-01  0.951276312494D-01
 -0.257652044463D-01 -0.155773692706D-02 -0.287503693328D-01  0.485808898628D-01
 -0.240841782889D-01  0.293259167794D-01  0.101549577339D-02  0.723354798609D-02
  0.217847698899D-01  0.519956078073D-01 -0.310989741009D-02 -0.885713036485D-02
 -0.480603862094D-01  0.187786162222D-01  0.541314312053D-02 -0.564679469186D-01
 -0.649885937650D-01 -0.725708602825D-01 -0.255562940639D-01  0.708751731705D-02
 -0.262312402348D-01  0.337369659492D-01 -0.111314027821D-01  0.568835804200D-01
 -0.726235310783D-01  0.807840019906D-01 -0.473047503227D-01  0.237863281168D+00
$end
