$hessian (projected)
 1  1   0.4551696237   0.0549601631   0.0420589357  -0.1631422384   0.0232113507
 1  2   0.0185195529  -0.0632848033  -0.0132836757  -0.0084110694   0.0036353388
 1  3   0.0143976610   0.0106106448   0.0021077304  -0.0028687620  -0.0028373107
 1  4  -0.0004079541   0.0004258840   0.0005641750   0.0005080094  -0.0001241117
 1  5  -0.0002023683  -0.0509710435  -0.0015613522   0.0303894840  -0.1310228364
 1  6  -0.1110733698  -0.0774360662  -0.0529532646   0.0352422023  -0.0142811135
 1  7   0.0003047236   0.0005882259   0.0001246533   0.0000524843   0.0000855246
 1  8   0.0007295876   0.0001229600   0.0000423902  -0.0000093869  -0.0000709060
 1  9  -0.0000204876   0.0000620884   0.0000571741  -0.0000046245   0.0001202957
 1 10  -0.0001049980  -0.0000170184  -0.0000021024
 2  1   0.0549601631   0.5879736046   0.0033128761   0.0441395378  -0.0928937600
 2  2  -0.0208417441  -0.0188275517   0.0133133570   0.0097938969  -0.0020957477
 2  3  -0.0054484855   0.0006195268  -0.0028334651  -0.0006917183  -0.0041937175
 2  4  -0.0004817135   0.0011707068   0.0003449867  -0.0004762747  -0.0002561249
 2  5  -0.0001250538  -0.0013359283  -0.0508843987   0.0098095621  -0.1007825463
 2  6  -0.1765639247  -0.0859686017   0.0274773270  -0.2759966678   0.0873684799
 2  7  -0.0002276920   0.0004848380   0.0001573082   0.0005688563  -0.0002109612
 2  8  -0.0002846910  -0.0000440760  -0.0000273779  -0.0000519813   0.0000687984
 2  9  -0.0000190318   0.0000644333  -0.0001583819   0.0000504633  -0.0000102954
 2 10   0.0000486945  -0.0000005189   0.0000050148
 3  1   0.0420589357   0.0033128761   0.5842020593   0.0336775741  -0.0208313799
 3  2  -0.0816649538  -0.0118530708   0.0099195075   0.0088187245  -0.0014721796
 3  3   0.0002545364  -0.0060596068  -0.0017762968  -0.0033854621   0.0024385332
 3  4  -0.0002701141  -0.0000984656   0.0009686697  -0.0003209080  -0.0001578081
 3  5  -0.0001610783   0.0219007691   0.0100239166  -0.3118031613  -0.0701274952
 3  6  -0.0857598952  -0.1123668242  -0.0113393870   0.0868933459  -0.0842260807
 3  7   0.0003155771  -0.0004667382  -0.0003716326  -0.0007211635   0.0001806671
 3  8   0.0003242903   0.0000110730   0.0000592267  -0.0000491925  -0.0000010827
 3  9  -0.0000078333  -0.0000138932  -0.0000937820   0.0000501883  -0.0000498428
 3 10   0.0000115509   0.0000133176   0.0000139894
 4  1  -0.1631422384   0.0441395378   0.0336775741   0.4823184433   0.0376099461
 4  2   0.0190646597  -0.1972409239  -0.0505771686  -0.0339267885   0.0154881003
 4  3  -0.0406395584  -0.0296946172  -0.0458023939  -0.0211708852  -0.0145114204
 4  4  -0.0012185521   0.0052813783   0.0060837129  -0.0043002077  -0.0018736666
 4  5  -0.0005387985  -0.0223334418   0.0059717876   0.0111282482  -0.0367091599
 4  6   0.0113745376   0.0090579630  -0.0238005578   0.0120398374   0.0031456218
 4  7  -0.0011759680  -0.0013540896  -0.0015073080  -0.0012651897  -0.0011402859
 4  8  -0.0010703899  -0.0003578162  -0.0000888116  -0.0004799554   0.0003720497
 4  9  -0.0001686630  -0.0000263700  -0.0010558130   0.0006140110  -0.0003615176
 4 10   0.0002236692  -0.0000179071  -0.0000406139
 5  1   0.0232113507  -0.0928937600  -0.0208313799   0.0376099461   0.2556127182
 5  2   0.1321387269  -0.0388621887  -0.1273815307  -0.0440636511  -0.0380511646
 5  3  -0.0524016125  -0.0603353936   0.0020826649   0.0096181588   0.0007223305
 5  4   0.0015354294  -0.0002447934  -0.0016728798  -0.0001000702   0.0007964418
 5  5   0.0007506685   0.0007813197   0.0000504268  -0.0025204528  -0.0211577247
 5  6   0.0092640415   0.0068386813   0.0336758157  -0.0041374900  -0.0108425332
 5  7  -0.0021505297   0.0016204767  -0.0000882837   0.0006404556   0.0000059145
 5  8  -0.0002894777   0.0000391196  -0.0003344335   0.0005364505   0.0006313348
 5  9   0.0005192146  -0.0002060762   0.0002487047  -0.0000755745  -0.0000512487
 5 10  -0.0001344633  -0.0000181984  -0.0000854811
 6  1   0.0185195529  -0.0208417441  -0.0816649538   0.0190646597   0.1321387269
 6  2   0.1739821860  -0.0262807863  -0.0441320046  -0.0986351719  -0.0283067399
 6  3  -0.0604472926  -0.0145387554   0.0050513537   0.0005800725   0.0111066582
 6  4   0.0008708188  -0.0016686085  -0.0003395877   0.0000665713   0.0005836878
 6  5   0.0005413977   0.0362128340  -0.0117946893  -0.0010161143  -0.0144249777
 6  6   0.0061099324   0.0050438817  -0.0103394881  -0.0012307183   0.0046360208
 6  7   0.0009922671   0.0001002996  -0.0000882653  -0.0022334473   0.0001612241
 6  8   0.0009928862   0.0003167577   0.0000383706   0.0003946806   0.0004329079
 6  9   0.0004197278  -0.0002645022   0.0002226323  -0.0000230969  -0.0000861916
 6 10  -0.0001649161   0.0000061127  -0.0000641689
 7  1  -0.0632848033  -0.0188275517  -0.0118530708  -0.1972409239  -0.0388621887
 7  2  -0.0262807863   0.5902587167  -0.0800268042  -0.0734999065  -0.1432884263
 7  3   0.1061113785   0.0818955775  -0.1657197023   0.0293598085   0.0233413078
 7  4  -0.0301457498   0.0022742335   0.0033934770   0.0010663106  -0.0010309581
 7  5  -0.0017430077   0.0036688473  -0.0014558636  -0.0026912311  -0.0026049454
 7  6   0.0024998706   0.0017739667   0.0037681869  -0.0030023390  -0.0006366789
 7  7   0.0023585267  -0.0006962424   0.0022823655  -0.0003981226   0.0015869969
 7  8   0.0020030974   0.0015584378   0.0003528960   0.0012485470   0.0008258615
 7  9   0.0012608572   0.0002816564  -0.0000443572   0.0002754750   0.0006550436
 7 10  -0.0007778567   0.0001804314  -0.0001703575
 8  1  -0.0132836757   0.0133133570   0.0099195075  -0.0505771686  -0.1273815307
 8  2  -0.0441320046  -0.0800268042   0.6773710512   0.3374772926   0.0939814383
 8  3  -0.4616868005  -0.2914773349   0.0236662042  -0.0901889354  -0.0006954460
 8  4  -0.0090842894   0.0091985297   0.0114590533  -0.0035786455  -0.0044151481
 8  5  -0.0034142049   0.0055495445   0.0011355680  -0.0034460661   0.0057835772
 8  6  -0.0021180628  -0.0019399650   0.0075507561  -0.0015793006   0.0015093253
 8  7   0.0325089870  -0.0140588060  -0.0125750081  -0.0078289399   0.0012142519
 8  8  -0.0005911498  -0.0008915342   0.0005615238  -0.0023206627  -0.0023585524
 8  9  -0.0022188042   0.0005396382  -0.0018546592   0.0008858751  -0.0004207632
 8 10   0.0004437618  -0.0000327684   0.0001077887
 9  1  -0.0084110694   0.0097938969   0.0088187245  -0.0339267885  -0.0440636511
 9  2  -0.0986351719  -0.0734999065   0.3374772926   0.4921519480   0.0738827298
 9  3  -0.2923113313  -0.3031559917   0.0196074957  -0.0001123856  -0.0915873607
 9  4  -0.0106603330   0.0120919951   0.0083657363  -0.0023782201  -0.0042391088
 9  5  -0.0029831811   0.0057806829   0.0008030296  -0.0013025199   0.0044309630
 9  6  -0.0018448115  -0.0012952105   0.0034740836  -0.0024036173   0.0015599266
 9  7  -0.0075029918   0.0000073753   0.0000207218   0.0324970986  -0.0137134722
 9  8  -0.0116068338  -0.0018338568   0.0002276025  -0.0022680778  -0.0009088179
 9  9  -0.0017665421   0.0009162274  -0.0016551952   0.0002016320   0.0006655656
 9 10   0.0011041255  -0.0001479043   0.0003354970
10  1   0.0036353388  -0.0020957477  -0.0014721796   0.0154881003  -0.0380511646
10  2  -0.0283067399  -0.1432884263   0.0939814383   0.0738827298   0.1286776046
10  3  -0.0878391657  -0.0704168393   0.0006736871   0.0284676033   0.0216466668
10  4   0.0020614452   0.0006491992   0.0016444420  -0.0011219641   0.0006877403
10  5   0.0004009040   0.0003830007   0.0010294102  -0.0011533516   0.0017269097
10  6  -0.0017553638  -0.0013993313   0.0005535757  -0.0005007089   0.0013978008
10  7  -0.0049974998   0.0024657697   0.0025953061  -0.0031621675   0.0022350482
10  8   0.0013470255  -0.0002627999  -0.0001672814   0.0001465921  -0.0004270479
10  9   0.0009547484  -0.0002224607   0.0000580067   0.0000347264  -0.0002929785
10 10   0.0000022367  -0.0000962518   0.0002024137
11  1   0.0143976610  -0.0054484855   0.0002545364  -0.0406395584  -0.0524016125
11  2  -0.0604472926   0.1061113785  -0.4616868005  -0.2923113313  -0.0878391657
11  3   0.5276870395   0.3781319025   0.0115257372  -0.0101496612  -0.0273668294
11  4  -0.0034731705  -0.0030973696  -0.0014075860   0.0007180558   0.0020273544
11  5   0.0009543206  -0.0027991587  -0.0001416106   0.0013450783  -0.0009580782
11  6   0.0012313234   0.0004589834  -0.0027589234   0.0014362577  -0.0006568841
11  7   0.0002667669   0.0010101557  -0.0003268870   0.0037886772  -0.0024380016
11  8   0.0004044151   0.0006418442   0.0001023993   0.0009866370   0.0013415244
11  9   0.0019212748  -0.0001410948   0.0004440051  -0.0001558574   0.0003566515
11 10  -0.0007675954   0.0001035941  -0.0002346199
12  1   0.0106106448   0.0006195268  -0.0060596068  -0.0296946172  -0.0603353936
12  2  -0.0145387554   0.0818955775  -0.2914773349  -0.3031559917  -0.0704168393
12  3   0.3781319025   0.3202779444   0.0102566378  -0.0292664120   0.0015953529
12  4  -0.0020957703  -0.0013105551  -0.0029533108   0.0000296055   0.0012465315
12  5   0.0017023435  -0.0020427211  -0.0001931645   0.0013124992  -0.0007094033
12  6   0.0004788579   0.0010185143  -0.0020166467   0.0008954005  -0.0002174495
12  7   0.0049315523  -0.0002456437  -0.0015368683  -0.0019371358   0.0009641675
12  8   0.0013561255   0.0008065203  -0.0003865858   0.0019124919   0.0005120528
12  9   0.0008161722  -0.0002779021   0.0003997043   0.0000437441  -0.0000200547
12 10  -0.0005291616   0.0000187867  -0.0004153325
13  1   0.0021077304  -0.0028334651  -0.0017762968  -0.0458023939   0.0020826649
13  2   0.0050513537  -0.1657197023   0.0236662042   0.0196074957   0.0006736871
13  3   0.0115257372   0.0102566378   0.4767216370   0.0087374266   0.0019154895
13  4  -0.1270969818  -0.0322103083  -0.0386955044  -0.0389429505  -0.0173370330
13  5  -0.0111315505  -0.0005009783   0.0000941313   0.0002296784  -0.0009457863
13  6   0.0003080061   0.0002553718  -0.0004121848   0.0002855696  -0.0000171646
13  7  -0.0494347256   0.0108813835  -0.0036071692  -0.0480112976  -0.0040262514
13  8   0.0203747720   0.0000158892  -0.0017515924  -0.0020917416   0.0008276212
13  9  -0.0020104935   0.0000273403  -0.0051924685   0.0025145352  -0.0000381892
13 10   0.0017129047   0.0000734851  -0.0003605230
14  1  -0.0028687620  -0.0006917183  -0.0033854621  -0.0211708852   0.0096181588
14  2   0.0005800725   0.0293598085  -0.0901889354  -0.0001123856   0.0284676033
14  3  -0.0101496612  -0.0292664120   0.0087374266   0.5513894454  -0.0088454803
14  4  -0.0400527927  -0.1093193776  -0.0287078485   0.0100923036   0.0066568732
14  5   0.0042490241   0.0003164033  -0.0000585566   0.0004635161  -0.0011218011
14  6   0.0004490694   0.0001956165  -0.0006015378  -0.0002507419  -0.0000133227
14  7   0.0096914289  -0.2963992825   0.0335241342  -0.0046782874  -0.0495629433
14  8   0.0446150878   0.0050292606   0.0028058129   0.0039733561  -0.0267088156
14  9  -0.0151668859  -0.0177206126   0.0039630150  -0.0005388564  -0.0004210642
14 10   0.0015456322   0.0014075995   0.0008717808
15  1  -0.0028373107  -0.0041937175   0.0024385332  -0.0145114204   0.0007223305
15  2   0.0111066582   0.0233413078  -0.0006954460  -0.0915873607   0.0216466668
15  3  -0.0273668294   0.0015953529   0.0019154895  -0.0088454803   0.5331612355
15  4  -0.0440072563  -0.0292676005  -0.1107362735   0.0122045316   0.0073221202
15  5   0.0085570929  -0.0008922825  -0.0000172822  -0.0002632912  -0.0009093375
15  6   0.0002317399   0.0003866526   0.0007901470   0.0004479061  -0.0002484046
15  7  -0.0031997648   0.0337676971  -0.0468105996   0.0247446538   0.0434716982
15  8  -0.2922844102  -0.0257554277  -0.0164218980  -0.0164373417   0.0035675835
15  9   0.0016802911   0.0015587392   0.0041160884  -0.0010081978  -0.0007017663
15 10  -0.0002136685   0.0001726685   0.0002651833
16  1  -0.0004079541  -0.0004817135  -0.0002701141  -0.0012185521   0.0015354294
16  2   0.0008708188  -0.0301457498  -0.0090842894  -0.0106603330   0.0020614452
16  3  -0.0034731705  -0.0020957703  -0.1270969818  -0.0400527927  -0.0440072563
16  4   0.4593463701  -0.0042484131  -0.0004321008  -0.1756020453   0.0282583677
16  5   0.0269363619   0.0000314987  -0.0000720767  -0.0000235872  -0.0001003535
16  6   0.0000909020   0.0000880113   0.0000664573  -0.0000475319  -0.0000619108
16  7   0.0003259947   0.0003718097   0.0006496959   0.0008499503   0.0005023184
16  8   0.0000842165  -0.0490892810  -0.0020631863   0.0054688260  -0.0481904327
16  9   0.0165846226  -0.0025459281  -0.0247910052   0.0108938535   0.0185389827
16 10  -0.0060393609   0.0012858709   0.0074600877
17  1   0.0004258840   0.0011707068  -0.0000984656   0.0052813783  -0.0002447934
17  2  -0.0016686085   0.0022742335   0.0091985297   0.0120919951   0.0006491992
17  3  -0.0030973696  -0.0013105551  -0.0322103083  -0.1093193776  -0.0292676005
17  4  -0.0042484131   0.5948086623  -0.0288897169   0.0226362931  -0.1097078018
17  5  -0.0123597283   0.0002263488  -0.0000319684  -0.0000454653   0.0003831813
17  6  -0.0000927472  -0.0000919299  -0.0000509075  -0.0000153125   0.0000537205
17  7  -0.0267231763  -0.0146697823  -0.0176454615   0.0040716751   0.0022708723
17  8   0.0017589499  -0.0030492503  -0.0645720142   0.0476002950   0.0122766770
17  9  -0.3023743122   0.0400789916  -0.0179291766   0.0076608147   0.0087709546
17 10   0.0359863618  -0.0109841066  -0.0189773753
18  1   0.0005641750   0.0003449867   0.0009686697   0.0060837129  -0.0016728798
18  2  -0.0003395877   0.0033934770   0.0114590533   0.0083657363   0.0016444420
18  3  -0.0014075860  -0.0029533108  -0.0386955044  -0.0287078485  -0.1107362735
18  4  -0.0004321008  -0.0288897169   0.5417025170   0.0696748929  -0.0294523565
18  5  -0.0876840691   0.0000340126  -0.0000014468  -0.0000514487   0.0004152988
18  6  -0.0000913004  -0.0000721898   0.0002214237  -0.0000530676  -0.0000553960
18  7   0.0037950873   0.0014444689   0.0019710889  -0.0267330855  -0.0166953564
18  8  -0.0181365873   0.0086123985   0.0481718240  -0.2747237953  -0.0031196790
18  9   0.0351765733  -0.0564888621  -0.0166848156   0.0052264099   0.0000942953
18 10  -0.0087737354   0.0051482429  -0.0018607869
19  1   0.0005080094  -0.0004762747  -0.0003209080  -0.0043002077  -0.0001000702
19  2   0.0000665713   0.0010663106  -0.0035786455  -0.0023782201  -0.0011219641
19  3   0.0007180558   0.0000296055  -0.0389429505   0.0100923036   0.0122045316
19  4  -0.1756020453   0.0226362931   0.0696748929   0.5672680512   0.0446286498
19  5   0.0604591124  -0.0001074953   0.0000677220   0.0000658026  -0.0002705510
19  6   0.0000080337   0.0000108152  -0.0001168884   0.0000873830   0.0000412607
19  7   0.0022759946   0.0003716098   0.0011215352   0.0021780619   0.0011078617
19  8   0.0011312112  -0.0134947396   0.0041844535   0.0117853663  -0.0076318898
19  9   0.0040716672   0.0021849681  -0.2599372844  -0.1367396937  -0.1375633850
19 10  -0.0717704115   0.0529206510  -0.0185131598
20  1  -0.0001241117  -0.0002561249  -0.0001578081  -0.0018736666   0.0007964418
20  2   0.0005836878  -0.0010309581  -0.0044151481  -0.0042391088   0.0006877403
20  3   0.0020273544   0.0012465315  -0.0173370330   0.0066568732   0.0073221202
20  4   0.0282583677  -0.1097078018  -0.0294523565   0.0446286498   0.6544611138
20  5   0.0391964862  -0.0000647512  -0.0000051356   0.0000274223  -0.0001367047
20  6   0.0000421729   0.0000411564  -0.0000364353   0.0000132960  -0.0000184719
20  7   0.0000791902   0.0015981709   0.0004541095   0.0005278184   0.0000813825
20  8   0.0008569406  -0.0010752058   0.0045895846  -0.0023991909   0.0351850983
20  9  -0.0089176658  -0.0160277636  -0.1439807659  -0.1583602330  -0.1067776851
20 10   0.0562927676  -0.3886042809   0.1093439305
21  1  -0.0002023683  -0.0001250538  -0.0001610783  -0.0005387985   0.0007506685
21  2   0.0005413977  -0.0017430077  -0.0034142049  -0.0029831811   0.0004009040
21  3   0.0009543206   0.0017023435  -0.0111315505   0.0042490241   0.0085570929
21  4   0.0269363619  -0.0123597283  -0.0876840691   0.0604591124   0.0391964862
21  5   0.1966700194  -0.0000387681  -0.0000163040   0.0000237518  -0.0000464390
21  6   0.0000408736   0.0000206978  -0.0000308386  -0.0000125352  -0.0000084046
21  7   0.0000962838   0.0001837900  -0.0000771421   0.0005850123   0.0008336419
21  8   0.0021250353   0.0358071633  -0.0126354782  -0.0098107723  -0.0003262383
21  9  -0.0011393419   0.0014789413  -0.0994870267  -0.0758404557  -0.0775243192
21 10  -0.0107398019   0.0593342970  -0.0328703131
22  1  -0.0509710435  -0.0013359283   0.0219007691  -0.0223334418   0.0007813197
22  2   0.0362128340   0.0036688473   0.0055495445   0.0057806829   0.0003830007
22  3  -0.0027991587  -0.0020427211  -0.0005009783   0.0003164033  -0.0008922825
22  4   0.0000314987   0.0002263488   0.0000340126  -0.0001074953  -0.0000647512
22  5  -0.0000387681   0.0625115115  -0.0034142033  -0.0383274498   0.0045966822
22  6   0.0021687282  -0.0180234671   0.0026848803  -0.0013281343  -0.0043849183
22  7  -0.0000511602   0.0000282042   0.0000579259   0.0001826204  -0.0000837060
22  8  -0.0002102626  -0.0000685944  -0.0000254475  -0.0000634022  -0.0000165707
22  9  -0.0000313535  -0.0000065596  -0.0000333476   0.0000118671  -0.0000079614
22 10   0.0000235908   0.0000002670   0.0000115682
23  1  -0.0015613522  -0.0508843987   0.0100239166   0.0059717876   0.0000504268
23  2  -0.0117946893  -0.0014558636   0.0011355680   0.0008030296   0.0010294102
23  3  -0.0001416106  -0.0001931645   0.0000941313  -0.0000585566  -0.0000172822
23  4  -0.0000720767  -0.0000319684  -0.0000014468   0.0000677220  -0.0000051356
23  5  -0.0000163040  -0.0034142033   0.0478104278  -0.0073168458   0.0029865787
23  6   0.0020922305  -0.0214626540  -0.0036616660   0.0001324388   0.0299470692
23  7   0.0000258299  -0.0000514123  -0.0000381228  -0.0000093387  -0.0000479916
23  8   0.0000338851   0.0000120036   0.0000184389   0.0000044783  -0.0000208156
23  9  -0.0000158292   0.0000157212   0.0000081036  -0.0000045336   0.0000109579
23 10  -0.0000002509   0.0000019058   0.0000014515
24  1   0.0303894840   0.0098095621  -0.3118031613   0.0111282482  -0.0025204528
24  2  -0.0010161143  -0.0026912311  -0.0034460661  -0.0013025199  -0.0011533516
24  3   0.0013450783   0.0013124992   0.0002296784   0.0004635161  -0.0002632912
24  4  -0.0000235872  -0.0000454653  -0.0000514487   0.0000658026   0.0000274223
24  5   0.0000237518  -0.0383274498  -0.0073168458   0.3343715474   0.0006508646
24  6   0.0016782985  -0.0113478452  -0.0002043114  -0.0000415930  -0.0100341605
24  7  -0.0001050675   0.0000817049   0.0000240700   0.0000065856  -0.0000264325
24  8   0.0000531565   0.0000249240   0.0000026101   0.0000365719   0.0000012147
24  9   0.0000004049  -0.0000030375   0.0000163106  -0.0000084134   0.0000068028
24 10  -0.0000081139  -0.0000033283  -0.0000068211
25  1  -0.1310228364  -0.1007825463  -0.0701274952  -0.0367091599  -0.0211577247
25  2  -0.0144249777  -0.0026049454   0.0057835772   0.0044309630   0.0017269097
25  3  -0.0009580782  -0.0007094033  -0.0009457863  -0.0011218011  -0.0009093375
25  4  -0.0001003535   0.0003831813   0.0004152988  -0.0002705510  -0.0001367047
25  5  -0.0000464390   0.0045966822   0.0029865787   0.0006508646   0.1602067501
25  6   0.1127244454   0.0778759915   0.0052142675   0.0022697755   0.0029443257
25  7   0.0000020201   0.0000192218  -0.0000554125  -0.0000338679  -0.0000361075
25  8   0.0000072988  -0.0000143420   0.0000003687  -0.0000333704   0.0000164818
25  9  -0.0000145653   0.0000104088  -0.0000756381   0.0000410654  -0.0000194003
25 10   0.0000143690  -0.0000006861  -0.0000093153
26  1  -0.1110733698  -0.1765639247  -0.0857598952   0.0113745376   0.0092640415
26  2   0.0061099324   0.0024998706  -0.0021180628  -0.0018448115  -0.0017553638
26  3   0.0012313234   0.0004788579   0.0003080061   0.0004490694   0.0002317399
26  4   0.0000909020  -0.0000927472  -0.0000913004   0.0000080337   0.0000421729
26  5   0.0000408736   0.0021687282   0.0020922305   0.0016782985   0.1127244454
26  6   0.1821134125   0.0937907642  -0.0163403141  -0.0164266380  -0.0146481221
26  7  -0.0000418026  -0.0000003536   0.0000148906  -0.0000018568   0.0000023734
26  8  -0.0000038312   0.0000084412  -0.0000019995   0.0000209603   0.0000125645
26  9   0.0000155095  -0.0000086007   0.0000170684  -0.0000058369  -0.0000030206
26 10   0.0000001092  -0.0000005703  -0.0000067355
27  1  -0.0774360662  -0.0859686017  -0.1123668242   0.0090579630   0.0068386813
27  2   0.0050438817   0.0017739667  -0.0019399650  -0.0012952105  -0.0013993313
27  3   0.0004589834   0.0010185143   0.0002553718   0.0001956165   0.0003866526
27  4   0.0000880113  -0.0000919299  -0.0000721898   0.0000108152   0.0000411564
27  5   0.0000206978  -0.0180234671  -0.0214626540  -0.0113478452   0.0778759915
27  6   0.0937907642   0.1121594365   0.0078186739   0.0080902535   0.0064459582
27  7  -0.0000130120   0.0000141915   0.0000130294  -0.0000305064   0.0000270427
27  8  -0.0000095774   0.0000023470  -0.0000090153   0.0000108808   0.0000096804
27  9   0.0000167363  -0.0000036215   0.0000151389  -0.0000019317  -0.0000047588
27 10  -0.0000055767   0.0000006716   0.0000009760
28  1  -0.0529532646   0.0274773270  -0.0113393870  -0.0238005578   0.0336758157
28  2  -0.0103394881   0.0037681869   0.0075507561   0.0034740836   0.0005535757
28  3  -0.0027589234  -0.0020166467  -0.0004121848  -0.0006015378   0.0007901470
28  4   0.0000664573  -0.0000509075   0.0002214237  -0.0001168884  -0.0000364353
28  5  -0.0000308386   0.0026848803  -0.0036616660  -0.0002043114   0.0052142675
28  6  -0.0163403141   0.0078186739   0.0651787135  -0.0450127736   0.0117932630
28  7   0.0001538872  -0.0002714235  -0.0001109380  -0.0002570793   0.0000363375
28  8   0.0000301913  -0.0000180508   0.0000000313  -0.0000332790  -0.0000593055
28  9  -0.0000331579  -0.0000267948  -0.0000274651   0.0000235415  -0.0000308624
28 10   0.0000248279   0.0000033299   0.0000047637
29  1   0.0352422023  -0.2759966678   0.0868933459   0.0120398374  -0.0041374900
29  2  -0.0012307183  -0.0030023390  -0.0015793006  -0.0024036173  -0.0005007089
29  3   0.0014362577   0.0008954005   0.0002855696  -0.0002507419   0.0004479061
29  4  -0.0000475319  -0.0000153125  -0.0000530676   0.0000873830   0.0000132960
29  5  -0.0000125352  -0.0013281343   0.0001324388  -0.0000415930   0.0022697755
29  6  -0.0164266380   0.0080902535  -0.0450127736   0.2967070680  -0.0926695115
29  7   0.0000156533   0.0000746441  -0.0000091272  -0.0000746269   0.0000332858
29  8   0.0000745253   0.0000154168   0.0000040263  -0.0000124592   0.0000093062
29  9   0.0000214495   0.0000114469   0.0000150123  -0.0000132623   0.0000161442
29 10  -0.0000140417  -0.0000030531   0.0000036071
30  1  -0.0142811135   0.0873684799  -0.0842260807   0.0031456218  -0.0108425332
30  2   0.0046360208  -0.0006366789   0.0015093253   0.0015599266   0.0013978008
30  3  -0.0006568841  -0.0002174495  -0.0000171646  -0.0000133227  -0.0002484046
30  4  -0.0000619108   0.0000537205  -0.0000553960   0.0000412607  -0.0000184719
30  5  -0.0000084046  -0.0043849183   0.0299470692  -0.0100341605   0.0029443257
30  6  -0.0146481221   0.0064459582   0.0117932630  -0.0926695115   0.0822046707
30  7   0.0000001678   0.0000141596  -0.0000146478   0.0000700223  -0.0000368007
30  8  -0.0000627736  -0.0000075436   0.0000082032  -0.0000074781  -0.0000086572
30  9  -0.0000102183   0.0000199881   0.0000022025  -0.0000026221   0.0000086822
30 10   0.0000033225  -0.0000024713  -0.0000004512
31  1   0.0003047236  -0.0002276920   0.0003155771  -0.0011759680  -0.0021505297
31  2   0.0009922671   0.0023585267   0.0325089870  -0.0075029918  -0.0049974998
31  3   0.0002667669   0.0049315523  -0.0494347256   0.0096914289  -0.0031997648
31  4   0.0003259947  -0.0267231763   0.0037950873   0.0022759946   0.0000791902
31  5   0.0000962838  -0.0000511602   0.0000258299  -0.0001050675   0.0000020201
31  6  -0.0000418026  -0.0000130120   0.0001538872   0.0000156533   0.0000001678
31  7   0.0533295679  -0.0097917132   0.0025217879   0.0003228709  -0.0034969892
31  8   0.0002925458   0.0011025109   0.0010242023   0.0004714544  -0.0042411854
31  9  -0.0019274940  -0.0024815164   0.0003041906   0.0001975492   0.0000914262
31 10  -0.0005797482   0.0005497893  -0.0002057971
32  1   0.0005882259   0.0004848380  -0.0004667382  -0.0013540896   0.0016204767
32  2   0.0001002996  -0.0006962424  -0.0140588060   0.0000073753   0.0024657697
32  3   0.0010101557  -0.0002456437   0.0108813835  -0.2963992825   0.0337676971
32  4   0.0003718097  -0.0146697823   0.0014444689   0.0003716098   0.0015981709
32  5   0.0001837900   0.0000282042  -0.0000514123   0.0000817049   0.0000192218
32  6  -0.0000003536   0.0000141915  -0.0002714235   0.0000746441   0.0000141596
32  7  -0.0097917132   0.3250649879  -0.0342284428   0.0003918803  -0.0061760715
32  8   0.0015801031   0.0000833013   0.0008822202  -0.0004431251  -0.0019814041
32  9   0.0003756402  -0.0018102138  -0.0000180646   0.0003144471   0.0000559225
32 10  -0.0010884689  -0.0000698727  -0.0000555491
33  1   0.0001246533   0.0001573082  -0.0003716326  -0.0015073080  -0.0000882837
33  2  -0.0000882653   0.0022823655  -0.0125750081   0.0000207218   0.0025953061
33  3  -0.0003268870  -0.0015368683  -0.0036071692   0.0335241342  -0.0468105996
33  4   0.0006496959  -0.0176454615   0.0019710889   0.0011215352   0.0004541095
33  5  -0.0000771421   0.0000579259  -0.0000381228   0.0000240700  -0.0000554125
33  6   0.0000148906   0.0000130294  -0.0001109380  -0.0000091272  -0.0000146478
33  7   0.0025217879  -0.0342284428   0.0511730258  -0.0023835065   0.0322033034
33  8  -0.0044901837   0.0008707844  -0.0000347185   0.0006895288  -0.0027149041
33  9  -0.0017565047  -0.0007899748   0.0002096315  -0.0000692135  -0.0001678009
33 10  -0.0000544473   0.0004180239   0.0004556503
34  1   0.0000524843   0.0005688563  -0.0007211635  -0.0012651897   0.0006404556
34  2  -0.0022334473  -0.0003981226  -0.0078289399   0.0324970986  -0.0031621675
34  3   0.0037886772  -0.0019371358  -0.0480112976  -0.0046782874   0.0247446538
34  4   0.0008499503   0.0040716751  -0.0267330855   0.0021780619   0.0005278184
34  5   0.0005850123   0.0001826204  -0.0000093387   0.0000065856  -0.0000338679
34  6  -0.0000018568  -0.0000305064  -0.0002570793  -0.0000746269   0.0000700223
34  7   0.0003228709   0.0003918803  -0.0023835065   0.0524160530   0.0046864044
34  8  -0.0227156727  -0.0042037527  -0.0023066850  -0.0021242157   0.0010885139
34  9   0.0002767123   0.0008578914   0.0003318175  -0.0000841399   0.0002334274
34 10  -0.0000908949   0.0000313950  -0.0001159582
35  1   0.0000855246  -0.0002109612   0.0001806671  -0.0011402859   0.0000059145
35  2   0.0001612241   0.0015869969   0.0012142519  -0.0137134722   0.0022350482
35  3  -0.0024380016   0.0009641675  -0.0040262514  -0.0495629433   0.0434716982
35  4   0.0005023184   0.0022708723  -0.0166953564   0.0011078617   0.0000813825
35  5   0.0008336419  -0.0000837060  -0.0000479916  -0.0000264325  -0.0000361075
35  6   0.0000023734   0.0000270427   0.0000363375   0.0000332858  -0.0000368007
35  7  -0.0034969892  -0.0061760715   0.0322033034   0.0046864044   0.0548664764
35  8  -0.0456429735  -0.0023697592  -0.0004566157  -0.0016979342   0.0006627531
35  9   0.0006635218  -0.0002782155   0.0002347997  -0.0001720248  -0.0001119589
35 10   0.0000150546  -0.0000734688   0.0003613990
36  1   0.0007295876  -0.0002846910   0.0003242903  -0.0010703899  -0.0002894777
36  2   0.0009928862   0.0020030974  -0.0005911498  -0.0116068338   0.0013470255
36  3   0.0004044151   0.0013561255   0.0203747720   0.0446150878  -0.2922844102
36  4   0.0000842165   0.0017589499  -0.0181365873   0.0011312112   0.0008569406
36  5   0.0021250353  -0.0002102626   0.0000338851   0.0000531565   0.0000072988
36  6  -0.0000038312  -0.0000095774   0.0000301913   0.0000745253  -0.0000627736
36  7   0.0002925458   0.0015801031  -0.0044901837  -0.0227156727  -0.0456429735
36  8   0.3210676738  -0.0024626937  -0.0020988590  -0.0002469604   0.0002632605
36  9  -0.0002518777   0.0007714520   0.0001942271  -0.0000892474   0.0004278502
36 10   0.0000015851  -0.0000717995  -0.0002811435
37  1   0.0001229600  -0.0000440760   0.0000110730  -0.0003578162   0.0000391196
37  2   0.0003167577   0.0015584378  -0.0008915342  -0.0018338568  -0.0002627999
37  3   0.0006418442   0.0008065203   0.0000158892   0.0050292606  -0.0257554277
37  4  -0.0490892810  -0.0030492503   0.0086123985  -0.0134947396  -0.0010752058
37  5   0.0358071633  -0.0000685944   0.0000120036   0.0000249240  -0.0000143420
37  6   0.0000084412   0.0000023470  -0.0000180508   0.0000154168  -0.0000075436
37  7   0.0011025109   0.0000833013   0.0008707844  -0.0042037527  -0.0023697592
37  8  -0.0024626937   0.0609681273   0.0028781889  -0.0146970532   0.0013667892
37  9  -0.0001591132  -0.0013119136   0.0010837847   0.0002016918   0.0006067081
37 10   0.0012908776  -0.0013203294  -0.0009901877
38  1   0.0000423902  -0.0000273779   0.0000592267  -0.0000888116  -0.0003344335
38  2   0.0000383706   0.0003528960   0.0005615238   0.0002276025  -0.0001672814
38  3   0.0001023993  -0.0003865858  -0.0017515924   0.0028058129  -0.0164218980
38  4  -0.0020631863  -0.0645720142   0.0481718240   0.0041844535   0.0045895846
38  5  -0.0126354782  -0.0000254475   0.0000184389   0.0000026101   0.0000003687
38  6  -0.0000019995  -0.0000090153   0.0000000313   0.0000040263   0.0000082032
38  7   0.0010242023   0.0008822202  -0.0000347185  -0.0023066850  -0.0004566157
38  8  -0.0020988590   0.0028781889   0.0617643679  -0.0479740168  -0.0006991303
38  9  -0.0062805079   0.0317926041  -0.0007456748  -0.0002351607   0.0005864751
38 10  -0.0006347217   0.0011797354  -0.0013263446
39  1  -0.0000093869  -0.0000519813  -0.0000491925  -0.0004799554   0.0005364505
39  2   0.0003946806   0.0012485470  -0.0023206627  -0.0022680778   0.0001465921
39  3   0.0009866370   0.0019124919  -0.0020917416   0.0039733561  -0.0164373417
39  4   0.0054688260   0.0476002950  -0.2747237953   0.0117853663  -0.0023991909
39  5  -0.0098107723  -0.0000634022   0.0000044783   0.0000365719  -0.0000333704
39  6   0.0000209603   0.0000108808  -0.0000332790  -0.0000124592  -0.0000074781
39  7   0.0004714544  -0.0004431251   0.0006895288  -0.0021242157  -0.0016979342
39  8  -0.0002469604  -0.0146970532  -0.0479740168   0.3039624217  -0.0004441406
39  9   0.0024342014  -0.0050616571   0.0005182585  -0.0002453651   0.0004680121
39 10   0.0003375007  -0.0004116432   0.0011306874
40  1  -0.0000709060   0.0000687984  -0.0000010827   0.0003720497   0.0006313348
40  2   0.0004329079   0.0008258615  -0.0023585524  -0.0009088179  -0.0004270479
40  3   0.0013415244   0.0005120528   0.0008276212  -0.0267088156   0.0035675835
40  4  -0.0481904327   0.0122766770  -0.0031196790  -0.0076318898   0.0351850983
40  5  -0.0003262383  -0.0000165707  -0.0000208156   0.0000012147   0.0000164818
40  6   0.0000125645   0.0000096804  -0.0000593055   0.0000093062  -0.0000086572
40  7  -0.0042411854  -0.0019814041  -0.0027149041   0.0010885139   0.0006627531
40  8   0.0002632605   0.0013667892  -0.0006991303  -0.0004441406   0.0607292143
40  9  -0.0208047378   0.0012139369   0.0011273972   0.0001834394  -0.0007745757
40 10  -0.0057165908   0.0022019596   0.0022974589
41  1  -0.0000204876  -0.0000190318  -0.0000078333  -0.0001686630   0.0005192146
41  2   0.0004197278   0.0012608572  -0.0022188042  -0.0017665421   0.0009547484
41  3   0.0019212748   0.0008161722  -0.0020104935  -0.0151668859   0.0016802911
41  4   0.0165846226  -0.3023743122   0.0351765733   0.0040716672  -0.0089176658
41  5  -0.0011393419  -0.0000313535  -0.0000158292   0.0000004049  -0.0000145653
41  6   0.0000155095   0.0000167363  -0.0000331579   0.0000214495  -0.0000102183
41  7  -0.0019274940   0.0003756402  -0.0017565047   0.0002767123   0.0006635218
41  8  -0.0002518777  -0.0001591132  -0.0062805079   0.0024342014  -0.0208047378
41  9   0.3293403500  -0.0351600314   0.0005152766   0.0003570939   0.0001508284
41 10   0.0015061816   0.0017789826  -0.0006025863
42  1   0.0000620884   0.0000644333  -0.0000138932  -0.0000263700  -0.0002060762
42  2  -0.0002645022   0.0002816564   0.0005396382   0.0009162274  -0.0002224607
42  3  -0.0001410948  -0.0002779021   0.0000273403  -0.0177206126   0.0015587392
42  4  -0.0025459281   0.0400789916  -0.0564888621   0.0021849681  -0.0160277636
42  5   0.0014789413  -0.0000065596   0.0000157212  -0.0000030375   0.0000104088
42  6  -0.0000086007  -0.0000036215  -0.0000267948   0.0000114469   0.0000199881
42  7  -0.0024815164  -0.0018102138  -0.0007899748   0.0008578914  -0.0002782155
42  8   0.0007714520  -0.0013119136   0.0317926041  -0.0050616571   0.0012139369
42  9  -0.0351600314   0.0577369906  -0.0006240440   0.0003398425   0.0007347909
42 10   0.0026072969  -0.0014900692  -0.0003136791
43  1   0.0000571741  -0.0001583819  -0.0000937820  -0.0010558130   0.0002487047
43  2   0.0002226323  -0.0000443572  -0.0018546592  -0.0016551952   0.0000580067
43  3   0.0004440051   0.0003997043  -0.0051924685   0.0039630150   0.0041160884
43  4  -0.0247910052  -0.0179291766  -0.0166848156  -0.2599372844  -0.1439807659
43  5  -0.0994870267  -0.0000333476   0.0000081036   0.0000163106  -0.0000756381
43  6   0.0000170684   0.0000151389  -0.0000274651   0.0000150123   0.0000022025
43  7   0.0003041906  -0.0000180646   0.0002096315   0.0003318175   0.0002347997
43  8   0.0001942271   0.0010837847  -0.0007456748   0.0005182585   0.0011273972
43  9   0.0005152766  -0.0006240440   0.2823414022   0.1536129105   0.1118508937
43 10   0.0058536061   0.0056278271   0.0009997757
44  1  -0.0000046245   0.0000504633   0.0000501883   0.0006140110  -0.0000755745
44  2  -0.0000230969   0.0002754750   0.0008858751   0.0002016320   0.0000347264
44  3  -0.0001558574   0.0000437441   0.0025145352  -0.0005388564  -0.0010081978
44  4   0.0108938535   0.0076608147   0.0052264099  -0.1367396937  -0.1583602330
44  5  -0.0758404557   0.0000118671  -0.0000045336  -0.0000084134   0.0000410654
44  6  -0.0000058369  -0.0000019317   0.0000235415  -0.0000132623  -0.0000026221
44  7   0.0001975492   0.0003144471  -0.0000692135  -0.0000841399  -0.0001720248
44  8  -0.0000892474   0.0002016918  -0.0002351607  -0.0002453651   0.0001834394
44  9   0.0003570939   0.0003398425   0.1536129105   0.1714385411   0.0890300385
44 10  -0.0317762079  -0.0211458958  -0.0176033118
45  1   0.0001202957  -0.0000102954  -0.0000498428  -0.0003615176  -0.0000512487
45  2  -0.0000861916   0.0006550436  -0.0004207632   0.0006655656  -0.0002929785
45  3   0.0003566515  -0.0000200547  -0.0000381892  -0.0004210642  -0.0007017663
45  4   0.0185389827   0.0087709546   0.0000942953  -0.1375633850  -0.1067776851
45  5  -0.0775243192  -0.0000079614   0.0000109579   0.0000068028  -0.0000194003
45  6  -0.0000030206  -0.0000047588  -0.0000308624   0.0000161442   0.0000086822
45  7   0.0000914262   0.0000559225  -0.0001678009   0.0002334274  -0.0001119589
45  8   0.0004278502   0.0006067081   0.0005864751   0.0004680121  -0.0007745757
45  9   0.0001508284   0.0007347909   0.1118508937   0.0890300385   0.0769134795
45 10   0.0069920928   0.0088180634  -0.0007647442
46  1  -0.0001049980   0.0000486945   0.0000115509   0.0002236692  -0.0001344633
46  2  -0.0001649161  -0.0007778567   0.0004437618   0.0011041255   0.0000022367
46  3  -0.0007675954  -0.0005291616   0.0017129047   0.0015456322  -0.0002136685
46  4  -0.0060393609   0.0359863618  -0.0087737354  -0.0717704115   0.0562927676
46  5  -0.0107398019   0.0000235908  -0.0000002509  -0.0000081139   0.0000143690
46  6   0.0000001092  -0.0000055767   0.0000248279  -0.0000140417   0.0000033225
46  7  -0.0005797482  -0.0010884689  -0.0000544473  -0.0000908949   0.0000150546
46  8   0.0000015851   0.0012908776  -0.0006347217   0.0003375007  -0.0057165908
46  9   0.0015061816   0.0026072969   0.0058536061  -0.0317762079   0.0069920928
46 10   0.0759337789  -0.0614228135   0.0094319470
47  1  -0.0000170184  -0.0000005189   0.0000133176  -0.0000179071  -0.0000181984
47  2   0.0000061127   0.0001804314  -0.0000327684  -0.0001479043  -0.0000962518
47  3   0.0001035941   0.0000187867   0.0000734851   0.0014075995   0.0001726685
47  4   0.0012858709  -0.0109841066   0.0051482429   0.0529206510  -0.3886042809
47  5   0.0593342970   0.0000002670   0.0000019058  -0.0000033283  -0.0000006861
47  6  -0.0000005703   0.0000006716   0.0000033299  -0.0000030531  -0.0000024713
47  7   0.0005497893  -0.0000698727   0.0004180239   0.0000313950  -0.0000734688
47  8  -0.0000717995  -0.0013203294   0.0011797354  -0.0004116432   0.0022019596
47  9   0.0017789826  -0.0014900692   0.0056278271  -0.0211458958   0.0088180634
47 10  -0.0614228135   0.4164609165  -0.0718029687
48  1  -0.0000021024   0.0000050148   0.0000139894  -0.0000406139  -0.0000854811
48  2  -0.0000641689  -0.0001703575   0.0001077887   0.0003354970   0.0002024137
48  3  -0.0002346199  -0.0004153325  -0.0003605230   0.0008717808   0.0002651833
48  4   0.0074600877  -0.0189773753  -0.0018607869  -0.0185131598   0.1093439305
48  5  -0.0328703131   0.0000115682   0.0000014515  -0.0000068211  -0.0000093153
48  6  -0.0000067355   0.0000009760   0.0000047637   0.0000036071  -0.0000004512
48  7  -0.0002057971  -0.0000555491   0.0004556503  -0.0001159582   0.0003613990
48  8  -0.0002811435  -0.0009901877  -0.0013263446   0.0011306874   0.0022974589
48  9  -0.0006025863  -0.0003136791   0.0009997757  -0.0176033118  -0.0007647442
48 10   0.0094319470  -0.0718029687   0.0343754571
$end
