$vibrational normal modes
 1  1   0.1531847861   0.1160716765  -0.0267861004  -0.1175691210   0.0205391032
 1  2   0.0086696634  -0.0048846295  -0.0056357541   0.0012651450   0.0042999711
 1  3  -0.0015254105  -0.0218654483  -0.1247322443  -0.1899330746  -0.2302327405
 1  4   0.0157156548  -0.0682224737   0.0053426551   0.0049556240  -0.1561003593
 1  5  -0.1477398846   0.2005289950  -0.0601712858  -0.0126956597  -0.0346898256
 1  6  -0.0056486705   0.0127456815  -0.0916379113  -0.0140369681  -0.0053209306
 1  7   0.0197872550   0.0113240837  -0.0018413828   0.0947395222  -0.0063327741
 1  8  -0.0127239445   0.0008769197  -0.0000430233   0.0245693771  -0.0000627339
 1  9  -0.0013739359   0.0353199424  -0.0006556459  -0.0001886659   0.0001641411
 1 10   0.0363207007   0.0000089477  -0.0000150056
 2  1   0.0520266918  -0.1309869530   0.0362553036   0.0360565284   0.3773390685
 2  2  -0.0112254932   0.0670100421   0.1110877644   0.0046742996  -0.1076181043
 2  3  -0.1481718024  -0.0243766498  -0.1779356347   0.0015085085  -0.0169027570
 2  4  -0.0031670967   0.0216458087  -0.0044140764   0.0017609040   0.0035460525
 2  5   0.0481523755  -0.0701765147   0.0214790621   0.0061289455   0.0050171225
 2  6   0.0798286601  -0.0955479819  -0.0905113935  -0.0006154824   0.0007315170
 2  7  -0.0060709917  -0.0025655855   0.0012499134  -0.0058511670   0.0326904704
 2  8   0.0456889170  -0.0009741167   0.0000489876  -0.0140923568   0.0000112357
 2  9   0.0012936284  -0.0225229288   0.0004889225  -0.0002630845   0.0564418241
 2 10   0.0697761805  -0.0000097867   0.0000144438
 3  1   0.0837958335  -0.0770273784   0.3572974443  -0.0448481290  -0.1020839805
 3  2  -0.0724462546  -0.0864424251  -0.1157175319   0.0501193451  -0.1499076478
 3  3   0.1030062663  -0.0151793556  -0.1325711376   0.0041600394  -0.0065883486
 3  4  -0.0009357608   0.0173461959  -0.0010401451   0.0030480167   0.0042342539
 3  5   0.0374545563  -0.0558300867   0.0139080480  -0.0000484237   0.0315532545
 3  6  -0.1099900763  -0.0597267673  -0.0656829574   0.0001639205   0.0007789252
 3  7  -0.0054507966  -0.0027169908   0.0006913671  -0.0113125358  -0.0471652325
 3  8   0.0312850616  -0.0007043723   0.0000453123  -0.0115266681   0.0000920509
 3  9   0.0008043968  -0.0142622958   0.0000696951   0.0003051728  -0.0760699611
 3 10   0.0522151700  -0.0000109618   0.0000070054
 4  1   0.1379736489   0.1535601018  -0.0423230439  -0.1069824331   0.0010662066
 4  2   0.0279418366  -0.0061919856  -0.0090841661  -0.0123317484   0.0736004377
 4  3   0.0165033136  -0.0068275773  -0.0049781894  -0.1425392698  -0.1704324008
 4  4   0.0054164196   0.0498674630  -0.0061293601   0.0075689649   0.0067057079
 4  5   0.0944568469  -0.1916597751   0.0726498026   0.0102487228   0.0727028162
 4  6   0.0062187944  -0.1007130411   0.1027981225   0.0305723279   0.0089906622
 4  7  -0.0253630519   0.0025055015   0.0013723149   0.0511074843  -0.0029422829
 4  8  -0.0029901210  -0.0005230172   0.0002179188  -0.0058398486  -0.0001842768
 4  9  -0.0000706268   0.0029084902   0.0000821240   0.0000151367   0.0000682664
 4 10  -0.0001252645  -0.0000252525   0.0000386286
 5  1   0.0327821902  -0.0080310371   0.0330349336   0.0951341713   0.2997546022
 5  2  -0.0700077498   0.0372450434  -0.0427841381  -0.0035972335  -0.0321823220
 5  3   0.1635157384   0.0156775527   0.1048284632   0.0266328239  -0.0089667061
 5  4   0.0553314815   0.2094889662  -0.0341250727   0.0161545497  -0.2005306519
 5  5  -0.0245219837   0.0497577996  -0.0027218703   0.0023280067   0.0006073401
 5  6  -0.0374230822   0.0257220561   0.0918668973   0.0125043826   0.0054882515
 5  7  -0.0136413713  -0.0025905226  -0.0007395608   0.0085233617   0.0058050650
 5  8   0.0137085014  -0.0006980887  -0.0001584899   0.0364079783   0.0001954239
 5  9   0.0001399384  -0.0000195344   0.0000779840  -0.0001563890  -0.0002468919
 5 10  -0.0002887672   0.0000137887  -0.0000107564
 6  1   0.0441234726  -0.0746224822   0.2960209611  -0.0749224336  -0.0860131009
 6  2   0.0828308723  -0.0531004267   0.0628950762  -0.0017364076   0.0776263974
 6  3  -0.1995955634   0.0045852395   0.0927232208   0.0286517765  -0.0145407736
 6  4  -0.0826786597   0.1487836655   0.0044118708   0.0298109772  -0.1513334967
 6  5  -0.0234436761   0.0311679321  -0.0220683104  -0.0154209124  -0.0022262430
 6  6   0.0539142581   0.0238362405   0.0625688909   0.0149856422   0.0014603159
 6  7  -0.0087049278  -0.0025702913  -0.0003149577   0.0043697119  -0.0096054630
 6  8   0.0095830388  -0.0003821249  -0.0000073597   0.0274564979   0.0001040510
 6  9   0.0000812463  -0.0000945202  -0.0000781293  -0.0000897796   0.0003203429
 6 10  -0.0002095843   0.0000074601  -0.0000141097
 7  1   0.1664636524   0.0847900119  -0.0175876841  -0.1246910860   0.0388040357
 7  2  -0.0037834956  -0.0001379702   0.0025822261   0.0026445843  -0.0164804380
 7  3  -0.0060295808  -0.0121213994   0.0356616003  -0.0860509088  -0.0091972900
 7  4  -0.0006056446   0.1394034556  -0.0165065733   0.0035946201   0.0220471867
 7  5   0.1098866559  -0.1181617016   0.0000638465   0.0406967825  -0.0706400426
 7  6  -0.0021411786   0.2201320368  -0.0858835676  -0.0944676081  -0.0292307454
 7  7   0.1288316710   0.0350364145  -0.0069627986  -0.0653483271   0.0030014829
 7  8   0.0082970920  -0.0016228811   0.0023329502   0.1895158363   0.0003266018
 7  9  -0.0008094308  -0.0017497663  -0.0005046277   0.0000755944  -0.0000535667
 7 10  -0.0008561854  -0.0000194239  -0.0001186327
 8  1  -0.0577660621   0.0331463091   0.0829068881  -0.0003782244   0.2228141885
 8  2   0.0132712042  -0.0485944627  -0.0502099056  -0.0079569458   0.0785901746
 8  3   0.0821044313   0.0223936125   0.0751354537   0.0136407094  -0.1090926006
 8  4  -0.1644996776  -0.0280150330   0.0784931644   0.0307296628   0.1192989622
 8  5  -0.0250451656  -0.0351768515  -0.0667701708  -0.0579706053   0.0301414389
 8  6   0.0105944732   0.0715640129  -0.0484587270   0.0016898926  -0.0169190430
 8  7   0.0367453827   0.0014331711   0.0053147822   0.0010094322   0.0007124319
 8  8   0.0021362236   0.0014622428  -0.0004468052  -0.5894912232  -0.0013362943
 8  9  -0.0016161032  -0.0020876031  -0.0001675784   0.0011732156  -0.0001919383
 8 10   0.0007876081  -0.0001071123   0.0001245099
 9  1   0.1197397450  -0.0055096181   0.1794066879   0.0934049784  -0.0468490837
 9  2   0.0235259466   0.0575879252   0.0511767521  -0.0257619414   0.0974664113
 9  3  -0.0400916137   0.0107150369   0.0473037536   0.0143348550  -0.0599792463
 9  4   0.2242593880   0.0045060137  -0.0841981446  -0.0706126885   0.1136218336
 9  5   0.0080791045   0.0437846011   0.0868565029   0.0882278285  -0.0648114777
 9  6  -0.0145404438  -0.0090226966  -0.0053174220  -0.0476828798   0.0090653556
 9  7   0.0157507821   0.0026639060   0.0003584423   0.0035404870  -0.0011185024
 9  8   0.0013651925   0.0006596519  -0.0015968489  -0.4511164476  -0.0009350443
 9  9  -0.0009346072  -0.0014997300   0.0012435209   0.0004076872   0.0001617269
 9 10   0.0006108703  -0.0000544873   0.0001343731
10  1   0.2021113014  -0.0024795431   0.0170546255  -0.1486421391   0.0849521348
10  2  -0.0471769700   0.0044913219   0.0140978706   0.0165325459  -0.1142473745
10  3  -0.0313066167  -0.0194399829   0.2707098375  -0.1449326864   0.1902764895
10  4   0.0068284160  -0.2010480219   0.0084772015  -0.0030877955  -0.0207476375
10  5   0.0002216651   0.0116444674  -0.0030464596  -0.0055370496   0.0013280232
10  6  -0.0009940424  -0.0306915313   0.0070402319   0.0144163779   0.0047681221
10  7  -0.0175831672  -0.0058732853   0.0033103846   0.0089786435  -0.0003096851
10  8  -0.0027438480   0.0002028824  -0.0006238707  -0.0935783454  -0.0000172406
10  9  -0.0000460982  -0.0001824098  -0.0000052071  -0.0001362418  -0.0000213101
10 10   0.0002832902   0.0000162721   0.0000214652
11  1  -0.1218833297  -0.0287920941   0.1292447395  -0.1313265095   0.2171749399
11  2   0.1332474431  -0.0894139629   0.0200872508   0.0227358778   0.0964663957
11  3   0.0630603813   0.0215447051   0.0980765013   0.0034127237  -0.0661561815
11  4   0.0698191251  -0.0625605358  -0.0035150088  -0.0311038515   0.1883516424
11  5  -0.0463743244   0.0381889367   0.0248449342   0.0034566183   0.0121074978
11  6  -0.0024652502  -0.0327184125  -0.0224403826  -0.0054113118  -0.0009776549
11  7  -0.0046750530   0.0026522306  -0.0074711674  -0.0139010641   0.0004773472
11  8  -0.0040992811  -0.0009252118   0.0015094932   0.3820323373   0.0004556880
11  9   0.0007545309   0.0008265352  -0.0004568155  -0.0004196228  -0.0000819936
11 10  -0.0003953606   0.0000102259  -0.0000659751
12  1   0.2138440052   0.0507177985   0.1286089524   0.2580269605  -0.0263163120
12  2  -0.1459198700   0.1123944118  -0.0378724312  -0.0615625308   0.0440278172
12  3  -0.0231560818   0.0113562093   0.0823480121   0.0073453694  -0.0748910439
12  4  -0.0783041910  -0.0453407754   0.0361990321   0.0004076341   0.1392920196
12  5  -0.0424356437   0.0146067673  -0.0092577081  -0.0241542228   0.0243381048
12  6   0.0061172982  -0.0148713097  -0.0215592142   0.0027868466  -0.0036860321
12  7  -0.0021178559   0.0018943605  -0.0046163982  -0.0108700332   0.0010166924
12  8  -0.0030869702  -0.0008163058   0.0012686922   0.2916869849   0.0005987936
12  9   0.0005906893   0.0006238700  -0.0001059044  -0.0002907525   0.0001262375
12 10  -0.0003056123   0.0000163834  -0.0000535993
13  1   0.1480280777   0.1315445997  -0.0404047308  -0.1099240633   0.0163592914
13  2   0.0235660510   0.0000243897  -0.0011874598   0.0016943322  -0.0054243498
13  3   0.0021248499  -0.0140737655  -0.0594105284   0.0204872117   0.1209205276
13  4  -0.0282036821   0.2512621476  -0.0159027265   0.0016459728   0.2337897468
13  5   0.0585837391   0.1120293774  -0.0184216689  -0.0683119156  -0.0492429404
13  6  -0.0042108260   0.0325630241  -0.0391511851   0.0579077200   0.0130422257
13  7  -0.1718440395  -0.1067921652  -0.0050208281   0.0317811721  -0.0010003087
13  8  -0.0039201878   0.0014712106  -0.0037617485  -0.0326373481  -0.0004116204
13  9   0.0067116161   0.0004838451  -0.0028311173   0.0009302079  -0.0000009487
13 10  -0.0000219925   0.0000101616  -0.0000965610
14  1  -0.0648105876   0.1654713248   0.0711619320   0.0819363010   0.1475982599
14  2  -0.0667214777  -0.1002985595  -0.1259123508  -0.0407427120   0.1188193282
14  3  -0.0776219423   0.0197263872  -0.0878728066  -0.0315175578   0.0933627425
14  4  -0.0482879271  -0.1613328504  -0.0461041015  -0.0197745771  -0.1078962158
14  5   0.1860334991   0.0590602161   0.0513998604   0.0132010558  -0.1035234048
14  6  -0.0134831655  -0.0127701433   0.0091851124   0.0585260460  -0.0255492033
14  7   0.0012212352   0.0074325957  -0.0547450221  -0.0029224097  -0.0006008837
14  8   0.0004313111  -0.0078123854  -0.0017589476   0.0386485231  -0.0031385768
14  9  -0.0534118855  -0.0031567563  -0.0520807877   0.0323561101   0.0003178955
14 10   0.0000272009   0.0000945130  -0.0003375684
15  1   0.0714890802  -0.0083051040   0.1229978087   0.0482114355  -0.0327207921
15  2   0.1940090110   0.1156511677   0.1207747890   0.0057380371   0.0916001193
15  3   0.1548406978  -0.0127224204  -0.0761652221  -0.0170712674   0.0737170142
15  4   0.0601949571  -0.1271729363   0.0411916152   0.0630358430  -0.0889538111
15  5   0.1205391069  -0.0281632615  -0.1147664834  -0.1540988522  -0.0273392590
15  6  -0.0026504822   0.0242527123  -0.0055608199   0.0069693980   0.0461926723
15  7  -0.0094861347   0.0068813509  -0.0554684912  -0.0019560277   0.0007409695
15  8   0.0002714517  -0.0094530834  -0.0034072180   0.0289427748   0.0068658095
15  9  -0.0425812532  -0.0010744712   0.0617470204  -0.0272659406  -0.0003849578
15 10  -0.0000056576   0.0001334898  -0.0001772564
16  1   0.1736630525   0.0642882949  -0.0018992202  -0.1337497545   0.0456036640
16  2  -0.0212512949   0.0071090079   0.0032261204  -0.0143125680   0.0875477142
16  3   0.0317849991   0.0260695531  -0.0949643698   0.1966729067   0.1108303508
16  4  -0.0081807334  -0.0088444999   0.0155570925  -0.0427327918  -0.0009934502
16  5  -0.0313136357  -0.0112705871  -0.2381148837   0.1735259644   0.0329322417
16  6   0.0020450015  -0.0209829098   0.0065863534   0.0446185076   0.0267213667
16  7  -0.0314579982   0.1611101699   0.0277000564  -0.0084970551   0.0001431530
16  8   0.0015750944   0.0077937003   0.0078217971  -0.0023424418   0.0030078867
16  9   0.0005373889  -0.0000332621  -0.0025554109  -0.0044492264  -0.0000113342
16 10  -0.0000238509   0.0005713132   0.0000238774
17  1  -0.1810451442   0.2071832317   0.1365301536  -0.0484178802   0.0548080491
17  2   0.0476463432   0.1258417693  -0.1204725045  -0.0169263642   0.0232564926
17  3  -0.0499178997  -0.0595587691  -0.0565457507  -0.0616544122   0.1533649055
17  4  -0.0024550170  -0.0025151234  -0.0480313102   0.0011621892  -0.0216811915
17  5  -0.1503112749  -0.0752206227   0.0329196133  -0.0334261869   0.0505234808
17  6   0.0085136321   0.0218011420  -0.0021809207  -0.1181601529  -0.0077724257
17  7  -0.0772895376   0.0424446896   0.0077862802   0.0004852836  -0.0001244861
17  8  -0.0013609695  -0.0577657712  -0.0032123227  -0.0131129777   0.0054631171
17  9   0.0077271604   0.0011739816   0.0368631077   0.0742825797   0.0002631468
17 10   0.0001162666   0.0016838226   0.0021811249
18  1   0.1398877405   0.0596836314   0.0001814652   0.2087151826   0.0078880234
18  2   0.1579389168  -0.1094955576   0.1082565314   0.0113782954   0.0180499225
18  3   0.0759595533   0.0135355742  -0.0798966249  -0.1109831783   0.1644219943
18  4  -0.0351380892   0.0180648801   0.0437903676   0.0194154152  -0.0264866367
18  5  -0.1066552109  -0.0027003089   0.2023410367   0.1110894612   0.0577956411
18  6   0.0081072978   0.0503143967  -0.0292929797   0.0454180109  -0.0249267224
18  7  -0.0065730761   0.0133883466   0.0051551488  -0.0006545360   0.0000208101
18  8  -0.0012179187  -0.0589285018   0.0225450149  -0.0101808713  -0.0768362471
18  9  -0.0042673643  -0.0005033882  -0.0021740586  -0.0210461901  -0.0001573426
18 10   0.0000219064  -0.0033152687   0.0003948227
19  1   0.1574843781   0.1094723762  -0.0344719575  -0.1146958351   0.0295454439
19  2   0.0153163218  -0.0019560353  -0.0118931553   0.0030854035  -0.0254645971
19  3  -0.0144766863   0.0279330106  -0.0096436301   0.3658215570  -0.0384683854
19  4   0.0144398270  -0.1010195087  -0.0047016380   0.0358235732  -0.0629324814
19  5  -0.0810735025  -0.0460247320   0.1836368414  -0.0935404245  -0.0327896456
19  6  -0.0033400434   0.0097442602  -0.0036563234   0.0002392432  -0.0005975178
19  7   0.0174758671  -0.0209274249  -0.0055919161  -0.0001123949  -0.0000030283
19  8  -0.0000512031   0.0046717159   0.0711167496   0.0022003801   0.0019500222
19  9  -0.0000862629   0.0000452131  -0.0002598537  -0.0001413057   0.0000015374
19 10   0.0000059015  -0.0417154316   0.0359498724
20  1  -0.1714062431   0.3418275202   0.1143975997   0.0583799376  -0.0115429930
20  2  -0.0543244828  -0.0105064776   0.1788685502   0.0326879941  -0.1282624317
20  3  -0.0024350621  -0.0390925019   0.0551163218   0.0614087054  -0.0417907864
20  4   0.0077121667   0.0048618476   0.0135918870  -0.0055674214   0.0118681872
20  5  -0.0031729297  -0.0106675698  -0.0711772098   0.0520969407  -0.0180113174
20  6  -0.0034381868  -0.0131328444   0.0018303933   0.0557445134   0.0416764219
20  7   0.0600435269  -0.0377869541  -0.0026491873   0.0001186289   0.0000669348
20  8  -0.0000576846  -0.0030479877  -0.0257517396   0.0093480124  -0.0007425345
20  9  -0.0001090419  -0.0000067659  -0.0009518841  -0.0022681771  -0.0000091959
20 10  -0.0000104553   0.0311064528   0.0710608398
21  1   0.0973801075   0.0588465736  -0.0546621755   0.1713494942   0.0218743336
21  2   0.3133507157  -0.0310847178  -0.1464354758   0.0147196823  -0.1296538896
21  3  -0.0678531864  -0.0092367486   0.0540966116   0.0481141741  -0.0449081451
21  4   0.0028280570   0.0203876223   0.0302613702  -0.1224250388  -0.0230021873
21  5   0.0120258640  -0.0256843480  -0.1277879963  -0.0188002251  -0.0246328984
21  6  -0.0043804053  -0.0347817433   0.0206873215  -0.0212267262  -0.0263646505
21  7   0.0091373085  -0.0182875180  -0.0014086093   0.0005544824   0.0000080795
21  8  -0.0001766923  -0.0044150881  -0.0020614577   0.0051350298  -0.0002720032
21  9   0.0001871781   0.0000192188  -0.0000650232   0.0003939051   0.0000078816
21 10  -0.0000109918  -0.0223508734   0.0125441575
22  1   0.1519434150   0.0950236264   0.0447864944  -0.1520817880  -0.0021715931
22  2  -0.0626982434  -0.0616881461  -0.1090479573  -0.1177095702  -0.2552078800
22  3   0.2693151152  -0.0405918157  -0.3386116785  -0.2250266594  -0.2475113548
22  4   0.1067953517  -0.2839903984   0.0113389037  -0.0365603914   0.1286910839
22  5  -0.1520452969   0.1809473790  -0.0153042247  -0.0033831103  -0.0912038129
22  6   0.5779895780   0.1611390195   0.4380202949   0.0649106093   0.0219999917
22  7  -0.1115718274  -0.0740679329   0.0130204909  -0.5230119780  -0.3748170766
22  8   0.1740665406  -0.0057837622  -0.0001848667  -0.1229112867   0.0001181654
22  9   0.0037300898  -0.0811592342   0.0015701242   0.0006170108  -0.0909954916
22 10   0.0479251736  -0.0000232887   0.0000408356
23  1  -0.0493689897  -0.2124094311   0.1075344530  -0.1595390091   0.3595596682
23  2   0.1674377606  -0.0189427513   0.2789138772  -0.5433914338  -0.3526322682
23  3  -0.1721947038  -0.0340278615  -0.2521001876  -0.0096311165  -0.0425126110
23  4  -0.0387988633  -0.0498750973   0.0127523494  -0.0039872676   0.0855678434
23  5   0.0081552642  -0.0171682815   0.0032970134  -0.0072420513   0.0516717098
23  6  -0.3208724324   0.1352511885   0.1885036572   0.0106664683   0.0018890434
23  7   0.0045617119   0.0057675803   0.0004201254  -0.0589855186  -0.2340104650
23  8  -0.6647369844   0.0147007963  -0.0002558063  -0.0297643855   0.0000244660
23  9   0.0010987352  -0.0213865508   0.0001846319   0.0001971828  -0.0047366947
23 10   0.0252774303  -0.0000008158  -0.0000094101
24  1   0.0815920955  -0.0817924471   0.3694084185  -0.0538972887  -0.1058306086
24  2  -0.0795515230  -0.0965174491  -0.1281933035   0.0239113243  -0.1917860971
24  3   0.1432331513  -0.0178831626  -0.1633979464  -0.0017055079  -0.0098418075
24  4   0.0119287713  -0.0171885892   0.0006644777  -0.0031792985   0.0448169294
24  5   0.0301341192  -0.0478168767   0.0154566880   0.0006875103   0.0197873692
24  6  -0.0327987379  -0.0223823796   0.0133650731   0.0086720443   0.0037216517
24  7  -0.0189868227  -0.0129110087   0.0026370023  -0.0963535224  -0.0855438578
24  8   0.0258940351  -0.0009206286   0.0000201119  -0.0534001318  -0.0021883138
24  9  -0.0309658125   0.6103577429  -0.0090142366  -0.0045759343   0.7036535518
24 10  -0.3216233029   0.0000735251  -0.0000530731
25  1   0.1260479584   0.1813857434  -0.0497734890  -0.1009799198  -0.0155725001
25  2   0.0383142372  -0.0103432718  -0.0187878390  -0.0322486835   0.1244063324
25  3   0.0537890361   0.0081528092   0.1290399267  -0.1396780028  -0.1880867155
25  4   0.0096546706   0.2568730976  -0.0336356522   0.0505518214  -0.4972478252
25  5  -0.0336428794   0.0383726750  -0.0149271894  -0.0095440723   0.0397006639
25  6   0.0066937912  -0.4874112674  -0.5480493388   0.0191905736   0.0163805905
25  7  -0.1127486684  -0.0744547576   0.0167866321  -0.5188725331   0.0468230384
25  8  -0.1820007455   0.0032189246   0.0002264082  -0.1797165878  -0.0000834976
25  9   0.0125437194  -0.2603830012   0.0046480326   0.0019192314  -0.0214350051
25 10  -0.5249256545  -0.0000465366   0.0000542154
26  1   0.1262942372  -0.1484680783  -0.0066211452   0.1257196621   0.4317100731
26  2  -0.0904417163   0.1377459820   0.0947735738   0.3372175782  -0.0029963600
26  3  -0.3153049699  -0.0429042183  -0.3149407741  -0.0274453723  -0.0427990375
26  4  -0.0267217224  -0.1729959599   0.0258960281  -0.0202342189   0.2045327268
26  5  -0.0191906239   0.0192407630  -0.0092135816  -0.0057821354   0.0060957524
26  6  -0.1701873392   0.2078954424   0.1843420934  -0.0147226799  -0.0111106674
26  7   0.0649045402   0.0432405161  -0.0081981442   0.3137477046  -0.4447065912
26  8   0.1169776837  -0.0016736444  -0.0002496457   0.0974952182   0.0003846330
26  9   0.0138218680  -0.2962246992   0.0051000387   0.0019750225  -0.0127212336
26 10  -0.5969058610   0.0000077181  -0.0000030528
27  1   0.0118951481  -0.1367055637   0.4490562699  -0.1958086782  -0.1336045909
27  2   0.0033360300  -0.1814423835  -0.0750594962  -0.3860011911  -0.4579454244
27  3   0.2717159363  -0.0280580106  -0.2696074565  -0.0207581842  -0.0266757195
27  4   0.0412796164  -0.1290021933   0.0060879348  -0.0243710399   0.1616770492
27  5  -0.0100931154   0.0168973957   0.0051910366   0.0116342388  -0.0585704718
27  6   0.2353157521   0.1372743618   0.1493309863  -0.0143431991  -0.0075079711
27  7   0.0518920139   0.0373219051  -0.0085860949   0.2958314726   0.5753727148
27  8   0.1072069665  -0.0017367590  -0.0000164688   0.0768851762   0.0003031217
27  9   0.0095681988  -0.2046708607   0.0035892992   0.0013765694  -0.0322122793
27 10  -0.4133255747   0.0000082389  -0.0000063771
28  1   0.1916932274   0.0468421829  -0.0650328197  -0.1066918866   0.0923324049
28  2   0.0375669505   0.0570525815   0.1131198713   0.1653975121   0.0830663785
28  3  -0.3447914155  -0.0491465308  -0.2970149623  -0.2152939120  -0.2598536502
28  4  -0.0650744798  -0.2763940050   0.0466595561  -0.0119124790   0.1104743315
28  5  -0.1573292588   0.1747536366  -0.0364451348  -0.0370244697   0.0948203603
28  6  -0.5686220274   0.2211641066   0.4206840017   0.0633467761   0.0222528953
28  7  -0.1109521748  -0.0712752053   0.0079575130  -0.4709107927   0.4283608787
28  8   0.1788601660  -0.0060359272   0.0000458078  -0.1224546489  -0.0000740328
28  9   0.0045368713  -0.1047479421   0.0015823723   0.0001048199   0.1104314581
28 10   0.0517233564  -0.0000230211   0.0000371371
29  1   0.0960882636  -0.1221942261   0.0084984727   0.1025718358   0.3993213953
29  2  -0.0710569807   0.1069217400   0.0750160438   0.2203044604  -0.0275340724
29  3  -0.2029258511  -0.0295836572  -0.2206051324  -0.0081093668  -0.0258951104
29  4  -0.0024323229  -0.0403927289   0.0029676454  -0.0074697037   0.0758043695
29  5   0.0282640455  -0.0449583179   0.0198239524   0.0059065674  -0.0077713217
29  6   0.1259259653   0.0133498881   0.0886533365   0.0118360663   0.0044747430
29  7  -0.0172154488  -0.0097623899   0.0023472797  -0.0975578679   0.1867281960
29  8  -0.1812831081   0.0036550589  -0.0000469583  -0.0604511408  -0.0008683358
29  9  -0.0295475116   0.5965784775  -0.0104335096   0.0007757762  -0.6493422841
29 10  -0.2573840005   0.0000441746  -0.0000606699
30  1   0.1842784311  -0.0164554426   0.3013671339   0.1317353578  -0.0796542929
30  2  -0.2516639794  -0.0096017961  -0.2783618087   0.5625722642   0.0297356706
30  3   0.1335737927  -0.0158581929  -0.1648180406  -0.0074713962  -0.0140528317
30  4   0.0432681333  -0.0404476436  -0.0024088190  -0.0120791163   0.0723965558
30  5   0.0049632818  -0.0037823373   0.0080873490   0.0098397150  -0.0555084987
30  6   0.3092121104   0.0994478308   0.1709855347   0.0045517468   0.0001458513
30  7   0.0160663918   0.0144029963  -0.0009795147   0.0192567797   0.2110428795
30  8  -0.6322557064   0.0141878984  -0.0001852457  -0.0049863521   0.0003296849
30  9   0.0113755508  -0.2271230751   0.0041063114  -0.0002872840   0.2282081790
30 10   0.1144447660  -0.0000089785   0.0000178514
31  1   0.1066281073   0.2118021369  -0.0169006228  -0.1130631807  -0.0557171781
31  2   0.0101376236   0.0443271962  -0.0400968496  -0.0093648568  -0.0186071451
31  3  -0.1027146516  -0.0417236663  -0.1329608196  -0.0470382404   0.3452980608
31  4   0.2073377149   0.3433428631  -0.2241598705  -0.0604541336   0.2724188881
31  5   0.0365368550   0.3794428239  -0.0258689386  -0.5558571871   0.4873902127
31  6   0.0590936560  -0.1339273069   0.0420557633   0.3418321932  -0.3097364827
31  7   0.6328064413   0.2570600541  -0.0369661239  -0.0704859763   0.0047311151
31  8   0.0079694068   0.0088569955   0.0172531810  -0.1695418666  -0.0028655848
31  9  -0.0267474856  -0.0019426458  -0.0223427903   0.0104217851  -0.0002670481
31 10   0.0003289918  -0.0010677843  -0.0014916965
32  1  -0.0789448668   0.1598853660   0.0804005374   0.0586771381   0.1420293612
32  2  -0.0456764923  -0.0663715046  -0.1236728054  -0.0367219836   0.1127959187
32  3  -0.0557885588   0.0096472619  -0.0813244204  -0.0264111066   0.0834830730
32  4  -0.1039506371  -0.1668372483  -0.0909784149  -0.0470102802  -0.1039971683
32  5   0.1972241029   0.0854298034   0.0905134350   0.0165527019  -0.0920297126
32  6  -0.0129405137  -0.0180843221   0.0129129469   0.0746211796  -0.0585425148
32  7   0.0454346839   0.0067286222   0.0536646954  -0.0057620443  -0.0002251850
32  8   0.0014353481   0.0044002574  -0.0051816751   0.0302052095   0.0331601524
32  9   0.7583089972   0.0433333853   0.5217916447  -0.3466309288  -0.0015427311
32 10  -0.0013716190   0.0001404561  -0.0001543972
33  1  -0.0368827995  -0.0772559286   0.1947944875  -0.1476936631  -0.0603428753
33  2   0.3756630880   0.4098665346   0.1434391020   0.0412970110   0.0450215464
33  3   0.3786023099  -0.1069766714  -0.0078550120   0.0563563531  -0.0669456415
33  4  -0.5418536869  -0.2169084641  -0.3218422500  -0.1883076218  -0.0834319840
33  5   0.2390670804   0.1730695419   0.2485879314   0.0997448822  -0.1036097265
33  6  -0.0154869113  -0.0251057383   0.0146355555   0.0965527036  -0.1038032111
33  7   0.0941108036  -0.0869216451   0.6890655040   0.0112510644   0.0004854175
33  8   0.0018723273   0.0799294615   0.0027795726   0.1369797738  -0.0018219905
33  9  -0.1077591401  -0.0056198286  -0.0526094054   0.0373313654   0.0002999792
33 10   0.0001380114  -0.0006821026  -0.0003902895
34  1   0.1551067749   0.1408661362  -0.1140515374  -0.0755709362   0.0488731366
34  2   0.0955858110  -0.0540770072   0.0293901623   0.0238674184  -0.0466027287
34  3   0.0978949326  -0.0115063142  -0.1110775502  -0.0754291830   0.2649345397
34  4  -0.3494947466   0.3686925724   0.1942210770   0.1604705114   0.3431210420
34  5   0.0388861937   0.4136185475   0.2699708680  -0.0062676177  -0.3230064284
34  6  -0.0571485495  -0.6049184237   0.3156465337  -0.5296710110   0.2720386019
34  7   0.3696283735   0.2493923162  -0.0334619568  -0.0464197100  -0.0031181595
34  8   0.0049613084   0.0025458983  -0.0055372008  -0.1011863131   0.0101377066
34  9  -0.0503912369  -0.0017129295   0.0618375809  -0.0235403733   0.0001846538
34 10   0.0002680101   0.0002061600  -0.0003388674
35  1   0.0393798411   0.2411069098  -0.0011100270   0.2773410028   0.1701736958
35  2  -0.2449308062  -0.3985155450  -0.1437955432  -0.0721456566   0.1463958586
35  3  -0.3086358509   0.1029434181  -0.1369145842  -0.1210399977   0.2321786327
35  4   0.5516811315   0.0187070115   0.3030713696   0.2180434334  -0.0274370525
35  5   0.0240181991  -0.0949904266  -0.2049549794  -0.2810412729   0.0031019504
35  6  -0.0007997138   0.0304422423   0.0018954865  -0.1075400686   0.0858594108
35  7   0.0300979240  -0.0923260760   0.6931242885   0.0165477004   0.0027130983
35  8   0.0014716170   0.0767429859  -0.0048271967   0.1168008861   0.0144551608
35  9  -0.1202571536  -0.0040052002   0.1074081475  -0.0424028995  -0.0005418387
35 10   0.0001128704   0.0000930470   0.0002495930
36  1   0.0889647662   0.0047143129   0.1054005085   0.0826652622  -0.0264665221
36  2   0.1708194530   0.0647275699   0.1191765543   0.0023993675   0.0920505492
36  3   0.1259381650   0.0013834123  -0.0875544273  -0.0410342726   0.1075385035
36  4   0.1230506571  -0.0861822662   0.1104672210   0.1107037095  -0.0647633650
36  5   0.0942896060  -0.0245035667  -0.1185192535  -0.1891744745  -0.0364207637
36  6  -0.0052631078  -0.0211035768   0.0234046169  -0.0689926693   0.0865726787
36  7   0.0436888059   0.0153061348   0.0838481712  -0.0049648801   0.0010932353
36  8   0.0015094237   0.0057950140  -0.0039351044   0.0227278352  -0.0840897774
36  9   0.6158917969   0.0195103391  -0.6995085976   0.2889294245   0.0020588339
36 10  -0.0007929982   0.0008789891  -0.0002515117
37  1   0.1659554336   0.0561952739   0.0720765617  -0.1681369295   0.0120030230
37  2  -0.0934469285   0.0445201033   0.1728198469  -0.0121272157   0.1744727978
37  3   0.1434331180   0.0421360560  -0.1668279270   0.1734281264   0.1984195127
37  4   0.0379800848  -0.0914011284   0.0619820502   0.2145619164  -0.0003810026
37  5  -0.1011291888  -0.0653913704  -0.4399149350   0.2699610779  -0.0733903073
37  6  -0.0227891155  -0.2900658859   0.1912959701  -0.2926978526  -0.7070190968
37  7   0.1173944731  -0.5287808226  -0.0612484674   0.0231803260  -0.0002610427
37  8  -0.0055197746  -0.0533568535  -0.0485680527   0.0377360173  -0.0565867429
37  9  -0.0030858695  -0.0001488007  -0.0007700022  -0.0059727061  -0.0000342494
37 10  -0.0000251209   0.0030865878  -0.0006691011
38  1  -0.2854158876   0.1315062432   0.2089163588  -0.2440985526   0.0321455605
38  2   0.2261041524   0.4286877824  -0.3446545073  -0.0276583882   0.0126864722
38  3  -0.0764008875  -0.0958766705  -0.0359554697  -0.0417096099   0.1365622970
38  4   0.1660598187   0.1002720300   0.4740414036   0.0470088850  -0.0805229727
38  5   0.0705950140   0.1366677313   0.3748445674   0.3143894288   0.0631693906
38  6   0.0068349949   0.0555179012  -0.0363730299   0.1548162425  -0.0621488685
38  7   0.0588126192  -0.0540234652  -0.0870745900  -0.0041560950   0.0000058192
38  8   0.0150540341   0.6901334488  -0.0091979450   0.0148297915  -0.1904793526
38  9  -0.0053776527  -0.0004137501   0.0136598527  -0.0125470343  -0.0002291149
38 10   0.0001220344  -0.0043209528  -0.0005255745
39  1   0.1207653824   0.0456209293   0.0188557610   0.1712912724   0.0012182109
39  2   0.1839027669  -0.0544554900   0.0832146809   0.0098410479   0.0235640852
39  3   0.0802337155   0.0068154653  -0.0806100846  -0.1098399094   0.1648940597
39  4  -0.0010187149   0.0322052527   0.1378373316   0.0367106070  -0.0352211421
39  5  -0.0680625817   0.0305263155   0.2304812622   0.1828548847   0.0584638551
39  6   0.0068811366   0.0401533091  -0.0244714240   0.0748438943  -0.0768287356
39  7   0.0262211985  -0.0425540401  -0.0204145390   0.0002977935   0.0000459611
39  8   0.0020019974   0.1021057394   0.0232982031  -0.0228034920   0.9627134562
39  9   0.0376490714   0.0037581441  -0.0257183942   0.1375659919   0.0015195793
39 10  -0.0004724610   0.0095078384   0.0009429370
40  1   0.2148220428  -0.0154568703  -0.0254031197  -0.1305625646   0.1173002032
40  2  -0.0077642399  -0.0158406403  -0.1669780807  -0.0492365082   0.1933835892
40  3  -0.0119357940   0.0450496173  -0.1652145440   0.1927847805   0.1888871186
40  4  -0.0708628923  -0.1567652920  -0.0754745763  -0.1693278915  -0.1751823841
40  5   0.2180252370   0.2463731695  -0.0912902695   0.2391671042   0.5712863031
40  6   0.0800563205   0.1178552527  -0.0309500415  -0.2447004518   0.4586322216
40  7   0.3288582726  -0.6399960842  -0.0680402796   0.0322915733  -0.0005909703
40  8  -0.0054450501  -0.0634543819   0.0236309813   0.0496759335  -0.0107678848
40  9   0.0072262163   0.0011522550   0.0365845397   0.0622890948   0.0001548457
40 10   0.0000079876   0.0001307704   0.0011519555
41  1  -0.1648238946   0.2089315585   0.1264916360  -0.0249650191   0.0636990249
41  2   0.0266163847   0.0888456552  -0.1082467115  -0.0189449387   0.0346291709
41  3  -0.0498518670  -0.0531678900  -0.0642518450  -0.0609391307   0.1559617622
41  4  -0.0268075377  -0.0297365269  -0.1120279340  -0.0173931634  -0.0321988147
41  5  -0.1455698155  -0.0771460075  -0.0052380789  -0.0624470539   0.0933529131
41  6   0.0150991983   0.0265169321   0.0013744587  -0.1829358640   0.0291634008
41  7  -0.0689978327  -0.0148006017  -0.0129069143   0.0037459144  -0.0002765213
41  8   0.0004148528   0.0483307669  -0.0100634362  -0.0251776902   0.1317655306
41  9  -0.0861178694  -0.0139792159  -0.4536170952  -0.8653864199  -0.0028463289
41 10  -0.0014512119  -0.0150663730  -0.0172536352
42  1   0.2476063444   0.1271462566  -0.0677854652   0.4018238127   0.0343278179
42  2  -0.0260643515  -0.4094053276   0.3302613754   0.0206057603   0.0333536082
42  3   0.1025619476   0.0640687302  -0.0951773310  -0.1176788064   0.1572928150
42  4  -0.1992036454  -0.1231794496  -0.4764655018  -0.0416369345  -0.0035133949
42  5  -0.2711601159  -0.2118091215  -0.2082939338  -0.2255290099   0.0663495136
42  6   0.0123882241   0.0061382518   0.0203435172  -0.2697747118   0.0296412929
42  7  -0.1175734311   0.0169763648  -0.0837674272  -0.0008376323  -0.0000573581
42  8   0.0146585751   0.6945943457  -0.0405141265   0.0001790126  -0.0393526057
42  9   0.0113887819   0.0018071472   0.0594505903   0.1107728003   0.0003223652
42 10   0.0002143485   0.0034478514   0.0017287676
43  1   0.1775270465   0.0606832842  -0.0158335172  -0.1277546949   0.0557352041
43  2  -0.0082412529  -0.0016186090  -0.0349496808  -0.0203450592   0.1040772106
43  3   0.0225051242  -0.0491606608  -0.0946719568   0.2313287977   0.1455857823
43  4  -0.0137156330   0.0259075583   0.0522181992  -0.2023625646  -0.0795588378
43  5  -0.4385491523  -0.3227052272   0.1170045452  -0.1456245686  -0.2499298092
43  6  -0.0347713991  -0.0550160633   0.0079007613   0.2208348870   0.1090722491
43  7   0.2413589460  -0.1707069711  -0.0176855979  -0.0003441493   0.0003882964
43  8  -0.0005014217  -0.0157040525  -0.3679566563   0.0376851434  -0.0014432741
43  9  -0.0019080923  -0.0000803735   0.0001048375  -0.0002570473  -0.0000062703
43 10   0.0000273396   0.4486751066  -0.6080641419
44  1  -0.2398415925   0.3753403075   0.1518008777  -0.0121451158  -0.0709758767
44  2   0.0070153020   0.1189205898   0.1989166464   0.0680817622  -0.3205123887
44  3  -0.0493022166   0.4483914690   0.0301732917  -0.0926026094  -0.1129434789
44  4  -0.0113068738  -0.0152854615   0.0614356633  -0.1057126711  -0.0548914090
44  5   0.2716874543   0.1647234200  -0.0375370512  -0.0261794471   0.1245899068
44  6   0.0177061747   0.0163772692   0.0106252285  -0.1823306829  -0.0927446061
44  7  -0.1546405888   0.0671693123   0.0044010299   0.0035552421  -0.0003681067
44  8   0.0001291709   0.0163065650   0.5909394754  -0.0337520466  -0.0083929000
44  9   0.0013029936  -0.0000890351   0.0030276823   0.0016184797  -0.0000050067
44 10   0.0000250728   0.3433685014  -0.4211713232
45  1   0.1506250639   0.1090639819  -0.1416905473   0.2922141034   0.0509212102
45  2   0.2765745343  -0.2063795963  -0.1282353202   0.0126635516  -0.1226924045
45  3  -0.0761922864  -0.5218643569   0.2558560561   0.5287378177  -0.3128188195
45  4   0.0867131949  -0.2191932821  -0.1717128509   0.5617796939   0.1210899309
45  5   0.3383538339   0.2959529210  -0.0015083426   0.2255949717   0.2297054380
45  6   0.0318276245   0.0696833595  -0.0247777225  -0.1170557149  -0.0457344406
45  7  -0.1415356296   0.1457576064   0.0167152373  -0.0042935501  -0.0001516239
45  8   0.0004554679   0.0030560363  -0.0498344030  -0.0132224148  -0.0023812856
45  9   0.0013285254   0.0000939599   0.0015239690   0.0041260696   0.0000032395
45 10   0.0000466215   0.2046104718  -0.3037759049
46  1   0.1202250390   0.1797165764  -0.0073168632  -0.1204358799  -0.0370625998
46  2  -0.0027790656   0.0266905696   0.1523085551   0.0459856564  -0.1934013461
46  3  -0.0054060964   0.3876263678  -0.0056426938   0.2854537513  -0.1365955135
46  4  -0.0041265375  -0.1197275675   0.1320668751  -0.1261868488  -0.1815833271
46  5   0.3391292813   0.2693464116   0.3533468160  -0.1137977525   0.2743831280
46  6   0.0416124703   0.1085424850  -0.0258224251  -0.2892320843  -0.1558157298
46  7  -0.2643231600   0.1973893436   0.0176772538  -0.0052940042   0.0000544199
46  8   0.0000314750  -0.0316366215  -0.6763681559  -0.0160605193   0.0035845308
46  9  -0.0032157926  -0.0002738138  -0.0028118181   0.0015846816   0.0000291519
46 10   0.0000243839   0.1220759528   0.1112267675
47  1  -0.1988920190   0.3423859838   0.1309811076   0.0210878719  -0.0284958955
47  2  -0.0210485925   0.0529564519   0.1580007918   0.0415538156  -0.1879771113
47  3  -0.0251180832   0.1452606365   0.0352392158  -0.0126207036  -0.0495627902
47  4   0.0012160316  -0.0152568261  -0.0295785719   0.0860334111   0.0417632557
47  5   0.0332147326   0.0284479403  -0.0586863530   0.0888487953   0.0188833569
47  6   0.0018734568   0.0044614720  -0.0068393662   0.0461866249   0.0423903046
47  7   0.0343371622  -0.0087399450   0.0027058615  -0.0006875997   0.0000982808
47  8  -0.0000020744  -0.0088506832  -0.1607372676   0.0061795863   0.0080238370
47  9   0.0023150039   0.0003617467   0.0096264833   0.0214913689   0.0001059269
47 10   0.0000194040  -0.7766985999  -0.5709353508
48  1   0.0000000000   0.0000000000   0.0000000000   0.0000000000   0.0000000000
48  2   0.4865697859   0.2444765299  -0.3886621785   0.0186957574  -0.2623523068
48  3  -0.1810283458   0.5371971955  -0.0417243969  -0.2210459413  -0.0002830927
48  4  -0.0079454965  -0.0855904557  -0.3446963293   0.6045441309   0.2689345349
48  5  -0.1869376944  -0.0868908286  -0.1507949840   0.2355122182  -0.0954911898
48  6  -0.0151772080  -0.0124035593  -0.0198510731   0.2403972912   0.1447682372
48  7   0.1595619373  -0.0634316696   0.0063635400  -0.0009926208   0.0002090772
48  8   0.0002128460  -0.0012566644  -0.1325486339   0.0099216747   0.0029367290
48  9  -0.0019354736  -0.0001577842  -0.0035253654  -0.0074711572  -0.0000533092
48 10   0.0000228651   0.1310668508   0.1242721101
$end
