$energy      SCF               SCFKIN            SCFPOT
     1 -344.2794300309      342.6600156574     -686.9394456882
     2 -344.2803845957      342.6983545507     -686.9787391464
     3 -344.2809345936      342.7243457178     -687.0052803115
     4 -344.2814553840      342.7621109033     -687.0435662873
     5 -344.2816628025      342.7653536016     -687.0470164042
     6 -344.2819147572      342.7635917984     -687.0455065556
     7 -344.2820839034      342.7621379908     -687.0442218943
     8 -344.2821405293      342.7617642935     -687.0439048228
     9 -344.2821991863      342.7620697089     -687.0442688952
    10 -344.2822517855      342.7597753096     -687.0420270951
    11 -344.2823216228      342.7542890423     -687.0366106651
    12 -344.2824089769      342.7491817246     -687.0315907015
    13 -344.2824869133      342.7504313726     -687.0329182859
    14 -344.2825226206      342.7544800851     -687.0370027057
    15 -344.2825502195      342.7594681901     -687.0420184096
    16 -344.2825642828      342.7590550975     -687.0416193804
    17 -344.2825751692      342.7562843181     -687.0388594873
    18 -344.2825908203      342.7514147964     -687.0340056167
    19 -344.2826097397      342.7487617528     -687.0313714925
    20 -344.2826265559      342.7508071806     -687.0334337365
    21 -344.2826460853      342.7571096185     -687.0397557037
    22 -344.2826694777      342.7608788286     -687.0435483063
    23 -344.2826863802      342.7601409693     -687.0428273496
    24 -344.2827073278      342.7535179193     -687.0362252471
    25 -344.2827355604      342.7437013043     -687.0264368647
    26 -344.2827566762      342.7387175244     -687.0214742006
    27 -344.2827748662      342.7438202080     -687.0265950742
    28 -344.2827869830      342.7504168674     -687.0332038504
    29 -344.2827943466      342.7535660727     -687.0363604193
    30 -344.2828034963      342.7550146112     -687.0378181074
    31 -344.2828129148      342.7517817370     -687.0345946517
    32 -344.2828150572      342.7517802370     -687.0345952942
    33 -344.2828163406      342.7520327115     -687.0348490521
    34 -344.2828177077      342.7542546299     -687.0370723376
    35 -344.2828190681      342.7570119508     -687.0398310189
    36 -344.2828200819      342.7582785880     -687.0410986699
    37 -344.2828208601      342.7588920252     -687.0417128853
    38 -344.2828220661      342.7584243696     -687.0412464357
    39 -344.2828233482      342.7576707473     -687.0404940955
    40 -344.2828247318      342.7562460436     -687.0390707754
    41 -344.2828274709      342.7554497262     -687.0382771971
    42 -344.2828351976      342.7546305400     -687.0374657376
    43 -344.2828388396      342.7555609422     -687.0383997818
    44 -344.2828421681      342.7556320299     -687.0384741980
    45 -344.2828435101      342.7555802489     -687.0384237590
    46 -344.2828443785      342.7550553749     -687.0378997534
    47 -344.2828448938      342.7547568018     -687.0376016955
    48 -344.2828454743      342.7550640526     -687.0379095269
    49 -344.2828459507      342.7551774089     -687.0380233596
    50 -344.2828464067      342.7558769222     -687.0387233289
    51 -344.2828469763      342.7564145120     -687.0392614883
    52 -344.2828474557      342.7568638569     -687.0397113127
    53 -344.2828489065      342.7568904033     -687.0397393098
    54 -344.2828503554      342.7564773906     -687.0393277460
    55 -344.2828511708      342.7566052993     -687.0394564702
    56 -344.2828542898      342.7567881712     -687.0396424610
    57 -344.2828565317      342.7574002797     -687.0402568114
    58 -344.2828586931      342.7575160170     -687.0403747101
    59 -344.2828594896      342.7572564338     -687.0401159234
    60 -344.2828600591      342.7569273887     -687.0397874478
    61 -344.2828603991      342.7568478584     -687.0397082575
    62 -344.2828605845      342.7567444704     -687.0396050549
    63 -344.2828608220      342.7566955956     -687.0395564177
    64 -344.2828609781      342.7566125676     -687.0394735457
    65 -344.2828610670      342.7562688647     -687.0391299317
    66 -344.2828614020      342.7560662138     -687.0389276159
    67 -344.2828619117      342.7560057346     -687.0388676463
    68 -344.2828622247      342.7559506408     -687.0388128655
    69 -344.2828623676      342.7560394182     -687.0389017858
$end
