$hessapprox
  0.537468890266D+00  0.106104002236D-02  0.478746414503D+00  0.466299618304D-01
 -0.352507717907D-03  0.514578099116D+00 -0.651610580635D-01  0.191807203260D-01
  0.252750856754D-02  0.445656187007D+00 -0.860665821065D-02 -0.446736275647D-01
 -0.502710875351D-02 -0.524874551939D-02  0.487670173704D+00  0.398865473356D-01
 -0.104279414877D-01 -0.126547447758D+00 -0.166617149794D-01 -0.169293595196D-01
  0.500752044518D+00 -0.351120302583D-01 -0.105876497661D-01 -0.103446964841D-01
 -0.807800287200D-01 -0.121487005262D-01 -0.218798266158D-01  0.431185702220D+00
  0.188125937401D-01 -0.314787048929D-01  0.181213653125D-01 -0.389853440500D-02
 -0.430409670861D-01 -0.189035330873D-01  0.187618505789D-02  0.334454221805D+00
 -0.108900713029D-01  0.254899942247D-01  0.496639962937D-02 -0.204346181107D-01
 -0.292649878851D-02 -0.732034115549D-01 -0.279215219520D-01  0.837127689890D-01
  0.389210097742D+00  0.832856842351D-02  0.771147663276D-02 -0.198002145714D-01
 -0.622348588810D-01  0.984414627369D-02  0.383821609683D-01 -0.832453818473D-01
  0.132175395444D-02  0.137840164908D-01  0.474468829283D+00  0.215384878378D-01
 -0.249882230512D-01 -0.117925062105D-01  0.859727752206D-02  0.136359897491D-01
  0.329399743051D-01  0.202402015920D-01 -0.548313465316D-01 -0.294185064565D-01
  0.268675981077D-02  0.529081928410D+00  0.260741201313D-01 -0.427752369500D-02
 -0.324161354158D-01 -0.525111036979D-02  0.111751730066D-01  0.509153200473D-01
  0.342711754318D-01  0.891405076851D-02 -0.107719409779D+00  0.350644042501D-01
 -0.133018793290D-01  0.535560540757D+00 -0.323033475576D-01 -0.190288737791D-01
  0.164370674711D-01 -0.132259697444D-01 -0.261072887144D-01 -0.312920737838D-01
 -0.336395066074D-01  0.943796910562D-02  0.278849724333D-02 -0.101395172464D+00
  0.257271691808D-03 -0.228505827067D-01  0.467009396814D+00 -0.239630441637D-01
  0.382312294319D-02  0.160563676298D-01 -0.443615014376D-02  0.124161337468D-01
 -0.210972219903D-01  0.291058673781D-02 -0.304607505247D-01  0.239186052559D-01
 -0.160585742451D-01 -0.710582318386D-01 -0.333116598837D-01  0.557980605236D-02
  0.461972284875D+00  0.129033985856D-01  0.122280819483D-01  0.441974174735D-02
  0.230828441672D-02 -0.324214074829D-02 -0.334829364244D-01  0.256670456468D-01
  0.219633814133D-01 -0.143659714543D-02 -0.391216263823D-01 -0.851122638241D-03
 -0.108909199364D+00  0.207018214923D-01  0.200489210334D-01  0.570821141269D+00
 -0.174037672129D-01  0.244904147820D-01  0.261866060271D-02  0.260940003048D-02
  0.137221932086D-01  0.207405980756D-02 -0.280332326785D-02 -0.768398385120D-02
  0.123536742486D-01  0.224696475910D-01 -0.186146920393D-01  0.611492592365D-02
 -0.442873595088D-01  0.103975894212D-01 -0.159638153496D-01  0.501936835610D+00
  0.448683862773D-02 -0.207964232338D-02 -0.408535640642D-02 -0.325805419272D-02
 -0.447865060725D-02  0.207817981246D-01 -0.125936657662D-02 -0.361751303929D-01
  0.161522883642D-01 -0.251211865497D-02 -0.381044869665D-01 -0.196806533672D-02
 -0.182187488088D-02 -0.146798786882D+00 -0.297157031519D-01  0.130941011827D+00
  0.452870545191D+00 -0.188259378146D-01 -0.293831710083D-02  0.376716238175D-02
  0.410909627178D-03  0.556572846782D-02 -0.832564268576D-02  0.383425661397D-02
 -0.163576766357D-01 -0.521193987992D-02 -0.128064644321D-01 -0.478821770303D-01
 -0.255961625485D-01 -0.398120795966D-01  0.167440256982D-01 -0.644399038147D-01
  0.127801491214D+00 -0.105505414244D-01  0.553972645637D+00 -0.893051307753D-01
 -0.943976668972D-02 -0.496252234891D-01 -0.510084776215D-02 -0.310154651581D-03
  0.172671630525D-01  0.100190175808D-01 -0.209887368052D-01  0.245425918564D-01
  0.116890007810D-01 -0.160470601515D-01  0.162134935029D-01 -0.153977474718D-01
  0.999804634781D-02  0.451911678391D-02 -0.354693785240D-01  0.311230334537D-02
  0.309816995643D-01  0.586345060599D+00  0.310649209422D-01 -0.174067660764D+00
 -0.144726603281D-01  0.129315627845D-01 -0.288744898209D-01  0.447187759740D-02
  0.202216792452D-01 -0.297810047552D-01  0.919953268175D-02  0.119484653599D-01
  0.199056194149D-01  0.586398647266D-02 -0.848471675306D-02  0.673911404356D-02
 -0.289615128272D-01 -0.852776941020D-03  0.195554203606D-01  0.125036499616D-01
  0.566439444960D-01  0.486874352807D+00 -0.318167095744D-01 -0.198902390232D-02
 -0.119574414836D+00  0.265895293486D-01 -0.198589530821D-01 -0.156294232748D-02
  0.157966177289D-01 -0.586103633860D-02  0.136558043014D-02 -0.306916401144D-02
  0.341974940775D-02 -0.101103715846D-01 -0.133250806683D-01 -0.151473654065D-03
 -0.183689978154D-01  0.244996910787D-01 -0.877274065562D-02  0.247247655856D-01
  0.177614942022D+00 -0.930907297920D-01  0.459160086862D+00 -0.160645801963D+00
 -0.159551836743D-01 -0.385216825912D-01 -0.295973245671D-01  0.659439645837D-02
 -0.142347909975D-01 -0.151714313406D-01  0.340722270522D-01  0.159064033444D-01
 -0.293893563626D-01 -0.227815977346D-03 -0.291825296611D-01  0.127616497657D-01
 -0.146504361926D-01  0.403556865720D-02  0.322814654044D-02 -0.277010814676D-01
  0.926365696693D-02 -0.104327709584D-01 -0.225168553704D-01 -0.573400836234D-02
  0.362552470973D+00 -0.174020606567D-01 -0.561116205824D-01 -0.132594380497D-01
  0.211717364283D-01 -0.266584991276D-01  0.715945904698D-02  0.121666112038D-01
 -0.853206254371D-02 -0.543950635699D-02 -0.267198768260D-02  0.790447218541D-03
 -0.440804948472D-02 -0.253450271894D-02  0.481998732283D-02 -0.420159288349D-02
 -0.431609383401D-01 -0.190668991363D-02  0.188567519973D-01 -0.249701299198D-01
 -0.386334107935D-01  0.789863854212D-02  0.791629886888D-01  0.227424653427D+00
 -0.470854716486D-01 -0.126295798312D-01 -0.806680128012D-01  0.151543135970D-01
 -0.714139478247D-02 -0.155558885120D-01  0.776652813127D-02 -0.267813413574D-01
 -0.206384714103D-01  0.128641029084D-01  0.229170753811D-02 -0.222779105041D-01
 -0.443158677168D-02 -0.685652927742D-02  0.338858890094D-01  0.566729782482D-03
 -0.133444574367D-01 -0.168726036359D-01 -0.222119978251D-01  0.141802959291D-02
 -0.150579628162D-01  0.418662326772D-01 -0.570433809575D-01  0.242750618929D+00
 -0.436944377922D-01 -0.881061515843D-03 -0.715256767425D-02 -0.127710650080D-01
  0.151404546770D-01  0.519088974571D-02 -0.146063429289D-01  0.339786238410D-01
 -0.364287609565D-01 -0.789935379127D-02  0.282441042970D-01 -0.155891790045D-01
 -0.290235547194D-02  0.324578258443D-03  0.128407638356D-01  0.123973722207D-01
 -0.103307110347D-01  0.300268948787D-01 -0.108126354024D-01 -0.880691754203D-02
 -0.262106531516D-03 -0.221521199188D-02  0.579931061832D-02 -0.361605520252D-01
  0.216340631057D+00  0.115333046716D-01 -0.645720082082D-01  0.317764236197D-01
 -0.694072019384D-02 -0.174061404775D-01 -0.275966814477D-01  0.289487124194D-02
 -0.426850259652D-01 -0.597872588944D-02  0.296035906733D-02 -0.288977496677D-01
 -0.838409650547D-02  0.121970866490D-01 -0.718512417896D-02  0.148723889967D-01
 -0.191918670426D-01 -0.102801359729D-03 -0.909895412845D-02 -0.288829930479D-01
 -0.448319703286D-01  0.568959897991D-01 -0.238092372490D-01  0.560986054896D-01
 -0.447124684629D-02  0.229751343701D-01  0.283720998313D+00 -0.473997084260D-01
  0.320381672842D-01 -0.144140787134D+00 -0.116023356722D-01 -0.602648748547D-02
 -0.327517276468D-01 -0.357450110036D-01  0.253865699933D-01 -0.315801861894D-01
 -0.123615512383D-01  0.295806638003D-02  0.131128437189D-01 -0.186423226043D-01
 -0.820005816659D-02 -0.200144626958D-01  0.367356601139D-02 -0.180627277278D-02
  0.202068937296D-01  0.298747184884D-04 -0.451911009393D-02 -0.101982783385D-01
 -0.142966888446D-01  0.384777466479D-01 -0.460155059658D-01  0.893223595701D-01
 -0.467467320958D-01  0.334152351802D+00 -0.127539722235D-01 -0.977782510996D-02
  0.457191565732D-01 -0.600783700267D-01  0.134174849189D-01 -0.135626272586D-01
 -0.420148225755D-01  0.273042932428D-01 -0.561093873176D-01 -0.745017823401D-02
  0.261681951808D-02 -0.101070356819D-01 -0.221306447106D-01  0.818434938272D-02
 -0.405391859990D-02 -0.406382952206D-01 -0.574495648992D-02  0.200022375439D-01
 -0.219441721141D-01 -0.211983887379D-02  0.507944928750D-02 -0.148948889659D-01
  0.485974563331D-01 -0.345377597307D-02 -0.356708339836D-01 -0.409338470164D-01
  0.371202393540D-01  0.213946979833D+00  0.212434088448D-01 -0.143880769894D-01
 -0.192685181403D-02  0.137596901857D-01 -0.753071664636D-01  0.546343324109D-01
 -0.312183913452D-02  0.461672511095D-01 -0.496346249779D-01 -0.738786401267D-02
  0.799305059400D-02 -0.160314916955D-01 -0.837966004396D-03 -0.257037258924D-01
  0.539949557442D-02 -0.414660654896D-02 -0.213399850777D-02  0.185317400727D-01
 -0.102653686034D-01 -0.857925057417D-04  0.320884160138D-02  0.225323479742D-01
 -0.160264441463D-01  0.347832509533D-01  0.978970080401D-02 -0.252323224626D-01
  0.152514320462D-01  0.810840988381D-02  0.158806773327D+00  0.611678102671D-02
  0.360030969905D-02 -0.331101533114D-01  0.218274782978D-02  0.495978251571D-01
 -0.171962155114D+00 -0.128419755317D-01 -0.693825432041D-02 -0.351412981244D-01
 -0.357742559480D-02 -0.135627976299D-02 -0.264846175553D-01  0.995316100947D-02
  0.198586548570D-01  0.185888173808D-03  0.767589604032D-02 -0.156694210498D-01
  0.765701285338D-02 -0.380620334814D-01 -0.547256317527D-02  0.559038634362D-02
  0.160099059933D-01  0.851881583645D-02  0.754576299520D-02 -0.103703397946D-01
 -0.162649275562D-01 -0.281899628988D-01  0.481206067581D-01 -0.908717600716D-01
  0.308038920630D+00  0.401608458784D-03  0.271260261028D-01  0.160335800432D-01
 -0.189129849429D-01  0.205579617663D-01  0.189521095648D-01 -0.856542034430D-02
 -0.603734069323D-02 -0.242107786855D-02 -0.210052293977D-01 -0.344656963919D-01
 -0.152692814390D-02 -0.141312790906D-01 -0.271003833147D-01 -0.160485187690D-01
 -0.210225215269D-01 -0.112360654116D-01  0.329625072248D-01 -0.385192332832D-01
  0.720958226683D-02 -0.399261829794D-02  0.163123424844D-01 -0.141714997301D-01
 -0.453630622375D-02 -0.248800730176D-01  0.303048371043D-01  0.310497710734D-01
  0.741796815173D-02  0.233499394627D-01  0.242702883397D-01  0.323828988618D+00
 -0.312393705474D-03 -0.119469056388D-01 -0.261817046292D-02 -0.153896349360D-02
 -0.149116725071D+00  0.813661712700D-02 -0.225842447689D-01 -0.193268743952D-01
 -0.242525680060D-02 -0.898732639037D-02 -0.116246510638D-01 -0.400923985630D-02
 -0.670293319041D-04  0.168233006055D-02  0.655933826275D-02  0.277687594945D-02
  0.967418753543D-02 -0.213112837335D-01 -0.346899709203D-02 -0.143499455373D-01
  0.911852145336D-02 -0.347211787717D-02 -0.311897362277D-01 -0.159020373151D-01
  0.202898053698D-01 -0.969761742643D-02 -0.271674483174D-01  0.245212403085D-03
 -0.403177606916D-01  0.842737352073D-02  0.408620457883D-01  0.371463237320D+00
 -0.642904357292D-02 -0.227217700794D-01 -0.939458393223D-02  0.573647187566D-02
  0.239265739085D-01 -0.467886730765D-01  0.935342157783D-03 -0.138694171885D-02
 -0.699179252920D-02 -0.533541067585D-02  0.480421168246D-02 -0.122825991903D-01
  0.677909238094D-02  0.188866620750D-02 -0.252329303254D-02 -0.376209709640D-02
  0.939667296408D-02  0.163194233818D-01  0.397791229072D-02 -0.812430674508D-02
  0.255993252012D-01  0.344167419949D-02  0.400365095967D-02 -0.306022477557D-01
 -0.359525409237D-01 -0.656424212974D-01 -0.268377374660D-01  0.536727510774D-01
  0.687793264641D-01 -0.200479303607D-01 -0.379592664715D-01  0.447420734348D-01
  0.171656845927D+00 -0.420688159061D-01 -0.354722022160D-02  0.115904798657D-01
  0.662675235058D-05  0.189245719604D-01  0.114132090186D-02 -0.549251463264D-02
  0.493492620775D-02  0.483228781393D-01 -0.596554834265D-01  0.248027851336D-01
 -0.254446473186D-01 -0.357070774006D-01 -0.108804163781D-02 -0.237819347319D-01
 -0.293615434200D-01 -0.133425876504D-01 -0.368261751594D-01 -0.156756587548D-01
  0.748318525290D-02 -0.310406807289D-03 -0.568756694053D-01 -0.267679938824D-01
  0.910303624175D-01  0.628793283618D-02  0.177409689112D-01  0.146982434241D-01
  0.652710176649D-01 -0.475801304112D-02 -0.275155982294D-01  0.393958008655D-01
  0.305394264716D-01 -0.199660462547D-01  0.273839853850D+00 -0.193510963229D-03
 -0.106153209844D-02 -0.143385627044D-01 -0.177215272384D-01  0.399369076009D-03
 -0.308109589400D-01 -0.128677702176D-01  0.128618657217D-01 -0.184773569668D-01
  0.305259495767D-01 -0.680131542997D-01  0.620584735360D-01  0.103443778964D-01
 -0.255179385739D-01 -0.803738203729D-02 -0.369307745015D-01 -0.263495181304D-01
 -0.936880667988D-02  0.192085166336D-01 -0.161451871625D-01  0.141199806493D-01
 -0.163509298111D-01 -0.270384591738D-01  0.333184313513D-01  0.199740716601D-01
  0.811734454326D-02 -0.203604079714D-01 -0.242953660696D-01  0.993205568716D-03
 -0.395024763055D-01 -0.223905318379D-01 -0.504869448945D-02 -0.769423957487D-02
  0.432621176479D-01  0.317698313799D+00 -0.283659829280D-01 -0.203690380740D-01
  0.542041419816D-02 -0.528270636739D-02  0.162888255815D-02 -0.421000010683D-01
 -0.374149522917D-02  0.237473071385D-01 -0.609688593880D-01 -0.196899152564D-01
  0.246480538615D-01 -0.143228153353D+00  0.183542512368D-01 -0.167763203458D-01
  0.961332687777D-02 -0.449992035062D-02 -0.201507244816D-01 -0.515190246989D-01
  0.480312583813D-01 -0.137129477135D-01 -0.129011964775D-01 -0.170319405872D-01
 -0.361219770202D-02 -0.389215775461D-01 -0.145133623638D-01 -0.578476634665D-03
  0.569818497347D-02 -0.336210890565D-01 -0.329605152556D-01 -0.218659489944D-01
 -0.207010240443D-01  0.171416408971D-01  0.370800231947D-02  0.536308035711D-01
 -0.167821715388D-01  0.418669896595D+00 -0.234190859982D-01  0.173858600904D-01
  0.520448004616D-02 -0.329689121626D-01 -0.119096218619D-01 -0.246646886818D-03
 -0.344824662892D-01 -0.225758347850D-01  0.191188215574D-01 -0.435567713638D-01
 -0.522684131214D-02 -0.124208914196D-02 -0.140206527226D-01 -0.562894795632D-02
 -0.115053924838D-01  0.721123140244D-02  0.197410304708D-01 -0.900324035675D-02
 -0.792659000770D-02 -0.795367762268D-02  0.120115662957D-01 -0.248693541203D-01
  0.274586598040D-01  0.310395323316D-02 -0.828737374679D-02 -0.471556454352D-02
  0.840440802531D-02  0.445702915555D-01 -0.564407213917D-02 -0.237935699903D-01
 -0.142870539314D+00 -0.810604268649D-02  0.479878569705D-01  0.123402816853D-01
  0.330037671531D-02 -0.159034608964D-01  0.232448157964D+00  0.285604454743D-02
  0.984734537460D-02  0.139277564538D-01 -0.947595799413D-03 -0.112062710739D-01
  0.140621299435D-01  0.112556506132D-01  0.559648756529D-02 -0.279458627035D-01
  0.112904426623D-02 -0.148668722851D+00 -0.226647019901D-02 -0.419429827774D-02
 -0.245973394296D-01 -0.233187674729D-02  0.221279306442D-01 -0.402667178893D-01
 -0.127454544771D-01 -0.361275105225D-01 -0.116779671347D-01  0.325344031109D-02
  0.207156983721D-01  0.235967067533D-02  0.513859268774D-02  0.258493101693D-01
 -0.289761010549D-01 -0.174355051006D-01  0.261749168863D-01 -0.153483328197D-01
  0.391668722833D-01 -0.457590557946D-01  0.180892935924D-01 -0.771103397503D-02
  0.123301668086D-01 -0.303788023328D-01 -0.118961764687D-01 -0.689038994043D-02
  0.389846933448D+00  0.316026223704D-02  0.360421078740D-02 -0.394823358522D-02
  0.149396840623D-01 -0.553282379932D-02  0.704406958640D-02  0.353134945171D-01
 -0.503096302438D-01 -0.108508463918D-01 -0.171020474233D-02  0.193534908238D-01
 -0.907478907447D-01  0.138739535528D-01 -0.225586774595D-01 -0.625601674380D-01
 -0.177338090906D-01 -0.142143403990D-01 -0.700195099245D-02 -0.347103874865D-01
  0.813807399698D-02  0.317657851077D-01  0.152353384909D-01  0.944580174016D-02
 -0.387662853440D-01 -0.233729337649D-01 -0.147261848971D-01 -0.166276125372D-01
  0.120381695444D-02  0.508069895010D-02  0.243879511385D-01  0.502642016356D-02
 -0.865670647555D-02  0.266729877842D-01 -0.169807655339D-01  0.113867939954D+00
 -0.298643618197D-01  0.573572504749D-03  0.197730355154D-01  0.251279138822D+00
 -0.243827201646D-01 -0.187903252090D-02 -0.256646868329D-01 -0.917653553678D-03
 -0.230875410554D-01  0.194716174679D-02 -0.132424056765D-01  0.323458450380D-02
  0.179822211535D-01 -0.201841138557D-01  0.198769842103D-01 -0.109248646251D-01
 -0.261768055224D-01  0.182010028415D-02 -0.115447819385D-01 -0.654019997853D-02
 -0.356332201815D-02 -0.785184553673D-02  0.152000311234D-01 -0.934126418666D-02
  0.759746529905D-03 -0.243866062305D-01  0.140312613289D-01 -0.464042600800D-01
 -0.514828104370D-01  0.133599766923D-01 -0.141851672096D-01  0.322705581547D-02
 -0.320774285499D-01 -0.211886759387D-02  0.122101605490D-01 -0.323708512060D-01
 -0.112031322728D-01 -0.527770533578D-01  0.151770431923D-01  0.538044152903D-02
 -0.616633658869D-01  0.249993817806D-01 -0.565086750131D-02  0.273805363951D+00
 -0.704492791756D-02 -0.604929661957D-02  0.517481888533D-02 -0.189067777540D-01
 -0.354488612925D-01 -0.211885869275D-01 -0.140625603700D-01 -0.430383366302D-01
 -0.221245663988D-01 -0.104054321645D-01 -0.183458561968D-01 -0.352522407287D-01
 -0.234328804464D-01 -0.303661339272D-01  0.385997565246D-01 -0.224838289074D-01
 -0.419022518554D-02  0.459161070900D-01  0.256044633479D-01 -0.151951607049D-01
 -0.422933003135D-02 -0.220313050408D-01  0.197850776055D-01  0.318882478379D-01
 -0.239122306841D-01  0.112575032570D-01  0.206833383030D-01  0.177958804078D-01
  0.706820961454D-04 -0.226392727488D-01 -0.186877561620D-01 -0.400493375449D-01
 -0.401141250664D-01 -0.385254643920D-02  0.104774933747D-01 -0.209906402738D-01
  0.648972059630D-02 -0.146963282610D-01 -0.450649779841D-01  0.690724834306D-01
  0.255339454386D+00  0.324429193108D-01 -0.738613967951D-02 -0.174159627709D-01
  0.151981105327D-01  0.170547632565D-02 -0.235277826604D-01 -0.658236416711D-02
  0.194039469866D-01 -0.275286931591D-01  0.188080199134D-01  0.150978715723D-02
 -0.443365499309D-04 -0.201175332868D-01  0.876223478547D-02 -0.169498366104D+00
  0.166180393338D-01  0.249882573935D-01 -0.631349296364D-02  0.181184740449D-01
 -0.906887235573D-02  0.626606237673D-02  0.226336207599D-01  0.653975665866D-02
  0.617917948635D-01  0.465427493574D-02  0.225105583934D-01 -0.248054710748D-01
 -0.138844435405D-01  0.178472682474D-01 -0.140543194861D-02 -0.228156715738D-01
 -0.198890149853D-01 -0.104375630489D-01 -0.169851979269D-01  0.351316567620D-02
 -0.559283847407D-02 -0.135137724885D-01  0.458332899396D-02 -0.810323764205D-01
  0.268816073456D-01 -0.184570582825D-01  0.409009851089D+00  0.247899408090D-01
 -0.865968416745D-02  0.211051005048D-02 -0.233768384366D-01 -0.169915329134D-01
  0.262668128284D-02 -0.519593664676D-01 -0.101377867205D-02  0.672956021708D-02
 -0.532757984249D-01  0.115139407056D-01  0.199202679744D-01 -0.107694404439D+00
  0.312674347857D-01  0.282709083594D-01 -0.737239248579D-02  0.258049529762D-02
 -0.515644998684D-02  0.123774079863D-02 -0.576398927010D-02 -0.277687662548D-01
  0.320466731376D-01 -0.119610136877D-01 -0.269150846032D-01  0.318194910435D-01
  0.312182431755D-02  0.235181590895D-01 -0.639868631012D-01 -0.140623531770D-01
  0.130722626528D-01 -0.174866801820D-01 -0.347283081387D-01 -0.466385036805D-01
 -0.553748865549D-01  0.414315763612D-01  0.207076462956D-01  0.353288888700D-02
  0.129118822327D-01  0.548674847100D-01 -0.112851714435D-01 -0.300141888637D-01
 -0.156789306269D-01  0.296198936383D+00  0.849476222787D-02  0.974319623860D-02
 -0.388742411829D-02  0.154677827319D-01 -0.234116306249D-01  0.422164212533D-02
  0.143700782311D-01 -0.228715577339D-01  0.406536667248D-02  0.781656562538D-02
 -0.148616938266D-01  0.194451694850D-01  0.396066316769D-01 -0.651633919037D-01
 -0.429882420950D-01  0.157287021295D-01 -0.527673179875D-01 -0.272558338117D-01
  0.508427394166D-01 -0.156142649403D-02  0.171335990707D-02  0.185253863193D-01
  0.349718001760D-01 -0.197240695237D-01 -0.295472301553D-01 -0.139959440681D-01
 -0.778878856720D-02 -0.147579299582D-01 -0.216559467693D-01  0.636045819564D-02
 -0.253750560084D-01 -0.107471371375D-01 -0.155520823726D-01 -0.250229750743D-01
 -0.385792974107D-01  0.329201487624D-01  0.667815629467D-02 -0.118948153448D-01
 -0.150302212914D-01 -0.186797177065D-01  0.208193817974D-01 -0.633165115758D-02
 -0.732396406492D-01  0.187708594214D+00  0.102848432307D-04 -0.599713184561D-02
  0.114110056087D-01 -0.168124106204D-01 -0.114016558466D-01 -0.532740278757D-02
 -0.108514644961D-02 -0.363526694852D-01 -0.116942958146D-01 -0.417120855189D-02
  0.210957660180D-01 -0.185570371523D-01  0.473670303460D-01 -0.262910168898D-01
 -0.850864709140D-01  0.130248139364D-01 -0.142721434250D-02  0.737395733648D-02
  0.382205618365D-02  0.859656427409D-02 -0.127681191603D-01  0.119688380137D-01
 -0.373795093852D-01  0.337134764277D-01  0.870804808080D-01  0.169614228355D-01
  0.528846377462D-02 -0.650469511378D-01 -0.457802112506D-02 -0.188732938255D-02
 -0.315709662837D-01  0.550907275963D-02 -0.551790115720D-01 -0.135910684930D-01
  0.258943451622D-01 -0.228717861272D-01 -0.122840496229D-01  0.223644873880D-01
 -0.236201536124D-01 -0.390329319661D-03  0.215532463090D-02 -0.365202295275D-01
 -0.390547701043D-01  0.488230116992D-01  0.232648417091D+00 -0.325783420348D-01
 -0.150775792954D-01 -0.797890084602D-02 -0.100218858022D-01  0.115135573196D-01
 -0.127972543385D-01 -0.688058824818D-02  0.210680358647D-01 -0.210540410206D-01
  0.100972975570D-01 -0.162524599011D-01  0.305370370032D-02  0.131757497101D-01
  0.106204685964D-01 -0.224910744300D-01  0.110161647043D-01 -0.197039863750D-01
 -0.258714098490D-01 -0.609064570680D-01 -0.192686781166D-01  0.255074490399D-01
 -0.321038769464D-01 -0.430436648098D-01 -0.122797852940D-01 -0.485407545394D-01
  0.362323286019D-02 -0.879398148972D-04 -0.152570388068D-01  0.161979886384D-01
 -0.244242705640D-01 -0.123185762510D-01  0.753105204859D-02  0.324112758762D-01
 -0.248236880846D-01 -0.953720683784D-02  0.190445527160D-01  0.270721771730D-01
 -0.291801793308D-01  0.316892449787D-01  0.308432640632D-01  0.547703833625D-01
 -0.163223631093D-01 -0.168317154705D-01 -0.197123732159D-01 -0.427963396520D-01
  0.249188427007D+00  0.230520037034D-02  0.472224677170D-02 -0.309106531155D-02
  0.811586826439D-02 -0.183199773048D-01  0.789843651750D-02  0.188510977446D-01
 -0.341283963201D-01  0.113316359057D-01  0.539476059094D-02 -0.475370122673D-01
  0.735799833238D-02 -0.111906029166D-02 -0.263193629145D-01  0.197378017882D-01
 -0.118469737378D-01 -0.488599785736D-01  0.288790370387D-01 -0.146449273068D-01
  0.720355151641D-02 -0.390479081754D-02  0.706872771361D-02  0.333226688043D-01
 -0.103759415099D-02 -0.469431182620D-01  0.429800071796D-01  0.213482124228D-01
 -0.112191432295D-01 -0.117854647778D-01  0.236904645335D-01  0.392599197850D-01
 -0.255567092394D-01 -0.195478922358D-01 -0.447589369379D-02 -0.585611088967D-01
  0.233191872465D-01  0.399366305597D-01 -0.474719145587D-01  0.205478809300D-01
 -0.101224993056D+00 -0.749839165931D-01 -0.404526249093D-02  0.362653253344D-01
  0.390374597463D-01 -0.377347397898D-01  0.158271184119D-01  0.250999239263D+00
  0.391843731537D-01  0.673989319519D-02  0.160690794849D-01  0.828035883706D-02
 -0.113558564003D-01  0.405364707875D-02  0.270962633700D-02 -0.371631808147D-01
 -0.310490029970D-01  0.688145772430D-02 -0.114962253112D-01 -0.249160667330D-01
 -0.369838410247D-02  0.966423445120D-02 -0.325479888899D-01 -0.541030031434D-01
  0.438636841192D-01 -0.266388555875D+00 -0.132593275457D-01  0.967373575697D-02
 -0.243612476657D-01  0.134371313618D-01  0.267236427817D-01 -0.789554027908D-02
 -0.583394416453D-02 -0.431577552075D-02  0.316808477236D-01  0.152199375630D-01
  0.380727572747D-01 -0.526266797741D-02  0.330009397206D-01 -0.448926111892D-02
  0.201292523304D-01 -0.311491582184D-01 -0.200469856207D-01 -0.257934681052D-01
 -0.123106605846D-01 -0.382041503032D-01  0.331593104292D-02 -0.165898020801D-01
  0.129732464065D-01 -0.187012562988D-01 -0.107750761307D-01  0.187204406496D-02
  0.169708580820D-01 -0.255536379120D-01 -0.588996751418D-01  0.456047462102D+00
 -0.240363880890D-02 -0.216782925178D-01  0.780215209393D-02 -0.209635436196D-01
 -0.370676700075D-02  0.108260657624D-01  0.387284095776D-03 -0.270386101120D-01
 -0.230372579175D-02 -0.343008062000D-01  0.283127861729D-02 -0.188242296738D-01
 -0.204144329697D-01  0.572919868298D-02  0.732045873002D-02 -0.228440216359D+00
 -0.812919552313D-01 -0.128388371486D+00 -0.168695014237D-01 -0.665766123064D-02
  0.438505146910D-02 -0.505136359490D-02 -0.228051587285D-01  0.170023096415D-01
  0.311901286763D-02  0.551625679667D-02 -0.141785491337D-03 -0.881585820010D-02
  0.616691686810D-02  0.168242084269D-01 -0.103989601306D-01  0.129043717309D-01
 -0.620460551154D-02 -0.240615676192D-01 -0.386668336616D-01 -0.301056543801D-01
  0.322803815689D-01 -0.767437714007D-03 -0.459927179348D-01 -0.545580498915D-01
  0.321258752484D-01 -0.149845253276D-01  0.189184623929D-01 -0.146300871821D-01
  0.691288968703D-01  0.511911200808D-01  0.258342261893D-01  0.203608615683D-01
  0.433045536755D+00 -0.237557836882D-01  0.525731769029D-02 -0.232159138838D-01
 -0.216940111732D-01  0.201472031777D-01 -0.906914225491D-02 -0.626600723134D-02
 -0.164660319676D-02 -0.509535357642D-02 -0.167027892007D-01 -0.227759298915D-01
  0.837060662841D-02 -0.605315700580D-02 -0.440091515829D-01  0.284703845361D-02
 -0.752194705388D-01 -0.796936474847D-01 -0.321420635909D-03  0.165934754971D-02
  0.396780291918D-02  0.227743355465D-02 -0.128552833624D-01 -0.588739751766D-01
 -0.961690849486D-02  0.138099742533D-01  0.246625506479D-01 -0.267720915486D-01
 -0.232875216122D-01  0.195384178810D-01 -0.167431894610D-01 -0.126024515422D-01
  0.247027002015D-01  0.623574773951D-01 -0.490403023334D-01 -0.280205913476D-01
  0.150010395433D-01 -0.118449447816D-01 -0.237811099795D-01 -0.303248638408D-01
  0.503805335475D-01 -0.733355454927D-01 -0.143190369471D-01 -0.566092342229D-02
 -0.494277151398D-01 -0.227995547595D-02  0.131685439321D-01 -0.219931197863D-01
  0.396907124870D-01  0.109154470516D+00  0.335254588377D+00 -0.606135501039D-02
  0.682008250518D-03 -0.315244208401D-02  0.326183059196D-02 -0.458863254877D-02
  0.278578862213D-01  0.402436684899D-02  0.167215863163D-01  0.275391485204D-01
 -0.251119258291D-01  0.278398621209D-01  0.902554209992D-02  0.865700257302D-03
  0.267102272154D-02 -0.206888968682D-01 -0.120950329021D+00 -0.223091116142D-01
 -0.113551793108D+00  0.450377784301D-02  0.392060140585D-02 -0.309996889294D-02
 -0.175569585850D-03  0.977153599178D-02 -0.278517180496D-01 -0.188042332165D-01
 -0.531302436625D-02 -0.177044638080D-01  0.188521209224D-01 -0.301005461142D-01
  0.233909159679D-01  0.424847658641D-02  0.824378381589D-02 -0.123439533341D-01
  0.951074355159D-02 -0.554131553771D-01 -0.165021615603D-01 -0.118738841996D-01
  0.305009338393D-01  0.227052745002D-01  0.462592706585D-01  0.482889906473D-02
 -0.403339752780D-01  0.393235864595D-03  0.159231331124D-01 -0.201465159747D-01
 -0.316666274086D-01 -0.305669459125D-01 -0.754817732766D-01  0.978205615160D-01
  0.217782855455D-01  0.207202654818D+00 -0.309649202589D-02  0.440024528242D-02
  0.130756131003D-01 -0.839752716968D-02  0.815916551486D-02 -0.119925328281D-01
 -0.160853389420D-01 -0.457673913496D-01  0.367284589655D-01 -0.796213615246D-02
 -0.232043818172D-01  0.160602489707D-01  0.170557107047D-02  0.103569575925D-01
  0.225717651425D-01 -0.471483539876D-01  0.146133971598D-01  0.127067447109D-01
 -0.253256669091D+00 -0.716565803311D-01 -0.110543297958D+00 -0.287400941982D-01
  0.217455440646D-01 -0.301425502179D-01 -0.167057315718D-01 -0.670216428746D-02
 -0.290744750756D-01  0.137137132436D-01 -0.515914335350D-01  0.177983583720D-02
 -0.246148282481D-01  0.895114088145D-02  0.754453391346D-02  0.831586929988D-02
  0.207670004582D-01  0.419688092374D-01  0.122685244968D-01 -0.603420102044D-02
 -0.417172765809D-01  0.245451693501D-01 -0.661871144377D-02 -0.165243996360D-01
 -0.373353444034D-02  0.263392966522D-01  0.122445526852D-01 -0.846111075837D-01
 -0.946533178459D-02  0.312668302452D-01 -0.120063798942D-01  0.239405314562D-01
 -0.144533628734D-01  0.458042466170D+00 -0.150938230414D-01 -0.385873298066D-01
 -0.723918927804D-02  0.904137195610D-02  0.575455237051D-02 -0.488767228685D-02
  0.161835235698D-02  0.249947198357D-01 -0.868284510198D-02 -0.741214313111D-02
 -0.241937642259D-01 -0.899034887701D-02 -0.108265943139D-01  0.938520803317D-02
 -0.649848967137D-03 -0.236247981412D-01  0.133450125788D-01  0.860251568882D-02
 -0.248788677600D-01 -0.845342607290D-01 -0.190966254639D-01  0.530341210671D-02
 -0.677990367618D-01  0.313358314959D-02 -0.253995830344D-01 -0.108069548774D+00
 -0.240030668375D-01 -0.319510883211D-01  0.136585385772D-01  0.156563535388D-01
  0.127763325053D-01  0.918827692114D-02  0.419596220760D-02 -0.400046212723D-01
  0.189241402203D-02  0.203235417750D-01 -0.379933493373D-01 -0.291344741987D-01
 -0.841075004049D-03 -0.355893585523D-01  0.482960594644D-01 -0.897126226143D-02
  0.182123378415D-01  0.438595808797D-01  0.193672781472D-01  0.371324728866D-01
 -0.135706145604D-01 -0.924017113771D-02  0.325906609258D-01 -0.690487085234D-01
  0.108330231156D-02  0.100767777199D+00  0.287582667120D+00 -0.108927104665D-01
 -0.743595213061D-04  0.751123072592D-02 -0.187131215436D-01  0.145289101061D-01
 -0.159471880796D-01 -0.140293495052D-01  0.110993385206D-02 -0.126943845629D-01
  0.280168727476D-02 -0.270369974360D-01 -0.264436464671D-03 -0.572302676902D-02
  0.121206058437D-01 -0.173801308142D-01  0.217002885849D-02  0.128044478681D-01
 -0.465134135611D-01 -0.573927873204D-01  0.130772390447D-01 -0.558559320100D-01
 -0.100352624465D-01 -0.278000544471D-01 -0.124187741288D-02  0.321261912073D-01
  0.533959343102D-01  0.111502493809D-01 -0.377667405920D-01 -0.165626082247D-01
 -0.212218732344D-01 -0.164680290226D-01  0.164197248354D-01 -0.335159991731D-01
 -0.356505832764D-02 -0.509349689709D-01 -0.350277279795D-02  0.103071261104D-01
 -0.255959450982D-01  0.459454572708D-02  0.103295589475D-01  0.475791326708D-01
 -0.221458104092D-01 -0.122810006192D-03  0.198865527490D-01  0.382903143440D-03
  0.921381413503D-01 -0.108337357203D-01 -0.302165369587D-01 -0.593451488489D-01
 -0.564639586433D-02  0.552227228913D-01  0.171734213886D-01  0.229240275279D-01
  0.249953232768D+00  0.133396328275D-01  0.151563860194D-01 -0.106611977559D-01
 -0.376334532998D-02 -0.975692164391D-02 -0.156266924799D-01  0.248896424932D-02
 -0.210369818970D-01 -0.206939188957D-01  0.450129676595D-02 -0.291669633460D-01
 -0.158291435578D-01 -0.112256116777D-01 -0.426353848803D-02  0.337193103493D-02
 -0.803814466071D-01  0.629100325519D-02  0.165515758737D-01 -0.428740582461D-01
  0.159196158906D-01 -0.954218843340D-01  0.747246774319D-02 -0.206446183131D-01
  0.442668382740D-01  0.105045396579D-01  0.494854069847D-02 -0.242796358858D-01
 -0.251108810148D-02  0.127445420843D-01 -0.330161313422D-02 -0.448405433991D-01
 -0.846365595238D-02  0.109637357178D-01 -0.358342439138D-02 -0.250365790031D-01
 -0.136612115073D-01  0.223411768783D-01 -0.304493579206D-01  0.119856904636D-01
 -0.122340888530D-01 -0.440566020031D-02  0.205413550654D-02  0.383351799511D-02
  0.170949086443D-01 -0.178437134513D-01 -0.477101694600D-01  0.208056639792D-02
  0.293147737097D-02 -0.100657479050D+00  0.528692446373D-01  0.393572025039D-01
 -0.122331203255D-01  0.353315091274D-01  0.670078897112D-01  0.297532779324D+00
 -0.270243994854D-01 -0.421350149816D-01  0.202500231380D-01 -0.236749302857D-01
 -0.620804153095D-01  0.660483074355D-02 -0.235071754333D-01 -0.260777850692D-01
  0.427891192375D-02 -0.920104567610D-02  0.249378729215D-02  0.901560736149D-02
  0.270850994461D-01 -0.365824337676D-02 -0.212767818994D-01  0.435719926276D-01
 -0.115375734615D-01  0.223090964256D-02  0.229551514136D-01 -0.845075843308D-01
  0.550487485118D-01 -0.344049386627D-01 -0.468029762723D-01  0.625766968627D-01
 -0.503542160900D-01 -0.351846554583D-01  0.346824358798D-01  0.116426937040D-01
  0.757112872895D-03  0.405810168299D-01  0.163791921051D-01 -0.658279311684D-01
 -0.355998021584D-01  0.118820468523D-01 -0.277257221894D-01 -0.900593293769D-03
  0.749885243522D-02  0.123591662733D-01  0.744836869715D-02  0.458611598813D-01
 -0.103466535324D-01 -0.228954824580D-01  0.447905960854D-01 -0.920213861113D-02
 -0.732535872907D-02 -0.196767260384D-01  0.508224025115D-01  0.593733083183D-02
 -0.156104521969D-01  0.390755167073D-01  0.432646143666D-02 -0.190008606917D-01
 -0.230192922232D-01 -0.493614435251D-01 -0.921203999046D-02  0.342598000327D+00
  0.135834228996D-02  0.478066754550D-02  0.222504073667D-02 -0.183173162300D-02
 -0.140976577750D-01  0.646023224342D-02  0.385293352463D-02 -0.190266467683D-01
  0.136279626039D-01  0.181692617557D-01  0.227502487986D-02  0.149400803155D-01
  0.227720952997D-01  0.350961918351D-02  0.180114242433D-01 -0.217860278613D-02
  0.160268002380D-01 -0.222873771421D-01 -0.134360603096D+00  0.100559412246D+00
 -0.270612559983D+00 -0.245858973886D-01  0.157479290640D-01 -0.173219401920D-01
 -0.568013345614D-01  0.127045292309D-01 -0.224236393478D-01 -0.738434687599D-02
 -0.189227243167D-01 -0.102174692001D-01 -0.750368601759D-02 -0.178297270411D-01
  0.285954752693D-02 -0.138087748701D-01  0.389951363590D-01  0.325223254458D-01
  0.496498190813D-02 -0.663810234342D-02 -0.674580482287D-02  0.429885970799D-01
  0.202619270282D-01  0.823587835969D-02 -0.106325103188D-03 -0.166725738359D-01
 -0.141307294387D-01  0.394792765775D-01  0.555104685582D-02 -0.565297278822D-02
  0.548201983674D-01 -0.891832162395D-02 -0.220864827849D-01  0.413270809737D-01
 -0.268445913093D-02 -0.683145291581D-01  0.188285345454D-01 -0.115621879795D+00
  0.360911013382D+00
$end
