$dipgrad          cartesian dipole gradients
  0.39617131132838D+00  0.14042250027006D+00  -.91269113068419D-01
  0.90060175977947D-01  0.29798285449561D+00  -.44924222782050D-01
  -.20488207059488D+00  -.19546937751629D-01  0.30445735532430D+00
  0.41899109976698D+00  -.21885377136584D+00  0.46154611931886D-01
  -.20138636332348D+00  0.65955992909044D+00  -.95970910941486D-01
  -.50198997926934D-01  -.85243788167213D-01  0.32406546208900D+00
  -.69989184991231D+00  0.18397589217751D+00  -.13444284954784D+00
  0.23512867560647D+00  -.82345345555240D+00  0.12434006873086D+00
  -.95634094011713D-01  0.29867246552476D-01  -.31694999487309D+00
  -.76303216120640D+00  -.21143147703961D+00  -.26076828973067D-01
  -.22308885620658D+00  -.34890878362017D+00  0.30383436151391D-01
  -.48445046299283D-01  0.46961359664795D-01  -.36948201484700D+00
  -.17804310119459D-01  0.59275145243329D-01  -.18963634778605D-01
  0.29990894499594D-01  -.14554976981707D+00  0.75559317158281D-01
  -.13826371880781D-01  0.31641642183047D-01  0.54496099822888D-01
  -.40020121932825D-01  -.23678592879225D-02  0.76328655541751D-01
  0.90495832563517D-03  0.14234152345415D-01  -.93627970349564D-01
  0.67444703183249D-01  -.57128143687331D-01  -.14103624158710D+00
  0.17940019736147D-01  0.49998934584622D-01  0.38139369420943D-01
  0.44591789549567D-01  -.19871936522860D-01  -.47015661662297D-01
  0.87237084125534D-02  -.83802316693573D-01  -.11003593155689D+00
  -.13826870277108D+00  -.11250265762310D+00  0.58492121559358D-01
  -.63406624788655D-01  -.10806656303025D+00  0.68983645861402D-01
  0.60756644932017D-01  0.11600112678093D+00  -.10150203942270D-01
  0.34700218635692D+00  0.59664262870123D-03  0.26273376799746D-01
  0.81989073050680D-02  0.26064147314885D+00  -.25006567648180D-02
  0.68847923093590D-01  -.39797786930051D-01  0.10332615603467D+00
  0.27713182746628D+00  -.20942001719140D-01  0.14642336715182D-01
  0.86334363925479D-02  0.92418214986552D-01  -.69628244829961D-01
  0.12780854628970D+00  -.46791282734025D-01  0.21687854402160D-01
  0.20178070128918D+00  0.13182865213144D+00  0.10721954399003D-01
  0.70373006661844D-01  0.12101388447769D+00  0.54401199428255D-01
  0.79405054802446D-01  0.10783888078260D+00  0.13962145913522D+00
$end
