$vibrational normal modes
 1  1  -0.1959385729   0.1150168479  -0.0788680915   0.1994850848  -0.0764808555
 1  2   0.0340316776  -0.0192250194   0.0269947734  -0.0114612532  -0.0634778575
 1  3  -0.0739732887  -0.1111260463  -0.0638202519  -0.0745806924   0.0669600891
 1  4  -0.0874516415   0.1520133769   0.0663669401   0.0111446707  -0.0498669494
 1  5  -0.1289902405  -0.0549506359   0.0426981476  -0.0032346960  -0.0046382957
 1  6  -0.0205426917  -0.0006745584   0.0063817080   0.0312519231   0.0123952914
 1  7  -0.0015695393  -0.0006041417  -0.0000415760
 2  1  -0.0390840415  -0.1566943098   0.0499397451   0.1846055622   0.2112710237
 2  2   0.1249063932   0.1293148926  -0.0009157283   0.0046171815   0.0504799883
 2  3   0.0735004906   0.1213977365   0.0398690570   0.0307458702   0.0782821909
 2  4   0.0037082297   0.0713336461   0.1250034350   0.0662261656   0.0582648567
 2  5  -0.0618795612   0.0284654959  -0.0274057997  -0.0378599781  -0.0034708902
 2  6  -0.0018415562   0.0044465054  -0.0082314285  -0.0780108924  -0.0262723191
 2  7  -0.0002644925   0.0024453349   0.0003914537
 3  1  -0.0706319667  -0.1661251339   0.2454836563   0.0591534659  -0.0740326046
 3  2  -0.0461341729   0.0052489576  -0.0020821154   0.0454034849   0.0643789641
 3  3  -0.1448584068  -0.0746206813   0.0909541997  -0.0500251698   0.0725890696
 3  4  -0.1328990443  -0.0707420348  -0.0699853537   0.1066799700   0.0113144587
 3  5  -0.0024682694   0.0167494747   0.0076514027   0.0757984366  -0.0013475616
 3  6  -0.0195331418  -0.0182360110  -0.0692021804  -0.0049804980  -0.0141414088
 3  7  -0.0026673312   0.0008876509   0.0003802022
 4  1  -0.0605210972   0.0977639080  -0.0303324484   0.2724881841  -0.0763610213
 4  2  -0.0416931856   0.0572392006  -0.0150960155   0.0353229940   0.0588420763
 4  3  -0.1191366560   0.0473759521  -0.1898447138   0.0804437919   0.0337580184
 4  4   0.1100234089  -0.0813734194  -0.0579587245  -0.0134044873   0.0838224137
 4  5   0.0154157008  -0.0518397139  -0.0842587686   0.0040312721  -0.0240763753
 4  6   0.0014617720  -0.0490165631   0.0105544715  -0.0130516516   0.0275427907
 4  7  -0.0002577014  -0.0000977515   0.0003752141
 5  1  -0.0287652180  -0.2141290097  -0.1735986332   0.0232075934   0.0968385827
 5  2  -0.0091844649   0.0530850015   0.0251377472  -0.0023855726  -0.0396379317
 5  3  -0.1230733180   0.0675774972  -0.0676797713   0.0626292407  -0.1203164476
 5  4  -0.2301027640   0.0413865764  -0.0502582146  -0.0560573317  -0.0439666728
 5  5   0.0188047043   0.0442977675   0.0278122841  -0.0013680386  -0.0763394649
 5  6   0.0012816897  -0.0484965654   0.0163625576   0.0011231418  -0.0222979604
 5  7  -0.0001677573  -0.0000568255   0.0000044095
 6  1  -0.2797617194  -0.1312569844   0.2038278233  -0.0291211529  -0.0574473454
 6  2   0.0896144396  -0.1022830718   0.0417049918  -0.0089002606  -0.0648732788
 6  3  -0.0388062791   0.0614773564  -0.0042235607  -0.0259192898  -0.0897973352
 6  4   0.1837277980  -0.0088634536   0.0032827627  -0.0807088926  -0.0355183875
 6  5  -0.0505230085   0.0151049890  -0.0880519094   0.0122482867  -0.0273452706
 6  6   0.0024583291   0.0201757618   0.0062122635   0.0260278495  -0.0759363972
 6  7   0.0001016252  -0.0002184123  -0.0028604580
 7  1   0.0110093841  -0.0676515934  -0.0988432028   0.1913773843  -0.2392420911
 7  2  -0.0170732851  -0.2111575253  -0.0363605972   0.0857078221   0.0681460439
 7  3   0.1119743579   0.0666127162   0.0505736522   0.0145666668  -0.0447824816
 7  4  -0.0457648734   0.0333235005   0.0036438450   0.0152087258  -0.0195834718
 7  5   0.0015664230   0.0108994692  -0.0016527266   0.0001829283   0.0004864759
 7  6  -0.0003548534   0.0009085541  -0.0003285373  -0.0000953195  -0.0001242987
 7  7  -0.0000314580  -0.0000937026   0.0240676044
 8  1  -0.0235998631  -0.2458051254  -0.2639526228  -0.0448848645   0.0432460981
 8  2  -0.0568410677  -0.0286836511  -0.0099910942   0.0407339299  -0.0147904910
 8  3  -0.0129263333  -0.0871385874  -0.0271483225  -0.0415697455   0.1040118655
 8  4   0.1677785074  -0.0629935227   0.0315267116   0.0095311737  -0.0219062674
 8  5   0.0027611168   0.0037458633   0.0094326100   0.0025314935  -0.0094675249
 8  6  -0.0011001728  -0.0016370151   0.0007725328   0.0006202468  -0.0001631500
 8  7  -0.0000028422   0.0000031943  -0.0263458604
 9  1  -0.3871350780   0.0376734791  -0.0368966039  -0.1577203853   0.0187796772
 9  2  -0.1462017654   0.0603856680  -0.0533021086   0.0373926071   0.0501572227
 9  3   0.0791420906   0.0279420308   0.0115188939   0.0202561339  -0.0233321631
 9  4  -0.0349161840   0.0220346704  -0.0158428141   0.0161719358   0.0570947245
 9  5   0.0083314869  -0.0290798608   0.0437513146  -0.0103235813   0.0001115468
 9  6  -0.0004305046   0.0000798851  -0.0001611042  -0.0004910254   0.0017968574
 9  7   0.0001331947   0.0001284300  -0.0511232684
10  1  -0.0841925742  -0.0024066180  -0.1009708332   0.1807223542  -0.1839534043
10  2   0.0142037925   0.1745150661   0.0607729018  -0.0521339259  -0.0759314950
10  3   0.0677106235  -0.0956844914   0.1678065398   0.0653275647  -0.0606044530
10  4   0.0292178859  -0.0773853647  -0.0232922812   0.0079316761   0.0230885774
10  5  -0.0007062204   0.0361265470  -0.0056870446  -0.0000314056   0.0003378907
10  6   0.0350092447   0.0003620674   0.0008791913  -0.0008268812  -0.0003671452
10  7   0.0051585469  -0.0364770484  -0.0000421289
11  1  -0.0620426300   0.0427821426   0.0193998085   0.2325256349   0.3754663218
11  2  -0.0537324148  -0.1229709287  -0.0376506750  -0.0162769572  -0.0326883130
11  3   0.0319283287  -0.0473870075   0.0905067852   0.0180567098  -0.0249764626
11  4   0.0046463100  -0.0583590317  -0.0712803686  -0.0147540083  -0.0481050046
11  5   0.0094383193  -0.0579683442   0.0075426745  -0.0023931449   0.0070728921
11  6   0.0358634455   0.0001948209   0.0009039476   0.0017445589   0.0006602335
11  7   0.0192293493   0.0682569371   0.0000795966
12  1   0.0981010022  -0.1169339832   0.1667959545   0.0877402263  -0.0527468795
12  2  -0.3120787271   0.0221424547   0.0119396823  -0.0514349794  -0.0572249760
12  3   0.0381175982  -0.0191491764  -0.0206808837   0.0609335943   0.0097079173
12  4   0.0338903134   0.0884161354   0.0710798526  -0.0431388798  -0.0058697893
12  5   0.0247501890  -0.0239154226  -0.0013018981   0.0021303565   0.0032882638
12  6  -0.0530501407  -0.0001453735   0.0010320889   0.0001106842   0.0009737693
12  7  -0.0520701952   0.0232062784  -0.0000482213
13  1  -0.2477238241   0.2444426499  -0.0234433939   0.2656110837   0.0515211197
13  2   0.0122093876  -0.1514065440  -0.0209016736   0.0045382606  -0.0511915312
13  3  -0.0346230567  -0.1388824542   0.0895150476  -0.1987806178   0.3852118521
13  4   0.0230336202   0.4039953178  -0.2276504983  -0.4198144714   0.2574666967
13  5   0.3923404479   0.5268102803   0.0124079514   0.1574079615  -0.0478099795
13  6   0.0480754895   0.0551208948   0.1123186489  -0.3191835739  -0.0900767942
13  7   0.0034868451   0.0045681471  -0.0015747559
14  1  -0.0424108925  -0.1368074347   0.1119246513   0.2306963217   0.2464375268
14  2   0.1590255872   0.1321406458  -0.0361579447   0.0222019480   0.1086701449
14  3   0.1689532294  -0.0002410432   0.0061488154  -0.0488331793   0.1308806761
14  4   0.0533999732   0.1858792463  -0.0170536368  -0.1554305051   0.1375073152
14  5   0.1578063721   0.2497454613  -0.0477932195  -0.1220555090  -0.0236254554
14  6   0.0295532476  -0.1579963059  -0.2894250816   0.8249624611   0.2220846632
14  7  -0.0078458955  -0.0159226152   0.0008193507
15  1   0.0026271268  -0.2967405977   0.4320288177   0.1553624084  -0.1329261706
15  2   0.1458248477   0.2496529168  -0.0644857568   0.0997349489   0.3066248000
15  3   0.2199501285  -0.5509544255  -0.3246285543  -0.1964458973  -0.1975936742
15  4  -0.0735192220   0.0141584612  -0.1974579841  -0.1286730693  -0.1844471361
15  5   0.1030117188  -0.0106010182  -0.0287277521  -0.6693864629   0.0066747021
15  6   0.0051892440   0.0261289198   0.0487227740  -0.1790808658  -0.0511251270
15  7   0.0005785337   0.0013960996  -0.0005239696
16  1  -0.3486452398   0.0974951789  -0.1558736884   0.0888497539  -0.1151647347
16  2   0.1347119958  -0.1002409656   0.1079934051  -0.0215513633  -0.1440547668
16  3  -0.2822288095   0.0892330913   0.1528619657  -0.1747682652  -0.0340806536
16  4  -0.1967670879  -0.0333245296   0.5191040449   0.0862002548  -0.0402945224
16  5   0.7611145044  -0.3136583432  -0.1789546420  -0.1713257978   0.0850615626
16  6   0.0613441413  -0.0545305358  -0.2003067427  -0.0558133889  -0.0482286508
16  7  -0.0027468125   0.0037216816   0.0022470462
17  1  -0.0247133601  -0.2987318030   0.1955452150   0.2291720163   0.1301574677
17  2   0.3510129948   0.3330560028  -0.0264764342   0.0747253893   0.2591594069
17  3   0.3136210738  -0.2758529625  -0.2551301571  -0.1287184708  -0.2709510631
17  4  -0.0453942571   0.0421859624   0.1959036132  -0.0962257029  -0.0490174123
17  5   0.2515111938  -0.2318333218   0.0456313396   0.6077689968   0.0250165176
17  6   0.0166435261   0.1027033778   0.3813833860   0.1069517629   0.0988217325
17  7   0.0091137098  -0.0055898340  -0.0012398548
18  1  -0.1168260783  -0.1040405783   0.1573029072   0.0096683093  -0.0459873298
18  2  -0.1261591742  -0.1109032657   0.0261095706   0.0060457757  -0.0547401319
18  3  -0.3082900949   0.1645227323   0.2706372258  -0.0037705270   0.2077358573
18  4  -0.1446136586  -0.0970096354   0.0130358753   0.2017791503   0.0554812568
18  5   0.0726914916   0.0865875044  -0.0856655678  -0.2910606995   0.0068779620
18  6  -0.0064801149   0.2054980506   0.7813124542   0.2469305068   0.2088269040
18  7   0.0120805128  -0.0108912558  -0.0015412758
19  1   0.0913771330   0.1168587315   0.0472689385   0.3838133131  -0.0361452264
19  2  -0.1425292306   0.2083297540  -0.0461179927   0.1268676154   0.2302704935
19  3  -0.4262065222   0.2397344246   0.1753719619  -0.1707246916  -0.1928156414
19  4   0.2739545351  -0.2467258981   0.2721891178  -0.3551651982  -0.0131086534
19  5  -0.0781367141   0.1075197595   0.6234369606  -0.0710831449   0.3749184646
19  6   0.0073455580  -0.0590197931   0.0470212941   0.0575873505  -0.1846396304
19  7   0.0017548223  -0.0010645164  -0.0039582696
20  1  -0.0426778637  -0.0758299213  -0.3203713355  -0.0233620936   0.1743721090
20  2  -0.2333323068   0.2399330642  -0.0559231019   0.0519797205   0.1093872786
20  3  -0.2872590593   0.0617206471   0.1491854298  -0.1569290845  -0.3445391546
20  4   0.1761849041   0.3701513804  -0.1491451946   0.0675732926  -0.2011672537
20  5  -0.0853474596   0.1486445522  -0.4535944932   0.0739556785   0.5480760837
20  6  -0.0038691504   0.0827717788  -0.0875129343  -0.1185346206   0.3812443004
20  7   0.0008049073   0.0004162414   0.0045038462
21  1  -0.2379541696  -0.1936609019   0.2926607994   0.0190917866  -0.0856158225
21  2   0.1746123280  -0.1580528320   0.0719453958  -0.0160697569  -0.0975545090
21  3  -0.0298754256   0.1042144458  -0.0305802282   0.0198955057  -0.0259407068
21  4   0.0327990527  -0.2150324520   0.1232043838  -0.2175995251   0.0132463452
21  5  -0.0202217520   0.0145695198   0.3028278931  -0.0391725728  -0.2187659307
21  6   0.0060321914   0.1954899942  -0.1853366830  -0.2479984231   0.8075485200
21  7   0.0019304378   0.0002728564   0.0143006795
22  1  -0.1556795734   0.1941676416  -0.0136727264   0.2857175239   0.0114163666
22  2  -0.0233245689   0.1587050193   0.0006182217  -0.0134162101   0.0188111511
22  3  -0.0770470530   0.1253715728  -0.3305794490   0.2183233189   0.0029194511
22  4   0.2760411243   0.0878839658  -0.1058092418   0.3935131418  -0.3998807346
22  5   0.2526856199   0.2453186522   0.2392021490   0.0283577403  -0.0732063555
22  6  -0.0000881038   0.6264076922  -0.1629291408   0.1042798711  -0.1458802755
22  7  -0.0020848469   0.0005019406  -0.0034528123
23  1  -0.0119692466  -0.3622632194  -0.1350424384  -0.0022920426  -0.0205060824
23  2   0.1361536207  -0.1799673967   0.0578806456  -0.0289703791  -0.1527828526
23  3   0.0591989640  -0.0711398611  -0.2461572986   0.1558929849   0.1426551761
23  4  -0.5457274628  -0.2012050235  -0.0696268482  -0.2822502698   0.4211648922
23  5  -0.0983897978  -0.1614646786  -0.0801905541  -0.0331388219   0.4683569131
23  6   0.0011715315   0.5189247125  -0.1282917017   0.0864369124  -0.1215971795
23  7   0.0002416525   0.0009124816   0.0020261209
24  1  -0.3935760516  -0.1766243639   0.2746033197  -0.0416838278  -0.0772688704
24  2   0.2936528301  -0.2405400736   0.1041143449  -0.1191074147  -0.2572844823
24  3   0.2460270291   0.0159960996  -0.4191792458   0.2914204416   0.1782094846
24  4  -0.0042395002  -0.0620556198  -0.0987242864   0.2438259718  -0.1829586883
24  5   0.1466406758   0.1918077658   0.2348239086   0.0194660736   0.5153834233
24  6  -0.0018969265  -0.4469716328   0.1105796992  -0.0659385760   0.0900861938
24  7   0.0004754567  -0.0005201099   0.0016293038
25  1  -0.1163213804  -0.0830592655  -0.1635329234   0.0985160652  -0.2723292580
25  2   0.0672063360  -0.2180304441  -0.2667058736  -0.8259251668   0.4508414530
25  3  -0.0746773319   0.0161836798   0.0029504881   0.0145225666   0.0902803774
25  4  -0.1462533372  -0.1456811661   0.1163434998  -0.0915621701  -0.1530114591
25  5  -0.0362106956   0.0880897054  -0.0960781636   0.0309031498  -0.0056556527
25  6   0.0058955261   0.0028034721  -0.0057229509  -0.0027797875   0.0005850107
25  7  -0.0001711951   0.0005298724  -0.3800905502
26  1  -0.0093042085  -0.3825751887  -0.1524346479  -0.0201964953  -0.0431516565
26  2   0.1379721409  -0.1785379929  -0.0554046490  -0.4295728267   0.0798461109
26  3  -0.1797771739  -0.0235681473   0.0351951860  -0.1063343401  -0.2607804356
26  4   0.4324334428   0.3888634546  -0.2905349612   0.2726525861   0.4531110088
26  5   0.0928195429  -0.2423836706   0.3044677802  -0.0630987838  -0.0047536380
26  6   0.0057846926  -0.0014608811   0.0046426184   0.0012711159  -0.0001725544
26  7  -0.0009091649  -0.0008738843   0.4075749455
27  1  -0.4507356244   0.0960496638  -0.1189440377  -0.2109078450   0.0452416305
27  2  -0.2015556345   0.1285538196  -0.1361315333  -0.1497186756   0.1779366642
27  3   0.0724069433  -0.0281966235  -0.0415471319   0.0494606723   0.2164229368
27  4  -0.1983655647  -0.2816994311   0.1941183333  -0.1638364331  -0.2426711982
27  5  -0.0549264280   0.1309401757  -0.1472834489   0.0375473664  -0.0062673628
27  6  -0.0001338334   0.0010928945   0.0025306501   0.0043430611  -0.0181133054
27  7  -0.0010628342  -0.0011313509   0.8277933359
28  1   0.0431798345   0.0236865810  -0.0298265798   0.2817915542  -0.1397210480
28  2  -0.0745189891   0.1789399788  -0.4131163391  -0.0777768688  -0.4595207013
28  3   0.2016888198   0.1873597759  -0.3101995411  -0.5616295234  -0.2358225789
28  4  -0.1641126787  -0.3285090872   0.0370597041   0.2211534363   0.1695664649
28  5  -0.0367945718   0.2304968526  -0.0394795987   0.0134170581  -0.0306321489
28  6  -0.0026424913   0.0010445408   0.0030035433   0.0005174744  -0.0030734036
28  7  -0.2893048014   0.2549218612  -0.0001423635
29  1  -0.0765808866   0.1817269153  -0.0929331714   0.2080534438   0.4635148078
29  2  -0.2508780994  -0.2816285228   0.2666391454  -0.0765332895   0.0624648251
29  3   0.1216958366  -0.1230762908  -0.1759750019  -0.1809717324  -0.3080113964
29  4  -0.0516603100  -0.2296399948   0.1599572059   0.1533922428   0.1980046538
29  5   0.0121076236   0.2515096981  -0.0491990566  -0.0064018765  -0.0233087815
29  6  -0.6001120787  -0.0013369533  -0.0088358149  -0.0068498560  -0.0063849066
29  7   0.3580971677  -0.3227431303   0.0001629477
30  1   0.1643024695  -0.1862636983   0.2646394042   0.1478261760  -0.0841315643
30  2  -0.2371325712   0.1177052216  -0.3848605234  -0.0281993785  -0.2909964534
30  3   0.0487515399   0.1778725446  -0.1052190800  -0.1438283146   0.1052608269
30  4  -0.0381358981   0.0680197433  -0.0445034784  -0.0296778036  -0.0839071794
30  5  -0.0022898645  -0.1167865792   0.0160446398   0.0112596525   0.0048887637
30  6   0.3407803375  -0.0024566678  -0.0156289924  -0.0083808617  -0.0059516240
30  7   0.5541743458  -0.5525414244  -0.0003247460
31  1  -0.0171804173  -0.1219091801  -0.1437921807   0.1318882061  -0.2995745300
31  2   0.0226066887   0.3973477564   0.2290932425  -0.1130577228  -0.0164499679
31  3   0.2759660423   0.5129477039   0.1082150871  -0.3358121943   0.3371162373
31  4  -0.0144546963  -0.0329941694  -0.4456004241  -0.1590212622  -0.2353484975
31  5   0.0833257865  -0.2870628587   0.0399695404   0.0003636999   0.0270761506
31  6  -0.3734126215   0.0008493289  -0.0022015430   0.0115176733   0.0024792570
31  7   0.2396561388   0.2535554430   0.0015589252
32  1  -0.0599822595   0.0359281656  -0.0592110924   0.1802708942   0.3467985712
32  2  -0.1112062111  -0.0744151018   0.2425878890  -0.0608043538   0.0930622295
32  3   0.1557896384   0.2219240547  -0.0086248279  -0.2378636258   0.1077363264
32  4  -0.0491738979  -0.0885856756  -0.2300892673  -0.0271516291  -0.1138023671
32  5   0.0077988720  -0.1352105623   0.0212990305   0.0034912415   0.0132652229
32  6   0.0766060050   0.0045795728   0.0063240042  -0.0121170615  -0.0018088653
32  7  -0.6215165589  -0.6332068017  -0.0014855774
33  1   0.0276428559   0.0000000000   0.0000000000   0.0000000000   0.0000000000
33  2  -0.4791244173  -0.0963256805   0.5913007002  -0.1064554077   0.2209595879
33  3   0.1537168293   0.0957385435  -0.2784383834  -0.2800177606  -0.0435897640
33  4  -0.0963269109  -0.0561679933   0.0689163759   0.1274660051   0.0889827661
33  5  -0.0896245107   0.1178081902  -0.0103217443   0.0164279848  -0.0143467765
33  6   0.6039910296  -0.0011438791  -0.0033655006   0.0055771010   0.0000588404
33  7   0.1838475644   0.2309285959   0.0003660940
$end
