$coord
    8.65522020407873     -0.65384957346733     -1.71443115084241  c
    9.41593708666245      1.85582879672460     -2.31469894424944  o
    8.18932571837676      3.81645600509338     -1.15510836164019  c
    9.11942014973340      6.21563647637100     -1.83740583816575  c
    8.03742441299876      8.36455092609126     -0.79807425007862  c
    6.05833404680057      8.12957691762484      0.89934991423022  c
    5.10329466474605      5.75409735407772      1.60625383902106  c
    6.21598647325697      3.58216542150100      0.53101047489234  c
    3.04122646225563      5.74650623976901      3.41146705968835  c
    1.63533362567974      3.96567903479131      4.61439389437829  c
    1.63091729868882      1.20006028490983      4.50463344235659  c
    2.87218670232116     -0.12234983806176      3.07058818684161  o
   -0.18273776468788     -0.06107596948404      6.38093797694292  c
   -2.94174055881365      0.23912946800301      5.55405087306410  c
   -4.34431829093170      1.68857095564154      6.66119370040048  o
   -3.72408878460477     -1.29914136392794      3.37019025242701  c
   -6.12225208369517     -1.26276007179466      2.52588940800819  c
   -7.20650992504898     -2.64947456820700      0.42302384722942  c
   -5.76891440871610     -4.26717868012647     -1.13165652348778  c
   -6.89109795890927     -5.54298925177165     -3.10779030673247  c
   -9.49599267555470     -5.24517000007141     -3.59626787465903  c
  -10.92289655230278     -3.66012061002331     -2.08037138432391  c
   -9.78396267558173     -2.37659668745702     -0.09471057086579  c
  -10.59218022536176     -6.50105241689522     -5.53747016782894  o
   -5.70398826457410     -7.15455985317266     -4.74460058201231  o
   -3.07416309184343     -7.59939103054683     -4.43179563394102  c
   11.05285900451216      6.42422532895861     -3.49728408168889  o
    8.90284648396888     -1.04139341440852      0.29836615634005  h
    9.87029479710853     -1.89269261311603     -2.81573855852099  h
    6.68115455816679     -0.97377409929547     -2.22790663219763  h
    8.76875230545197     10.19647756297352     -1.33666717519136  h
    5.23066821547185      9.81951323726351      1.70406009724266  h
    5.47814077825378      1.75498472226517      1.05030291048004  h
    2.51662203694141      7.65960627192210      3.94769507573665  h
    0.23545871032601      4.71175513323956      5.91143682357877  h
    0.31710712823812     -2.05797301268490      6.46253437207575  h
   -0.00267352752486      0.79602994849137      8.24455898421688  h
   -2.28027839569048     -2.45392088070052      2.49114123987248  h
   -7.42009299212891     -0.04459388176624      3.54990868233850  h
   -3.77325585206864     -4.49953525730718     -0.77272399019789  h
  -12.91750480148862     -3.45061161177728     -2.47860573896344  h
  -10.91157416873387     -1.13884305006172      1.08138893531681  h
   -9.30318546941653     -7.49939102758989     -6.36740238860156  h
   -2.67759957577862     -8.44040022564226     -2.58650219722620  h
   -2.53858731295696     -8.91652109583115     -5.91527513968377  h
   -1.99479165845481     -5.84984886699512     -4.63941083455458  h
   11.54587426108516      4.73435886645339     -3.99870664754982  h
$user-defined bonds
$end
