$dipgrad          cartesian dipole gradients
  0.24921446077787D+00  0.15603172196203D+00  0.46966889245177D-01
  -.12794144401490D+00  0.87110836913100D+00  0.10831012155765D+00
  0.40314618421608D-01  -.11322150353898D+00  0.25976192386084D+00
  -.54835866505205D+00  0.24425137644428D+00  0.22923368978548D+00
  0.59432973858046D+00  -.13786332584502D+01  -.44195149448162D+00
  0.29529697113580D+00  -.25515571353944D+00  -.43957481149603D+00
  0.36147598056550D-01  -.59297693830110D+00  -.19427699696240D-01
  -.10110993670463D+01  0.65329230046389D+00  0.74498929636409D+00
  -.36588291024428D-01  0.54810154662253D+00  0.11834880134433D+00
  0.12410218182894D+01  0.23315388662802D+00  -.85949863938240D+00
  0.23630138994291D+00  0.53520908705531D-01  -.15844456242620D+00
  -.99563359287519D+00  -.19756691670581D+00  0.81767546037165D+00
  -.38940887305960D+00  -.12204892851649D+00  0.11548147069212D+00
  0.39436966099668D+00  0.17536058958864D+00  -.25403124202845D+00
  0.20769237064001D+00  0.11918903997379D+00  -.28560147724873D+00
  0.18224223401820D+00  0.13206241200312D+00  -.22515668553717D+00
  0.27340251701123D+00  0.19273010022378D+00  -.12378372640114D+00
  -.25533635155028D+00  -.10334201652332D+00  0.68731344684416D-01
  -.68158070914863D+00  -.35008660300527D+00  0.39110444147662D+00
  0.19333848329209D-01  -.65459860639841D-01  -.28259635562294D-01
  0.55632753187851D+00  0.29912715260838D+00  -.37318094601523D+00
  0.76354720957244D-01  0.21000293128564D+00  -.12180516495480D+00
  -.26169048485902D+00  -.26945802559139D+00  0.16871998623679D+00
  -.16208698532262D+00  -.18199406057001D+00  0.13873137286276D-01
  0.10708639323671D+01  0.62563866187316D+00  -.67449039564129D+00
  0.38192469920502D+00  0.45215971630633D+00  -.16996278997418D+00
  -.99241819790779D+00  -.56663920782985D+00  0.54619726290321D+00
  -.68339228691493D+00  -.52219160434820D+00  0.20078639471076D+00
  -.12343843915243D+01  -.11966873815604D+01  0.61127807325352D+00
  0.48282704986168D+00  0.43973294880399D+00  -.38178323305047D+00
  0.90782853008583D+00  0.17651322357691D+00  -.28452068183019D+00
  0.14137771917917D+01  0.18568085711119D+01  -.53614924487099D+00
  -.88968709994125D+00  -.12542318618877D+00  0.41894463047992D+00
  -.62821417240338D+00  0.15734050516392D+00  0.92817609255956D-01
  -.32068439714622D+00  -.10071559487943D+01  0.13048899797423D+00
  0.31675035202168D+00  -.22052275255503D+00  -.39602130423308D+00
  -.12186652473521D+01  -.46799722319769D+00  0.10098831687935D+00
  -.26188404973437D+00  -.46581571524922D-01  0.10726492720332D+00
  0.22854479991454D+00  0.16174211972721D+00  -.86042469264810D-01
  0.18731431299027D+01  0.39613870355061D+00  0.62348201153010D-01
  0.31710666438013D+00  0.85249479067945D+00  0.10577825235676D+01
  0.12217769281490D+01  0.11055591931613D+01  0.13532439536972D+01
  -.80822816226071D+00  0.13682822410521D+00  0.39290137513866D+00
  -.92249597356338D-01  -.78626158323368D+00  -.65380509668331D+00
  -.26169136582613D+00  -.51265870785433D+00  -.98405031996068D+00
  -.11892744332514D+01  -.86462146274481D+00  -.95865789764807D+00
  -.37218456778256D+00  -.37529484765520D+00  -.27414018069958D+00
  -.88005919636896D+00  -.57400076410175D+00  -.86075799808342D+00
  0.89963221758325D+00  0.55958985801475D+00  0.71169451361927D+00
  0.21750725948811D+00  0.23213850875967D+00  0.37397912806349D+00
  0.65327760175407D+00  0.56263045102073D+00  0.68102568619831D+00
  -.26039007288129D+00  -.14305769499711D+00  -.17346474225789D+00
  -.30048131664008D+00  -.27034958425000D+00  -.30069406379009D+00
  -.41956107338732D+00  -.33130604971189D+00  -.46417923807296D+00
  -.10575781694269D+00  -.81520782536708D-01  -.77757072078281D-01
  0.19006696380997D+00  -.29932306321596D-01  0.15685788279308D+00
  0.23813007055836D+00  0.94733547840178D-01  0.42081923316270D-01
  -.33171369803332D-01  -.81036277317158D+00  -.88983772885289D+00
  -.38664693318046D+00  0.59643894570203D+00  0.47170952598338D+00
  -.51920482194249D+00  0.40006994271590D+00  0.37940560278790D+00
  0.46261219781977D+00  0.55695595578076D+00  0.70764759816575D+00
  0.44816929123050D+00  0.51496829960202D+00  0.62526403447711D+00
  0.70028299766947D+00  0.74644122146273D+00  0.10964773722948D+01
  0.17334759652921D+00  0.10115983670716D+00  0.20078060353744D+00
  -.29269578645527D+00  -.29968443515322D+00  -.19158420841090D+00
  -.24356302046496D+00  -.13655790697952D+00  -.34229741484532D+00
  0.26809991954160D+00  0.13651023879647D+00  0.20436032246976D+00
  0.27651557417254D-02  -.55548679117653D-01  0.11292924852866D+00
  0.16211895811021D+00  0.13780331669429D+00  0.89624014208827D-01
  -.56137750081855D+00  -.36351112321352D+00  -.46769466265406D+00
  -.54290169641864D+00  -.83098886674621D+00  -.68812652836488D+00
  -.75988444471928D+00  -.76387219122783D+00  -.13183953109720D+01
  -.92010845461388D+00  0.67907248981840D+00  0.52633671887588D+00
  0.36390238266178D+00  -.82107029845013D+00  -.52558709099403D+00
  0.22094599482747D+00  -.50758108762888D+00  -.69676648299502D+00
  0.79064242531754D+00  -.35240581118276D+00  -.25101476880272D+00
  -.86541085062958D-01  0.35925701787187D+00  0.17513219820253D-01
  0.35667697522611D-01  -.61042415417370D-01  0.25504580799007D+00
  -.14624817179416D+01  -.28469046670074D+00  0.80596707224782D+00
  0.35264659212478D-01  -.20717189249823D+00  -.44729636179767D-02
  0.99009793044009D+00  0.25548391561874D+00  -.99582914386267D+00
  0.72851821557441D-01  -.48746061177937D-01  -.32846047302531D-01
  0.15254536549645D-01  -.14613805436595D-01  -.40368230349106D-01
  -.50058494467726D-01  0.90219409216515D-01  -.86948667680094D-01
  0.35234819915138D-02  0.85008007029486D-01  0.70687129631668D-01
  0.62826009536571D-01  -.34643172788464D-01  -.51686021016870D-01
  0.78789990851235D-01  -.79907787401643D-01  0.27556605688711D-01
  -.80252213876408D-01  -.90861328337299D-01  -.68125808697470D-01
  0.50028941658854D-01  -.18535996936640D-01  -.68695903859555D-02
  -.67696564939994D-01  0.36346312467880D-01  0.44938112321809D-01
  0.73293560913711D-01  -.51140437892275D-01  0.52257695938148D-01
  -.53703575923934D-01  -.25657734690702D-01  0.33437266117688D-01
  0.59513064890206D-01  0.35584792188951D-01  0.10026176427352D+00
  0.68677763921180D-01  0.70834517631978D-01  0.57466241867759D-01
  0.42408163474907D-01  -.16767929559672D-01  -.41603960786469D-01
  0.51059694310237D-01  -.70015213214939D-01  0.71790487261637D-01
  0.23324837367449D+00  0.44350087920921D-01  -.41821987595580D-01
  0.98889630769507D-01  0.87520634825574D-01  -.57777563141455D-01
  -.75482644458319D-01  -.34943021261867D-01  0.14586449308036D+00
  0.48113424185870D-01  0.38088199184974D-02  0.26452492469452D-01
  0.32710020769657D-01  -.82810877257029D-01  -.51429218637137D-01
  0.26630944503170D-01  -.19348566815796D-01  0.64064414019902D-01
  0.65912473212147D-01  0.52955980254661D-01  0.84662975181603D-01
  0.10382341304406D-01  0.41145001243161D-01  0.13952454657952D-01
  0.11695498181115D+00  0.20161748705746D-01  0.32840003701001D-01
  0.54770135905728D-01  0.26763531907928D-01  -.12131030933761D-01
  -.15435478741614D-01  -.77795666874113D-01  0.20127862182924D-01
  -.99124855919620D-02  -.26044947694110D-01  0.54624689573549D-01
  0.52896452613909D-01  -.13571176229095D-01  -.86948071664324D-02
  -.52470717068496D-01  0.82835514582416D-02  -.51182325559705D-01
  -.38915173546298D-01  -.39211487809851D-01  -.38288869158279D-01
  0.41909736989594D-01  0.83698344827723D-01  0.32201939740510D-01
  0.92169883207681D-01  0.74028062739200D-01  -.60116860007512D-01
  0.14499247223984D-01  -.73629975109021D-01  0.37185810213916D-01
  0.33852765578039D-01  0.48189264618527D-01  0.23178602207799D-01
  0.55636598730809D-01  0.73315600632775D-01  -.37953214488467D-01
  0.24514089099373D-01  -.37447948393911D-01  0.61406887981739D-01
  -.31750013204642D-01  0.44286279653960D-01  -.61257615533078D-03
  0.28546611869629D-01  0.12050419328642D+00  -.10440375818907D-01
  -.19576603972607D-01  0.55445041124235D-02  0.10652067596357D+00
  -.47329217717466D-01  0.81297359206072D-02  -.45054462082106D-01
  0.13638335575689D-01  0.11148744381151D+00  -.32272148359882D-01
  -.45742027775040D-01  -.37373231992280D-01  0.88157988277977D-01
  0.53162896755961D-01  0.46112731626836D-01  0.24555084273023D-01
  0.60889848605148D-01  0.53359199303606D-01  -.76165667428771D-01
  0.53373125560988D-01  -.78058722169669D-01  0.41439311451082D-01
  0.24595413110797D+00  -.17326616681980D-02  -.12423231333286D-01
  0.86348913503167D-01  0.35803617577763D+00  0.78753370069324D-01
  0.91694252122225D-01  0.72679926137584D-01  0.39412680216231D+00
  -.18067474945609D-01  0.51018736158169D-01  0.55125345170568D-01
  0.83471517168054D-02  0.34566394545708D-01  0.43016203335698D-01
  -.77157208606438D-01  0.11365509327083D+00  -.68325932381487D-01
  0.35474093535731D-01  0.37986881930783D-01  0.25678595848096D-01
  0.55286346300015D-01  -.37300279950996D-02  -.93759216038343D-01
  0.51013121458386D-01  -.10774116671083D+00  -.17106084956047D-01
  -.47713187500107D-01  0.27819069542380D-01  0.49977674726566D-01
  -.10774093500976D+00  -.82882526041583D-01  0.36851237044898D-01
  -.25309670699508D-01  0.39041826468229D-01  0.66316293482713D-01
  0.40072969649874D+00  0.29311062562800D-01  -.66622903706562D-01
  -.80848931993325D-01  0.22519190180111D+00  0.49391861091802D-01
  -.92529069348132D-01  -.29241459872553D-01  0.35761844340475D+00
$end
