$dipgrad          cartesian dipole gradients
  0.15632844715522D+00  -.26728510530069D+00  -.18102325148109D+00
  -.34354880738361D+00  0.53806173092261D+00  0.58164985455694D-01
  -.22675479721411D+00  0.66724706540125D-01  0.39812907795434D+00
  0.12944324619986D+01  -.15344478129891D+00  0.43913402826479D-02
  -.25771312882388D+00  0.13141177042234D+01  0.62056993517760D+00
  -.58490959535924D-01  0.63092152634420D+00  0.63445960452021D+00
  -.74116322203093D+00  -.19458346307396D+00  -.14833280367374D+00
  0.11322938114923D-01  -.93666062400674D+00  -.30536405821375D+00
  -.21829169246280D-01  -.32553781284671D+00  -.63295141740864D+00
  -.84320015959898D+00  0.51522874421825D+00  0.26133503938449D+00
  0.38772707185781D+00  -.75907696844394D+00  -.24957576792052D+00
  0.18318430861810D+00  -.23749743722989D+00  -.41578510979800D+00
  -.55432859221773D+00  0.23345986455257D+00  0.13331193556148D+00
  0.21834104434499D+00  -.66675817246177D+00  -.95251359741783D-01
  0.12497003190178D+00  -.93254256251908D-01  -.51477933088380D+00
  0.20985120094366D-01  -.82025626122806D-02  0.25156313449291D-02
  0.30858231270441D-01  -.10291684775260D+00  0.27602351484142D-01
  0.31919151535950D-01  0.67116494667690D-01  0.48031706439503D-01
  0.23662746608662D-01  0.88766509698451D-02  0.88290943062327D-02
  0.47616693101964D-01  0.50443444224227D-01  -.94765139134529D-02
  0.24568353459772D-01  -.57141635333728D-01  -.10437720835124D+00
  0.29220945866770D+00  -.50881300260176D-01  -.35639646498258D-01
  -.77701002623104D-01  0.27534741428325D+00  -.47000048378777D-01
  -.51946926077887D-01  -.44751675084530D-01  0.30843395688651D+00
  0.35107373932547D+00  -.83168047194628D-01  -.45387339226666D-01
  -.16903039859517D-01  0.28744231901383D+00  0.33047605083073D-03
  -.56199934413693D-02  -.65799108052600D-02  0.27883872064353D+00
$end
