$hessian (projected)
 1  1   0.4570966202   0.0137299277   0.0003529198  -0.1693799281  -0.0231101342
 1  2  -0.0211600985  -0.0147024648  -0.0129536308  -0.0119711058  -0.0286371592
 1  3   0.0058798264  -0.0000376466  -0.1393062753   0.0867218241   0.0438761922
 1  4  -0.0675151805  -0.0587004042   0.0286648564  -0.0532871047  -0.0002234578
 1  5  -0.0345497877   0.0017656036   0.0012850702   0.0005449643   0.0139658889
 1  6  -0.0126290214  -0.0057202940
 2  1   0.0137299277   0.5570909171   0.0094636953  -0.0086960305  -0.0741658649
 2  2   0.0114547565  -0.0303709993  -0.0170183525  -0.0298730119   0.0271161997
 2  3   0.0048201235  -0.0006636628   0.0391345291  -0.1636322646  -0.0588309539
 2  4  -0.0634038313  -0.2302519985   0.0917635037  -0.0025248276  -0.0441468606
 2  5  -0.0063354401   0.0053149144  -0.0021248160  -0.0032666425   0.0197001177
 2  6  -0.0305708835  -0.0137122443
 3  1   0.0003529198   0.0094636953   0.5520325994  -0.0125525842   0.0099191918
 3  2  -0.0895720892  -0.0226265811  -0.0282012259   0.0081484595   0.0128368562
 3  3  -0.0026795774   0.0096264907   0.0149982747  -0.0539342685  -0.0908764874
 3  4   0.0281791068   0.0895270775  -0.0884400451  -0.0381752447  -0.0032234589
 3  5  -0.2894969283   0.0029896434  -0.0036142624   0.0020714552   0.0139976092
 3  6  -0.0172571715  -0.0134934548
 4  1  -0.1693799281  -0.0086960305  -0.0125525842   0.6505127945   0.0854569244
 4  2   0.0924658172  -0.1934919348  -0.1702030197  -0.1147036279  -0.2024657108
 4  3   0.0568465749   0.0214278818  -0.0319863370   0.0061817984   0.0007522540
 4  4  -0.0054977530  -0.0052684568  -0.0047953844  -0.0004959179  -0.0050809972
 4  5  -0.0020750386  -0.0453826510   0.0393117196   0.0192210324  -0.0018125618
 4  6   0.0014514867   0.0002596498
 5  1  -0.0231101342  -0.0741658649   0.0099191918   0.0854569244   0.7310177271
 5  2   0.3146119993  -0.1574361536  -0.4772057664  -0.2581045492   0.0814401242
 5  3  -0.1695929982  -0.0564894815   0.0291067758  -0.0150039115  -0.0056435421
 5  4  -0.0309422715  -0.0080593684  -0.0076672955   0.0010590863  -0.0007157144
 5  5  -0.0014359277  -0.0009662050   0.0130544967   0.0053217719   0.0153918534
 5  6   0.0006714001  -0.0005121669
 6  1  -0.0211600985   0.0114547565  -0.0895720892   0.0924658172   0.3146119993
 6  2   0.4284172204  -0.1069992391  -0.2593227733  -0.2465721461   0.0363983303
 6  3  -0.0587714495  -0.0964652284   0.0143590566  -0.0079345045  -0.0042971973
 6  4   0.0172456014   0.0019590430   0.0039176054  -0.0358483701  -0.0091627075
 6  5  -0.0083788270  -0.0052890105   0.0090941202   0.0092699515   0.0088279128
 6  6  -0.0019284842   0.0036807108
 7  1  -0.0147024648  -0.0303709993  -0.0226265811  -0.1934919348  -0.1574361536
 7  2  -0.1069992391   0.1767206098   0.1743019379   0.1199283347   0.0329187854
 7  3   0.0310381274   0.0193951818  -0.0026532388  -0.0073306345  -0.0048922257
 7  4  -0.0039689432  -0.0005561160  -0.0010741393  -0.0048781417  -0.0010757163
 7  5  -0.0005596972   0.0066847336  -0.0061499529  -0.0025125916   0.0033705944
 7  6  -0.0024204928  -0.0006590426
 8  1  -0.0129536308  -0.0170183525  -0.0282012259  -0.1702030197  -0.4772057664
 8  2  -0.2593227733   0.1743019379   0.5561035471   0.3351149911   0.0195047106
 8  3  -0.0680139918  -0.0568199783   0.0056792766   0.0079823866   0.0043019940
 8  4   0.0008169938   0.0018193941   0.0000191193  -0.0043281516  -0.0003123247
 8  5   0.0016269044  -0.0065640336  -0.0024747692   0.0016986069  -0.0062540832
 8  6  -0.0008801231   0.0015823618
 9  1  -0.0119711058  -0.0298730119   0.0081484595  -0.1147036279  -0.2581045492
 9  2  -0.2465721461   0.1199283347   0.3351149911   0.2490827549   0.0123507143
 9  3  -0.0557055970  -0.0044766702   0.0030152074   0.0030453878   0.0039034701
 9  4  -0.0053281400   0.0008538302  -0.0019698707   0.0025227013   0.0009855455
 9  5   0.0010271049  -0.0027848013   0.0017351049  -0.0055073145  -0.0030292827
 9  6   0.0019482987  -0.0036357878
10  1  -0.0286371592   0.0271161997   0.0128368562  -0.2024657108   0.0814401242
10  2   0.0363983303   0.0329187854   0.0195047106   0.0123507143   0.6240312266
10  3   0.0012534046   0.0561086316  -0.0112109799   0.0021280234   0.0000961846
10  4  -0.0006762502   0.0009691038   0.0006970682  -0.0010021754   0.0011476947
10  5   0.0003205495  -0.4144363854  -0.1318957939  -0.1178958931   0.0014786489
10  6  -0.0016634671  -0.0009124414
11  1   0.0058798264   0.0048201235  -0.0026795774   0.0568465749  -0.1695929982
11  2  -0.0587714495   0.0310381274  -0.0680139918  -0.0557055970   0.0012534046
11  3   0.3002558113   0.1596045130   0.0003724122   0.0037533875   0.0015497110
11  4   0.0021858964   0.0007349906  -0.0002039728  -0.0003298500  -0.0000379248
11  5   0.0001345380  -0.0922256963  -0.0716137148  -0.0430491734  -0.0050206957
11  6  -0.0003056833  -0.0008789919
12  1  -0.0000376466  -0.0006636628   0.0096264907   0.0214278818  -0.0564894815
12  2  -0.0964652284   0.0193951818  -0.0568199783  -0.0044766702   0.0561086316
12  3   0.1596045130   0.1407397061  -0.0009281306   0.0017291162   0.0022346080
12  4  -0.0015700016  -0.0001870023   0.0000240323   0.0023679346   0.0001273173
12  5   0.0011472120  -0.0937899802  -0.0467772426  -0.0525424639  -0.0029738707
12  6  -0.0005235789  -0.0002876867
13  1  -0.1393062753   0.0391345291   0.0149982747  -0.0319863370   0.0291067758
13  2   0.0143590566  -0.0026532388   0.0056792766   0.0030152074  -0.0112109799
13  3   0.0003724122  -0.0009281306   0.3852774383   0.0654831458   0.0773863969
13  4   0.0044487261   0.0053321881  -0.0035503960   0.0012514455   0.0023015234
13  5   0.0066187146  -0.0006912533   0.0013407313   0.0006849069  -0.2051295256
13  6  -0.1487505822  -0.1125840305
14  1   0.0867218241  -0.1636322646  -0.0539342685   0.0061817984  -0.0150039115
14  2  -0.0079345045  -0.0073306345   0.0079823866   0.0030453878   0.0021280234
14  3   0.0037533875   0.0017291162   0.0654831458   0.4199935090   0.2410828541
14  4   0.0267410485  -0.0292137550  -0.0171477466   0.0121684660  -0.0097195195
14  5  -0.0145253384  -0.0000950446  -0.0003620913  -0.0006566308  -0.1919986271
14  6  -0.2137977412  -0.1516588692
15  1   0.0438761922  -0.0588309539  -0.0908764874   0.0007522540  -0.0056435421
15  2  -0.0042971973  -0.0048922257   0.0043019940   0.0039034701   0.0000961846
15  3   0.0015497110   0.0022346080   0.0773863969   0.2410828541   0.1893834302
15  4  -0.0017669857  -0.0047220881   0.0089427824   0.0236405256  -0.0301202819
15  5  -0.0072250746  -0.0001607324  -0.0005318726   0.0004040056  -0.1389316095
15  6  -0.1470858205  -0.1024695370
16  1  -0.0675151805  -0.0634038313   0.0281791068  -0.0054977530  -0.0309422715
16  2   0.0172456014  -0.0039689432   0.0008169938  -0.0053281400  -0.0006762502
16  3   0.0021858964  -0.0015700016   0.0044487261   0.0267410485  -0.0017669857
16  4   0.0710966397   0.0574798884  -0.0312817726   0.0040288740   0.0045253195
16  5  -0.0034504379   0.0003851991   0.0003627932  -0.0005294679  -0.0023013121
16  6   0.0022341628  -0.0014979023
17  1  -0.0587004042  -0.2302519985   0.0895270775  -0.0052684568  -0.0080593684
17  2   0.0019590430  -0.0005561160   0.0018193941   0.0008538302   0.0009691038
17  3   0.0007349906  -0.0001870023   0.0053321881  -0.0292137550  -0.0047220881
17  4   0.0574798884   0.2665728488  -0.0920524262  -0.0014612215   0.0008794970
17  5   0.0021311122  -0.0005010192   0.0003705719  -0.0005440304   0.0027060375
17  6  -0.0028521805   0.0030344840
18  1   0.0286648564   0.0917635037  -0.0884400451  -0.0047953844  -0.0076672955
18  2   0.0039176054  -0.0010741393   0.0000191193  -0.0019698707   0.0006970682
18  3  -0.0002039728   0.0000240323  -0.0035503960  -0.0171477466   0.0089427824
18  4  -0.0312817726  -0.0920524262   0.0927584135   0.0106498792   0.0277759568
18  5  -0.0145290829   0.0000580714   0.0000802398  -0.0003631907   0.0006318171
18  6  -0.0025673786  -0.0003406441
19  1  -0.0532871047  -0.0025248276  -0.0381752447  -0.0004959179   0.0010590863
19  2  -0.0358483701  -0.0048781417  -0.0043281516   0.0025227013  -0.0010021754
19  3  -0.0003298500   0.0023679346   0.0012514455   0.0121684660   0.0236405256
19  4   0.0040288740  -0.0014612215   0.0106498792   0.0569203464  -0.0039029593
19  5   0.0319402694   0.0003370802  -0.0003369679   0.0005772918  -0.0028744065
19  6  -0.0003435743   0.0023250128
20  1  -0.0002234578  -0.0441468606  -0.0032234589  -0.0050809972  -0.0007157144
20  2  -0.0091627075  -0.0010757163  -0.0003123247   0.0009855455   0.0011476947
20  3  -0.0000379248   0.0001273173   0.0023015234  -0.0097195195  -0.0301202819
20  4   0.0045253195   0.0008794970   0.0277759568  -0.0039029593   0.0553185901
20  5   0.0168712523  -0.0003019706  -0.0003579704   0.0004048105   0.0026105635
20  6  -0.0009077726  -0.0036584342
21  1  -0.0345497877  -0.0063354401  -0.2894969283  -0.0020750386  -0.0014359277
21  2  -0.0083788270  -0.0005596972   0.0016269044   0.0010271049   0.0003205495
21  3   0.0001345380   0.0011472120   0.0066187146  -0.0145253384  -0.0072250746
21  4  -0.0034504379   0.0021311122  -0.0145290829   0.0319402694   0.0168712523
21  5   0.3188378831  -0.0004777947  -0.0001475503   0.0004208078   0.0022332225
21  6   0.0016804495  -0.0018030950
22  1   0.0017656036   0.0053149144   0.0029896434  -0.0453826510  -0.0009662050
22  2  -0.0052890105   0.0066847336  -0.0065640336  -0.0027848013  -0.4144363854
22  3  -0.0922256963  -0.0937899802  -0.0006912533  -0.0000950446  -0.0001607324
22  4   0.0003851991  -0.0005010192   0.0000580714   0.0003370802  -0.0003019706
22  5  -0.0004777947   0.4519298803   0.0954700526   0.0995973999  -0.0005922071
22  6  -0.0001309978  -0.0001427956
23  1   0.0012850702  -0.0021248160  -0.0036142624   0.0393117196   0.0130544967
23  2   0.0090941202  -0.0061499529  -0.0024747692   0.0017351049  -0.1318957939
23  3  -0.0716137148  -0.0467772426   0.0013407313  -0.0003620913  -0.0005318726
23  4   0.0003627932   0.0003705719   0.0000802398  -0.0003369679  -0.0003579704
23  5  -0.0001475503   0.0954700526   0.0632740638   0.0399653242   0.0006123479
23  6   0.0002342294   0.0001961387
24  1   0.0005449643  -0.0032666425   0.0020714552   0.0192210324   0.0053217719
24  2   0.0092699515  -0.0025125916   0.0016986069  -0.0055073145  -0.1178958931
24  3  -0.0430491734  -0.0525424639   0.0006849069  -0.0006566308   0.0004040056
24  4  -0.0005294679  -0.0005440304  -0.0003631907   0.0005772918   0.0004048105
24  5   0.0004208078   0.0995973999   0.0399653242   0.0461271528   0.0003123573
24  6   0.0001259637   0.0001195964
25  1   0.0139658889   0.0197001177   0.0139976092  -0.0018125618   0.0153918534
25  2   0.0088279128   0.0033705944  -0.0062540832  -0.0030292827   0.0014786489
25  3  -0.0050206957  -0.0029738707  -0.2051295256  -0.1919986271  -0.1389316095
25  4  -0.0023013121   0.0027060375   0.0006318171  -0.0028744065   0.0026105635
25  5   0.0022332225  -0.0005922071   0.0006123479   0.0003123573   0.1938948810
25  6   0.1622524861   0.1189318440
26  1  -0.0126290214  -0.0305708835  -0.0172571715   0.0014514867   0.0006714001
26  2  -0.0019284842  -0.0024204928  -0.0008801231   0.0019482987  -0.0016634671
26  3  -0.0003056833  -0.0005235789  -0.1487505822  -0.2137977412  -0.1470858205
26  4   0.0022341628  -0.0028521805  -0.0025673786  -0.0003435743  -0.0009077726
26  5   0.0016804495  -0.0001309978   0.0002342294   0.0001259637   0.1622524861
26  6   0.2484087546   0.1656077220
27  1  -0.0057202940  -0.0137122443  -0.0134934548   0.0002596498  -0.0005121669
27  2   0.0036807108  -0.0006590426   0.0015823618  -0.0036357878  -0.0009124414
27  3  -0.0008789919  -0.0002876867  -0.1125840305  -0.1516588692  -0.1024695370
27  4  -0.0014979023   0.0030344840  -0.0003406441   0.0023250128  -0.0036584342
27  5  -0.0018030950  -0.0001427956   0.0001961387   0.0001195964   0.1189318440
27  6   0.1656077220   0.1182298982
$end
