$vibrational normal modes
 1  1   0.2214384831   0.0213945699   0.1323501467  -0.0336806477   0.1637143869
 1  2   0.0819462654  -0.0197485431  -0.0916805089   0.0004604480   0.1886431386
 1  3  -0.0038624062  -0.1633854912   0.0111915123   0.2558824959  -0.0191241776
 1  4   0.2542870066  -0.0292233821  -0.0021974710  -0.0985482768  -0.0036851502
 1  5   0.1542393854  -0.0064896470   0.0422202741  -0.0238628468  -0.0061511161
 1  6   0.0007760790   0.0007902110
 2  1  -0.2177804667  -0.0788658829  -0.0372578640   0.1702166864   0.2262303878
 2  2   0.1558526086  -0.1222133977  -0.0798031097   0.0046890654  -0.0844711493
 2  3  -0.0143786968  -0.1567126145  -0.0110814519   0.1716872952  -0.1146255265
 2  4  -0.2871743795   0.0560734556  -0.0180878381   0.0931944267   0.0517715303
 2  5   0.0320933824   0.0606240054   0.0133277009  -0.0552229007  -0.0442878566
 2  6   0.0021192169   0.0005893846
 3  1  -0.0817830826  -0.1377889494   0.3060368579   0.0701305076  -0.1748610605
 3  2  -0.1569701174   0.2032094373  -0.0552424403  -0.0077145892  -0.0325550903
 3  3   0.0227358552  -0.0943472678   0.0523749485   0.1280192326   0.1914831750
 3  4  -0.1459222553   0.0312465497   0.0268771863   0.0475919489   0.0319662283
 3  5   0.0349865634   0.0355989302   0.0123780782  -0.0286849111   0.0818405908
 3  6   0.0013764415   0.0004259230
 4  1   0.1607768931   0.0005142027   0.1687180798  -0.0670222402   0.1402049953
 4  2   0.1094942862  -0.0032303141  -0.0832359779   0.0042457219  -0.0200840347
 4  3  -0.0161714335  -0.1694715896   0.0040565363  -0.1319763367   0.0171092096
 4  4   0.0913540583   0.1618002611  -0.0048298615  -0.0324751276   0.2086375133
 4  5  -0.1338491148   0.0162367875  -0.2758661172  -0.0000557799  -0.0001499506
 4  6  -0.0001408237  -0.0032985719
 5  1  -0.1019064636  -0.0043011062   0.0304065376   0.1019223532   0.2535644155
 5  2  -0.1468994453  -0.0201441754  -0.1391725707   0.0263696267   0.1242409382
 5  3  -0.1012936956   0.0097803023  -0.0804383070  -0.0871663039   0.1135024326
 5  4  -0.0515618333  -0.0804997081  -0.0302343681   0.0065959719  -0.1000707066
 5  5   0.0484255225  -0.0139694502  -0.5517103141  -0.0018800435  -0.0007307125
 5  6  -0.0017635800   0.0002780622
 6  1   0.0998891870  -0.1066585901   0.0729433701   0.2894963233  -0.0885413535
 6  2  -0.0129739231   0.0334801263  -0.0916783136  -0.0438678791   0.0770961226
 6  3   0.1661814705   0.0361372337   0.1269377408  -0.0640116917  -0.1857701030
 6  4  -0.0245611754  -0.0335448156   0.0499576338   0.0018805690  -0.0409802913
 6  5   0.0167280291  -0.0071556706  -0.3625221970  -0.0010125747   0.0014781421
 6  6  -0.0010873936  -0.0001444126
 7  1   0.0005885944  -0.0405944164   0.2410594429  -0.1141733372   0.0756588736
 7  2   0.2391679016  -0.0093469984  -0.3592086674   0.0018159522  -0.1176095024
 7  3   0.0065313834   0.2550857777  -0.0183364047  -0.0572937271  -0.0039975276
 7  4  -0.0220095986  -0.0324901986   0.0008448030  -0.0011702927  -0.0180291317
 7  5   0.0186378278   0.0004336886   0.1510593974   0.0003507913  -0.0000456017
 7  6  -0.0000041801   0.0002497935
 8  1  -0.1086846378   0.1537082922   0.1594691918   0.0941932331   0.1995475489
 8  2  -0.2836815104  -0.0622804412  -0.0435767565   0.0143573875   0.1659475723
 8  3   0.0300491737  -0.0833766886   0.0473891475  -0.1616434878  -0.0243774047
 8  4  -0.0602236041  -0.0706335230   0.0050904036  -0.0291023707   0.0441462490
 8  5  -0.0082918223   0.0072419913   0.3530684027   0.0011584410  -0.0001967650
 8  6   0.0006845833  -0.0006666490
 9  1   0.2069511724  -0.3262472771  -0.1702770508   0.3298778294   0.0339152692
 9  2   0.1203884243   0.1022848368  -0.0621571088  -0.0239716130   0.0881445956
 9  3  -0.0507489048  -0.0505093265  -0.0597469750  -0.1043092041   0.0397573151
 9  4  -0.0384137433  -0.0461413004  -0.0075917269  -0.0179419472   0.0251940580
 9  5  -0.0032741342   0.0044729038   0.2295785805   0.0007594934   0.0001481276
 9  6   0.0004219104  -0.0003843362
10  1   0.3044458260   0.0326441663   0.1118411298  -0.0385475714   0.1989275599
10  2  -0.0260371919   0.0134268932   0.1752221094  -0.0025679301  -0.3422127693
10  3   0.0014967641  -0.1097154661   0.0199628686  -0.0697313351  -0.0018746781
10  4  -0.0858189066  -0.0619973890   0.0004560013   0.0277043820  -0.0811406914
10  5   0.0396066044  -0.0037682270   0.0117850009  -0.0005615730   0.0000457478
10  6   0.0023397660  -0.0577672586
11  1   0.0089552143  -0.1328516969  -0.0686136122   0.0510153358   0.3442461110
11  2  -0.2463654296   0.0878871270   0.0454431909  -0.0200009279  -0.0287459451
11  3   0.0035605745   0.2411257688   0.0333386688   0.0818230035  -0.0167317579
11  4   0.1140612085   0.1619960917   0.0034761237   0.0185742628  -0.0052878951
11  5  -0.0093763779   0.0037513099   0.0555670071   0.0000909637   0.0000675206
11  6   0.0010731375  -0.0143223872
12  1   0.1287223008   0.1915801461   0.1664353750   0.4338898565  -0.1630861188
12  2  -0.0499097851  -0.1443722445   0.0437226334   0.0326711757  -0.0510890734
12  3  -0.0044030731   0.1011212329  -0.1031723959   0.0429893523   0.0260807389
12  4   0.0615815530   0.0927363049  -0.0060748766   0.0137835027  -0.0109450133
12  5  -0.0019439309   0.0019369064   0.0349782076  -0.0000133425  -0.0001286675
12  6   0.0008738933  -0.0141674163
13  1   0.0690378212  -0.0123569782   0.1921245823  -0.0629206374   0.1013646673
13  2   0.2270586634   0.0186840691   0.2996660406   0.0032948489   0.2855635316
13  3   0.0025819121   0.1187750255  -0.0104579928   0.0231157465   0.0045512764
13  4  -0.2241124473   0.0269118807   0.0033739627  -0.0278172796  -0.0496181983
13  5  -0.0490322765   0.0060461040  -0.0079446207   0.0030799919  -0.0000831898
13  6   0.0343902208   0.0014082744
14  1  -0.3312089757   0.0562342594   0.0669822171   0.2220443758   0.1322955816
14  2   0.2542218055   0.1126636306   0.1527047961   0.0170539496  -0.1141133593
14  3   0.0213574495  -0.0432335567   0.0121092493  -0.0389644168   0.0225305679
14  4   0.2556222597  -0.0516403376   0.0197843230  -0.0180146225  -0.0230228036
14  5  -0.0183687036   0.0104748492   0.0054379298  -0.0006669977   0.0006672288
14  6   0.0421108810   0.0015902292
15  1  -0.1073986167  -0.4526248647   0.2007873038  -0.0767846622  -0.0936280220
15  2  -0.1139881899  -0.1880839616   0.1215198666  -0.0271645269  -0.0422930238
15  3  -0.0344456609  -0.0191903786  -0.0107657659  -0.0211830185  -0.0384143171
15  4   0.1309274962  -0.0283412000  -0.0312543902  -0.0145831067  -0.0194774741
15  5  -0.0164608151   0.0069950739   0.0024756022  -0.0001688908  -0.0010874288
15  6   0.0292927574   0.0011211702
16  1   0.2664955693  -0.0109601171   0.1861742277  -0.1484267394   0.1895863112
16  2  -0.1327281232   0.0335365217  -0.2394448943   0.0769462344   0.2841018389
16  3  -0.2646933903  -0.2140250763  -0.2036729155   0.3599612434  -0.2939315504
16  4   0.3576316622  -0.3005103558   0.6024488398   0.4655556291  -0.1400203946
16  5  -0.4693024734  -0.0106173839   0.1241380983   0.1817735172   0.1746683347
16  6   0.0017758311   0.0003206028
17  1  -0.2703442544   0.0293223315   0.0483901411   0.1909428656   0.1679851460
17  2   0.1580680855   0.0367973274  -0.0298555555  -0.0266417620  -0.1210407504
17  3  -0.0704728762  -0.1655242225  -0.0446204659   0.1177259211  -0.3189028440
17  4  -0.2637593052   0.1292108139  -0.2961178900  -0.0712784160   0.0765045094
17  5   0.1408448368  -0.2631856456   0.0169927862   0.6565784757   0.5851537140
17  6  -0.0115434160  -0.0032808067
18  1  -0.1768015432   0.0946805344   0.5386173502   0.0483326634  -0.2948498604
18  2  -0.2829916700   0.6305253271  -0.0263831910  -0.0129968383  -0.0473723163
18  3  -0.2828955940  -0.1400945289  -0.1765921026   0.0741432312  -0.5026687024
18  4  -0.0944202397   0.0363983972  -0.2061785282   0.0278939585   0.0082446612
18  5  -0.1174877559  -0.6496902417   0.1109247135  -0.3071351223  -0.2432999538
18  6   0.0052389187   0.0008372943
19  1   0.3505606744   0.0978130382   0.0009392981   0.1304830218   0.2081377232
19  2   0.1530434425  -0.1207437020  -0.2384492269  -0.0780006738   0.2956465039
19  3   0.2894961596  -0.0885964784   0.2494560691   0.3567193567   0.3345036211
19  4   0.3727461672  -0.3043442153  -0.5920540468   0.4583084294  -0.1490284181
19  5  -0.4971962320  -0.0759120921   0.1394194182   0.0692332602  -0.0985129187
19  6   0.0034180874   0.0007302427
20  1  -0.1547655432  -0.3567718536  -0.2613519556   0.1560709082   0.3439017303
20  2   0.2942116414  -0.5667442484  -0.0215842328   0.0311470743  -0.1101189763
20  3   0.2593067446  -0.0883761191   0.1852065448   0.0927676526   0.5679150945
20  4  -0.2369218437   0.1229710555   0.3672117223  -0.0395285520   0.0635949484
20  5   0.0102556961  -0.6950937286   0.0950605450   0.0215265897  -0.0537998729
20  6  -0.0010275906  -0.0008456361
21  1  -0.0995063607  -0.1261239117   0.3353174134   0.0542227508  -0.1877054813
21  2  -0.1740148901   0.2541113194  -0.0453636273   0.0067220441  -0.0464760509
21  3  -0.0324491364  -0.1130041657   0.0074629121   0.1202013751   0.0881031112
21  4  -0.1369560650   0.0546873006   0.0779516288  -0.0070659366   0.0455659010
21  5   0.1134847158   0.0678954025  -0.0189140643   0.6568453167  -0.7392629842
21  6  -0.0123888675  -0.0031823742
22  1   0.2545834023   0.0166715894   0.1397239326  -0.0624832853   0.1793941855
22  2   0.0014376439   0.0147359962   0.0816598235  -0.0067062460  -0.1673789495
22  3   0.0632391650  -0.2506838680  -0.0481226115  -0.2381865659  -0.0009367303
22  4   0.0642858911   0.2649854243  -0.0010907739   0.1351935763  -0.2827410323
22  5   0.1007421663  -0.0034258794   0.1680664609   0.0030925612  -0.0000622539
22  6  -0.0363846081   0.9419405713
23  1   0.0783637024  -0.0748827466  -0.0171829521   0.0091463845   0.3563240642
23  2  -0.4403728538   0.0958513713   0.2754519433  -0.0452449991  -0.4515985774
23  3   0.4096570744   0.3820332376  -0.5054305570   0.4909187199  -0.0048048585
23  4  -0.2642243892  -0.6652306615  -0.0010653127  -0.2663600908   0.5468855203
23  5  -0.1853522294   0.0021165482  -0.3629615387   0.0026063669   0.0005286220
23  6  -0.0106637432   0.2328661676
24  1   0.2472661224   0.1920854248   0.0055261366   0.5696289681  -0.1008016937
24  2   0.0480876936  -0.1576296561   0.1706695020   0.0750400948  -0.3006955730
24  3  -0.6667843600   0.5095689431   0.7212608554   0.2751239610   0.0100526133
24  4  -0.1546687432  -0.3798192624   0.0048786060  -0.1494553987   0.3058888064
24  5  -0.1030726944   0.0008357828  -0.2052657072   0.0018013347  -0.0012581919
24  6  -0.0099245908   0.2306370835
25  1  -0.0415378376  -0.0422588812   0.2446367056  -0.0999139855   0.0570774091
25  2   0.3103817303  -0.0150386258   0.6444022465  -0.0886815926   0.3450406541
25  3  -0.0177274752   0.3269389831  -0.0391770897  -0.3056404353   0.0053423470
25  4   0.3554790402  -0.1673185824   0.0002328495   0.5226085240   0.4912373416
25  5   0.4765588813  -0.0692336967  -0.1061661092  -0.0146233897   0.0003096151
25  6  -0.5593239263  -0.0224861584
26  1  -0.3077773457   0.1697100276   0.1612761663   0.2011293058   0.1060575009
26  2   0.0993776856  -0.0642962039  -0.0681515666  -0.5104774234  -0.1576231872
26  3  -0.0926065676  -0.1949539558  -0.0181825909   0.1768805552   0.0640716413
26  4  -0.1106767574   0.0736096396   0.0557774796  -0.3588973936  -0.3627993903
26  5  -0.3532159919   0.0594571851   0.0938294595  -0.0095070653  -0.0039725448
26  6  -0.6773247066  -0.0263985435
27  1   0.0000000000  -0.5758067203   0.0000000000   0.0000000000   0.0000000000
27  2   0.0000000000   0.1060435526   0.0155477932   0.8389929795  -0.0530806307
27  3   0.1531303363  -0.0615796686   0.0680319996   0.0773654142  -0.0988590475
27  4  -0.0283823435   0.0263794230  -0.0792029745  -0.1634133197  -0.1692958890
27  5  -0.1650580115   0.0292498179   0.0470581543  -0.0067937879   0.0079320272
27  6  -0.4718987655  -0.0184643368
$end
