$dipgrad          cartesian dipole gradients
  0.38840175167995D+00  -.14084949025082D+00  -.10886462197942D+00
  -.10471580022943D+00  0.44055813593324D+00  0.66887150806072D-01
  -.16999971114394D+00  0.14682902871722D+00  0.22021418168036D+00
  0.42275509288781D+00  0.16361694232401D+00  0.29354813230254D-01
  0.21828767492154D+00  0.62156943798543D+00  -.10866484034801D-01
  0.35703855302053D-01  -.45675310771288D-01  0.29283513724351D+00
  -.53304127890560D+00  -.18817745991683D+00  0.77262884341926D-02
  -.21283757325925D+00  -.78534123590147D+00  0.84223109147722D-01
  0.54421591490395D-01  0.11048806149704D+00  -.54445559944234D+00
  -.74570468074408D+00  0.53053123091889D-01  0.14068739748136D+00
  0.61174462108785D-01  -.65139072478138D+00  -.60986652318770D-01
  0.10556239162328D+00  -.96697910752133D-02  -.26788274860957D+00
  0.51535232793651D+00  0.91321726969319D-01  -.46742450207041D-01
  0.18733540426839D+00  0.23551124803387D+00  -.95355838827160D-01
  0.11979620441102D+00  -.15940253473399D+00  0.14266992975138D+00
  0.83978125674178D+00  -.46035338728896D-01  0.68914827905420D-01
  -.43197654304160D-01  0.30034467329919D+00  0.63769145195133D-01
  0.93291726669808D-01  0.71912342760077D-01  0.39434160472618D+00
  -.10636761562262D+01  0.12395129454725D+00  -.37680069735781D-01
  -.39176694788113D-02  -.32975623079869D+00  -.16632412052904D+00
  -.51057331531297D-01  -.14204825977164D+00  -.43089216167255D+00
  -.33922293014350D-01  -.13958179038298D+00  0.42329232431181D-01
  -.69985823626682D-03  -.22284503615462D+00  0.29094485575930D-02
  0.52753554862032D-01  -.50878624215460D-04  0.13184017717807D-01
  -.10350445011831D+00  0.46364788167592D-01  -.74543634817680D-01
  0.25275718155964D-01  0.37502764350411D-01  -.42921186540488D-01
  -.70445302223664D-01  0.40875118791520D-02  -.49107796074166D-01
  -.13392855212980D+00  -.75324114673887D-01  -.12321439913296D+00
  -.36285196497545D-01  -.19652405835041D-01  0.15253474657154D-01
  -.11129459396318D+00  -.15126679422198D-01  -.67021705607716D-01
  -.59014726546051D-01  0.10570461416550D+00  0.71840306150140D-01
  0.63061137185748D-01  -.73908909189440D-01  -.36381929856629D-01
  0.35498117921006D-01  -.34990618727781D-01  0.36112029054981D-01
  0.28583972241689D+00  0.70237469828885D-01  -.14919375133715D-01
  0.56902097523439D-01  0.26169748973735D+00  -.51277002307046D-01
  -.66888788304324D-01  -.79182507002715D-01  0.31524897749062D+00
  0.85328110098442D-01  0.49694572312286D-01  0.56423401836134D-01
  0.37789770861000D-01  0.21571799256082D+00  0.36802649064642D-01
  0.75779752519094D-03  -.32947170158338D-01  0.10212183536684D-01
  0.32559764039577D-01  0.32800851823188D-02  0.45035125819168D-02
  -.21114885360150D-01  0.28359562398314D-01  -.99887035866136D-02
  -.18567438116254D-01  -.26298196646420D-01  -.11198260541978D+00
  -.15403389451860D+00  -.52098976240032D-01  0.44449422633628D-01
  -.14573967057510D+00  -.17555616492576D+00  0.68716552923627D-01
  0.63896422511776D-01  0.93294103896197D-01  -.46250153349744D-03
  -.10908630834856D-01  -.47282372278861D-01  0.18560537371932D-01
  -.43983027337907D-01  -.69600416095327D-01  0.38179103748381D-01
  0.26354570313118D-01  0.75159536643150D-01  0.12882814671897D-01
  -.56783021804387D-01  -.22119427591645D-02  -.42711933300000D-01
  0.22200938951517D-01  0.19502392674745D-01  -.12019257910489D-01
  -.71973312422444D-01  -.64062630007192D-01  -.21321527631342D+00
  0.32449965904273D+00  -.15663131357505D-01  -.36113255749524D-01
  -.59535868697747D-01  0.16728742670992D+00  0.10938054181069D+00
  -.27809754924404D-01  0.10768399154814D+00  0.24731951880106D+00
$end
