$hessian (projected)
 1  1   0.5553594805   0.0461875146   0.0693087960  -0.0841819742  -0.0048797210
 1  2   0.0152622832  -0.0090844462  -0.0148943999   0.0190847792  -0.1201017421
 1  3   0.0387903704   0.0159400088  -0.0303415053   0.0307167365   0.0081399097
 1  4  -0.0037697905  -0.0030160696  -0.0026269570  -0.0005562286   0.0011427196
 1  5   0.0003898265  -0.1035030349  -0.0963504943   0.0052726952  -0.2124264039
 1  6  -0.0044838317  -0.1264408311   0.0080450176   0.0060259668  -0.0256470223
 1  7  -0.0058425025  -0.0036603622   0.0210541247   0.0013606371   0.0015995943
 1  8   0.0003483521   0.0000340288   0.0008961289  -0.0013467457   0.0016046103
 1  9  -0.0000430628   0.0004136690   0.0034224074   0.0014116884   0.0004829798
 1 10  -0.0000833242   0.0003928650  -0.0001380463   0.0001800275   0.0000202800
 1 11   0.0004815246  -0.0001152569   0.0001440772   0.0000206537
 2  1   0.0461875146   0.5186950285   0.0003763745   0.0013528134  -0.0743948551
 2  2   0.0079498481  -0.0181789521  -0.0288135358   0.0339861958   0.0695888777
 2  3  -0.1361974420  -0.0548578984   0.0000113155  -0.0035272370   0.0087838185
 2  4  -0.0004550795  -0.0016319194   0.0000783209  -0.0021931922   0.0012493826
 2  5  -0.0004204546  -0.0967189496  -0.2244648047   0.0121112282   0.0021435489
 2  6  -0.0511851503   0.0025890626   0.0005146442   0.0015371426   0.0020092307
 2  7   0.0063351488   0.0054611637  -0.0214480741  -0.0042557327  -0.0011294240
 2  8   0.0055462129   0.0010884541  -0.0085268838   0.0050451675  -0.0000220925
 2  9   0.0002801363  -0.0013068877  -0.0061259793   0.0026549469  -0.0000029519
 2 10   0.0002382779   0.0001090760  -0.0002092228  -0.0000616255  -0.0001896608
 2 11  -0.0001203901   0.0005510084   0.0000740362  -0.0001095800
 3  1   0.0693087960   0.0003763745   0.5025778699   0.0163127739   0.0239748426
 3  2  -0.1716551719   0.0059207406   0.0077864590  -0.0025705337  -0.0010177678
 3  3  -0.0254542762  -0.1014709572  -0.0006958200   0.0105452419   0.0062810613
 3  4  -0.0017848788  -0.0021011368  -0.0019651427  -0.0027019815   0.0008494519
 3  5   0.0007269906   0.0061498981   0.0139642370  -0.0541009373  -0.1222712064
 3  6  -0.0029878394  -0.1396209428   0.0074031999   0.0036912885  -0.0223203582
 3  7  -0.0010331776   0.0002681753  -0.0063985608   0.0016397765  -0.0003769531
 3  8   0.0006310564   0.0249189362  -0.0303004215  -0.0100819232  -0.0008268464
 3  9   0.0005797998  -0.0003546326  -0.0018608925  -0.0007860661   0.0000419005
 3 10   0.0002983462  -0.0002821760  -0.0000745354   0.0000755738   0.0002205020
 3 11   0.0004893255   0.0001645298   0.0000324965  -0.0001345084
 4  1  -0.0841819742   0.0013528134   0.0163127739   0.5625218485  -0.0743703630
 4  2   0.0242933552  -0.1117360396  -0.0711608758   0.0095341665  -0.0119138900
 4  3   0.0045414499   0.0273794680   0.0012881733  -0.0005620555   0.0033892833
 4  4  -0.0001921649   0.0004508002  -0.0000242157  -0.0000397783  -0.0001514182
 4  5  -0.0003045982  -0.0043794887  -0.0051367254   0.0140527269   0.0078475332
 4  6   0.0037276729  -0.0269905677  -0.1875452617   0.0044192363  -0.1131196366
 4  7  -0.1772763562   0.1154789000   0.0461904544   0.0097768968   0.0201276562
 4  8  -0.0024010695  -0.0030009723   0.0013893292   0.0025291819  -0.0007008664
 4  9   0.0002969789  -0.0003892774  -0.0004853816  -0.0001961981  -0.0002823915
 4 10   0.0000182891  -0.0000595827   0.0000503774   0.0000466610  -0.0002170076
 4 11  -0.0003165258  -0.0000472278   0.0000693893   0.0000964949
 5  1  -0.0048797210  -0.0743948551   0.0239748426  -0.0743703630   0.5261628034
 5  2   0.0499728224  -0.0368568599  -0.1915495112  -0.0183655964   0.0056706433
 5  3  -0.0047447237  -0.0281439439   0.0009833363  -0.0006665675  -0.0002848395
 5  4   0.0001001716   0.0007194860  -0.0004826799   0.0003387725  -0.0003318378
 5  5   0.0001685342  -0.0081776307  -0.0064659841   0.0270301467  -0.0010636094
 5  6  -0.0003926506  -0.0016828717   0.0031852461  -0.0486461250  -0.0029251970
 5  7   0.1247759480  -0.1572759324  -0.0458362166  -0.0141608225  -0.0386678548
 5  8  -0.0004380934   0.0049808455  -0.0037556835  -0.0026915069  -0.0003396321
 5  9   0.0006606853  -0.0003276904  -0.0002235825  -0.0003199870  -0.0002008702
 5 10   0.0000642067  -0.0002252335   0.0000743079   0.0001077262  -0.0001210524
 5 11   0.0000937808  -0.0001346753   0.0000150237   0.0000650713
 6  1   0.0152622832   0.0079498481  -0.1716551719   0.0242933552   0.0499728224
 6  2   0.4997913370   0.0193413317   0.0145606938  -0.0751334215   0.0116987249
 6  3  -0.0088846316  -0.0160896291   0.0017681601   0.0006512278   0.0023364493
 6  4  -0.0002471415  -0.0000238311  -0.0003077527  -0.0004193522   0.0001473173
 6  5  -0.0000772668  -0.0041467273  -0.0002475706   0.0031233563   0.0064715707
 6  6   0.0040421473  -0.0251257025  -0.1148810631  -0.0029790054  -0.1491416210
 6  7   0.0504443363  -0.0442482248  -0.0695990182  -0.0110116305  -0.0219628168
 6  8   0.0028252557   0.0012959308   0.0010385282   0.0003643522  -0.0002154261
 6  9   0.0000881707  -0.0007253092   0.0002112647  -0.0000394210  -0.0005714429
 6 10  -0.0000594002   0.0000748078   0.0000782490   0.0001513010  -0.0001354127
 6 11  -0.0001062145   0.0000424823  -0.0000046493   0.0000135506
 7  1  -0.0090844462  -0.0181789521   0.0059207406  -0.1117360396  -0.0368568599
 7  2   0.0193413317   0.2900915853  -0.0461229726  -0.1857381981  -0.0006975931
 7  3  -0.0020620029   0.0028864381   0.0007354415   0.0000131679  -0.0000642731
 7  4   0.0004866261  -0.0003774909  -0.0000247328  -0.0004957800   0.0002092116
 7  5   0.0000885416   0.0004857854  -0.0003470632   0.0031465184   0.0009096417
 7  6   0.0007472524   0.0010324289  -0.0115734282  -0.0343568604   0.0021473863
 7  7   0.0144758802   0.0144614403  -0.0012120838  -0.1731503917   0.1242992697
 7  8   0.1526507331  -0.0004335396  -0.0013885390   0.0000317813   0.0002053892
 7  9  -0.0000035442  -0.0000529601  -0.0003103031  -0.0000577947  -0.0001354278
 7 10  -0.0000145346   0.0000085808  -0.0000668884  -0.0000762301   0.0000664281
 7 11   0.0001332152   0.0001819368  -0.0000532708  -0.0000845512
 8  1  -0.0148943999  -0.0288135358   0.0077864590  -0.0711608758  -0.1915495112
 8  2   0.0145606938  -0.0461229726   0.4614875869   0.1492975712   0.0038628131
 8  3   0.0032894046  -0.0037742001  -0.0009696247   0.0007353277  -0.0006628074
 8  4   0.0000687819  -0.0005963558   0.0001675783  -0.0002108611   0.0002950468
 8  5   0.0000197414  -0.0019947676   0.0011738746   0.0042573246   0.0014880098
 8  6   0.0010455025  -0.0009413384  -0.0181388888  -0.0171447216  -0.0040191591
 8  7  -0.0157077320  -0.0345875968   0.0021752373   0.1627062032  -0.1965220734
 8  8  -0.1687351218   0.0002245588   0.0010574064  -0.0006064306   0.0001802375
 8  9  -0.0004390187   0.0004739659   0.0007567625   0.0002175897   0.0000018625
 8 10  -0.0001239862   0.0002534060  -0.0000070385  -0.0000648668   0.0001470533
 8 11   0.0000724639   0.0001016087  -0.0000493853  -0.0000668020
 9  1   0.0190847792   0.0339861958  -0.0025705337   0.0095341665  -0.0183655964
 9  2  -0.0751334215  -0.1857381981   0.1492975712   0.2300416944   0.0044919284
 9  3   0.0019011309   0.0005515907  -0.0014011549   0.0011361622  -0.0022103358
 9  4  -0.0003598313   0.0004748733   0.0001605623   0.0006414105  -0.0002790353
 9  5   0.0000528570   0.0039710185   0.0019966039  -0.0068389999  -0.0001772279
 9  6  -0.0003066404   0.0043736523  -0.0062951646  -0.0186584542   0.0075354525
 9  7  -0.0057917640  -0.0122648038   0.0028880598   0.1611260219  -0.1398116420
 9  8  -0.1597888383  -0.0000777701   0.0008054101   0.0001925009   0.0002772789
 9  9   0.0000395931   0.0003779334   0.0008662002   0.0001326596   0.0002731152
 9 10   0.0000571218  -0.0001506967  -0.0000546383  -0.0000518855   0.0000180110
 9 11   0.0001024670  -0.0001569296   0.0000486577   0.0000468821
10  1  -0.1201017421   0.0695888777  -0.0010177678  -0.0119138900   0.0056706433
10  2   0.0116987249  -0.0006975931   0.0038628131   0.0044919284   0.4626796386
10  3  -0.0802717767   0.0486538724  -0.1911979933  -0.0305072638  -0.0141404730
10  4  -0.0293886847  -0.0018614986  -0.0080479637  -0.0044108554   0.0046697153
10  5   0.0020973996   0.0061235216   0.0009847382  -0.0016344229  -0.0206336894
10  6   0.0262477341   0.0128245488   0.0010306289  -0.0005750481   0.0002437882
10  7   0.0006476749  -0.0003258204   0.0012384389   0.0001299061   0.0013690737
10  8  -0.0036718150  -0.0554225904   0.0124576624  -0.0404369682  -0.0080332402
10  9   0.0000527806  -0.0055188487  -0.0336784205  -0.0090634888  -0.0055475891
10 10   0.0016104774  -0.0005746552  -0.0007884270   0.0020397519  -0.0019137485
10 11   0.0000886764   0.0012170997   0.0001892618  -0.0005331023
11  1   0.0387903704  -0.1361974420  -0.0254542762   0.0045414499  -0.0047447237
11  2  -0.0088846316  -0.0020620029   0.0032894046   0.0019011309  -0.0802717767
11  3   0.2680725213   0.1313690186   0.0035095341  -0.0766819794  -0.0192474274
11  4   0.0240252679   0.0065929234   0.0083324225   0.0097298012  -0.0030990537
11  5  -0.0009649897   0.0232771476  -0.0321138387  -0.0139967785   0.0024779633
11  6  -0.0032187872  -0.0021722015   0.0001334793   0.0003343348  -0.0000292656
11  7  -0.0002788411   0.0008882240   0.0005486688   0.0007976868   0.0005496975
11  8  -0.0005524943   0.0102876148  -0.0239243787  -0.0615624755  -0.0061004131
11  9   0.0000776753  -0.0016527937  -0.0281968513  -0.0015011918  -0.0082953756
11 10  -0.0006679730   0.0021475428   0.0001274931  -0.0004166513   0.0007930344
11 11   0.0005679472   0.0004241941  -0.0012639628  -0.0000339717
12  1   0.0159400088  -0.0548578984  -0.1014709572   0.0273794680  -0.0281439439
12  2  -0.0160896291   0.0028864381  -0.0037742001   0.0005515907   0.0486538724
12  3   0.1313690186   0.6276530083  -0.0407150271  -0.0276314274  -0.1038621038
12  4   0.0086021178   0.0045480889   0.0025077282   0.0050669395  -0.0028048673
12  5   0.0011788337   0.0014030423  -0.0045657431   0.0018120492  -0.0104486985
12  6   0.0141169392   0.0059695051  -0.0008920342  -0.0002552657   0.0023083660
12  7   0.0022429053   0.0019223925  -0.0063768021  -0.0034816653  -0.0008908773
12  8  -0.0006643235  -0.0268607863  -0.0214293802  -0.4161400058  -0.0383591383
12  9  -0.0046946206  -0.0065181769   0.0085015392  -0.0026924311   0.0077791564
12 10   0.0001141918  -0.0001167478   0.0000635052   0.0005663007   0.0000344693
12 11   0.0011246307  -0.0005994742  -0.0001335058   0.0001736248
13  1  -0.0303415053   0.0000113155  -0.0006958200   0.0012881733   0.0009833363
13  2   0.0017681601   0.0007354415  -0.0009696247  -0.0014011549  -0.1911979933
13  3   0.0035095341  -0.0407150271   0.4658377183   0.0156054304   0.0005476954
13  4  -0.0840050291   0.0344993271   0.0204136925  -0.0399426666   0.0251594878
13  5   0.0043701375   0.0045850445  -0.0040448896  -0.0020584145  -0.0004526698
13  6   0.0003950310   0.0015895620  -0.0011935502  -0.0000305951  -0.0006076538
13  7   0.0003879757  -0.0000250002  -0.0008219007  -0.0021036615  -0.0008188992
13  8   0.0019322820  -0.0071549208  -0.0052373346   0.0005833028  -0.0498407065
13  9  -0.0021221983  -0.0157753483  -0.0746763204  -0.0622660391   0.0340848918
13 10   0.0061862288  -0.0077489231  -0.0022427635   0.0019667580   0.0007526346
13 11  -0.0007455903  -0.0000783166   0.0023474071  -0.0002260509
14  1   0.0307167365  -0.0035272370   0.0105452419  -0.0005620555  -0.0006665675
14  2   0.0006512278   0.0000131679   0.0007353277   0.0011361622  -0.0305072638
14  3  -0.0766819794  -0.0276314274   0.0156054304   0.5161007097  -0.0028137261
14  4   0.0386095591  -0.1610681650  -0.0331258621  -0.0070585735   0.0055082073
14  5   0.0027128636   0.0032624154   0.0019718375   0.0004110508   0.0052104167
14  6  -0.0042525004  -0.0022345080  -0.0000396828   0.0002728671  -0.0001167288
14  7   0.0001036125   0.0000749630  -0.0001731730  -0.0005730508   0.0000615006
14  8  -0.0010375463  -0.0043288350  -0.0027130035   0.0023804742  -0.0014008963
14  9  -0.0500588651  -0.0159623886  -0.0645690098  -0.2008220534   0.0764132028
14 10   0.0147922048  -0.0250492803  -0.0106626420   0.0024045301  -0.0042111842
14 11  -0.0008151922  -0.0016787058   0.0043254228   0.0003229714
15  1   0.0081399097   0.0087838185   0.0062810613   0.0033892833  -0.0002848395
15  2   0.0023364493  -0.0000642731  -0.0006628074  -0.0022103358  -0.0141404730
15  3  -0.0192474274  -0.1038621038   0.0005476954  -0.0028137261   0.6033728852
15  4   0.0156503653  -0.0325945379  -0.0959523599  -0.0092446402   0.0093454005
15  5   0.0048297915  -0.0008081119  -0.0014669603  -0.0000427715   0.0020636559
15  6  -0.0016103452  -0.0001333488  -0.0005497550  -0.0004311988  -0.0010632608
15  7  -0.0002233207   0.0001874753  -0.0009153285  -0.0001407930  -0.0005145187
15  8   0.0019821198  -0.0409818195  -0.0051462388  -0.0100038108  -0.0089754619
15  9  -0.0129771295  -0.3037737461   0.0349829313   0.0769133703  -0.0935225593
15 10  -0.0080373466   0.0127921653   0.0054223323   0.0170200341  -0.0296705677
15 11  -0.0122898123   0.0013721200  -0.0006019324  -0.0004552018
16  1  -0.0037697905  -0.0004550795  -0.0017848788  -0.0001921649   0.0001001716
16  2  -0.0002471415   0.0004866261   0.0000687819  -0.0003598313  -0.0293886847
16  3   0.0240252679   0.0086021178  -0.0840050291   0.0386095591   0.0156503653
16  4   0.4590996884   0.0505893864  -0.0150202077  -0.2084094782  -0.0336977016
16  5  -0.0244888182   0.0001502264  -0.0000109531  -0.0001331786  -0.0004058145
16  6   0.0008097748   0.0004516754   0.0001180939   0.0000066038   0.0003262184
16  7   0.0002029448  -0.0000869192   0.0001058907  -0.0005368864  -0.0000603788
16  8   0.0003249890   0.0007939083   0.0007679800   0.0003387855   0.0009536670
16  9  -0.0010929074  -0.0007051689   0.0046258229  -0.0111746258  -0.0021971850
16 10  -0.0686204308  -0.0680598244   0.0417389849  -0.0486055896  -0.0020494684
16 11  -0.0133102867  -0.0224971089   0.0017103327  -0.0092923303
17  1  -0.0030160696  -0.0016319194  -0.0021011368   0.0004508002   0.0007194860
17  2  -0.0000238311  -0.0003774909  -0.0005963558   0.0004748733  -0.0018614986
17  3   0.0065929234   0.0045480889   0.0344993271  -0.1610681650  -0.0325945379
17  4   0.0505893864   0.5561393666  -0.0477399406   0.0050121852  -0.0826182087
17  5   0.0182473586   0.0003312515   0.0004335841   0.0000464067  -0.0010052511
17  6   0.0010278249   0.0002187996  -0.0000595516  -0.0000881728  -0.0000794598
17  7  -0.0000860212  -0.0001036105   0.0000739150   0.0000222139   0.0006258166
17  8  -0.0004324499  -0.0007990886   0.0013485003   0.0001888393   0.0020651881
17  9  -0.0044382438  -0.0018607264   0.0149388111  -0.0260099452  -0.0099108743
17 10  -0.0607338864  -0.2269725517   0.1064881552  -0.0037974435  -0.0584612423
17 11  -0.0261984808  -0.0361728620  -0.0048990865  -0.0093449989
18  1  -0.0026269570   0.0000783209  -0.0019651427  -0.0000242157  -0.0004826799
18  2  -0.0003077527  -0.0000247328   0.0001675783   0.0001605623  -0.0080479637
18  3   0.0083324225   0.0025077282   0.0204136925  -0.0331258621  -0.0959523599
18  4  -0.0150202077  -0.0477399406   0.5782536099  -0.0503006894   0.0079096772
18  5  -0.0852048757   0.0000976230  -0.0001171075  -0.0001140648  -0.0007506387
18  6   0.0005045718   0.0003994509   0.0000706910  -0.0000643339   0.0003998295
18  7   0.0001748754   0.0000317355   0.0000943467   0.0002520542  -0.0000226712
18  8  -0.0000692087  -0.0025608087   0.0025748396   0.0009109511   0.0185888279
18  9  -0.0300745752  -0.0118055987  -0.0071968553   0.0131276210   0.0044630643
18 10   0.0351350529   0.1016931469  -0.1144323135  -0.0104353333  -0.0252828108
18 11  -0.2809385780   0.0222555853   0.0024900677   0.0036003517
19  1  -0.0005562286  -0.0021931922  -0.0027019815  -0.0000397783   0.0003387725
19  2  -0.0004193522  -0.0004957800  -0.0002108611   0.0006414105  -0.0044108554
19  3   0.0097298012   0.0050669395  -0.0399426666  -0.0070585735  -0.0092446402
19  4  -0.2084094782   0.0050121852  -0.0503006894   0.4019682855   0.1617180506
19  5  -0.0226510462  -0.0000029565   0.0005582317   0.0001821254  -0.0009157210
19  6   0.0007586312   0.0003406130   0.0001377304  -0.0001005779   0.0000107374
19  7  -0.0001791190   0.0000101200   0.0002090172   0.0005869656   0.0003081477
19  8  -0.0006176988   0.0004796584  -0.0003064279   0.0003438939   0.0014467093
19  9  -0.0016036929   0.0006500003   0.0030210506   0.0002699253  -0.0017792155
19 10  -0.0256191211  -0.0048463480  -0.0038045137  -0.0227572815  -0.0032368022
19 11  -0.0127584264  -0.1043114136  -0.1591473898   0.0968328266
20  1   0.0011427196   0.0012493826   0.0008494519  -0.0001514182  -0.0003318378
20  2   0.0001473173   0.0002092116   0.0002950468  -0.0002790353   0.0046697153
20  3  -0.0030990537  -0.0028048673   0.0251594878   0.0055082073   0.0093454005
20  4  -0.0336977016  -0.0826182087   0.0079096772   0.1617180506   0.3796507391
20  5  -0.2131007960  -0.0001969844  -0.0000333401   0.0000257376   0.0004196674
20  6  -0.0004897618  -0.0001716591   0.0000213655  -0.0000048850  -0.0000313801
20  7   0.0000450891   0.0000454526  -0.0000720022  -0.0000444287  -0.0002877074
20  8   0.0001997554   0.0001765761  -0.0007110488  -0.0000881962  -0.0011013434
20  9   0.0015217342   0.0010296650   0.0002604765   0.0034910443  -0.0001779873
20 10  -0.0322058760   0.0003808079  -0.0083566375  -0.0057953287   0.0031225350
20 11  -0.0024083480  -0.1206292786  -0.3076891066   0.2079839041
21  1   0.0003898265  -0.0004204546   0.0007269906  -0.0003045982   0.0001685342
21  2  -0.0000772668   0.0000885416   0.0000197414   0.0000528570   0.0020973996
21  3  -0.0009649897   0.0011788337   0.0043701375   0.0027128636   0.0048297915
21  4  -0.0244888182   0.0182473586  -0.0852048757  -0.0226510462  -0.2131007960
21  5   0.2120948726   0.0000115459  -0.0000118225  -0.0000292217   0.0001206337
21  6  -0.0001270874  -0.0000553498   0.0000484482  -0.0000107641  -0.0000013105
21  7  -0.0000023237  -0.0000253215   0.0000598836  -0.0000844841  -0.0000076534
21  8  -0.0000839830   0.0012298382  -0.0006879981   0.0002162457  -0.0008461137
21  9   0.0019688360   0.0021731014  -0.0001660950  -0.0004908128  -0.0002443941
21 10   0.0155132924  -0.0001133838   0.0068362221  -0.0400506890  -0.0027494248
21 11  -0.0029060775   0.0647245044   0.1955931749  -0.1395663192
22  1  -0.1035030349  -0.0967189496   0.0061498981  -0.0043794887  -0.0081776307
22  2  -0.0041467273   0.0004857854  -0.0019947676   0.0039710185   0.0061235216
22  3   0.0232771476   0.0014030423   0.0045850445   0.0032624154  -0.0008081119
22  4   0.0001502264   0.0003312515   0.0000976230  -0.0000029565  -0.0001969844
22  5   0.0000115459   0.1067676818   0.1019637596  -0.0096706317  -0.0104290304
22  6  -0.0215801214   0.0024207955   0.0006979915   0.0003172790   0.0004663117
22  7  -0.0002107618   0.0002955298  -0.0000662781  -0.0006118880   0.0007489541
22  8   0.0000672475  -0.0001206962   0.0004001742  -0.0005272232  -0.0002662873
22  9  -0.0000595521   0.0001377615   0.0009332533  -0.0017311222   0.0004828315
22 10  -0.0001235484  -0.0001602724   0.0000775188   0.0000148095  -0.0000064108
22 11  -0.0000843780  -0.0001106218   0.0000293000   0.0000177559
23  1  -0.0963504943  -0.2244648047   0.0139642370  -0.0051367254  -0.0064659841
23  2  -0.0002475706  -0.0003470632   0.0011738746   0.0019966039   0.0009847382
23  3  -0.0321138387  -0.0045657431  -0.0040448896   0.0019718375  -0.0014669603
23  4  -0.0000109531   0.0004335841  -0.0001171075   0.0005582317  -0.0000333401
23  5  -0.0000118225   0.1019637596   0.2578874319  -0.0101951568  -0.0009133364
23  6   0.0014520432  -0.0003756716   0.0005171359   0.0002828388   0.0001959418
23  7  -0.0004086819   0.0002666320   0.0007428619   0.0007973562   0.0001702246
23  8  -0.0011346649   0.0001568410  -0.0013317224   0.0007174360   0.0002953521
23  9  -0.0001688500   0.0004287032   0.0022827891   0.0005751670  -0.0000883327
23 10  -0.0002318477   0.0003459939   0.0000098029  -0.0000782561   0.0000906208
23 11   0.0001331469  -0.0000339563  -0.0000717083   0.0000142967
24  1   0.0052726952   0.0121112282  -0.0541009373   0.0140527269   0.0270301467
24  2   0.0031233563   0.0031465184   0.0042573246  -0.0068389999  -0.0016344229
24  3  -0.0139967785   0.0018120492  -0.0020584145   0.0004110508  -0.0000427715
24  4  -0.0001331786   0.0000464067  -0.0001140648   0.0001821254   0.0000257376
24  5  -0.0000292217  -0.0096706317  -0.0101951568   0.0529362913  -0.0084810623
24  6  -0.0171802373   0.0019622333  -0.0014146018  -0.0005252703   0.0008573017
24  7   0.0001860603  -0.0009433439   0.0008423625   0.0004013335  -0.0009210461
24  8  -0.0004087504  -0.0003169679  -0.0011842129   0.0002074246   0.0001202123
24  9   0.0003276837  -0.0000045408   0.0003775988   0.0007090540  -0.0002202364
24 10  -0.0000135360   0.0000738757  -0.0000225037   0.0000052866  -0.0000441419
24 11   0.0000110911  -0.0000217416  -0.0000023202   0.0000299164
25  1  -0.2124264039   0.0021435489  -0.1222712064   0.0078475332  -0.0010636094
25  2   0.0064715707   0.0009096417   0.0014880098  -0.0001772279  -0.0206336894
25  3   0.0024779633  -0.0104486985  -0.0004526698   0.0052104167   0.0020636559
25  4  -0.0004058145  -0.0010052511  -0.0007506387  -0.0009157210   0.0004196674
25  5   0.0001206337  -0.0104290304  -0.0009133364  -0.0084810623   0.2346397081
25  6  -0.0070840447   0.1316213043   0.0004685921  -0.0010520986   0.0023233688
25  7   0.0010460687  -0.0000351641  -0.0006397129  -0.0002309227  -0.0000266678
25  8  -0.0001371630  -0.0000886840  -0.0005997287   0.0002370946   0.0002797110
25  9  -0.0000880815  -0.0000461186   0.0002832029  -0.0000385734   0.0000520129
25 10   0.0000176202   0.0000769129  -0.0000120246  -0.0000203109   0.0000788293
25 11   0.0001501044   0.0001111689   0.0000112074  -0.0000758925
26  1  -0.0044838317  -0.0511851503  -0.0029878394   0.0037276729  -0.0003926506
26  2   0.0040421473   0.0007472524   0.0010455025  -0.0003066404   0.0262477341
26  3  -0.0032187872   0.0141169392   0.0003950310  -0.0042525004  -0.0016103452
26  4   0.0008097748   0.0010278249   0.0005045718   0.0007586312  -0.0004897618
26  5  -0.0001270874  -0.0215801214   0.0014520432  -0.0171802373  -0.0070840447
26  6   0.0534444337   0.0025856441  -0.0000079014   0.0007117811   0.0009399595
26  7  -0.0002479960   0.0001297388  -0.0006623862   0.0004793822  -0.0002266756
26  8   0.0000340187   0.0001641705   0.0017675430   0.0006705283   0.0000165397
26  9  -0.0001284853   0.0001818846   0.0002091446   0.0003054792  -0.0002169609
26 10  -0.0000450138   0.0000441279   0.0000660554  -0.0000396675   0.0000145338
26 11  -0.0000729055  -0.0000667570  -0.0000489972   0.0000226538
27  1  -0.1264408311   0.0025890626  -0.1396209428  -0.0269905677  -0.0016828717
27  2  -0.0251257025   0.0010324289  -0.0009413384   0.0043736523   0.0128245488
27  3  -0.0021722015   0.0059695051   0.0015895620  -0.0022345080  -0.0001333488
27  4   0.0004516754   0.0002187996   0.0003994509   0.0003406130  -0.0001716591
27  5  -0.0000553498   0.0024207955  -0.0003756716   0.0019622333   0.1316213043
27  6   0.0025856441   0.1546768150   0.0028783239   0.0016419285  -0.0053552634
27  7   0.0000776829  -0.0003732057   0.0012938613  -0.0003791584   0.0004588776
27  8  -0.0002972074   0.0005949459   0.0005262917   0.0019091976   0.0001945623
27  9  -0.0000571311   0.0000994416  -0.0001545417  -0.0000004875  -0.0000620787
27 10  -0.0000122660  -0.0000183964  -0.0000028113  -0.0000299635   0.0000239741
27 11  -0.0000358823  -0.0000191146  -0.0000171070   0.0000044301
28  1   0.0080450176   0.0005146442   0.0074031999  -0.1875452617   0.0031852461
28  2  -0.1148810631  -0.0115734282  -0.0181388888  -0.0062951646   0.0010306289
28  3   0.0001334793  -0.0008920342  -0.0011935502  -0.0000396828  -0.0005497550
28  4   0.0001180939  -0.0000595516   0.0000706910   0.0001377304   0.0000213655
28  5   0.0000484482   0.0006979915   0.0005171359  -0.0014146018   0.0004685921
28  6  -0.0000079014   0.0028783239   0.2083664318   0.0112152744   0.1271893006
28  7  -0.0173250672   0.0020907473  -0.0155717061  -0.0009566411   0.0003317794
28  8   0.0009650660   0.0001755804  -0.0000609627  -0.0002657191  -0.0005279256
28  9   0.0001677360   0.0011314810   0.0001361018   0.0000370178   0.0001463511
28 10  -0.0000100695   0.0000317276  -0.0000128922  -0.0000490795   0.0000784432
28 11   0.0000726705   0.0000048546  -0.0000176094  -0.0000225963
29  1   0.0060259668   0.0015371426   0.0036912885   0.0044192363  -0.0486461250
29  2  -0.0029790054  -0.0343568604  -0.0171447216  -0.0186584542  -0.0005750481
29  3   0.0003343348  -0.0002552657  -0.0000305951   0.0002728671  -0.0004311988
29  4   0.0000066038  -0.0000881728  -0.0000643339  -0.0001005779  -0.0000048850
29  5  -0.0000107641   0.0003172790   0.0002828388  -0.0005252703  -0.0010520986
29  6   0.0007117811   0.0016419285   0.0112152744   0.0601080440   0.0039989646
29  7   0.0157389027   0.0020456929   0.0136433227  -0.0018669399   0.0005828268
29  8  -0.0001796543   0.0000184419  -0.0001422298   0.0000308226   0.0002091394
29  9   0.0001728425  -0.0000490579   0.0000304642  -0.0000151871   0.0001497982
29 10  -0.0000038839  -0.0000190792  -0.0000300526  -0.0000171877   0.0000105014
29 11   0.0000299883   0.0000218832   0.0000015283  -0.0000030563
30  1  -0.0256470223   0.0020092307  -0.0223203582  -0.1131196366  -0.0029251970
30  2  -0.1491416210   0.0021473863  -0.0040191591   0.0075354525   0.0002437882
30  3  -0.0000292656   0.0023083660  -0.0006076538  -0.0001167288  -0.0010632608
30  4   0.0003262184  -0.0000794598   0.0003998295   0.0000107374  -0.0000313801
30  5  -0.0000013105   0.0004663117   0.0001959418   0.0008573017   0.0023233688
30  6   0.0009399595  -0.0053552634   0.1271893006   0.0039989646   0.1593220892
30  7   0.0063122948   0.0003119178   0.0064799066  -0.0006011192  -0.0002156907
30  8  -0.0000824455  -0.0000217189  -0.0000090112   0.0004806742   0.0009976901
30  9  -0.0002874268   0.0004242138   0.0000974886   0.0000907742   0.0001278287
30 10  -0.0000081851   0.0000106365  -0.0000440488  -0.0001511791   0.0001834545
30 11   0.0001162105   0.0000419300  -0.0000275606  -0.0000435645
31  1  -0.0058425025   0.0063351488  -0.0010331776  -0.1772763562   0.1247759480
31  2   0.0504443363   0.0144758802  -0.0157077320  -0.0057917640   0.0006476749
31  3  -0.0002788411   0.0022429053   0.0003879757   0.0001036125  -0.0002233207
31  4   0.0002029448  -0.0000860212   0.0001748754  -0.0001791190   0.0000450891
31  5  -0.0000023237  -0.0002107618  -0.0004086819   0.0001860603   0.0010460687
31  6  -0.0002479960   0.0000776829  -0.0173250672   0.0157389027   0.0063122948
31  7   0.1847695355  -0.1259159157  -0.0527282942  -0.0003218883  -0.0043781714
31  8  -0.0001073167  -0.0005948171   0.0000500497   0.0002746344   0.0002977682
31  9  -0.0000387146   0.0000928369  -0.0000651201  -0.0000385076   0.0001167741
31 10  -0.0000003290  -0.0000067280  -0.0000269077  -0.0000735825   0.0000628009
31 11   0.0000096092   0.0000616957  -0.0000042422  -0.0000189048
32  1  -0.0036603622   0.0054611637   0.0002681753   0.1154789000  -0.1572759324
32  2  -0.0442482248   0.0144614403  -0.0345875968  -0.0122648038  -0.0003258204
32  3   0.0008882240   0.0019223925  -0.0000250002   0.0000749630   0.0001874753
32  4  -0.0000869192  -0.0001036105   0.0000317355   0.0000101200   0.0000454526
32  5  -0.0000253215   0.0002955298   0.0002666320  -0.0009433439  -0.0000351641
32  6   0.0001297388  -0.0003732057   0.0020907473   0.0020456929   0.0003119178
32  7  -0.1259159157   0.1879278071   0.0516197952  -0.0020320995  -0.0052785170
32  8   0.0031949949  -0.0002858208   0.0003666416   0.0003989551   0.0000165612
32  9  -0.0000424002  -0.0000379914   0.0000281620   0.0000345475  -0.0000049701
32 10  -0.0000068568   0.0000379061  -0.0000105163  -0.0000077948   0.0000042341
32 11  -0.0000274017   0.0000002930   0.0000050537   0.0000003376
33  1   0.0210541247  -0.0214480741  -0.0063985608   0.0461904544  -0.0458362166
33  2  -0.0695990182  -0.0012120838   0.0021752373   0.0028880598   0.0012384389
33  3   0.0005486688  -0.0063768021  -0.0008219007  -0.0001731730  -0.0009153285
33  4   0.0001058907   0.0000739150   0.0000943467   0.0002090172  -0.0000720022
33  5   0.0000598836  -0.0000662781   0.0007428619   0.0008423625  -0.0006397129
33  6  -0.0006623862   0.0012938613  -0.0155717061   0.0136433227   0.0064799066
33  7  -0.0527282942   0.0516197952   0.0721756924   0.0005823762   0.0000873593
33  8  -0.0003259334   0.0014221531  -0.0008192527  -0.0007887442   0.0001340658
33  9   0.0000406126   0.0003562884   0.0001797109   0.0000139490   0.0001361237
33 10   0.0000000828  -0.0000030336  -0.0000048030  -0.0000407877   0.0000822947
33 11   0.0000826376  -0.0000355514  -0.0000138781   0.0000000275
34  1   0.0013606371  -0.0042557327   0.0016397765   0.0097768968  -0.0141608225
34  2  -0.0110116305  -0.1731503917   0.1627062032   0.1611260219   0.0001299061
34  3   0.0007976868  -0.0034816653  -0.0021036615  -0.0005730508  -0.0001407930
34  4  -0.0005368864   0.0000222139   0.0002520542   0.0005869656  -0.0000444287
34  5  -0.0000844841  -0.0006118880   0.0007973562   0.0004013335  -0.0002309227
34  6   0.0004793822  -0.0003791584  -0.0009566411  -0.0018669399  -0.0006011192
34  7  -0.0003218883  -0.0020320995   0.0005823762   0.1647930146  -0.1440146799
34  8  -0.1478179458   0.0009135496   0.0017071363  -0.0005635643  -0.0000661548
34  9  -0.0002463410   0.0001293133   0.0006145108   0.0004012587  -0.0000808252
34 10  -0.0001246503   0.0002153910   0.0000480332   0.0000402266   0.0000397823
34 11  -0.0000797638  -0.0001126224   0.0000276844   0.0000620406
35  1   0.0015995943  -0.0011294240  -0.0003769531   0.0201276562  -0.0386678548
35  2  -0.0219628168   0.1242992697  -0.1965220734  -0.1398116420   0.0013690737
35  3   0.0005496975  -0.0008908773  -0.0008188992   0.0000615006  -0.0005145187
35  4  -0.0000603788   0.0006258166  -0.0000226712   0.0003081477  -0.0002877074
35  5  -0.0000076534   0.0007489541   0.0001702246  -0.0009210461  -0.0000266678
35  6  -0.0002266756   0.0004588776   0.0003317794   0.0005828268  -0.0002156907
35  7  -0.0043781714  -0.0052785170   0.0000873593  -0.1440146799   0.2397073310
35  8   0.1641475427   0.0002336353   0.0004961908  -0.0001219264  -0.0000681389
35  9   0.0000101446   0.0000223191   0.0003833028   0.0000463899   0.0000341839
35 10   0.0000764294  -0.0001129051   0.0000637316   0.0000127546  -0.0000505620
35 11  -0.0000166740  -0.0001236613   0.0000255968   0.0000484556
36  1   0.0003483521   0.0055462129   0.0006310564  -0.0024010695  -0.0004380934
36  2   0.0028252557   0.1526507331  -0.1687351218  -0.1597888383  -0.0036718150
36  3  -0.0005524943  -0.0006643235   0.0019322820  -0.0010375463   0.0019821198
36  4   0.0003249890  -0.0004324499  -0.0000692087  -0.0006176988   0.0001997554
36  5  -0.0000839830   0.0000672475  -0.0011346649  -0.0004087504  -0.0001371630
36  6   0.0000340187  -0.0002972074   0.0009650660  -0.0001796543  -0.0000824455
36  7  -0.0001073167   0.0031949949  -0.0003259334  -0.1478179458   0.1641475427
36  8   0.1570509072  -0.0000960525  -0.0000869706  -0.0001697408  -0.0004409207
36  9  -0.0001573596  -0.0003451589  -0.0012163019  -0.0004274544  -0.0001823412
36 10   0.0000075797   0.0000782332   0.0001028456   0.0000578114  -0.0000059857
36 11  -0.0001360045   0.0001522232  -0.0000129626  -0.0000382491
37  1   0.0000340288   0.0010884541   0.0249189362  -0.0030009723   0.0049808455
37  2   0.0012959308  -0.0004335396   0.0002245588  -0.0000777701  -0.0554225904
37  3   0.0102876148  -0.0268607863  -0.0071549208  -0.0043288350  -0.0409818195
37  4   0.0007939083  -0.0007990886  -0.0025608087   0.0004796584   0.0001765761
37  5   0.0012298382  -0.0001206962   0.0001568410  -0.0003169679  -0.0000886840
37  6   0.0001641705   0.0005949459   0.0001755804   0.0000184419  -0.0000217189
37  7  -0.0005948171  -0.0002858208   0.0014221531   0.0009135496   0.0002336353
37  8  -0.0000960525   0.0706328216  -0.0115145991   0.0408910867  -0.0065988566
37  9  -0.0004341322  -0.0009822534   0.0008345946  -0.0005558725   0.0001020445
37 10   0.0000063105  -0.0000309872   0.0002842859  -0.0003186057   0.0007663970
37 11   0.0013298233  -0.0001367695  -0.0001481995  -0.0001708674
38  1   0.0008961289  -0.0085268838  -0.0303004215   0.0013893292  -0.0037556835
38  2   0.0010385282  -0.0013885390   0.0010574064   0.0008054101   0.0124576624
38  3  -0.0239243787  -0.0214293802  -0.0052373346  -0.0027130035  -0.0051462388
38  4   0.0007679800   0.0013485003   0.0025748396  -0.0003064279  -0.0007110488
38  5  -0.0006879981   0.0004001742  -0.0013317224  -0.0011842129  -0.0005997287
38  6   0.0017675430   0.0005262917  -0.0000609627  -0.0001422298  -0.0000090112
38  7   0.0000500497   0.0003666416  -0.0008192527   0.0017071363   0.0004961908
38  8  -0.0000869706  -0.0115145991   0.0353168246   0.0559821525   0.0005934518
38  9   0.0003775762   0.0003900655   0.0006575924   0.0003172756  -0.0010927984
38 10   0.0002101449  -0.0002719167   0.0002590451   0.0001780846   0.0002025145
38 11  -0.0008389920  -0.0002001423   0.0001263942   0.0000189439
39  1  -0.0013467457   0.0050451675  -0.0100819232   0.0025291819  -0.0026915069
39  2   0.0003643522   0.0000317813  -0.0006064306   0.0001925009  -0.0404369682
39  3  -0.0615624755  -0.4161400058   0.0005833028   0.0023804742  -0.0100038108
39  4   0.0003387855   0.0001888393   0.0009109511   0.0003438939  -0.0000881962
39  5   0.0002162457  -0.0005272232   0.0007174360   0.0002074246   0.0002370946
39  6   0.0006705283   0.0019091976  -0.0002657191   0.0000308226   0.0004806742
39  7   0.0002746344   0.0003989551  -0.0007887442  -0.0005635643  -0.0001219264
39  8  -0.0001697408   0.0408910867   0.0559821525   0.4302900561  -0.0022246100
39  9  -0.0006135226   0.0013766090   0.0007649145  -0.0003234720   0.0012536833
39 10  -0.0000310714   0.0000146702  -0.0001357319  -0.0005560942   0.0006192345
39 11   0.0001262582  -0.0000426797  -0.0000407500  -0.0000079963
40  1   0.0016046103  -0.0000220925  -0.0008268464  -0.0007008664  -0.0003396321
40  2  -0.0002154261   0.0002053892   0.0001802375   0.0002772789  -0.0080332402
40  3  -0.0061004131  -0.0383591383  -0.0498407065  -0.0014008963  -0.0089754619
40  4   0.0009536670   0.0020651881   0.0185888279   0.0014467093  -0.0011013434
40  5  -0.0008461137  -0.0002662873   0.0002953521   0.0001202123   0.0002797110
40  6   0.0000165397   0.0001945623  -0.0005279256   0.0002091394   0.0009976901
40  7   0.0002977682   0.0000165612   0.0001340658  -0.0000661548  -0.0000681389
40  8  -0.0004409207  -0.0065988566   0.0005934518  -0.0022246100   0.0607384840
40  9   0.0024172414   0.0196684423   0.0017524456   0.0007483285   0.0116720007
40 10   0.0006095440  -0.0006065265  -0.0007953835  -0.0018962600   0.0030171845
40 11   0.0007156496   0.0000419687   0.0000798187   0.0003151705
41  1  -0.0000430628   0.0002801363   0.0005797998   0.0002969789   0.0006606853
41  2   0.0000881707  -0.0000035442  -0.0004390187   0.0000395931   0.0000527806
41  3   0.0000776753  -0.0046946206  -0.0021221983  -0.0500588651  -0.0129771295
41  4  -0.0010929074  -0.0044382438  -0.0300745752  -0.0016036929   0.0015217342
41  5   0.0019688360  -0.0000595521  -0.0001688500   0.0003276837  -0.0000880815
41  6  -0.0001284853  -0.0000571311   0.0001677360   0.0001728425  -0.0002874268
41  7  -0.0000387146  -0.0000424002   0.0000406126  -0.0002463410   0.0000101446
41  8  -0.0001573596  -0.0004341322   0.0003775762  -0.0006135226   0.0024172414
41  9   0.0538947658   0.0202537223   0.0001976690   0.0008504756   0.0275116314
41 10  -0.0007987963   0.0013296247  -0.0000200602   0.0031798735  -0.0036652559
41 11  -0.0020381445   0.0002187438  -0.0002345416   0.0001099205
42  1   0.0004136690  -0.0013068877  -0.0003546326  -0.0003892774  -0.0003276904
42  2  -0.0007253092  -0.0000529601   0.0004739659   0.0003779334  -0.0055188487
42  3  -0.0016527937  -0.0065181769  -0.0157753483  -0.0159623886  -0.3037737461
42  4  -0.0007051689  -0.0018607264  -0.0118055987   0.0006500003   0.0010296650
42  5   0.0021731014   0.0001377615   0.0004287032  -0.0000045408  -0.0000461186
42  6   0.0001818846   0.0000994416   0.0011314810  -0.0000490579   0.0004242138
42  7   0.0000928369  -0.0000379914   0.0003562884   0.0001293133   0.0000223191
42  8  -0.0003451589  -0.0009822534   0.0003900655   0.0013766090   0.0196684423
42  9   0.0202537223   0.3302297089   0.0008032433   0.0003466041  -0.0133340109
42 10  -0.0000830369  -0.0001594197   0.0011222632   0.0006381809  -0.0017163510
42 11   0.0010007183  -0.0001119162  -0.0000536227  -0.0002991037
43  1   0.0034224074  -0.0061259793  -0.0018608925  -0.0004853816  -0.0002235825
43  2   0.0002112647  -0.0003103031   0.0007567625   0.0008662002  -0.0336784205
43  3  -0.0281968513   0.0085015392  -0.0746763204  -0.0645690098   0.0349829313
43  4   0.0046258229   0.0149388111  -0.0071968553   0.0030210506   0.0002604765
43  5  -0.0001660950   0.0009332533   0.0022827891   0.0003775988   0.0002832029
43  6   0.0002091446  -0.0001545417   0.0001361018   0.0000304642   0.0000974886
43  7  -0.0000651201   0.0000281620   0.0001797109   0.0006145108   0.0003833028
43  8  -0.0012163019   0.0008345946   0.0006575924   0.0007649145   0.0017524456
43  9   0.0001976690   0.0008032433   0.0951242899   0.0780341177  -0.0372336482
43 10  -0.0020729222   0.0029896762   0.0008129587   0.0006260859  -0.0009535333
43 11  -0.0000913628  -0.0000852979  -0.0007000120   0.0003218475
44  1   0.0014116884   0.0026549469  -0.0007860661  -0.0001961981  -0.0003199870
44  2  -0.0000394210  -0.0000577947   0.0002175897   0.0001326596  -0.0090634888
44  3  -0.0015011918  -0.0026924311  -0.0622660391  -0.2008220534   0.0769133703
44  4  -0.0111746258  -0.0260099452   0.0131276210   0.0002699253   0.0034910443
44  5  -0.0004908128  -0.0017311222   0.0005751670   0.0007090540  -0.0000385734
44  6   0.0003054792  -0.0000004875   0.0000370178  -0.0000151871   0.0000907742
44  7  -0.0000385076   0.0000345475   0.0000139490   0.0004012587   0.0000463899
44  8  -0.0004274544  -0.0005558725   0.0003172756  -0.0003234720   0.0007483285
44  9   0.0008504756   0.0003466041   0.0780341177   0.2227064097  -0.0835270176
44 10   0.0027102001  -0.0032413888  -0.0024900856  -0.0001820704   0.0012805887
44 11  -0.0004499261   0.0016917560  -0.0005701608  -0.0001068581
45  1   0.0004829798  -0.0000029519   0.0000419005  -0.0002823915  -0.0002008702
45  2  -0.0005714429  -0.0001354278   0.0000018625   0.0002731152  -0.0055475891
45  3  -0.0082953756   0.0077791564   0.0340848918   0.0764132028  -0.0935225593
45  4  -0.0021971850  -0.0099108743   0.0044630643  -0.0017792155  -0.0001779873
45  5  -0.0002443941   0.0004828315  -0.0000883327  -0.0002202364   0.0000520129
45  6  -0.0002169609  -0.0000620787   0.0001463511   0.0001497982   0.0001278287
45  7   0.0001167741  -0.0000049701   0.0001361237  -0.0000808252   0.0000341839
45  8  -0.0001823412   0.0001020445  -0.0010927984   0.0012536833   0.0116720007
45  9   0.0275116314  -0.0133340109  -0.0372336482  -0.0835270176   0.0921908982
45 10   0.0009919048  -0.0019364198   0.0006684173  -0.0006781075   0.0004416818
45 11   0.0009626596  -0.0001974014   0.0009021981   0.0002402165
46  1  -0.0000833242   0.0002382779   0.0002983462   0.0000182891   0.0000642067
46  2  -0.0000594002  -0.0000145346  -0.0001239862   0.0000571218   0.0016104774
46  3  -0.0006679730   0.0001141918   0.0061862288   0.0147922048  -0.0080373466
46  4  -0.0686204308  -0.0607338864   0.0351350529  -0.0256191211  -0.0322058760
46  5   0.0155132924  -0.0001235484  -0.0002318477  -0.0000135360   0.0000176202
46  6  -0.0000450138  -0.0000122660  -0.0000100695  -0.0000038839  -0.0000081851
46  7  -0.0000003290  -0.0000068568   0.0000000828  -0.0001246503   0.0000764294
46  8   0.0000075797   0.0000063105   0.0002101449  -0.0000310714   0.0006095440
46  9  -0.0007987963  -0.0000830369  -0.0020729222   0.0027102001   0.0009919048
46 10   0.0915764600   0.0758609874  -0.0417298552   0.0031166188   0.0021453091
46 11  -0.0000687527  -0.0064726186  -0.0012796403  -0.0020741223
47  1   0.0003928650   0.0001090760  -0.0002821760  -0.0000595827  -0.0002252335
47  2   0.0000748078   0.0000085808   0.0002534060  -0.0001506967  -0.0005746552
47  3   0.0021475428  -0.0001167478  -0.0077489231  -0.0250492803   0.0127921653
47  4  -0.0680598244  -0.2269725517   0.1016931469  -0.0048463480   0.0003808079
47  5  -0.0001133838  -0.0001602724   0.0003459939   0.0000738757   0.0000769129
47  6   0.0000441279  -0.0000183964   0.0000317276  -0.0000190792   0.0000106365
47  7  -0.0000067280   0.0000379061  -0.0000030336   0.0002153910  -0.0001129051
47  8   0.0000782332  -0.0000309872  -0.0002719167   0.0000146702  -0.0006065265
47  9   0.0013296247  -0.0001594197   0.0029896762  -0.0032413888  -0.0019364198
47 10   0.0758609874   0.2452585745  -0.1093817865   0.0019006554   0.0045747041
47 11  -0.0016977825   0.0006170514   0.0014105915  -0.0008776929
48  1  -0.0001380463  -0.0002092228  -0.0000745354   0.0000503774   0.0000743079
48  2   0.0000782490  -0.0000668884  -0.0000070385  -0.0000546383  -0.0007884270
48  3   0.0001274931   0.0000635052  -0.0022427635  -0.0106626420   0.0054223323
48  4   0.0417389849   0.1064881552  -0.1144323135  -0.0038045137  -0.0083566375
48  5   0.0068362221   0.0000775188   0.0000098029  -0.0000225037  -0.0000120246
48  6   0.0000660554  -0.0000028113  -0.0000128922  -0.0000300526  -0.0000440488
48  7  -0.0000269077  -0.0000105163  -0.0000048030   0.0000480332   0.0000637316
48  8   0.0001028456   0.0002842859   0.0002590451  -0.0001357319  -0.0007953835
48  9  -0.0000200602   0.0011222632   0.0008129587  -0.0024900856   0.0006684173
48 10  -0.0417298552  -0.1093817865   0.1148491594   0.0092654607   0.0258344702
48 11  -0.0151922380  -0.0026599176  -0.0017550194   0.0008206298
49  1   0.0001800275  -0.0000616255   0.0000755738   0.0000466610   0.0001077262
49  2   0.0001513010  -0.0000762301  -0.0000648668  -0.0000518855   0.0020397519
49  3  -0.0004166513   0.0005663007   0.0019667580   0.0024045301   0.0170200341
49  4  -0.0486055896  -0.0037974435  -0.0104353333  -0.0227572815  -0.0057953287
49  5  -0.0400506890   0.0000148095  -0.0000782561   0.0000052866  -0.0000203109
49  6  -0.0000396675  -0.0000299635  -0.0000490795  -0.0000171877  -0.0001511791
49  7  -0.0000735825  -0.0000077948  -0.0000407877   0.0000402266   0.0000127546
49  8   0.0000578114  -0.0003186057   0.0001780846  -0.0005560942  -0.0018962600
49  9   0.0031798735   0.0006381809   0.0006260859  -0.0001820704  -0.0006781075
49 10   0.0031166188   0.0019006554   0.0092654607   0.0639017058   0.0014244545
49 11   0.0250636169   0.0018642948   0.0012528132  -0.0008495264
50  1   0.0000202800  -0.0001896608   0.0002205020  -0.0002170076  -0.0001210524
50  2  -0.0001354127   0.0000664281   0.0001470533   0.0000180110  -0.0019137485
50  3   0.0007930344   0.0000344693   0.0007526346  -0.0042111842  -0.0296705677
50  4  -0.0020494684  -0.0584612423  -0.0252828108  -0.0032368022   0.0031225350
50  5  -0.0027494248  -0.0000064108   0.0000906208  -0.0000441419   0.0000788293
50  6   0.0000145338   0.0000239741   0.0000784432   0.0000105014   0.0001834545
50  7   0.0000628009   0.0000042341   0.0000822947   0.0000397823  -0.0000505620
50  8  -0.0000059857   0.0007663970   0.0002025145   0.0006192345   0.0030171845
50  9  -0.0036652559  -0.0017163510  -0.0009535333   0.0012805887   0.0004416818
50 10   0.0021453091   0.0045747041   0.0258344702   0.0014244545   0.0563789290
50 11   0.0333913295  -0.0000755726   0.0000797086  -0.0012447269
51  1   0.0004815246  -0.0001203901   0.0004893255  -0.0003165258   0.0000937808
51  2  -0.0001062145   0.0001332152   0.0000724639   0.0001024670   0.0000886764
51  3   0.0005679472   0.0011246307  -0.0007455903  -0.0008151922  -0.0122898123
51  4  -0.0133102867  -0.0261984808  -0.2809385780  -0.0127584264  -0.0024083480
51  5  -0.0029060775  -0.0000843780   0.0001331469   0.0000110911   0.0001501044
51  6  -0.0000729055  -0.0000358823   0.0000726705   0.0000299883   0.0001162105
51  7   0.0000096092  -0.0000274017   0.0000826376  -0.0000797638  -0.0000166740
51  8  -0.0001360045   0.0013298233  -0.0008389920   0.0001262582   0.0007156496
51  9  -0.0020381445   0.0010007183  -0.0000913628  -0.0004499261   0.0009626596
51 10  -0.0000687527  -0.0016977825  -0.0151922380   0.0250636169   0.0333913295
51 11   0.3066197828  -0.0005898036   0.0003955809   0.0009690259
52  1  -0.0001152569   0.0005510084   0.0001645298  -0.0000472278  -0.0001346753
52  2   0.0000424823   0.0001819368   0.0001016087  -0.0001569296   0.0012170997
52  3   0.0004241941  -0.0005994742  -0.0000783166  -0.0016787058   0.0013721200
52  4  -0.0224971089  -0.0361728620   0.0222555853  -0.1043114136  -0.1206292786
52  5   0.0647245044  -0.0001106218  -0.0000339563  -0.0000217416   0.0001111689
52  6  -0.0000667570  -0.0000191146   0.0000048546   0.0000218832   0.0000419300
52  7   0.0000616957   0.0000002930  -0.0000355514  -0.0001126224  -0.0001236613
52  8   0.0001522232  -0.0001367695  -0.0002001423  -0.0000426797   0.0000419687
52  9   0.0002187438  -0.0001119162  -0.0000852979   0.0016917560  -0.0001974014
52 10  -0.0064726186   0.0006170514  -0.0026599176   0.0018642948  -0.0000755726
52 11  -0.0005898036   0.1304842348   0.1554890724  -0.0843188453
53  1   0.0001440772   0.0000740362   0.0000324965   0.0000693893   0.0000150237
53  2  -0.0000046493  -0.0000532708  -0.0000493853   0.0000486577   0.0001892618
53  3  -0.0012639628  -0.0001335058   0.0023474071   0.0043254228  -0.0006019324
53  4   0.0017103327  -0.0048990865   0.0024900677  -0.1591473898  -0.3076891066
53  5   0.1955931749   0.0000293000  -0.0000717083  -0.0000023202   0.0000112074
53  6  -0.0000489972  -0.0000171070  -0.0000176094   0.0000015283  -0.0000275606
53  7  -0.0000042422   0.0000050537  -0.0000138781   0.0000276844   0.0000255968
53  8  -0.0000129626  -0.0001481995   0.0001263942  -0.0000407500   0.0000798187
53  9  -0.0002345416  -0.0000536227  -0.0007000120  -0.0005701608   0.0009021981
53 10  -0.0012796403   0.0014105915  -0.0017550194   0.0012528132   0.0000797086
53 11   0.0003955809   0.1554890724   0.3087635934  -0.1967988679
54  1   0.0000206537  -0.0001095800  -0.0001345084   0.0000964949   0.0000650713
54  2   0.0000135506  -0.0000845512  -0.0000668020   0.0000468821  -0.0005331023
54  3  -0.0000339717   0.0001736248  -0.0002260509   0.0003229714  -0.0004552018
54  4  -0.0092923303  -0.0093449989   0.0036003517   0.0968328266   0.2079839041
54  5  -0.1395663192   0.0000177559   0.0000142967   0.0000299164  -0.0000758925
54  6   0.0000226538   0.0000044301  -0.0000225963  -0.0000030563  -0.0000435645
54  7  -0.0000189048   0.0000003376   0.0000000275   0.0000620406   0.0000484556
54  8  -0.0000382491  -0.0001708674   0.0000189439  -0.0000079963   0.0003151705
54  9   0.0001099205  -0.0002991037   0.0003218475  -0.0001068581   0.0002402165
54 10  -0.0020741223  -0.0008776929   0.0008206298  -0.0008495264  -0.0012447269
54 11   0.0009690259  -0.0843188453  -0.1967988679   0.1346462874
$end
