$vibrational normal modes
 1  1   0.0256236921   0.1316271538   0.1740389495   0.1369550531  -0.0505142445
 1  2  -0.0500378359   0.0773865632   0.0271881724   0.0162904761   0.0433241607
 1  3   0.0942139558   0.0000336462  -0.0180961289  -0.2164169833  -0.0700635191
 1  4  -0.0182109100  -0.0354134000   0.0551653946  -0.0355865926   0.0568582550
 1  5  -0.1269141849  -0.1018335419  -0.0278072830   0.0077868104   0.0089605415
 1  6   0.0354394410   0.0813630553  -0.1216065180  -0.0047372757   0.0383073000
 1  7   0.0382962111   0.0321443133  -0.0412731450   0.0053497766   0.0061827386
 1  8   0.0792855557   0.0179778734  -0.0123658778   0.0375023961  -0.0046771600
 1  9   0.0027279896   0.0014740911  -0.0064600136   0.0013302998  -0.0262037792
 1 10   0.0005017187  -0.0002339903  -0.0561463600  -0.0023007582  -0.0441664808
 1 11  -0.0003927834   0.0011832205  -0.0000373944   0.0000006081
 2  1   0.0103855687   0.1275971478   0.1805868292  -0.1957669411  -0.0123619394
 2  2  -0.0481873167  -0.0712716271   0.0258960795  -0.0545473326   0.0309077815
 2  3   0.0807431291  -0.0005794891  -0.0480845982   0.0471118762  -0.0104162261
 2  4   0.0502920703   0.1592684334  -0.0207839208   0.0022319134  -0.0706963641
 2  5  -0.1567135376   0.1124076612  -0.0276881175   0.0501333789   0.0744935927
 2  6   0.0769616363  -0.1394775930  -0.0155313144  -0.0314788087  -0.0249025712
 2  7   0.0077989595   0.0025506465  -0.0028994005   0.0339652917  -0.0122984567
 2  8  -0.0442155603   0.0103905405  -0.0072761944  -0.0682130967   0.0169955622
 2  9   0.0044987210  -0.0022086900   0.0050468222   0.0022657519  -0.0681025319
 2 10   0.0005148835  -0.0150383858  -0.0101015245   0.0021184541  -0.0041383812
 2 11  -0.0005897630  -0.0016086309  -0.0008789407  -0.0000831551
 3  1   0.0405395195   0.0604489903   0.0981722016  -0.0080789476   0.2895179407
 3  2  -0.0615439454   0.0365902428   0.0571147587   0.0387906712  -0.0086429797
 3  3   0.0846072948  -0.0002409122  -0.0429911015   0.0274949632  -0.0134299002
 3  4  -0.0098762513  -0.1146845811  -0.0136499251   0.0061894097   0.1092636773
 3  5   0.1037327338   0.0289045061  -0.0638757161   0.0906754934  -0.0819014751
 3  6   0.0329371047  -0.1294268627  -0.0525031715  -0.0021512119   0.0726816359
 3  7  -0.0236859018   0.0037094139  -0.0023588390   0.0323738655  -0.0256289510
 3  8  -0.1196994729   0.0002096011   0.0161908094   0.0209182233  -0.0623924480
 3  9  -0.0414107321  -0.0040041126   0.0071644976  -0.0012226083   0.0125594888
 3 10   0.0002935216   0.0083022697  -0.0364318425  -0.0022910008  -0.0303136113
 3 11  -0.0000013554   0.0013505254   0.0001324645  -0.0000283793
 4  1  -0.0356204372   0.1155485367   0.1585225011   0.1547120577   0.0058046820
 4  2   0.0982107760  -0.0900320061  -0.0006682744   0.1318571329   0.1683507022
 4  3  -0.0698598977   0.0268920917   0.1606024210  -0.0080771006   0.0175513999
 4  4   0.0203240457   0.0071762992   0.0160358725  -0.0206032327   0.1097136321
 4  5  -0.0568635900   0.0944748357   0.0578664549  -0.0114075605  -0.0818830556
 4  6  -0.0652081121  -0.0324985121   0.1295577360   0.0250604688  -0.0123684072
 4  7   0.0399641127  -0.0069371023   0.0074131915  -0.0114650766   0.0028082395
 4  8  -0.0203856568  -0.0408663555   0.0766347090  -0.0051703529  -0.0104523088
 4  9  -0.0030105987  -0.0063322729   0.0038566247   0.0003578458   0.0093334623
 4 10   0.0005988440  -0.0515731823   0.0352051225  -0.0046015746  -0.0540315832
 4 11  -0.0012376649  -0.0000826378  -0.0012095882   0.0000082033
 5  1  -0.1922065929  -0.0112697036   0.1698243909  -0.1472118992  -0.1288023767
 5  2   0.0460915063   0.0422516735  -0.0493588118  -0.0715480597  -0.0323770841
 5  3   0.0715897068   0.0036225490  -0.0179564176   0.0530252371   0.0001691983
 5  4  -0.0147376057  -0.0721554404  -0.0049375457   0.0077970506  -0.0715476351
 5  5  -0.0457240125  -0.0711125428  -0.0027557328   0.0617510956  -0.2563707690
 5  6  -0.0880736752  -0.0646322280   0.0521368920   0.0252657451   0.0721852036
 5  7  -0.0100493387   0.0051022019   0.0027395572  -0.1061820033  -0.0012650680
 5  8   0.0246778139  -0.0018952545   0.0179020819  -0.0075231567  -0.0125580858
 5  9   0.0103532954  -0.0471851198   0.0285244951   0.0001496201   0.0030122878
 5 10   0.0000833488  -0.0078709833  -0.0357520042   0.0067086627   0.0415429674
 5 11   0.0006003532   0.0001822291   0.0024477248   0.0000103081
 6  1  -0.0178672991   0.0288917015   0.0910556534   0.0069270327   0.2859034589
 6  2   0.0048309135  -0.0007876471   0.0335977139   0.0686228010   0.0153286022
 6  3   0.0358554681   0.0048030553  -0.0063861999   0.0851469144   0.0042477192
 6  4  -0.0096573140  -0.1341851689   0.0424981037  -0.0059713341  -0.1974717908
 6  5  -0.0563274388  -0.0281569345   0.0535875474  -0.0836201856   0.0936132026
 6  6  -0.0254435904   0.0741503494   0.0817838972   0.0087400409  -0.0397762668
 6  7   0.0546943381   0.0058860685  -0.0135682293   0.0168573159  -0.0110820277
 6  8  -0.0000327413   0.0479888941  -0.0855295050   0.0065971379   0.0158030531
 6  9   0.0285112340  -0.0518989190   0.0317744533   0.0006704363   0.0129440232
 6 10   0.0005989143  -0.0532533231  -0.0144633318   0.0046979000   0.0085029774
 6 11  -0.0003974808  -0.0003317002   0.0011409069  -0.0000010789
 7  1  -0.1005992913   0.1242857327   0.0260852778   0.1787077273   0.0163383129
 7  2   0.1377516110  -0.3347355908  -0.0665346072  -0.1634322025   0.0208455825
 7  3   0.0924204706   0.0135366080   0.0405457979   0.0266164255  -0.0138253229
 7  4  -0.0190145654  -0.0150034942  -0.0124601019   0.0080247680   0.0154450959
 7  5   0.0687051450  -0.0000300111  -0.0150160823  -0.0108091173   0.0925794243
 7  6   0.0436182883   0.0187993783  -0.0412254646  -0.0003559529   0.0048348952
 7  7  -0.0297576432  -0.0063818045   0.0074955802  -0.0487449263  -0.0077432724
 7  8  -0.0074251369   0.0219917156  -0.0368430969  -0.0029834740   0.0047621851
 7  9   0.0034704893  -0.0045313242   0.0034908778   0.0001194424   0.0007773548
 7 10   0.0000428614  -0.0011451561  -0.0008407879   0.0001633365   0.0014360402
 7 11  -0.0000204983   0.0000132057  -0.0327787314  -0.0000730373
 8  1  -0.1771466985  -0.0254836448   0.2316773396  -0.1547333664  -0.1399677604
 8  2   0.0385648888   0.1598475289  -0.0249314136   0.0706360053   0.0370962559
 8  3  -0.0124349779   0.0082820918   0.0335586753   0.0289233154   0.0078717123
 8  4   0.0051341760  -0.0669705426  -0.0106938310   0.0073484271   0.0341035664
 8  5   0.1165897901   0.0333885412  -0.0099401775  -0.0441030800   0.2066264116
 8  6   0.0759064270   0.0426529558  -0.0372907961   0.0020833616  -0.0039045855
 8  7  -0.0104649227  -0.0012029875   0.0027729601   0.0072421091   0.0028566062
 8  8   0.0012081581  -0.0069860007   0.0127096977   0.0038583273  -0.0011715482
 8  9   0.0016373285  -0.0056016556   0.0033376557  -0.0000905674   0.0008154577
 8 10   0.0000309682  -0.0020973659   0.0002050280   0.0001172761  -0.0000099885
 8 11  -0.0000090180   0.0000784430   0.0396613071   0.0000711292
 9  1  -0.2389359766  -0.0990580012   0.0435456229   0.0632087650   0.2088872424
 9  2   0.1605392079  -0.0244417554  -0.0663411553   0.0586673687  -0.0373271003
 9  3  -0.1043999328  -0.0318483972  -0.1549054888  -0.0755734480  -0.0480884333
 9  4  -0.0458102376   0.1102666891   0.0040086252  -0.0031871943  -0.0023562590
 9  5  -0.0327579446  -0.0062238966  -0.0072256243   0.0101627341  -0.0137199894
 9  6   0.0045352588  -0.0035557269  -0.0297959704  -0.0157157714  -0.0175833284
 9  7  -0.0093104973  -0.0023101339   0.0032449678   0.0157704984   0.0051172679
 9  8   0.0016107735  -0.0201124645   0.0359610674  -0.0002430306  -0.0040460392
 9  9  -0.0010902249  -0.0011526934   0.0002619177  -0.0001159739  -0.0003238380
 9 10  -0.0000109649   0.0009023579   0.0007524197  -0.0001108995  -0.0003172469
 9 11   0.0000676298   0.0000011452   0.0339699468   0.0000714925
10  1  -0.0112143565   0.1460466825   0.0563991533   0.1524507465  -0.0626041226
10  2  -0.0708300265   0.0529720275   0.0160603474  -0.0226402491  -0.0697678717
10  3  -0.0948946038  -0.0295551383  -0.0082919081  -0.1029458271   0.1265794568
10  4  -0.0514871488  -0.0419044450   0.0316945028  -0.0014671780  -0.0699028196
10  5   0.0295700250  -0.0730631619  -0.0495134395   0.0161411476   0.0580134518
10  6   0.0567892353  -0.2087279543   0.1109631147  -0.0141265254  -0.0139443885
10  7  -0.0512938157  -0.0143560173   0.0390472816   0.0158794430   0.0131215350
10  8  -0.0128189280  -0.0202609065   0.0014333278   0.0205498703   0.0717729603
10  9   0.0432384579   0.0049836524  -0.0036281426  -0.0028362941   0.0006256950
10 10   0.0003438557   0.0003989986  -0.0001413939   0.0004128851   0.0003130809
10 11  -0.0002076831   0.0076161442   0.0002096367  -0.0001212946
11  1   0.0409192008   0.1784929823   0.1076454253  -0.1983071109   0.0293947179
11  2  -0.0617635260  -0.1493338043   0.0322489037  -0.0434714327  -0.0096851928
11  3  -0.1052819053  -0.0352698729  -0.1067449204   0.0656632252   0.1262122108
11  4   0.0136089542   0.0581588104   0.0930405279  -0.0426758482   0.1042972301
11  5   0.0358270924  -0.0975861054  -0.0143374779  -0.0646885223  -0.0187448604
11  6  -0.0561683489   0.1329451298   0.0244875963  -0.0033336886   0.0209528969
11  7  -0.0241018632  -0.0041393531   0.0299391144   0.0093390234   0.0183043648
11  8   0.0050048580  -0.0076581524  -0.0098442136  -0.0103342264  -0.0246907354
11  9  -0.0243291755   0.0024964889   0.0076031242  -0.0010627707  -0.0021664246
11 10   0.0000176601  -0.0004078226  -0.0000272536  -0.0004325619  -0.0003590652
11 11  -0.0000067673   0.0113741338   0.0000494167   0.0001207197
12  1  -0.1000045081  -0.0304060278   0.0449622972   0.0271255177   0.1697345173
12  2  -0.0693604540   0.1650965443   0.0161906262  -0.0702206529  -0.1283037861
12  3   0.1200710720   0.0201799523   0.1582867375   0.0292842548   0.0988041468
12  4  -0.0047053519   0.1103494817  -0.0422015545   0.0200878355   0.1157616555
12  5  -0.0393356819  -0.0606187302  -0.0071880294   0.0025499307   0.0053313249
12  6   0.0260783432   0.0426555044   0.0558258776   0.0404812549  -0.0642240257
12  7  -0.0160411203  -0.0306673896   0.0140899735  -0.0007529593   0.0150124273
12  8   0.0486882557  -0.0032148781  -0.0129989426   0.0084845836  -0.0073241781
12  9  -0.0073976095   0.0018796208   0.0010655020  -0.0007540567  -0.0003452503
12 10   0.0001546479  -0.0002791513   0.0011611424  -0.0016315993   0.0007119621
12 11   0.0006515173   0.0701505176  -0.0002218944   0.0000519088
13  1  -0.0161853849   0.1403361653   0.0749457013   0.1530115319  -0.0496271911
13  2  -0.0386882056   0.0583808094   0.0428336495   0.0044929072  -0.1119626697
13  3  -0.0386194458  -0.0299596527  -0.0187414645  -0.0179041100   0.1258119062
13  4  -0.0442995745   0.0049753519  -0.0521084327   0.0392419218  -0.0961337730
13  5   0.0242360396   0.1885414263   0.0206535781   0.0655612755  -0.0539717830
13  6  -0.0551573241   0.1339010777  -0.1039945086   0.0198491943   0.0142320482
13  7   0.0620793635  -0.0006765225   0.0523953951  -0.0111495059   0.0539053178
13  8  -0.0069198540  -0.0775002754  -0.0556673570  -0.0160273200  -0.0158777220
13  9  -0.0415356870   0.0045880482   0.0323818068  -0.0282295739  -0.0009930802
13 10   0.0011205847  -0.0007976773   0.0005195578   0.0037102047   0.0000823427
13 11   0.0009279196  -0.0006404022  -0.0003841616  -0.0003353275
14  1  -0.0840517935   0.1556985881  -0.0554206420  -0.1583320889   0.0083520503
14  2  -0.0022787147  -0.1138640948   0.0777905949   0.0336461922  -0.1534341034
14  3  -0.0903617311  -0.0050229643   0.1026951901  -0.0500228829  -0.0823342708
14  4  -0.0092093866  -0.0143750302  -0.0024877795   0.0344285212   0.0054944274
14  5   0.0102372278  -0.0164508316   0.2253678326  -0.0537963073  -0.0725443696
14  6   0.0798171499  -0.0493905722  -0.0698047008   0.0468241926  -0.0220061704
14  7  -0.0053262341   0.0499121707  -0.0581095935  -0.0034952621  -0.0352596246
14  8  -0.0077578769   0.0404572260   0.0336818467   0.0101544471   0.0365952503
14  9  -0.0187577483   0.0207177401   0.0443644163  -0.0665329947  -0.0011352795
14 10   0.0043183792  -0.0008267856   0.0001493770   0.0016055894   0.0000728406
14 11   0.0031678329  -0.0009572777  -0.0000734527  -0.0005137745
15  1  -0.0296747788   0.0013061034   0.0383244548   0.0086751717   0.1272729372
15  2  -0.2198870796   0.1336030974  -0.1075912658  -0.1993589568   0.0784709723
15  3  -0.1158415111   0.0292661581   0.0712452803  -0.0212572926  -0.0122262083
15  4   0.0052302955   0.0179304362  -0.0308814593  -0.0424590735  -0.0158364951
15  5   0.0074638564   0.0266376794   0.0707407865  -0.1157655101  -0.0060729657
15  6  -0.0687438784  -0.0295973037  -0.0796131578  -0.0477682209   0.0785069897
15  7   0.0249440893  -0.0388452843  -0.0344622164  -0.0004772911  -0.0032383449
15  8  -0.0345846989  -0.0063810544   0.0114546659   0.0061173805   0.0574311127
15  9   0.0096197251   0.0131206068   0.0280043339   0.0264683705   0.0012550284
15 10   0.0047833195   0.0052680725   0.0035468494   0.0801496115  -0.0087819051
15 11  -0.0229234448   0.0025915189  -0.0002189066  -0.0000125965
16  1  -0.0596971019   0.1557323023  -0.0566523935   0.1709875460  -0.0607864252
16  2  -0.0557810970   0.1172643397  -0.0246768498   0.0580581882  -0.0280945672
16  3   0.0197917963   0.0051188088  -0.0794797719   0.1305668493  -0.0536665702
16  4   0.0229368737   0.0191240822   0.0014817889   0.0125121135  -0.0043851904
16  5  -0.0019413484   0.0543761387  -0.0905652349  -0.1785382011  -0.1787084048
16  6   0.1562154155   0.0472831865   0.0226151838  -0.0225404356   0.0220127871
16  7   0.0114262439  -0.0409284708   0.0517512423   0.0118342448  -0.0202370977
16  8   0.0186088122   0.1015475186   0.0476751064   0.0050132692  -0.0138664899
16  9   0.0189235388   0.0195112542   0.0149758287  -0.0010552880  -0.0000057733
16 10  -0.0091058975   0.0001700883   0.0004646640   0.0073866361  -0.0010108171
16 11   0.0242688771   0.0000208890  -0.0000898080  -0.0002042622
17  1  -0.0508883420   0.2054826087  -0.1209706021  -0.1619672133   0.0492658946
17  2  -0.0171403069  -0.0019115216  -0.0659787092   0.0408754849  -0.0920124548
17  3  -0.0562566497   0.0359218395   0.1055108282  -0.0650901836  -0.1410412252
17  4   0.0034411180  -0.0281080682   0.0236715927   0.0205517309  -0.0149295243
17  5  -0.0160927371   0.0421018577  -0.2143831348   0.0560511160   0.0504437001
17  6  -0.0680956977   0.0591647803   0.0498549184  -0.0240249221   0.0072856712
17  7  -0.0124230035  -0.0377079600  -0.0184605907   0.0026700141  -0.0726670831
17  8   0.0218560190  -0.0689607187  -0.0278475502  -0.0026010545  -0.0312217360
17  9   0.0378595198   0.0328531501   0.0321432407   0.0016187433   0.0002009263
17 10  -0.0204024289   0.0001989875   0.0010265138   0.0177640930  -0.0027773084
17 11   0.0638938295   0.0000438317  -0.0000734607   0.0023262831
18  1  -0.1936729120  -0.1030788663  -0.0198176992   0.0498535165  -0.0003481007
18  2  -0.2106810846  -0.0592922475   0.1507990485  -0.1128564119   0.0894936422
18  3  -0.0783144060  -0.0195024338   0.0342628403  -0.0010118230  -0.0932176110
18  4   0.0129704664  -0.0126677420   0.0094850097  -0.0646854101  -0.0351187379
18  5   0.0208311367   0.0400441314  -0.0843656126   0.0866556875  -0.0524714079
18  6   0.0789866683   0.1001231917   0.0677054170   0.0037539576  -0.0334664979
18  7  -0.0297227027   0.0756865286  -0.0147370671  -0.0077402707   0.0400846617
18  8  -0.0142796074   0.0006135658  -0.0018541972  -0.0018731688  -0.0179670887
18  9   0.0225535782   0.0197377856   0.0151064821  -0.0054847504  -0.0003645870
18 10  -0.0727547087  -0.0006796344  -0.0006291233  -0.0055200467   0.0010233342
18 11  -0.0500676413  -0.0001002848   0.0000524521  -0.0017563967
19  1  -0.0659166489   0.1505996642  -0.0424937984   0.1720913353  -0.0483893846
19  2  -0.0247509915   0.1489067005   0.0200074229  -0.0054670607  -0.0213970762
19  3  -0.0226266588  -0.0077585050  -0.0656531420   0.1719897327  -0.1305300106
19  4   0.0434698077   0.0253307392   0.0107976463  -0.0159336924   0.0376807509
19  5  -0.0000292696  -0.0715451347   0.1228064126   0.1346321533   0.1272847460
19  6  -0.0901557137  -0.0264840009  -0.0042727412  -0.0061102265   0.0030661840
19  7   0.0033285245  -0.0081378812   0.0086461159   0.0021503383  -0.0082302101
19  8   0.0056171099   0.0002679570   0.0007614829   0.0004070428  -0.0047564296
19  9   0.0052071182   0.0029922012   0.0015685694   0.0005664302   0.0001163539
19 10  -0.0021798555   0.0000432943  -0.0000154001  -0.0000293827  -0.0000610330
19 11   0.0003982442   0.0000127184   0.0000110423   0.0265811849
20  1  -0.1711545540   0.1844078959  -0.2800414283  -0.1233597687   0.0297113841
20  2   0.0401232789   0.1020493814   0.0207229621   0.0161767926   0.1691130751
20  3   0.0849688285   0.0332355577  -0.0463018266  -0.0665347161   0.1271914473
20  4  -0.0216603891   0.0001994817  -0.0097871070  -0.0036291027  -0.0069930077
20  5   0.0030660947   0.0018819565   0.0191596592   0.0037498011   0.0112082657
20  6  -0.0188508394  -0.0145339446  -0.0173734201   0.0123869792  -0.0060123816
20  7   0.0025247601   0.0077992171  -0.0062045098  -0.0037374625   0.0511610304
20  8  -0.0140087379   0.0220172583   0.0061259000  -0.0008942561  -0.0018287684
20  9   0.0031186462   0.0012643561   0.0002289383   0.0002481107  -0.0000859757
20 10  -0.0003344928  -0.0000281757  -0.0000066796  -0.0002979283   0.0000835922
20 11  -0.0014598108  -0.0000005302  -0.0000916925   0.0477251670
21  1  -0.1306450837  -0.0755256731  -0.0278621549   0.0332662328  -0.0448528421
21  2  -0.3553095561  -0.2227499639  -0.0562163319   0.1701584389  -0.0101575134
21  3   0.0662265781   0.0497331789  -0.0401914638  -0.0095352228   0.0556010090
21  4  -0.0063214857   0.0048171995  -0.0020799619   0.0118101158   0.0085580758
21  5  -0.0024363168  -0.0166508879   0.0456189891   0.0202633376   0.0373796106
21  6  -0.0346963072  -0.0220312847  -0.0172580518  -0.0016648329   0.0086747966
21  7   0.0123814202  -0.0110601449   0.0354875601   0.0062178113  -0.0464818105
21  8   0.0164478986  -0.0016092127   0.0007136923   0.0003079203  -0.0038059286
21  9  -0.0004148995   0.0016728317   0.0021101769   0.0000226006   0.0000263087
21 10  -0.0002097768  -0.0000011381  -0.0000004488  -0.0000497230  -0.0000177587
21 11   0.0012934092  -0.0000374977   0.0000628253  -0.0300258748
22  1   0.0756254644   0.1245223295   0.2776655476   0.1184139395  -0.0578920950
22  2  -0.0787235659   0.1584790338   0.0466656610   0.0233008206   0.1169820386
22  3   0.3284863692   0.0294567828  -0.0554773856  -0.4271693093  -0.3639167579
22  4   0.0312051981   0.1188822452  -0.0232716077   0.0464321811  -0.1895452376
22  5   0.0933483534  -0.0846263007   0.2106274814  -0.1381092966  -0.0925114630
22  6  -0.1546810071   0.2455707256   0.1224552962   0.1685379459   0.0617232032
22  7  -0.4097271084  -0.1145250356   0.1272064470   0.2529509764   0.0125946892
22  8  -0.1351566668  -0.0138196151  -0.0049657013  -0.5211879178   0.0724297637
22  9  -0.0269274034   0.0087547024   0.0494761851  -0.0214602053   0.4324829834
22 10  -0.0033479286   0.1031643423   0.0632312480  -0.0104569033   0.0292546106
22 11   0.0034052744   0.0017064540  -0.0008195503   0.0001675754
23  1  -0.0044747938   0.1365452817   0.1321872970  -0.1891546689  -0.0054461450
23  2  -0.0408676760  -0.1108173752   0.0181220432  -0.0576720253  -0.0017646563
23  3  -0.0352856641  -0.0170913517  -0.0442881899   0.1320272087   0.1248725804
23  4   0.0297663612   0.0978915221   0.0170316718  -0.0369340834   0.0614804051
23  5  -0.2298564458   0.0961120620  -0.1413379470   0.1053024963   0.1170427237
23  6   0.1540616078  -0.2133294481  -0.1117166454  -0.1289670422  -0.0452407764
23  7   0.2643806745   0.0861857701  -0.0881235585  -0.1180823916  -0.0071799418
23  8   0.0959169151   0.0241459090  -0.0162848851   0.2066040024  -0.0124091613
23  9   0.0272494982  -0.0114861468  -0.0203581006  -0.0237572278   0.8481358556
23 10  -0.0058063744   0.1935587896   0.1352766091  -0.0199774826   0.0669085764
23 11   0.0040707857  -0.0036552731   0.0043077097   0.0004374181
24  1   0.2129167843   0.1602703814   0.1353466292  -0.0519611389   0.3499671790
24  2  -0.1823592227   0.0322999790   0.1132335163   0.0234011729   0.0114263753
24  3   0.1542659738  -0.0249858805  -0.2504528599  -0.2120437552  -0.1895593888
24  4   0.0188812234   0.1461163113  -0.0669740591   0.0655863655   0.1286492931
24  5   0.6690190116   0.0828687510  -0.0374902602  -0.0294021704  -0.0531657411
24  6  -0.0873755159  -0.2333476176   0.2187952995  -0.1561270769  -0.1190067853
24  7   0.3824725678   0.1172133697  -0.1335944693  -0.2829068192   0.0447209253
24  8   0.4733067360   0.0250553498   0.0687493581  -0.3750396758   0.1435186155
24  9   0.0906333003  -0.0293203151   0.0103186999   0.0049211033  -0.0461134404
24 10   0.0003336372  -0.0158998346  -0.0177868788   0.0013813586  -0.0071057658
24 11  -0.0006270213  -0.0001353567   0.0018435149   0.0000580176
25  1   0.0485109513   0.1397691367   0.1702465973   0.1307455449  -0.0756313264
25  2  -0.1151767385   0.1389728533   0.0351416429  -0.0451618127  -0.0132581903
25  3   0.1515135628  -0.0121528766  -0.0842175014  -0.3224771287  -0.1104903796
25  4  -0.0225847020   0.1136468567  -0.0109598684   0.0167864370  -0.0150062769
25  5   0.0685425897  -0.3083300559  -0.1051074381  -0.0000084278   0.0669044137
25  6   0.0626707437   0.1296875039   0.0608505088   0.0845052272   0.0000876210
25  7   0.3119780220  -0.0007408060  -0.0520790241  -0.0992931365  -0.1261584435
25  8  -0.4003887353   0.0165043908   0.0810712760   0.0597777322  -0.1317184596
25  9  -0.0752055925  -0.0222411643   0.0176841162   0.0060317314  -0.1303109552
25 10   0.0007071935  -0.1126920660   0.6110988334   0.0372891799   0.4899310412
25 11   0.0001688722  -0.0120613666  -0.0005523856  -0.0003398983
26  1   0.1558162160   0.1822929127   0.3002570842  -0.2377951939   0.0348814832
26  2  -0.1168156527  -0.0328079724   0.0806359940  -0.0194683709   0.1334182020
26  3   0.3044315654   0.0095831984  -0.2075785311  -0.2613270822  -0.3780112997
26  4   0.1029033092   0.3783618868  -0.0613634938   0.0747478245  -0.2349198240
26  5   0.3175092145   0.2598031780   0.2609808461  -0.1573742640  -0.0977946952
26  6  -0.2216818133  -0.0115366986   0.2403247768  -0.0005597793  -0.0875748889
26  7  -0.2302197697  -0.0682319201   0.1117709825  -0.0496672947   0.0728769723
26  8   0.0843912132  -0.0647243823  -0.0762298206   0.7012551485  -0.0445746487
26  9   0.0321568312   0.0229955925  -0.0562103962   0.0029060498  -0.0110881955
26 10  -0.0006295230  -0.0004308157  -0.0099165879  -0.0012720409  -0.0082624506
26 11   0.0002321337   0.0008068317   0.0009033666   0.0001653883
27  1   0.0141390831   0.0511480897   0.1069605401  -0.0009952386   0.3248408319
27  2   0.0241942479  -0.0457131878   0.0480704343   0.1225689394   0.0714863644
27  3   0.0157306678   0.0164540587   0.0424427382   0.1588124133   0.0286002150
27  4   0.0016079212  -0.3093970409   0.0762814568  -0.0619543720   0.1961296825
27  5  -0.1395318358   0.3080454186   0.0509221502   0.0925358235  -0.1675618502
27  6  -0.0166545067  -0.1991741531  -0.2757131172  -0.1202564022   0.1257090301
27  7  -0.3967330830   0.0476839561   0.0121604189   0.1711051899   0.1555401161
27  8   0.5392513167   0.0001104479  -0.1066888104  -0.0085479755   0.1040907270
27  9   0.0622984152   0.0260282422  -0.0249216012   0.0047828233  -0.0874213784
27 10  -0.0006624563  -0.0778577569   0.4539511487   0.0267051102   0.3658145252
27 11   0.0006801659  -0.0107623264  -0.0009405766  -0.0000396387
28  1  -0.0557629803   0.1060983203   0.1721313389   0.1597202758   0.0322687764
28  2   0.1659663565  -0.1360306053  -0.0026045561   0.2307078513   0.2499522362
28  3  -0.1727649447   0.0431161847   0.2783145163   0.0853320560   0.0640152606
28  4   0.0518309095   0.2350723926  -0.0851644204   0.0619908436  -0.1076664891
28  5   0.1482971103  -0.1629870128  -0.0837542024   0.0755957612  -0.1598617565
28  6  -0.0268161760  -0.0368922135   0.0676467259   0.0707689221   0.1546465290
28  7   0.1300346371   0.0769277228  -0.0876904813   0.3052429745   0.0056735152
28  8   0.0646359491   0.0998151970  -0.1891116010   0.0530653943  -0.0150351039
28  9   0.0861515333  -0.2592427778   0.1611440315  -0.0065969393  -0.1815733899
28 10  -0.0087791315   0.7350821301   0.0023893364  -0.0297708571   0.1167707266
28 11   0.0085676398   0.0003692224  -0.0071869247  -0.0000253777
29  1  -0.3436313252  -0.0706999408   0.0513929007  -0.1038468306  -0.1799964668
29  2   0.1174960458  -0.0955657896  -0.1435236915  -0.3189252596  -0.2017128989
29  3   0.1622571094  -0.0296470434  -0.2154720458  -0.0314883630  -0.0485735918
29  4  -0.0589148411  -0.1946905357   0.0282832769  -0.0298583667   0.1734120646
29  5  -0.0200539087   0.2304032706   0.1146539339  -0.0525640343  -0.0146475544
29  6  -0.1033748095  -0.0902086024   0.4871754790   0.2075330481   0.2254381752
29  7   0.3201845940   0.0977658611  -0.1318528358   0.4536327225   0.0175642359
29  8   0.0575948145   0.0762230446  -0.2068343425   0.0230245812   0.0560173137
29  9  -0.1349062565   0.4549109825  -0.2830241645  -0.0007025730  -0.0075854648
29 10  -0.0002949564   0.0359943375  -0.0063888205  -0.0005521518   0.0113476792
29 11   0.0005297994  -0.0000772344  -0.0033529115  -0.0000375574
30  1   0.0215773174   0.0462464587   0.0862901256  -0.0034470240   0.2588789755
30  2  -0.0844331887   0.0688097326   0.0458908920  -0.0275040708  -0.0683399647
30  3   0.1540181665  -0.0120158651  -0.1293161763  -0.0194641820  -0.0468433545
30  4  -0.0423267116  -0.3976391236   0.1569080539  -0.0989701862   0.0371706648
30  5  -0.2832402286   0.2478074761   0.2061509081  -0.1847843023   0.2025573622
30  6  -0.0552498431   0.0927025291   0.1078451016  -0.0605522046  -0.2490822701
30  7  -0.0684565577  -0.1004157009   0.1062290590  -0.4068321436  -0.0140570069
30  8  -0.0974672309  -0.1299079283   0.2508289995  -0.0656058307   0.0204249236
30  9  -0.0776730682   0.2468924814  -0.1531190192  -0.0055158338  -0.1459084115
30 10  -0.0070418721   0.6026778926  -0.0084035127  -0.0211052376   0.1116054619
30 11   0.0069527835  -0.0007738889  -0.0027927081  -0.0000594467
31  1  -0.0090239406   0.1057947934   0.2405031779   0.1436557076   0.0132799517
31  2   0.1102238267   0.0162961077   0.0321868156   0.3370291879   0.2974593422
31  3  -0.2004593972   0.0451208421   0.2878903284   0.0283278420   0.0378053299
31  4   0.0304332075   0.1542369157  -0.0385582788   0.0262240843  -0.0102487189
31  5   0.1149581867  -0.1711176285  -0.0659456062   0.0761148417  -0.3039084636
31  6  -0.0814133809  -0.0262638084  -0.1847126088  -0.1833647070  -0.2436655285
31  7  -0.0192423843  -0.0479188886   0.0090011279  -0.0490160210  -0.0538212242
31  8  -0.1143423319   0.1317799000  -0.2668100252  -0.0372086934   0.0759179564
31  9  -0.1021408536   0.3712282347  -0.2232293519   0.0020897968   0.0518960977
31 10   0.0004336617  -0.1000168935  -0.4230802848   0.0810921376   0.5160737723
31 11   0.0066374568  -0.0000143728   0.0102201739  -0.0001179815
32  1  -0.2037704328  -0.0453742012   0.2343469365  -0.1486141716  -0.1565957014
32  2   0.0509199096   0.1761771463  -0.0371207973   0.0675316617   0.0324951854
32  3  -0.0126891959   0.0077375897   0.0183032456   0.0211121892  -0.0164847789
32  4  -0.0484219416  -0.0653362168   0.0025870518   0.0066045197  -0.0113610425
32  5   0.0796853050  -0.1734420328  -0.0343894439   0.0829484516  -0.4712846283
32  6  -0.1736185543  -0.0435751190  -0.1767286431  -0.2513836705  -0.3387420724
32  7  -0.0289358016  -0.0521271889   0.0094379128  -0.0759606012  -0.0857405779
32  8  -0.1458319563   0.2403067762  -0.4520284362  -0.0400243596   0.0899656798
32  9  -0.0204896651   0.1637816174  -0.0926617385  -0.0023614413  -0.0514929837
32 10  -0.0003643994   0.0878073796   0.4254642365  -0.0804073383  -0.5138901140
32 11  -0.0069237661  -0.0009133082  -0.0108663560   0.0000330159
33  1   0.0763533942   0.0908706423   0.1293150518  -0.0166091892   0.3741716133
33  2   0.0220840510  -0.0784647412   0.0827942769   0.2193023462   0.1667924615
33  3  -0.0692387676   0.0383590891   0.2046781209   0.2561697951   0.0874332345
33  4   0.0836918867   0.1990313293  -0.1046329871   0.1089307654  -0.6355590803
33  5   0.0608896740  -0.3943217287  -0.1647298632   0.0649368604   0.1324526465
33  6   0.1607876829   0.0323938306  -0.1140412096   0.1824690499   0.4070381810
33  7  -0.0448165518   0.0457168435  -0.0226671738  -0.1856984989   0.0565720905
33  8   0.1928488567  -0.1216262936   0.2233610552  -0.0075608432  -0.0105943161
33  9  -0.1476258465   0.4030426868  -0.2573178303  -0.0006869488  -0.0109956914
33 10   0.0002514251   0.0180750629   0.1677881068  -0.0330685765  -0.2085497316
33 11  -0.0024239819   0.0007208890  -0.0013700176   0.0000781695
34  1  -0.1112970136   0.1359269681  -0.0415879356   0.1846974291  -0.0013945621
34  2   0.0976903526  -0.3270310145  -0.0458773276  -0.2726246828  -0.1408452918
34  3   0.2041406181  -0.0013475222   0.0602284990  -0.0893253212   0.2047025482
34  4   0.5353707762  -0.2857661248  -0.0379780383   0.0335898194  -0.2258062207
34  5   0.0857097204  -0.1978145989  -0.0330390719   0.0109231121  -0.2572098161
34  6  -0.1162650206   0.0336248534  -0.1402731555  -0.2048112676  -0.2741124701
34  7   0.0879278727   0.0042068882  -0.0194224788   0.3036664064   0.0514804219
34  8   0.0297822755  -0.1669627408   0.2919228531   0.0297173697  -0.0346169287
34  9  -0.0203421335   0.0156939514  -0.0149427510  -0.0003126473  -0.0022994443
34 10  -0.0004087554   0.0040858891   0.0089570441  -0.0008055215  -0.0121829825
34 11  -0.0001657453   0.0006230829   0.5313580039   0.0011481956
35  1  -0.1173659182   0.0302786977   0.1980632630  -0.1667035826  -0.0936645919
35  2   0.0110574725   0.0123620214  -0.0266263961  -0.0785203883   0.0275035706
35  3   0.1434383834   0.0331370777   0.0519175282   0.2057421463  -0.0669006199
35  4  -0.2322153204  -0.0785721187   0.0242422559   0.0218305909  -0.2171732219
35  5   0.1188743350  -0.1861134751  -0.0282768708  -0.0133899465  -0.1614918220
35  6  -0.0830301370   0.0522686391  -0.1579081300  -0.2173116387  -0.3156395200
35  7   0.1012839242   0.0094725066  -0.0273145393   0.3978733725   0.0686829575
35  8   0.0553703705  -0.2332304191   0.4153861206   0.0402265001  -0.0490449943
35  9  -0.0183004731   0.0149647578  -0.0213473666   0.0041551740   0.0083838589
35 10  -0.0002047706  -0.0058879762  -0.0030051658  -0.0013013389   0.0033626850
35 11  -0.0000488743  -0.0007298785  -0.6430687469  -0.0010965336
36  1  -0.3149679540  -0.1486660245   0.0136546386   0.0822260936   0.1406837921
36  2   0.1511789619   0.1476743546  -0.0437935793   0.1204155970  -0.1856700812
36  3  -0.1753754276  -0.0758846069  -0.1601170651  -0.3917006085   0.2527901249
36  4   0.7696734783  -0.1457382611  -0.0633188497   0.0059373889   0.0506111451
36  5  -0.0181160819   0.0502463349  -0.0044719368  -0.0014908984   0.0717081316
36  6   0.0339828689  -0.0022371345   0.0160295723   0.0434111229   0.0787714879
36  7  -0.0275770986  -0.0042244056   0.0111142443  -0.1137802047  -0.0159332393
36  8  -0.0216870699   0.0639623301  -0.1153407713  -0.0081014391   0.0127954289
36  9   0.0008925109  -0.0077002623   0.0107254271   0.0006245999   0.0008912402
36 10  -0.0000630864  -0.0047576532  -0.0064560000   0.0008043781   0.0043204274
36 11  -0.0007822248  -0.0003348057  -0.5476914658  -0.0011853492
37  1   0.0168330594   0.1597400565   0.0350467930   0.1455838894  -0.1004737026
37  2  -0.1676155802   0.0589026045  -0.0656514078  -0.1169322712   0.0383499143
37  3  -0.2586021571  -0.0190739260  -0.0218039376  -0.1477339475   0.0443782512
37  4  -0.0767193339  -0.0964990195  -0.3432515218   0.0303951483  -0.0958198848
37  5  -0.1335210314  -0.0753361937   0.0931723393  -0.2140037707   0.2312503341
37  6  -0.0437409006  -0.2269021315   0.2633088891  -0.2159450123  -0.0877102873
37  7  -0.1700963977   0.0949340090  -0.1325749166  -0.0134045100  -0.0121450444
37  8   0.2145847529   0.1518296503  -0.0704981074  -0.0801590957  -0.6695078163
37  9  -0.4555513667  -0.0451931365   0.0537946307  -0.0024824268   0.0009310356
37 10   0.0057054241   0.0015486261  -0.0042877051  -0.0044833100  -0.0033741582
37 11   0.0028510701  -0.1020013312   0.0009408219   0.0002057769
38  1   0.2034638085   0.2725969076   0.1593573069  -0.2400242329   0.1088325921
38  2  -0.1377714127  -0.2408840950  -0.0123959199  -0.0175813467   0.2054035822
38  3  -0.2514675095  -0.0327024209  -0.3621324800   0.0540999865  -0.1158980463
38  4  -0.0491474629  -0.3326053404  -0.7850503289   0.1213178149   0.2974819028
38  5  -0.2407655824  -0.2555928148  -0.0901270855   0.0741643004  -0.0396642077
38  6   0.0774827623   0.2632065082   0.0846276399   0.1749638714  -0.1526370865
38  7   0.0087776857  -0.0912461132   0.0791734846   0.0250733306   0.0274003726
38  8   0.0320835563  -0.0680751530   0.0188029348   0.0634034481   0.2557473878
38  9   0.1737619599   0.0140740479  -0.0291600250   0.0043830069  -0.0018438745
38 10  -0.0039219596  -0.0009701977   0.0011123704   0.0013597327  -0.0002643585
38 11  -0.0001894945  -0.1271697304   0.0015719062  -0.0000244737
39  1  -0.1215145936  -0.0426257920   0.0408953871   0.0326156866   0.1639519053
39  2  -0.0516293697   0.1745049474   0.0296562708  -0.0651843708  -0.1645388691
39  3   0.1521940651   0.0179609472   0.1887055687   0.0349154936   0.1402489525
39  4   0.0060759329   0.1651933268   0.1126567289  -0.0064442422   0.0979978647
39  5   0.0195069195  -0.0483256321  -0.0139902357   0.0025644676  -0.0114380135
39  6   0.0143281810   0.0325106456   0.0344060854   0.0368276480  -0.0283046727
39  7  -0.0104158179  -0.0324668262   0.0263684018   0.0007186742   0.0178314595
39  8   0.0193350484  -0.0158049388  -0.0091251411   0.0097188978   0.0325845142
39  9   0.0181018883   0.0059330371   0.0006147674   0.0009766007   0.0011486203
39 10   0.0010634616   0.0030718179  -0.0120892784   0.0179655708  -0.0120399549
39 11  -0.0052251074  -0.9837034790   0.0005485876   0.0001916050
40  1  -0.0485748419   0.1258152202   0.0937936905   0.1611997421  -0.0083607381
40  2   0.0671819961   0.1019702055   0.1042101501   0.0734527804  -0.2644209418
40  3   0.1111460502  -0.0341082328   0.0638773260  -0.0021584926   0.2988809486
40  4  -0.0696867243   0.1144573916  -0.2058632034   0.0650018123   0.0271975325
40  5  -0.0456870339   0.1354882521   0.0062759978  -0.1003426265   0.1324681356
40  6  -0.3649218596   0.3561055155   0.1049165438  -0.3394250957   0.2194711266
40  7  -0.2008949481   0.4945704326  -0.1580047840  -0.0029222863  -0.2497983812
40  8  -0.1801815013   0.2140837049   0.2068445477   0.0036937819   0.0573265145
40  9   0.3308478979  -0.0569232498  -0.2956470006  -0.0012858925  -0.0009321887
40 10  -0.0081932163  -0.0036300686  -0.0025055239  -0.0662773650   0.0085146122
40 11   0.0146231645  -0.0010422420   0.0006949165   0.0001323727
41  1  -0.2596581933   0.0536015081  -0.1102152431  -0.1133313929  -0.0778175830
41  2   0.0798279218  -0.2279353684   0.3519413725   0.1210456851  -0.2538367950
41  3   0.0134909044  -0.0704213431   0.1834207478  -0.0406326598  -0.1662612380
41  4  -0.0156377412   0.0165589792  -0.2051882828  -0.4623711894  -0.0492739354
41  5   0.0400101426  -0.0629874368   0.0521975983  -0.3477027353  -0.0274281748
41  6  -0.0593999787  -0.2597121424  -0.1809679933  -0.0157476322   0.1281759566
41  7   0.1362130915  -0.3490186791   0.0624378745   0.0152563723   0.1061733801
41  8  -0.0147197820  -0.1692683686  -0.1382674865  -0.0873042311  -0.2619094614
41  9   0.2719941059  -0.1897865884  -0.4370147936  -0.0200991847  -0.0021661134
41 10  -0.0045649613  -0.0052220147  -0.0033791244  -0.0678062271   0.0071429301
41 11   0.0181858377  -0.0003117536  -0.0000731757   0.0002391310
42  1  -0.0132058082   0.0105333236   0.0411269124   0.0044638793   0.1307419316
42  2  -0.2349081091   0.1400252350  -0.1343063907  -0.2121654998   0.0972123054
42  3  -0.1348351829   0.0342358204   0.0579171095  -0.0242269159  -0.0188826311
42  4   0.0091125979   0.0061562484   0.0027306358  -0.0023615457  -0.0203004539
42  5   0.0103410460   0.0350229989   0.0857760552  -0.0787333016  -0.0278758950
42  6  -0.0266667586  -0.0302359532  -0.0839773558  -0.0163326366   0.0516905006
42  7   0.0331365453  -0.0438995445  -0.0272965333  -0.0027488169   0.0115874549
42  8  -0.0264682653  -0.0126606913   0.0039514665   0.0091531371   0.0712072913
42  9  -0.0277948282   0.0289790728   0.0762905600   0.0950750161  -0.0099299925
42 10  -0.0909388052  -0.0587044877  -0.0397994638  -0.9454015207   0.1036527352
42 11   0.2421957046  -0.0180585094   0.0018867591   0.0000950610
43  1   0.0428497313   0.1385656260   0.1675411330   0.1324434600  -0.0709648630
43  2  -0.1027637010  -0.0154003696   0.0471477766  -0.0691764981  -0.0084172224
43  3  -0.1329018570  -0.0622163379  -0.1489730795  -0.0061567094   0.2977973636
43  4  -0.0367048940   0.0072998440   0.0507064340  -0.0665009152  -0.1633524231
43  5   0.1322730821   0.2500322956  -0.0337048235   0.2267568948  -0.0845769775
43  6  -0.0970365839   0.0623678169  -0.1578049022   0.3974876729  -0.2362296013
43  7  -0.1263883554  -0.3312583985  -0.4893915195   0.0222517288  -0.3122949495
43  8   0.1246183741   0.2780183048   0.1800661287   0.0109778058  -0.0947311864
43  9   0.0896401184  -0.0281543197  -0.1142367118   0.3814554851   0.0205675452
43 10  -0.0161742885   0.0105027228   0.0028838818   0.0225170887  -0.0029845301
43 11  -0.0222893415  -0.0011352082   0.0024458300   0.0022709122
44  1  -0.0382653818   0.1997142724  -0.0844179838  -0.1672917528   0.0448717124
44  2  -0.0233191796  -0.0390525487  -0.0442229016   0.0238414952  -0.1247849832
44  3  -0.1111799521   0.0324202462   0.1119668597  -0.0635219738  -0.1606126170
44  4   0.0019235293  -0.0490480021   0.0787010040   0.2688623605   0.0466796085
44  5  -0.0363452908  -0.0490264210   0.2994240080  -0.0068916958  -0.1250121023
44  6   0.2493678312   0.0088701461  -0.0097607866  -0.0364061748   0.0044376448
44  7   0.0629955193   0.2341780888   0.2419343303  -0.0110400262   0.1328479762
44  8  -0.0483942863  -0.1388415694  -0.1124432683  -0.0499890500  -0.1121241558
44  9   0.0634319460  -0.0686771212  -0.1511079958   0.8177326602   0.0214606428
44 10  -0.0382480270   0.0165061640   0.0026916677   0.0532557644  -0.0080189242
44 11  -0.0563373418   0.0023800195   0.0023126873   0.0007488536
45  1   0.1300365596   0.0937931909   0.0727682684  -0.0319826244   0.1832832191
45  2  -0.3318209833   0.2139129516  -0.3627137984  -0.2979287573   0.2426691678
45  3  -0.2595520162   0.0895207821  -0.0463372042  -0.0298866983  -0.0136164199
45  4   0.0355400926  -0.0547276001   0.2322326548   0.3683388245  -0.0009648744
45  5   0.0128090589   0.0504937182   0.1927447359   0.1763593870  -0.1471305317
45  6   0.2338333011   0.0563263472  -0.0356558659   0.1521447755  -0.1249440285
45  7   0.0056046182   0.0486269861   0.0427405562   0.0040004722   0.0141298082
45  8   0.0136685882  -0.0349255863  -0.0577391076  -0.0735841467  -0.2968765634
45  9   0.2756987986  -0.1847744012  -0.4676766513  -0.4047718934  -0.0110182816
45 10   0.0216820947  -0.0060509985  -0.0009310815  -0.0091124798   0.0020719022
45 11   0.0225415551  -0.0025538902  -0.0006001417  -0.0016044124
46  1  -0.1202256374   0.1564491486  -0.1466516859   0.1918563810  -0.0368130526
46  2   0.0149293863   0.2681161474   0.0292328691  -0.0529088455   0.1547439382
46  3   0.0525175178  -0.0156108246  -0.1389263656   0.1841188190  -0.0144064458
46  4   0.0431683152   0.0458882539   0.0027805109  -0.0565467012   0.0344499326
46  5  -0.0024963225  -0.0052573703  -0.2577588338  -0.4641004208  -0.1147565053
46  6  -0.0833165371  -0.2482479685  -0.1695020490   0.2605272592  -0.1586789890
46  7  -0.0646387579   0.3457737949   0.0187123322  -0.0020676205  -0.5278239209
46  8   0.0852941359  -0.4961447839  -0.1915693615  -0.0063398123   0.0885691312
46  9  -0.1469170473  -0.0944550440  -0.0595677505  -0.0163475750  -0.0012197746
46 10   0.0530286404  -0.0019092300  -0.0054612006  -0.0866344583   0.0131312231
46 11  -0.3103499626  -0.0000298008  -0.0000738292  -0.0035631062
47  1  -0.1118172395   0.1553631187  -0.1034163694  -0.1486966729   0.0074969414
47  2   0.0110372216  -0.0844363524   0.0864576344   0.0327766306  -0.1215456847
47  3  -0.0841072742   0.0088490617   0.1183622974  -0.0824111163  -0.1646323193
47  4  -0.0116000311  -0.0541946230   0.0641217435   0.2936512402   0.0336432729
47  5  -0.0793004745   0.0550459635  -0.2047597194   0.0507451836   0.1101834652
47  6  -0.1258671765   0.0950048001   0.0643398874  -0.1601133107   0.1334087173
47  7   0.0524694058  -0.3170014320   0.0213280252   0.0227552844   0.0531205490
47  8   0.0264650613   0.1941075423   0.0905841119   0.0203958669   0.1083811884
47  9  -0.1467352409  -0.1200671098  -0.1080423304  -0.0327897130   0.0003165782
47 10   0.1218289252  -0.0032653086  -0.0126956509  -0.2098622481   0.0322766812
47 11  -0.7823023962   0.0002257168   0.0008067547  -0.0126444556
48  1  -0.3477513134  -0.1927852757  -0.0542108387   0.0890481580  -0.0579666426
48  2  -0.1080998030  -0.0972075843   0.4643603443  -0.2085584655   0.1703002641
48  3  -0.1034832917  -0.0813234972   0.0135692177   0.0054353078  -0.1044503373
48  4   0.0013357997  -0.0396701991   0.0857067571   0.3803921544   0.0823769224
48  5  -0.0954272687   0.0204436863  -0.2014778933  -0.1512609933   0.0932681397
48  6  -0.1916182567  -0.0528069506  -0.0440669317  -0.0398752976   0.0643059066
48  7   0.0303778397  -0.1406773877   0.0234276337   0.0157591564  -0.0825219546
48  8   0.0333280009   0.0427829730   0.0372327553   0.0300316632   0.2917378389
48  9  -0.4000747238  -0.3183183303  -0.2764053428   0.0165675232   0.0003161609
48 10  -0.0925074150   0.0016682499   0.0074434108   0.1201750854  -0.0184849584
48 11   0.4436814158   0.0001109569  -0.0004382510   0.0093064446
49  1  -0.0304723345   0.1707055158  -0.0820707285   0.1639733498  -0.1015908702
49  2  -0.1598475705  -0.0002832632  -0.1651028274   0.2701447188  -0.0815113055
49  3   0.1359232293   0.0503531109  -0.1485641731   0.1662861619   0.0180813627
49  4   0.0254250374   0.0437217531   0.0026830185  -0.0279926824   0.0272922489
49  5   0.0124758400  -0.0271323626   0.1538057230   0.0382197321  -0.2136362239
49  6   0.4044512030   0.2708739344   0.2763167038  -0.2225275806   0.0655081116
49  7  -0.1505273021  -0.1123309663  -0.6483489226  -0.0733677829   0.2066353595
49  8  -0.1467186998  -0.4297209431  -0.1792531513  -0.0034227497   0.1858576450
49  9  -0.1652400569  -0.1562811691  -0.1164706524   0.0086525062   0.0004158124
49 10   0.0928540794   0.0004484330   0.0000791501  -0.0015536358  -0.0000586493
49 11   0.0141695283   0.0015194227  -0.0000320798  -0.0035533161
50  1   0.1262118692   0.3069408949  -0.0619594075  -0.2075910306   0.1349509279
50  2  -0.0999772303   0.0847458595  -0.3882781449   0.0770661823  -0.1757356608
50  3  -0.0649363161   0.0821644135   0.1602471280  -0.0842805059  -0.1339169831
50  4   0.0095689297   0.0041275265  -0.0687820450  -0.4967909001  -0.1683767726
50  5   0.1246439120   0.1001576998  -0.0883148897   0.3290894628  -0.0671728056
50  6   0.1065746150   0.1708702953   0.0605706023   0.0976690662  -0.1041299937
50  7  -0.0007890352   0.2090192742   0.2469065813   0.0153461049   0.0248529367
50  8   0.0299647149   0.2555452671   0.1176795618   0.0303529461   0.2475460559
50  9  -0.3944852551  -0.3011587976  -0.2805632964   0.0081338656   0.0006436719
50 10   0.1204597114   0.0016994431   0.0003002177  -0.0041495439   0.0006505990
50 11   0.0319237566  -0.0018660438   0.0001516339  -0.0007711643
51  1  -0.2214346193  -0.1187723165  -0.0248783573   0.0569440480  -0.0072318535
51  2  -0.1869227252  -0.0578785683   0.2121036798  -0.1420747228   0.1075472675
51  3  -0.0905977373  -0.0276376572   0.0315668736   0.0005178595  -0.1023594776
51  4   0.0128864412  -0.0193154007   0.0208581505   0.0151746158  -0.0137191729
51  5  -0.0015800529   0.0379542184  -0.1209469754   0.0347493385  -0.0206557775
51  6   0.0133748945   0.0622550423   0.0360633873   0.0060183250  -0.0193938037
51  7  -0.0132071254   0.0464159401   0.0199722072  -0.0007606658   0.0098704362
51  8  -0.0022049795   0.0092495065   0.0021628427  -0.0042049838  -0.0585336009
51  9   0.0892422536   0.0712052908   0.0602597596   0.0589456717   0.0044013256
51 10   0.9664429721   0.0085543061   0.0001148360  -0.0489211111   0.0060534797
51 11   0.1478998369  -0.0007196917   0.0002109816   0.0010043835
52  1  -0.0135676062   0.1507857521   0.0317195990   0.1542037051  -0.0706611073
52  2  -0.0895853546   0.0072202699  -0.0323770338   0.1069731665  -0.2241982947
52  3  -0.0740317665   0.2706003226  -0.1063067154   0.1416339307  -0.1784053332
52  4   0.0449308174   0.0167434497   0.0296688764   0.0694029779   0.0595122886
52  5  -0.0506277099  -0.0084937047  -0.4325903968  -0.3113735113   0.1414220899
52  6  -0.3988846646  -0.2787765194  -0.1879692149   0.2730796143  -0.1736745622
52  7  -0.0646123027   0.2157200452  -0.2037708827  -0.0603982197   0.5685325712
52  8  -0.1764471521   0.1290280573   0.0245035378  -0.0076073468   0.0027864815
52  9   0.0199247558  -0.0072888943  -0.0211958952   0.0076297667   0.0000941268
52 10  -0.0046436936   0.0001833414   0.0000615554   0.0012374759  -0.0000420837
52 11  -0.0015487260   0.0000885850   0.0007171178  -0.4090757916
53  1  -0.1146831457   0.2324664299  -0.3003068253  -0.1354034379   0.0697216965
53  2   0.0140411053   0.2016975941  -0.1274844586   0.0105738766   0.2842997940
53  3   0.1796234482  -0.5973844156   0.1767826339   0.0136851875   0.0126249393
53  4  -0.0099529294  -0.0026328194  -0.0083060883  -0.0017362214  -0.0037893602
53  5   0.0105194579  -0.0158954399   0.1447213133   0.1150004635   0.0107172273
53  6   0.0470990638   0.0501505494   0.0289712516  -0.0506823355   0.0307382312
53  7   0.0129103270  -0.0427974270   0.0270666180   0.0097906455  -0.0746723109
53  8   0.0256136531  -0.0099395388   0.0013122904   0.0010897577  -0.0037798034
53  9   0.0043090784   0.0048283395   0.0055047554  -0.0005853020   0.0005224178
53 10   0.0008505034   0.0000888523   0.0001572885   0.0035931253  -0.0009248455
53 11   0.0150232575  -0.0000983897   0.0015929159  -0.7681227505
54  1   0.0000000000   0.0000000000   0.0000000000   0.0000000000   0.0000000000
54  2  -0.4483261798  -0.1806200300  -0.3307554900   0.2518387599   0.0065724860
54  3   0.1724343467  -0.7096955961   0.2756874237   0.0885616761  -0.1596808121
54  4   0.0122698593  -0.0072695913   0.0145725246   0.0835140948   0.0288443537
54  5  -0.0314869649   0.0117080389  -0.2170644615  -0.1810521738   0.0362772217
54  6  -0.1737312444  -0.1266996768  -0.0955746499   0.1315958433  -0.0817423291
54  7  -0.0287824135   0.1010559611  -0.0929879707  -0.0261369409   0.2486102291
54  8  -0.0780977459   0.0576090433   0.0129568111  -0.0036428599   0.0009621799
54  9   0.0133186899  -0.0017386935  -0.0089465666  -0.0024229977  -0.0003649672
54 10   0.0021196256  -0.0002343815  -0.0001946014  -0.0021806353   0.0004379079
54 11  -0.0110228209   0.0001525944  -0.0009620206   0.4883272161
$end
