$energy      SCF               SCFKIN            SCFPOT
     1 -343.5856435980      342.0944704219     -685.6801140200
     2 -343.5849794121      342.3397738281     -685.9247532402
     3 -343.5860808957      342.2949371644     -685.8810180601
     4 -343.5871496596      342.2102062014     -685.7973558610
     5 -343.5873781861      342.2073881951     -685.7947663812
     6 -343.5875999526      342.1947164822     -685.7823164348
     7 -343.5877895461      342.2037987935     -685.7915883396
     8 -343.5878713799      342.2191872728     -685.8070586527
     9 -343.5879220091      342.2269680712     -685.8148900803
    10 -343.5880059253      342.2297010082     -685.8177069334
    11 -343.5880753293      342.2218292798     -685.8099046091
    12 -343.5881340414      342.2113692573     -685.7995032987
    13 -343.5881911777      342.2032038662     -685.7913950439
    14 -343.5882808582      342.2018994825     -685.7901803407
    15 -343.5883706673      342.2134483578     -685.8018190251
    16 -343.5884105423      342.2255151324     -685.8139256747
    17 -343.5884343744      342.2294301220     -685.8178644965
    18 -343.5884678623      342.2297418665     -685.8182097288
    19 -343.5884875963      342.2227298494     -685.8112174456
    20 -343.5884986423      342.2182174554     -685.8067160978
    21 -343.5885092946      342.2114487176     -685.7999580121
    22 -343.5885183129      342.2115291019     -685.8000474149
    23 -343.5885256221      342.2134713499     -685.8019969720
    24 -343.5885315825      342.2160841862     -685.8046157687
    25 -343.5885377668      342.2190170843     -685.8075548512
    26 -343.5885429628      342.2213359373     -685.8098789000
    27 -343.5885498978      342.2226099918     -685.8111598896
    28 -343.5885531330      342.2228836667     -685.8114367997
    29 -343.5885571797      342.2203777040     -685.8089348837
    30 -343.5885615289      342.2185202472     -685.8070817760
    31 -343.5885665568      342.2166051144     -685.8051716712
    32 -343.5885725865      342.2159821666     -685.8045547531
    33 -343.5885779023      342.2177601584     -685.8063380607
    34 -343.5885830961      342.2192059624     -685.8077890585
    35 -343.5885850039      342.2195059532     -685.8080909571
    36 -343.5885896208      342.2171686104     -685.8057582313
    37 -343.5885940895      342.2142904598     -685.8028845494
    38 -343.5886004440      342.2118385494     -685.8004389934
    39 -343.5886031444      342.2106772587     -685.7992804031
    40 -343.5886082350      342.2117820582     -685.8003902931
    41 -343.5886144385      342.2149886305     -685.8036030690
    42 -343.5886196767      342.2187968353     -685.8074165120
    43 -343.5886240025      342.2199058755     -685.8085298781
    44 -343.5886255448      342.2221812774     -685.8108068222
    45 -343.5886293315      342.2173160622     -685.8059453937
    46 -343.5886323233      342.2141950540     -685.8028273773
    47 -343.5886351504      342.2153192745     -685.8039544249
    48 -343.5886388895      342.2146844660     -685.8033233555
    49 -343.5886417844      342.2191190099     -685.8077607942
    50 -343.5886460707      342.2201400352     -685.8087861059
    51 -343.5886493962      342.2210557154     -685.8097051116
    52 -343.5886528528      342.2241100812     -685.8127629340
    53 -343.5886556086      342.2215010066     -685.8101566152
    54 -343.5886569287      342.2191563001     -685.8078132289
    55 -343.5886577841      342.2168143525     -685.8054721365
    56 -343.5886581003      342.2165514166     -685.8052095169
    57 -343.5886579009      342.2165195993     -685.8051775002
    58 -343.5886584747      342.2170531325     -685.8057116072
    59 -343.5886585778      342.2176396597     -685.8062982376
    60 -343.5886586764      342.2178644699     -685.8065231464
    61 -343.5886587580      342.2180429333     -685.8067016913
$end
