$energy      SCF               SCFKIN            SCFPOT
     1 -267.1406444970      266.0408352432     -533.1814797403
     2 -267.1403349656      266.1784039879     -533.3187389535
     3 -267.1409057342      266.1492769950     -533.2901827292
     4 -267.1414696628      266.1012265497     -533.2426962124
     5 -267.1415219480      266.0742259561     -533.2157479041
     6 -267.1416189008      266.0740777767     -533.2156966775
     7 -267.1416965902      266.0669728456     -533.2086694358
     8 -267.1417133478      266.0653313610     -533.2070447088
     9 -267.1417205211      266.0635554921     -533.2052760132
    10 -267.1417263070      266.0618176910     -533.2035439980
    11 -267.1417274137      266.0625154419     -533.2042428556
    12 -267.1417275820      266.0629540352     -533.2046816172
    13 -267.1417278001      266.0637348205     -533.2054626206
$end
