$grad          cartesian gradients
  cycle =      1    SCF energy =     -267.1406444970   |dE/dxyz| =  0.035049
   -2.39430189716210     -0.10163514016075      1.78583843092447      c
   -0.57675197214028     -1.02160106078169      0.28594957772612      c
    1.29141993630801      0.67323193943305     -0.87377723468284      c
    1.43968028914164      2.95482679107022     -0.65523985700049      o
    2.91667888979240     -0.66361512318483     -2.28936729518775      o
   -2.54277956850007      1.90712861250745      2.18806285709881      h
   -3.77622270730455     -1.34834982553848      2.64472273401913      h
   -0.42231221487912     -3.02137349654892     -0.11945525751597      h
    4.06459113447020      0.62138730320394     -2.96673395538149      h
  -.43779034905648D-02  0.51451863395298D-02  0.40132899617174D-02
  0.15344968478633D-01  -.66437254553548D-02  -.12468064272990D-01
  0.25787191748941D-02  -.10861559662521D-01  -.35262004851036D-02
  0.22767075450682D-02  0.11975689278987D-01  0.73082119584227D-05
  -.13866519582567D-01  -.87668356984057D-02  0.91917220585507D-02
  -.15445213682144D-02  0.26033146132461D-02  0.15353736256423D-02
  -.80023039941460D-03  -.12130056068335D-02  0.43283697328966D-03
  -.53817405491228D-03  -.89554981272767D-03  0.28733169129094D-03
  0.96140069708601D-03  0.87237986648796D-02  0.54189614663146D-03
  cycle =      2    SCF energy =     -267.1403349656   |dE/dxyz| =  0.056117
   -2.38554352465236     -0.11191635132507      1.77780814079679      c
   -0.60742742201241     -1.00830105062162      0.31089435846663      c
    1.28626790024042      0.69497376569711     -0.86672183169906      c
    1.43511420378276      2.93089676653483     -0.65526684694751      o
    2.94443214710694     -0.64606022372520     -2.30773310786962      o
   -2.53970456047091      1.90193281175582      2.18497394678300      h
   -3.77461301723475     -1.34591919332383      2.64385748085434      h
   -0.42120483740103     -3.01957148139413     -0.12000685878169      h
    4.06268100036747      0.60396495640207     -2.96780528160289      h
  0.19450930872624D-01  -.93492020434531D-02  -.15992673423180D-01
  -.17028950680760D-01  0.10660568468428D-01  0.14362777113178D-01
  0.49824703055891D-03  0.26016926267457D-01  0.33836062618615D-02
  0.10344724696240D-02  -.22359669867118D-01  -.40331554555031D-02
  0.10732108579830D-01  0.68883907563161D-02  -.70399944899909D-02
  -.15355995304288D-02  0.42185045662926D-02  0.17552301238481D-02
  -.74857749954323D-03  -.92638000972319D-03  0.43671874479765D-03
  0.96796193107147D-03  -.66265575517156D-02  -.16681242161551D-02
  -.13344570311819D-01  -.84486818623140D-02  0.88117160587927D-02
  cycle =      3    SCF energy =     -267.1409057342   |dE/dxyz| =  0.037966
   -2.38982354466650     -0.10989256506176      1.78132221262743      c
   -0.60380972958758     -1.01059697176330      0.30784024507388      c
    1.28612788145565      0.68930821925569     -0.86743468306412      c
    1.43485580176782      2.93574067378594     -0.65437105902563      o
    2.94220326205638     -0.64749104875723     -2.30626843677683      o
   -2.53934729463312      1.90096545400310      2.18456326849815      h
   -3.77443614785107     -1.34569861848134      2.64375565127019      h
   -0.42141023739484     -3.01808478011639     -0.11963551334171      h
    4.06564189857939      0.60574963713528     -2.96977168526138      h
  0.13256713445494D-01  -.62028773501273D-02  -.10879397371278D-01
  -.11006234911603D-01  0.71153727993079D-02  0.93208123442803D-02
  -.17085879475940D-03  0.16698878754002D-01  0.25398455748941D-02
  0.15374882161037D-02  -.13796019743972D-01  -.31720557136610D-02
  0.77523542460185D-02  0.48378641964351D-02  -.50985724588286D-02
  -.12800175703453D-02  0.30107059129893D-02  0.13887430153855D-02
  0.89962460499013D-04  -.37678101407293D-03  -.11475063213894D-03
  0.79958347476059D-03  -.51245987297557D-02  -.13246165040392D-02
  -.10953087529698D-01  -.60866580192702D-02  0.73561085727104D-02
  cycle =      4    SCF energy =     -267.1414696628   |dE/dxyz| =  0.009881
   -2.39945909470010     -0.10612848691213      1.78913447574158      c
   -0.59851056329789     -1.01500574365080      0.30320501255878      c
    1.28792626301286      0.68110755289527     -0.86996595475499      c
    1.43064213915928      2.94032278920588     -0.65053237788701      o
    2.93561880790934     -0.65112173957052     -2.30186887365015      o
   -2.53750962076634      1.89812598408997      2.18275477941325      h
   -3.77657059941037     -1.34625009992592      2.64527558882764      h
   -0.42243984636000     -3.01206905526437     -0.11797861450202      h
    4.08030440417936      0.61101879913261     -2.98002403574711      h
  0.19384799057024D-02  0.32646549579883D-03  -.14199576171850D-02
  -.55275804888886D-03  -.60907469872574D-03  0.33993597422783D-03
  0.10678277030328D-02  0.53913779265517D-02  -.22047505692550D-04
  0.15222546523440D-02  -.41500802630988D-02  -.17651953254546D-02
  -.25550831980143D-02  -.25205442836382D-02  0.15798545245652D-02
  -.60825939260404D-03  0.16445595502379D-03  0.47162341349504D-03
  0.13650808385912D-02  0.31190824268679D-03  -.97568428095500D-03
  0.47274497474548D-03  -.11252939260773D-02  -.50059465618891D-03
  -.26258869681474D-02  0.22855354177702D-02  0.23094522017742D-02
  cycle =      5    SCF energy =     -267.1415219480   |dE/dxyz| =  0.015123
   -2.40408951379378     -0.10756119999074      1.79243588688846      c
   -0.59990219855895     -1.01270303837053      0.30456894952363      c
    1.28562193758364      0.67066458705824     -0.86973978608867      c
    1.42557505708362      2.94706268611960     -0.64573291397311      o
    2.94297284882894     -0.64418963724250     -2.30642635845917      o
   -2.53548082819083      1.89692514398520      2.18103399402608      h
   -3.78030686671639     -1.34703148002655      2.64796621289973      h
   -0.42361667556009     -3.00819636938459     -0.11651618005575      h
    4.08922812904998      0.60502930785186     -2.98758980476123      h
  0.13806080766909D-03  -.95577195273190D-04  -.12228519338111D-03
  0.36441928660501D-03  0.12099696170095D-02  -.92201516055365D-04
  -.23228297079883D-02  -.10501818508506D-01  0.23149939291410D-03
  0.23717472365042D-02  0.86988734880380D-02  -.54407883854978D-03
  0.11820025605864D-02  0.15829377930046D-02  -.64370656282803D-03
  -.18902344031865D-03  -.18335553952726D-03  0.10480782168966D-03
  0.15282489847098D-02  0.55694210686076D-03  -.10644426131330D-02
  0.58664066846251D-03  -.34812940097384D-03  -.47291471429129D-03
  -.36415765224572D-02  -.85242334986913D-03  0.26200892870540D-02
  cycle =      6    SCF energy =     -267.1416189008   |dE/dxyz| =  0.008532
   -2.40823441065795     -0.10728961861470      1.79560747046822      c
   -0.59907466154438     -1.01405326587514      0.30374579657495      c
    1.28694938954412      0.67572680829269     -0.87000881553718      c
    1.42047543721940      2.94251258465874     -0.64254323190525      o
    2.94478768204266     -0.64302282755507     -2.30764143901117      o
   -2.53428382391091      1.89639045967547      2.18004160959175      h
   -3.78371749678946     -1.34790130779461      2.65040177621623      h
   -0.42495020685845     -3.00575196099630     -0.11514895280930      h
    4.09804998068112      0.60338912820890     -2.99445421358828      h
  -.30904590650878D-02  0.16886244503923D-02  0.25684388104317D-02
  0.29256064596500D-02  -.18095836494715D-02  -.24574878252128D-02
  -.82056508838600D-03  -.37503255368022D-02  0.75725662573855D-04
  0.14121419283575D-02  0.23999935662227D-02  -.73366219829933D-03
  -.40599684338578D-03  0.38234442721311D-05  0.32280719477728D-03
  0.12934564684572D-03  -.71795826117663D-03  -.21225883182487D-03
  0.15336919719314D-02  0.45316183086148D-03  -.10847369336043D-02
  0.30874489944739D-03  0.12054584805765D-02  -.39262274138485D-04
  -.19755418356412D-02  0.59770941064654D-03  0.15784213484501D-02
  cycle =      7    SCF energy =     -267.1416965902   |dE/dxyz| =  0.003617
   -2.41003758096389     -0.10981428200379      1.79661509185580      c
   -0.60174785062724     -1.01212855573571      0.30603339735874      c
    1.28816583167623      0.67898725225785     -0.87045634112642      c
    1.41141062119616      2.94165793123909     -0.63582127717863      o
    2.94974331285324     -0.63972869359833     -2.31092994756008      o
   -2.53281229587149      1.89669285638213      2.17895003047046      h
   -3.79101901405457     -1.34958594583243      2.65564546285470      h
   -0.42733454052966     -3.00469739033963     -0.11318267693509      h
    4.11363340604738      0.59861682763079     -3.00685373973950      h
  -.11425162865488D-02  0.69553543381416D-03  0.96190066526063D-03
  0.80967758094968D-03  0.29308578708424D-04  -.60140418431214D-03
  -.71549936404687D-03  -.33989891126596D-05  0.54168336653602D-03
  0.54368783062413D-03  -.86310336539599D-03  -.55165482089893D-03
  -.48914441541643D-03  -.16973463892824D-02  0.13243157465853D-03
  0.32731107736148D-03  -.62605779474602D-04  -.26699026248075D-03
  0.17330923461627D-03  -.50776373472419D-03  -.20228874009227D-03
  0.29007091531327D-03  0.83323295121186D-03  -.78661074370822D-04
  0.21711124549966D-03  0.16462278306133D-02  0.84342917166613D-04
  cycle =      8    SCF energy =     -267.1417133478   |dE/dxyz| =  0.002287
   -2.41018762561482     -0.11142089612462      1.79649575894103      c
   -0.60311142600705     -1.01284248743385      0.30696263515157      c
    1.29063689454324      0.68046047234697     -0.87211169076686      c
    1.40618318927031      2.94301949518995     -0.63166928695166      o
    2.95203774356473     -0.63501896125043     -2.31198706306923      o
   -2.53280223860008      1.89649321799363      2.17889647493598      h
   -3.79421285399977     -1.34898019162536      2.65813671065893      h
   -0.42905675797343     -3.00531689630759     -0.11196750903804      h
    4.12051496454305      0.59360624721127     -3.01275602986175      h
  -.39446145165635D-04  -.86385559508002D-04  0.19630493250306D-04
  -.83112310026043D-03  0.13486494956698D-03  0.64957114130731D-03
  0.78163420907802D-03  -.15632738139610D-03  -.60964921841344D-03
  0.42687626526280D-04  -.68740026181630D-03  -.14725961895992D-03
  -.15100071310310D-03  -.41872471826699D-03  0.61887603346331D-04
  0.27375932754423D-03  0.37318140254040D-03  -.16388579756409D-03
  -.35655468606608D-03  -.73576713771226D-03  0.16281311057082D-03
  0.24512899351179D-03  0.93617203672545D-03  -.30149903287871D-04
  0.46315263845254D-04  0.70905984408777D-03  0.78049739648732D-04
  cycle =      9    SCF energy =     -267.1417205211   |dE/dxyz| =  0.001712
   -2.40999095644803     -0.11192218362567      1.79626768179884      c
   -0.60210721895796     -1.01315866431637      0.30616785782300      c
    1.28992928723789      0.68203034460882     -0.87135613848355      c
    1.40403080213878      2.94431059543359     -0.62984804060121      o
    2.95322865308644     -0.63264728981844     -2.31254034759172      o
   -2.53333469361320      1.89574125269313      2.17917881441023      h
   -3.79482899515307     -1.34739075045049      2.65883436297457      h
   -0.43016951683920     -3.00745416300950     -0.11143616212951      h
    4.12324452827454      0.59049085848489     -3.01526802820069      h
  -.34234546629316D-03  -.11807948857977D-03  0.24199164221910D-03
  -.18466713277351D-03  0.50923697561346D-03  0.21893314061806D-03
  0.86119360570951D-04  -.31836539869047D-04  -.71453316880319D-04
  0.57840974466143D-04  -.69725773405274D-03  -.15876986313193D-03
  0.75160502431449D-03  0.33056970113930D-03  -.50843431959902D-03
  0.19887680131149D-03  0.30853864231545D-03  -.11634003410104D-03
  -.35606531725957D-03  -.52932316030630D-03  0.19239744190440D-03
  0.11433226452825D-03  0.40927562628027D-03  -.84199184770842D-05
  -.31456152466285D-03  -.11226868059931D-03  0.23086784245251D-03
  cycle =     10    SCF energy =     -267.1417263070   |dE/dxyz| =  0.001184
   -2.40808709602399     -0.11215580932837      1.79478614514607      c
   -0.60124893059977     -1.01472534733321      0.30530238731398      c
    1.28952273535433      0.68360298119235     -0.87081972835249      c
    1.40288875401957      2.94681329779645     -0.62861049596426      o
    2.95205371592143     -0.63144203672889     -2.31147375267596      o
   -2.53448226514798      1.89463195948745      2.17987249680208      h
   -3.79392101716412     -1.34475763843151      2.65854061469794      h
   -0.43108451718967     -3.01035597988714     -0.11116720322389      h
    4.12436051055640      0.58838857323282     -3.01643046374353      h
  0.19445778881870D-03  -.18654735578338D-03  -.17369878789990D-03
  -.27234981699380D-03  0.34952007191237D-03  0.26369444370788D-03
  0.76270289748521D-05  -.49900552671684D-03  -.81898695661397D-04
  0.13949439535384D-03  0.25956193937251D-03  -.80890175855624D-04
  0.45164903790438D-03  0.36921414086430D-03  -.27683603056319D-03
  -.46270096050832D-04  0.16843590829124D-03  0.48374807568143D-04
  -.26644023512955D-03  -.22306264975716D-03  0.17000213312342D-03
  -.42107203734019D-05  0.39760853398827D-05  0.21611516050470D-04
  -.19219137227911D-03  -.17310899182732D-03  0.13024419349274D-03
  cycle =     11    SCF energy =     -267.1417274137   |dE/dxyz| =  0.000355
   -2.40759011653984     -0.11209399746525      1.79441414400540      c
   -0.60076802922633     -1.01548236671500      0.30482942782719      c
    1.28924531869436      0.68454819153466     -0.87046236334391      c
    1.40235287126462      2.94743013923143     -0.62810945630516      o
    2.95121491294003     -0.63139342819989     -2.31082936221823      o
   -2.53472516583360      1.89408495586415      2.17996850684567      h
   -3.79303009828416     -1.34352975427677      2.65805280173235      h
   -0.43123388768197     -3.01132696808730     -0.11119446568392      h
    4.12453608439308      0.58776322811392     -3.01666923285946      h
  -.59155439788599D-04  -.86685871158282D-04  0.30876477684237D-04
  -.16972577746662D-04  0.10065691771191D-04  0.21974060200967D-04
  0.37017211757456D-04  -.51591987320368D-04  -.37730561939431D-04
  0.12660642706552D-03  0.10770209254910D-03  -.93621190280397D-04
  0.13897471184537D-03  0.11930554266032D-03  -.77923403733657D-04
  -.11462958166198D-03  -.13657264948912D-05  0.75302467198890D-04
  -.24057639637311D-04  0.38303327543121D-04  0.26001590831491D-04
  -.54651663735142D-04  -.60168179566308D-04  0.50197646846626D-04
  -.20907511846836D-04  -.64096285517431D-05  0.25482352432785D-04
  cycle =     12    SCF energy =     -267.1417275820   |dE/dxyz| =  0.000270
   -2.40737946074403     -0.11189668782201      1.79428232295194      c
   -0.60066332317960     -1.01552871095237      0.30474151242060      c
    1.28908058040313      0.68463221566637     -0.87031764610145      c
    1.40199110891353      2.94740315185198     -0.62783484804040      o
    2.95090600714766     -0.63152674087223     -2.31061137291855      o
   -2.53450137804550      1.89404760640942      2.17978857229359      h
   -3.79286269989178     -1.34347845557777      2.65793596581755      h
   -0.43108694004507     -3.01129743753395     -0.11129959126897      h
    4.12451799516785      0.58764505883051     -3.01668491515437      h
  -.89813016351526D-05  0.62375333081308D-04  0.14849046349734D-04
  0.28967269462557D-04  -.21150212194118D-04  -.18004710578907D-04
  0.37877486747955D-04  0.23983671081478D-04  -.26163559639398D-04
  0.94095914841254D-04  0.36321629280301D-04  -.79817295140883D-04
  0.10467094725853D-06  -.58595566841298D-05  0.84436009849621D-05
  -.11263048140160D-03  -.82523006843369D-04  0.61916724481703D-04
  -.45295540286423D-04  0.45473036418197D-05  0.37258202087895D-04
  -.51710591329091D-04  -.40787056368746D-04  0.50845292254371D-04
  0.69866693272301D-04  0.92231762978144D-04  -.28764436041624D-04
$end
