$hessapprox
  0.637818128262D+00 -0.680534143300D-01  0.568547153349D+00 -0.194299520817D+00
  0.770956859229D-01  0.549093295387D+00 -0.298638360926D+00  0.144330512239D+00
  0.197717473980D+00  0.662889979876D+00  0.143747450591D+00 -0.156986949573D+00
 -0.121890582047D+00 -0.959596027916D-01  0.574537391435D+00  0.197042408385D+00
 -0.122458479611D+00 -0.230103759415D+00 -0.194065027302D+00  0.940903439557D-01
  0.583042159685D+00 -0.280687333305D-01  0.202184862186D-01  0.100787011811D-02
 -0.792773738113D-01 -0.915511959457D-01  0.167450064909D-01  0.527196453288D+00
 -0.271139420366D-01  0.293835146582D-01  0.296845913393D-01 -0.101938227424D-01
 -0.933026519585D-01 -0.515603187403D-03  0.804032007491D-01  0.104503258273D+01
 -0.573708796397D-02 -0.680188857911D-02 -0.269545005814D-01  0.282054428621D-01
  0.614723886017D-01 -0.513055471860D-01 -0.649034904045D-01  0.286452965813D-01
  0.476871398914D+00 -0.458233791757D-01 -0.156825196076D-01  0.261418006276D-02
  0.214192988352D-02 -0.236911347975D-01 -0.197715043279D-02 -0.115184173757D+00
  0.359193033480D-01  0.184094118535D-01  0.234439179305D+00 -0.233836089359D-01
 -0.746677739865D-01  0.122102141089D-01 -0.285842858118D-01  0.791360457256D-02
  0.220928087374D-01 -0.467384158135D-01 -0.656839203617D+00 -0.448019827854D-01
  0.415890432662D-01  0.904828914760D+00  0.130214536864D-02  0.529792374891D-02
 -0.386917174315D-01 -0.303583298388D-02  0.189642508441D-01  0.990583577420D-02
  0.512853334690D-02 -0.109069381776D+00 -0.120801128773D+00  0.355779990205D-01
  0.613094809948D-01  0.252336202477D+00  0.168922609249D-01 -0.113073304968D+00
 -0.204868241063D-01 -0.832796536468D-01  0.104058408019D+00  0.327380143033D-01
 -0.174914109608D+00 -0.586751808330D-01  0.652658836799D-01 -0.758859484376D-01
  0.248188070748D-01  0.382210077492D-01  0.559211347003D+00  0.209918107029D-02
 -0.113970228571D+00 -0.201410363214D-01 -0.667627206669D-01  0.370474254617D-01
  0.644505681670D-01 -0.389772399183D-01 -0.225133199599D+00  0.864814397874D-02
  0.311025820744D-01 -0.288603086125D-01 -0.214476787796D-01  0.150976845515D+00
  0.538978386847D+00 -0.367425799048D-02  0.659931282713D-01  0.251203575671D-01
  0.737564987458D-02 -0.638277306822D-01 -0.749220740810D-01  0.673448077099D-01
  0.221224716235D-01 -0.126609288312D+00  0.380126758794D-01 -0.176257644075D-01
 -0.651025387520D-01 -0.138049320232D+00 -0.843143837178D-01  0.435173175399D+00
 -0.842277899050D-01 -0.601424882401D-01 -0.357132896213D-01 -0.439552865853D-01
 -0.196795880830D-02  0.138602651597D-01 -0.442854353090D-01 -0.131048467963D-01
 -0.754241292789D-02 -0.488629647952D-01  0.716169392451D-01 -0.679560450783D-01
  0.526911016738D-01  0.845215451024D-01  0.167083843114D-01  0.320930842213D+00
  0.217092352050D-01 -0.200410424216D+00 -0.281251768926D-01 -0.539280114486D-01
 -0.338550161997D-01  0.398516419747D-01 -0.168363526829D-01 -0.754160572772D-01
  0.855941900746D-02 -0.269311517897D-01  0.251010132322D-01  0.463051062604D-01
  0.917382131858D-01  0.990496714035D-01 -0.631157424730D-01 -0.154266741905D-01
  0.432178954107D+00 -0.236621121118D-01  0.345238250885D-01 -0.976174649447D-01
  0.642670298120D-02 -0.195311200026D-03 -0.309753080261D-01 -0.711578499317D-02
  0.722683502664D-02 -0.425112026197D-01 -0.829126429105D-01 -0.290264388331D-01
 -0.929121409479D-01  0.168673266107D-01 -0.588802665143D-01  0.388543706617D-01
 -0.299631611448D-01  0.330282400804D-01  0.309321310022D+00 -0.158726528315D+00
 -0.212992900106D-01  0.169199633749D-01 -0.629858766652D-01  0.955225909048D-02
 -0.194159898011D-01 -0.132931243473D-01 -0.381890525790D-01  0.358543375617D-03
 -0.283771586159D-02 -0.190194161693D-02  0.291387187405D-01  0.459454947810D-01
  0.298914153986D-01 -0.112500916035D-01 -0.775649772631D-01  0.354967425022D-01
 -0.136421651976D-01  0.350420233485D+00 -0.672501194944D-01 -0.133719735764D+00
  0.506653809310D-01  0.213540596056D-01 -0.517124818571D-01 -0.102702079419D-01
 -0.531461630165D-02 -0.611061597849D-01 -0.460492388916D-02 -0.336766171149D-01
 -0.569310452642D-01  0.115676463334D-01  0.497610384899D-01  0.155965664395D-01
 -0.390910395941D-01 -0.952059904462D-02 -0.874551540773D-01  0.959659980508D-02
  0.965500208248D-02  0.307992370186D+00  0.983287437938D-02  0.157926687568D-01
 -0.137839922951D+00 -0.181955684938D-01 -0.133755533990D-02 -0.778732135960D-01
  0.634837629053D-02  0.202225377662D-01 -0.505895082112D-02  0.254146008895D-01
 -0.121464173319D-01  0.164975034382D-01 -0.745972695662D-02 -0.239352640068D-01
  0.286808291473D-01 -0.208860470859D-01 -0.244036105065D-01 -0.915171755570D-01
 -0.338728364187D-01 -0.684500612093D-02  0.328465895127D+00 -0.434413439216D-01
 -0.480992744111D-02 -0.606805531861D-02 -0.106812183223D+00  0.226163327877D-01
 -0.212602240439D-02 -0.268366403233D-01 -0.409346147082D-01 -0.176845352427D-02
  0.481941495865D-01  0.185153630254D-01  0.538273720466D-01 -0.338280224397D-01
  0.164631181983D-01 -0.540666539538D-01 -0.229494629226D-01  0.262023182679D-01
  0.756372974218D-01 -0.108109847452D+00  0.661277026432D-01  0.137421655060D-02
  0.329669758569D+00  0.818303094542D-02 -0.491322696526D-01 -0.613475274226D-02
  0.421660336994D-01 -0.134821390819D+00 -0.343911805929D-01  0.430304601908D-01
 -0.173536298958D-01 -0.325236130431D-01 -0.496412021742D-02  0.234263041558D-02
 -0.130990415501D-01 -0.399730267474D-01 -0.249924433652D-01  0.419520563342D-01
 -0.601377755118D-01 -0.874583361946D-01  0.225677783890D-01  0.220596921194D-01
 -0.690670905605D-02 -0.323453833266D-03 -0.161282110881D-01  0.386877525966D+00
 -0.425526251432D-02  0.369473230428D-02 -0.470553139448D-01  0.313535256431D-03
 -0.198557491631D-01 -0.117681149882D+00  0.112899279325D-01  0.309848036161D-01
 -0.236133251917D-01  0.512771175899D-01 -0.303286501358D-01  0.742321300087D-01
 -0.615231488674D-01 -0.182074108448D-03 -0.616739276102D-01  0.624214215780D-01
 -0.427172041380D-01  0.184316352494D-01 -0.494511992394D-02 -0.335387069462D-01
 -0.119911308679D+00 -0.522224995933D-01  0.298510795667D-01  0.307065729801D+00
  0.421574638732D-02  0.118511946140D+00  0.383082023277D-01  0.991682509801D-02
 -0.668045581451D-01 -0.428015043991D-01 -0.453368628021D-01  0.718889555984D-01
 -0.322878369505D-01  0.381892325213D-02 -0.559319004333D-01 -0.922038982103D-01
 -0.306832470251D+00 -0.209314726774D+00  0.775988060046D-01 -0.517760271063D-01
 -0.620243190493D-01  0.583645393442D-01  0.271523416378D-01 -0.311358508656D-01
  0.374441108450D-01 -0.358864078741D-01  0.576391660987D-02 -0.235597145795D-02
  0.394727931658D+00  0.100621869854D-01  0.130956713757D+00  0.663567570090D-02
  0.475778379174D-01 -0.148819931062D+00 -0.528498915014D-01  0.557656735037D-01
  0.547348047476D-01 -0.185928398724D-01 -0.366538516136D-02 -0.122887831500D+00
  0.171693924351D-03 -0.209631799736D+00 -0.297715870004D+00  0.137907004645D+00
  0.416185824408D-02 -0.717346507772D-01 -0.188412618423D-01 -0.452648269866D-01
  0.742423491781D-01  0.329761006163D-01 -0.880520816850D-01 -0.685553773990D-01
  0.620917690045D-01  0.229046536918D+00  0.449779793060D+00  0.234508132644D-01
 -0.731375959024D-01  0.404902631455D-02 -0.247423761748D-01  0.325799450303D-01
 -0.100869432731D-01 -0.358452464911D-01 -0.293015509895D-01 -0.800174554298D-01
 -0.864161919522D-01  0.383167496527D-01 -0.354641457940D-01  0.744267878193D-01
  0.135801991303D+00 -0.199520904020D+00  0.690708848089D-01  0.306173266870D-01
 -0.110740238376D-01  0.367089774538D-01  0.225202574229D-01  0.585563438909D-01
 -0.145872012247D-01 -0.789887252826D-02 -0.297944697512D-01 -0.420664475036D-01
 -0.149498250675D+00  0.303352571900D+00
$end
