$hessian (projected)
 1  1   0.4283167887  -0.0308213947   0.0020813230  -0.1518782543   0.0066182020
 1  2   0.0275949461  -0.0189711905   0.0118660790  -0.0011365576  -0.1035704703
 1  3  -0.0749980006  -0.0518197353  -0.0806602806   0.0780579073  -0.0282844188
 1  4  -0.0518258743  -0.0004624656   0.0342962366  -0.0125810138  -0.0002546259
 1  5   0.0053099873  -0.0081808758  -0.0012209119   0.0006730654   0.0003688224
 1  6  -0.0016901746  -0.0008568712   0.0010893320  -0.0005615495   0.0005828440
 1  7   0.0016272560   0.0099836209   0.0065054089  -0.0037342396   0.0034833136
 1  8   0.0050537716
 2  1  -0.0308213947   0.5569415273  -0.0424510601  -0.0011560554  -0.0813031663
 2  2   0.0011557112   0.0363340886  -0.0125340098  -0.0029746945  -0.0346002320
 2  3  -0.1524908177  -0.0285206190   0.0821313622  -0.2370569474   0.0734243623
 2  4  -0.0005642920  -0.0508539552   0.0130881781  -0.0255063374   0.0006093740
 2  5   0.0057391737  -0.0011199171   0.0007430133  -0.0017208230   0.0025309274
 2  6   0.0000439993  -0.0000674717  -0.0007457324   0.0010542297  -0.0013214930
 2  7  -0.0241382248  -0.0264993593  -0.0157330908  -0.0023441924   0.0013461122
 2  8  -0.0006181733
 3  1   0.0020813230  -0.0424510601   0.5869375454   0.0268024246  -0.0031665014
 3  2  -0.0927446446  -0.0140529463   0.0051062230   0.0032952183  -0.0233296365
 3  3  -0.0217974178  -0.1163564133  -0.0285854825   0.0684394794  -0.0771087488
 3  4   0.0375815598   0.0187712633  -0.2895214659  -0.0162429526  -0.0006533713
 3  5   0.0027106164   0.0346742190  -0.0013175265  -0.0095761055   0.0012737490
 3  6  -0.0009367065  -0.0003644140  -0.0026676348   0.0002272955   0.0020458269
 3  7   0.0081930452   0.0082320974   0.0072780462  -0.0257276679  -0.0304537750
 3  8  -0.0165954611
 4  1  -0.1518782543  -0.0011560554   0.0268024246   0.4377655174   0.0444740975
 4  2   0.0118280797  -0.0898186320   0.0724953200  -0.0379933509  -0.0247555061
 4  3  -0.0098914650  -0.0022929435  -0.0089794347   0.0008662148   0.0045949135
 4  4  -0.0081093304   0.0022121445   0.0012262360  -0.1027087843  -0.0887354928
 4  5  -0.0499605910  -0.0524064979  -0.0038378524   0.0343937269   0.0028500301
 4  6  -0.0146772562   0.0064625218  -0.0035737318  -0.0038955253   0.0047616393
 4  7   0.0003431307   0.0017201170  -0.0006146139   0.0012714931   0.0004257533
 4  8   0.0007919574
 5  1   0.0066182020  -0.0813031663  -0.0031665014   0.0444740975   0.5360748280
 5  2   0.0354319732   0.0287850438  -0.1726387114   0.0275752003  -0.0324627195
 5  3  -0.0063190710   0.0015996702   0.0286999928  -0.0023121603  -0.0068430128
 5  4  -0.0024374907   0.0003528013   0.0029388093  -0.0927193986  -0.1936872791
 5  5  -0.0857582617  -0.0041203527  -0.0497353468   0.0149203895   0.0189948775
 5  6  -0.0277488241   0.0102159592   0.0058626083  -0.0033818586   0.0018268058
 5  7  -0.0027335202  -0.0000010310   0.0002000742   0.0010386596   0.0006998193
 5  8   0.0010588942
 6  1   0.0275949461   0.0011557112  -0.0927446446   0.0118280797   0.0354319732
 6  2   0.5974547050  -0.0163696273   0.0177999353  -0.1099148216  -0.0193188967
 6  3  -0.0045767397   0.0029371585  -0.0123830801   0.0020632890   0.0020667004
 6  4   0.0345939013  -0.0017844550  -0.0093392398  -0.0501922220  -0.0807681437
 6  5  -0.0981025780   0.0369405729   0.0088830745  -0.2899285389   0.0097438338
 6  6  -0.0141974522   0.0075662078  -0.0209174805   0.0352192501  -0.0119946272
 6  7   0.0010079521   0.0008419110  -0.0001885393  -0.0025279791  -0.0000683538
 6  8   0.0021882177
 7  1  -0.0189711905   0.0363340886  -0.0140529463  -0.0898186320   0.0287850438
 7  2  -0.0163696273   0.1892983761   0.0336097275   0.0796198123   0.0014278606
 7  3   0.0013582865   0.0003968819  -0.0081204622   0.0015189250   0.0006424260
 7  4   0.0032532211  -0.0008491665  -0.0005287148   0.0071763858  -0.0056017581
 7  5   0.0039623198  -0.0000269828   0.0025198360  -0.0028877683  -0.0705619514
 7  6  -0.0991548355  -0.0649613303  -0.0153181376   0.0004719258   0.0141313344
 7  7   0.0019222665   0.0006546062   0.0004212123  -0.0002607537   0.0003533207
 7  8  -0.0003735996
 8  1   0.0118660790  -0.0125340098   0.0051062230   0.0724953200  -0.1726387114
 8  2   0.0177999353   0.0336097275   0.5768420896   0.0481226728  -0.0012971768
 8  3   0.0024825794  -0.0008956357   0.0017393286   0.0008825553   0.0000071368
 8  4  -0.0015005240   0.0006278113  -0.0010578449   0.0177538753  -0.0305347143
 8  5   0.0108689425   0.0034714189  -0.0064092612   0.0051294580  -0.1352102039
 8  6  -0.2937814470  -0.1195805994  -0.0036951036  -0.0664758218   0.0336808182
 8  7   0.0007548678   0.0015211509   0.0004884102   0.0000123911   0.0000177791
 8  8   0.0003304831
 9  1  -0.0011365576  -0.0029746945   0.0032952183  -0.0379933509   0.0275752003
 9  2  -0.1099148216   0.0796198123   0.0481226728   0.6443380583   0.0002443925
 9  3   0.0010564949   0.0010520268   0.0017486475  -0.0002231653   0.0011763206
 9  4  -0.0007267517  -0.0010933451   0.0023845833   0.0086203791  -0.0124771288
 9  5   0.0066990270  -0.0194538873   0.0340810825  -0.0116123137  -0.0927281368
 9  6  -0.1337990958  -0.1277389837   0.0614650245   0.0399755898  -0.4093059720
 9  7  -0.0002082955  -0.0002869966  -0.0003194376   0.0005487238   0.0000433857
 9  8  -0.0000537057
10  1  -0.1035704703  -0.0346002320  -0.0233296365  -0.0247555061  -0.0324627195
10  2  -0.0193188967   0.0014278606  -0.0012971768   0.0002443925   0.1860416890
10  3   0.0063178385   0.0721882968   0.0049468162   0.0006747379   0.0026623747
10  4  -0.0007054270  -0.0025516610  -0.0038518897  -0.0084079998  -0.0003959591
10  5   0.0005036124   0.0035194654   0.0005149569  -0.0002896118   0.0017428680
10  6  -0.0006920616   0.0002616553  -0.0002814227  -0.0002544395  -0.0004564835
10  7  -0.0441755951   0.0730725510  -0.0393966264  -0.0157822783  -0.0083258349
10  8   0.0107828128
11  1  -0.0749980006  -0.1524908177  -0.0217974178  -0.0098914650  -0.0063190710
11  2  -0.0045767397   0.0013582865   0.0024825794   0.0010564949   0.0063178385
11  3   0.5956174562  -0.0642446923  -0.0233859430  -0.0277054482  -0.0161467277
11  4  -0.0009812124  -0.0008413028  -0.0032963201  -0.0007528672   0.0011563305
11  5  -0.0000907157   0.0011936055   0.0001209423   0.0008234172  -0.0008271651
11  6   0.0016338181  -0.0003095088  -0.0000129491   0.0001005519  -0.0002555602
11  7   0.1124194956  -0.3524905505   0.0965553044  -0.0104396236  -0.0612644884
11  8   0.0122824658
12  1  -0.0518197353  -0.0285206190  -0.1163564133  -0.0022929435   0.0015996702
12  2   0.0029371585   0.0003968819  -0.0008956357   0.0010520268   0.0721882968
12  3  -0.0642446923   0.6286819661   0.0070570384   0.0066388209   0.0061317403
12  4  -0.0239228622  -0.0299072503  -0.0165076487   0.0016050875  -0.0000095672
12  5   0.0011751906  -0.0004616870   0.0008345105   0.0026487758  -0.0002844380
12  6   0.0005147434  -0.0002763743   0.0004728444  -0.0000848818  -0.0001233098
12  7  -0.0599366270   0.1140159071  -0.0953554264   0.0569981440   0.0000589942
12  8  -0.4140076858
13  1  -0.0806602806   0.0821313622  -0.0285854825  -0.0089794347   0.0286999928
13  2  -0.0123830801  -0.0081204622   0.0017393286   0.0017486475   0.0049468162
13  3  -0.0233859430   0.0070570384   0.0900547321  -0.0805176636   0.0326819211
13  4   0.0015368262  -0.0043408122   0.0013209643   0.0007496355  -0.0007407098
13  5  -0.0007082529   0.0012561244  -0.0001736698   0.0008419470  -0.0001954866
13  6  -0.0002693334  -0.0001000018   0.0002646074  -0.0002588926   0.0004773813
13  7  -0.0014041478  -0.0036407722  -0.0024751859   0.0005510700   0.0007571129
13  8   0.0001241035
14  1   0.0780579073  -0.2370569474   0.0684394794   0.0008662148  -0.0023121603
14  2   0.0020632890   0.0015189250   0.0008825553  -0.0002231653   0.0006747379
14  3  -0.0277054482   0.0066388209  -0.0805176636   0.2681879194  -0.0739064497
14  4   0.0003816425  -0.0003996105   0.0016173444   0.0007982889   0.0004943365
14  5  -0.0000521201   0.0001103786   0.0000638160  -0.0004458957  -0.0005825495
14  6   0.0002400020   0.0000768751  -0.0002366586   0.0000136409  -0.0001733395
14  7  -0.0015600495  -0.0025984143  -0.0038002048   0.0004888263   0.0001903107
14  8  -0.0002346337
15  1  -0.0282844188   0.0734243623  -0.0771087488   0.0045949135  -0.0068430128
15  2   0.0020667004   0.0006424260   0.0000071368   0.0011763206   0.0026623747
15  3  -0.0161467277   0.0061317403   0.0326819211  -0.0739064497   0.0761616024
15  4  -0.0113406548   0.0275198010  -0.0091803471  -0.0005826393   0.0001773774
15  5   0.0001955870  -0.0007445569  -0.0002463828   0.0003321217  -0.0002375435
15  6  -0.0000588853   0.0000089151   0.0007080551  -0.0003184503   0.0002761973
15  7  -0.0010286296  -0.0037479755  -0.0004419150   0.0009287525   0.0001392067
15  8   0.0003818260
16  1  -0.0518258743  -0.0005642920   0.0375815598  -0.0081093304  -0.0024374907
16  2   0.0345939013   0.0032532211  -0.0015005240  -0.0007267517  -0.0007054270
16  3  -0.0009812124  -0.0239228622   0.0015368262   0.0003816425  -0.0113406548
16  4   0.0616990415   0.0072603766  -0.0347973930   0.0012493385  -0.0001654389
16  5  -0.0007271034  -0.0062227953   0.0006595288   0.0014510962  -0.0001436113
16  6   0.0002447574   0.0001378064  -0.0002491109   0.0006216401  -0.0010672636
16  7   0.0005820563   0.0002904112   0.0005786436  -0.0010643344  -0.0038093986
16  8  -0.0017609786
17  1  -0.0004624656  -0.0508539552   0.0187712633   0.0022121445   0.0003528013
17  2  -0.0017844550  -0.0008491665   0.0006278113  -0.0010933451  -0.0025516610
17  3  -0.0008413028  -0.0299072503  -0.0043408122  -0.0003996105   0.0275198010
17  4   0.0072603766   0.0532389176  -0.0098725277  -0.0000978552  -0.0000081292
17  5   0.0002940333   0.0000753248   0.0009595226  -0.0006486021  -0.0000372653
17  6  -0.0000491863  -0.0000569447   0.0000896072   0.0001493644   0.0001550415
17  7   0.0010348746   0.0006915973  -0.0000220589  -0.0023331020  -0.0038678305
17  8  -0.0033549553
18  1   0.0342962366   0.0130881781  -0.2895214659   0.0012262360   0.0029388093
18  2  -0.0093392398  -0.0005287148  -0.0010578449   0.0023845833  -0.0038518897
18  3  -0.0032963201  -0.0165076487   0.0013209643   0.0016173444  -0.0091803471
18  4  -0.0347973930  -0.0098725277   0.3192630702   0.0008901700   0.0002854082
18  5   0.0004272397   0.0014851449   0.0004147738   0.0013668344  -0.0000379123
18  6  -0.0000552155  -0.0000795701   0.0007734345  -0.0007963743   0.0000195318
18  7   0.0000256680  -0.0002900999   0.0002545364  -0.0008019444  -0.0029761314
18  8   0.0009124757
19  1  -0.0125810138  -0.0255063374  -0.0162429526  -0.1027087843  -0.0927193986
19  2  -0.0501922220   0.0071763858   0.0177538753   0.0086203791  -0.0084079998
19  3  -0.0007528672   0.0016050875   0.0007496355   0.0007982889  -0.0005826393
19  4   0.0012493385  -0.0000978552   0.0008901700   0.1125055712   0.0931798649
19  5   0.0551343804   0.0021457722   0.0040644071   0.0017733757  -0.0007425259
19  6   0.0035987544  -0.0015038101   0.0003749965  -0.0007886286   0.0000447927
19  7  -0.0000667675   0.0003207315  -0.0000643073   0.0003053914   0.0001491649
19  8   0.0005177460
20  1  -0.0002546259   0.0006093740  -0.0006533713  -0.0887354928  -0.1936872791
20  2  -0.0807681437  -0.0056017581  -0.0305347143  -0.0124771288  -0.0003959591
20  3   0.0011563305  -0.0000095672  -0.0007407098   0.0004943365   0.0001773774
20  4  -0.0001654389  -0.0000081292   0.0002854082   0.0931798649   0.2231820090
20  5   0.0897821620   0.0012848088   0.0026411128  -0.0001689885   0.0013200892
20  6  -0.0042409295   0.0036025962  -0.0006325026   0.0003490439   0.0002123041
20  7   0.0006474551   0.0001204108  -0.0000445834   0.0000942691  -0.0000815653
20  8   0.0000619350
21  1   0.0053099873   0.0057391737   0.0027106164  -0.0499605910  -0.0857582617
21  2  -0.0981025780   0.0039623198   0.0108689425   0.0066990270   0.0005036124
21  3  -0.0000907157   0.0011751906  -0.0007082529  -0.0000521201   0.0001955870
21  4  -0.0007271034   0.0002940333   0.0004272397   0.0551343804   0.0897821620
21  5   0.0984778040  -0.0146056281  -0.0241809942  -0.0128331729  -0.0003605067
21  6   0.0033755066   0.0005393410   0.0008293979  -0.0002624210   0.0003733809
21  7  -0.0001460441   0.0001106913   0.0000147149   0.0007684284   0.0001740033
21  8   0.0003228493
22  1  -0.0081808758  -0.0011199171   0.0346742190  -0.0524064979  -0.0041203527
22  2   0.0369405729  -0.0000269828   0.0034714189  -0.0194538873   0.0035194654
22  3   0.0011936055  -0.0004616870   0.0012561244   0.0001103786  -0.0007445569
22  4  -0.0062227953   0.0000753248   0.0014851449   0.0021457722   0.0012848088
22  5  -0.0146056281   0.0602967812  -0.0033540175  -0.0365143434   0.0004474205
22  6  -0.0003405490   0.0005614195  -0.0003263288   0.0034657169  -0.0008689809
22  7  -0.0001662567  -0.0002541611   0.0001102717  -0.0003358264  -0.0004122560
22  8  -0.0011225443
23  1  -0.0012209119   0.0007430133  -0.0013175265  -0.0038378524  -0.0497353468
23  2   0.0088830745   0.0025198360  -0.0064092612   0.0340810825   0.0005149569
23  3   0.0001209423   0.0008345105  -0.0001736698   0.0000638160  -0.0002463828
23  4   0.0006595288   0.0009595226   0.0004147738   0.0040644071   0.0026411128
23  5  -0.0241809942  -0.0033540175   0.0560297592  -0.0212458118  -0.0009583583
23  6   0.0008483283   0.0000140822   0.0018979190  -0.0053830143   0.0027160294
23  7   0.0000566484  -0.0000309325   0.0000417011  -0.0001684864   0.0001520603
23  8   0.0000054613
24  1   0.0006730654  -0.0017208230  -0.0095761055   0.0343937269   0.0149203895
24  2  -0.2899285389  -0.0028877683   0.0051294580  -0.0116123137  -0.0002896118
24  3   0.0008234172   0.0026487758   0.0008419470  -0.0004458957   0.0003321217
24  4   0.0014510962  -0.0006486021   0.0013668344   0.0017733757  -0.0001689885
24  5  -0.0128331729  -0.0365143434  -0.0212458118   0.3175684765  -0.0000641156
24  6   0.0003608222   0.0003077751  -0.0001874727   0.0022338232   0.0016851546
24  7  -0.0000274333   0.0000674490  -0.0000617617   0.0008375340   0.0006947619
24  8   0.0001027544
25  1   0.0003688224   0.0025309274   0.0012737490   0.0028500301   0.0189948775
25  2   0.0097438338  -0.0705619514  -0.1352102039  -0.0927281368   0.0017428680
25  3  -0.0008271651  -0.0002844380  -0.0001954866  -0.0005825495  -0.0002375435
25  4  -0.0001436113  -0.0000372653  -0.0000379123  -0.0007425259   0.0013200892
25  5  -0.0003605067   0.0004474205  -0.0009583583  -0.0000641156   0.0718275022
25  6   0.1117923005   0.0766494152  -0.0028304046   0.0034915950   0.0062162123
25  7  -0.0023532841  -0.0005609089   0.0001384654  -0.0004093794   0.0000466615
25  8  -0.0003090226
26  1  -0.0016901746   0.0000439993  -0.0009367065  -0.0146772562  -0.0277488241
26  2  -0.0141974522  -0.0991548355  -0.2937814470  -0.1337990958  -0.0006920616
26  3   0.0016338181   0.0005147434  -0.0002693334   0.0002400020  -0.0000588853
26  4   0.0002447574  -0.0000491863  -0.0000552155   0.0035987544  -0.0042409295
26  5   0.0033755066  -0.0003405490   0.0008483283   0.0003608222   0.1117923005
26  6   0.3177256349   0.1401488572  -0.0000823358   0.0045789901   0.0047546503
26  7   0.0010251890   0.0007612634  -0.0002209205   0.0002455450  -0.0000116491
26  8   0.0001136961
27  1  -0.0008568712  -0.0000674717  -0.0003644140   0.0064625218   0.0102159592
27  2   0.0075662078  -0.0649613303  -0.1195805994  -0.1277389837   0.0002616553
27  3  -0.0003095088  -0.0002763743  -0.0001000018   0.0000768751   0.0000089151
27  4   0.0001378064  -0.0000569447  -0.0000795701  -0.0015038101   0.0036025962
27  5   0.0005393410   0.0005614195   0.0000140822   0.0003077751   0.0766494152
27  6   0.1401488572   0.1373278851  -0.0164700217  -0.0345821545  -0.0173813394
27  7   0.0003007205   0.0002916458   0.0003420633  -0.0004815037   0.0002466634
27  8  -0.0002515058
28  1   0.0010893320  -0.0007457324  -0.0026676348  -0.0035737318   0.0058626083
28  2  -0.0209174805  -0.0153181376  -0.0036951036   0.0614650245  -0.0002814227
28  3  -0.0000129491   0.0004728444   0.0002646074  -0.0002366586   0.0007080551
28  4  -0.0002491109   0.0000896072   0.0007734345   0.0003749965  -0.0006325026
28  5   0.0008293979  -0.0003263288   0.0018979190  -0.0001874727  -0.0028304046
28  6  -0.0000823358  -0.0164700217   0.0212278449  -0.0023223150  -0.0236777990
28  7  -0.0004236280  -0.0001018554  -0.0005071643   0.0000459836  -0.0000206819
28  8   0.0001788166
29  1  -0.0005615495   0.0010542297   0.0002272955  -0.0038955253  -0.0033818586
29  2   0.0352192501   0.0004719258  -0.0664758218   0.0399755898  -0.0002544395
29  3   0.0001005519  -0.0000848818  -0.0002588926   0.0000136409  -0.0003184503
29  4   0.0006216401   0.0001493644  -0.0007963743  -0.0007886286   0.0003490439
29  5  -0.0002624210   0.0034657169  -0.0053830143   0.0022338232   0.0034915950
29  6   0.0045789901  -0.0345821545  -0.0023223150   0.0691538947  -0.0414924055
29  7   0.0000651543   0.0000489311  -0.0001345651  -0.0000346817  -0.0002079519
29  8   0.0000152941
30  1   0.0005828440  -0.0013214930   0.0020458269   0.0047616393   0.0018268058
30  2  -0.0119946272   0.0141313344   0.0336808182  -0.4093059720  -0.0004564835
30  3  -0.0002555602  -0.0001233098   0.0004773813  -0.0001733395   0.0002761973
30  4  -0.0010672636   0.0001550415   0.0000195318   0.0000447927   0.0002123041
30  5   0.0003733809  -0.0008689809   0.0027160294   0.0016851546   0.0062162123
30  6   0.0047546503  -0.0173813394  -0.0236777990  -0.0414924055   0.4346938581
30  7  -0.0003217734  -0.0000340270  -0.0002978908   0.0001780964  -0.0000688242
30  8   0.0000091896
31  1   0.0016272560  -0.0241382248   0.0081930452   0.0003431307  -0.0027335202
31  2   0.0010079521   0.0019222665   0.0007548678  -0.0002082955  -0.0441755951
31  3   0.1124194956  -0.0599366270  -0.0014041478  -0.0015600495  -0.0010286296
31  4   0.0005820563   0.0010348746   0.0000256680  -0.0000667675   0.0006474551
31  5  -0.0001460441  -0.0001662567   0.0000566484  -0.0000274333  -0.0023532841
31  6   0.0010251890   0.0003007205  -0.0004236280   0.0000651543  -0.0003217734
31  7   0.0472531884  -0.0841670820   0.0469267741  -0.0031382188  -0.0034048086
31  8   0.0052146430
32  1   0.0099836209  -0.0264993593   0.0082320974   0.0017201170  -0.0000010310
32  2   0.0008419110   0.0006546062   0.0015211509  -0.0002869966   0.0730725510
32  3  -0.3524905505   0.1140159071  -0.0036407722  -0.0025984143  -0.0037479755
32  4   0.0002904112   0.0006915973  -0.0002900999   0.0003207315   0.0001204108
32  5   0.0001106913  -0.0002541611  -0.0000309325   0.0000674490  -0.0005609089
32  6   0.0007612634   0.0002916458  -0.0001018554   0.0000489311  -0.0000340270
32  7  -0.0841670820   0.3781517562  -0.1161326629   0.0026827419   0.0003251780
32  8  -0.0030679398
33  1   0.0065054089  -0.0157330908   0.0072780462  -0.0006146139   0.0002000742
33  2  -0.0001885393   0.0004212123   0.0004884102  -0.0003194376  -0.0393966264
33  3   0.0965553044  -0.0953554264  -0.0024751859  -0.0038002048  -0.0004419150
33  4   0.0005786436  -0.0000220589   0.0002545364  -0.0000643073  -0.0000445834
33  5   0.0000147149   0.0001102717   0.0000417011  -0.0000617617   0.0001384654
33  6  -0.0002209205   0.0003420633  -0.0005071643  -0.0001345651  -0.0002978908
33  7   0.0469267741  -0.1161326629   0.1016365120  -0.0116228782   0.0388025964
33  8  -0.0128609020
34  1  -0.0037342396  -0.0023441924  -0.0257276679   0.0012714931   0.0010386596
34  2  -0.0025279791  -0.0002607537   0.0000123911   0.0005487238  -0.0157822783
34  3  -0.0104396236   0.0569981440   0.0005510700   0.0004888263   0.0009287525
34  4  -0.0010643344  -0.0023331020  -0.0008019444   0.0003053914   0.0000942691
34  5   0.0007684284  -0.0003358264  -0.0001684864   0.0008375340  -0.0004093794
34  6   0.0002455450  -0.0004815037   0.0000459836  -0.0000346817   0.0001780964
34  7  -0.0031382188   0.0026827419  -0.0116228782   0.0225510925   0.0107576531
34  8  -0.0190977057
35  1   0.0034833136   0.0013461122  -0.0304537750   0.0004257533   0.0006998193
35  2  -0.0000683538   0.0003533207   0.0000177791   0.0000433857  -0.0083258349
35  3  -0.0612644884   0.0000589942   0.0007571129   0.0001903107   0.0001392067
35  4  -0.0038093986  -0.0038678305  -0.0029761314   0.0001491649  -0.0000815653
35  5   0.0001740033  -0.0004122560   0.0001520603   0.0006947619   0.0000466615
35  6  -0.0000116491   0.0002466634  -0.0000206819  -0.0002079519  -0.0000688242
35  7  -0.0034048086   0.0003251780   0.0388025964   0.0107576531   0.0627022257
35  8  -0.0065925274
36  1   0.0050537716  -0.0006181733  -0.0165954611   0.0007919574   0.0010588942
36  2   0.0021882177  -0.0003735996   0.0003304831  -0.0000537057   0.0107828128
36  3   0.0122824658  -0.4140076858   0.0001241035  -0.0002346337   0.0003818260
36  4  -0.0017609786  -0.0033549553   0.0009124757   0.0005177460   0.0000619350
36  5   0.0003228493  -0.0011225443   0.0000054613   0.0001027544  -0.0003090226
36  6   0.0001136961  -0.0002515058   0.0001788166   0.0000152941   0.0000091896
36  7   0.0052146430  -0.0030679398  -0.0128609020  -0.0190977057  -0.0065925274
36  8   0.4398519477
$end
