$vibrational normal modes
 1  1   0.0665386921  -0.0212287408   0.2104377889   0.1722194142   0.0712797540
 1  2  -0.0161795481  -0.0095948182  -0.0139651636  -0.0205195287  -0.0305168670
 1  3  -0.1036849379   0.0080845851   0.1016441910   0.0963202887   0.0825130744
 1  4   0.0886455962  -0.0526264824  -0.2318120015   0.0006517766   0.0390227398
 1  5  -0.0852894120   0.0483638228  -0.0624622100  -0.0728824291  -0.0162238837
 1  6   0.0094607467   0.0203159283   0.0180272891   0.0190932284   0.0177499852
 1  7  -0.0152194090   0.0071388360  -0.0002525776   0.0026442880   0.0003222402
 1  8  -0.0001369890
 2  1   0.0382752022  -0.1223995595   0.1399215686  -0.0897521183   0.0097061857
 2  2   0.1989430431   0.0879366395  -0.0030366356  -0.0221143944   0.0139538011
 2  3   0.1110365577  -0.0376174954  -0.0850869557  -0.0835992267  -0.0266133087
 2  4  -0.0138174548  -0.0889103271  -0.1523599389   0.1420970065   0.0121520405
 2  5   0.0234621733   0.0672999891  -0.0289650558  -0.0310836461   0.0296209633
 2  6  -0.0591049350  -0.0021310375  -0.0036644631  -0.0363760081  -0.0215261885
 2  7   0.0478871571  -0.0344676744   0.0002110265  -0.0008553209  -0.0009850689
 2  8   0.0012498262
 3  1   0.0475071970   0.0166637050   0.0949887203  -0.0431105049  -0.3027509457
 3  2  -0.1312244744  -0.0659910092   0.0270625590  -0.0476513835  -0.0887261942
 3  3   0.0549818720   0.0404972991  -0.0507622520   0.0345106340   0.0490845134
 3  4  -0.1022229890  -0.0593208338  -0.0531337556   0.0259977809  -0.1230427856
 3  5  -0.0548438250  -0.0428040943   0.0031820489  -0.0368243085   0.0297152816
 3  6  -0.0441345614  -0.0061820333  -0.0048653023  -0.0179506132  -0.0453559752
 3  7  -0.0375116414   0.0587019032  -0.0003501335  -0.0014561574   0.0012076996
 3  8  -0.0018437373
 4  1   0.0215884609  -0.0073731649   0.1976902896   0.1946059146   0.0679484318
 4  2   0.0022221047   0.0201351769  -0.0137135439   0.0165930403   0.0322191227
 4  3  -0.1173822525   0.0063381153  -0.1156632160  -0.0609844527   0.1328520875
 4  4  -0.0905349337  -0.0404850115   0.2090504791  -0.0208529919  -0.0382847480
 4  5   0.0877113914   0.0439715317   0.0555707068  -0.0669815566  -0.0260211759
 4  6  -0.0065289361  -0.0213037587   0.0174654018   0.0270356420  -0.0167850094
 4  7   0.0210288671   0.0097142109  -0.0027479761   0.0002796764   0.0004901160
 4  8   0.0001706059
 5  1  -0.0741527182  -0.2778644150  -0.0174408676  -0.0309489701  -0.1151645621
 5  2   0.0625038603   0.0760034263   0.0022911548  -0.0308553512  -0.0012183027
 5  3  -0.1030712999   0.0261312643  -0.0816975358  -0.0538296372   0.0434164079
 5  4  -0.0159992330   0.1021668368  -0.1912941541  -0.1402949569  -0.0002561794
 5  5   0.0040229662  -0.0695219799  -0.0316417765   0.0447077774  -0.0558081208
 5  6  -0.0415718777  -0.0004353994   0.0018807824   0.0397919268  -0.0189904348
 5  7   0.0408400306   0.0227791293  -0.0006832087   0.0001311259   0.0009684869
 5  8   0.0007350228
 6  1  -0.1455001953   0.1234787045   0.0714858596   0.0523130645  -0.2880478918
 6  2  -0.0067949391   0.0766920916   0.0267869203   0.0449714114   0.0891204666
 6  3   0.0414365366   0.0477853460   0.0332003839  -0.0186309565   0.0720261931
 6  4   0.1003643486  -0.0458102232   0.0307023515   0.0056762092   0.1235658890
 6  5   0.0568929536  -0.0524764525  -0.0040433020  -0.0313154760   0.0392768969
 6  6   0.0207186747   0.0061107125  -0.0041058103  -0.0187618464   0.0397384759
 6  7   0.0472653384   0.0600796211   0.0013493217   0.0003664040   0.0017790007
 6  8   0.0016063886
 7  1   0.0336525801  -0.1540698435   0.0520131953   0.2362563044  -0.0057561993
 7  2  -0.0953144978  -0.1145604916   0.0072713950   0.1390325923   0.0749510253
 7  3   0.0704526856   0.0520912469  -0.1347782925   0.0017378673  -0.1412708751
 7  4   0.0324787931   0.0240984030  -0.0548555391   0.0105305188   0.0096703316
 7  5  -0.0192457053   0.0012644685   0.0019403081   0.0136304667  -0.0000605867
 7  6  -0.0017024940   0.0077165872  -0.0064544964  -0.0008662492   0.0006960575
 7  7  -0.0006343208  -0.0001396971  -0.0159442911   0.0000888021   0.0118811206
 7  8   0.0093129752
 8  1  -0.0278482854  -0.3293057838  -0.1492375902   0.0467251439  -0.1058250997
 8  2   0.1060342454  -0.0578519930  -0.0121404841   0.0245865969  -0.0253904871
 8  3  -0.0287650602   0.0034171408   0.0846636426   0.0469410923   0.0661697459
 8  4   0.0224285430  -0.0789650316   0.1596207431   0.0846736380   0.0138160403
 8  5  -0.0370808228   0.0127055152   0.0138637435   0.0186849229  -0.0057736942
 8  6   0.0014596982  -0.0486987521   0.0472001357   0.0000671947  -0.0003240304
 8  7  -0.0010194122  -0.0003206903  -0.0436345420   0.0005230843   0.0299023989
 8  8   0.0234372001
 9  1  -0.0394748385   0.2142554434  -0.0560839845   0.1966618731  -0.1475304828
 9  2   0.2632390689  -0.0800636999  -0.0515050546   0.0091402536  -0.0354297677
 9  3  -0.0215847346  -0.0152959983  -0.0106112844  -0.0252728113  -0.0056761868
 9  4  -0.0068761612   0.0535640769  -0.0625846136  -0.0110181143  -0.0475677431
 9  5  -0.0342839182   0.0547286740   0.0362191788   0.0330529825  -0.0020441555
 9  6   0.0081080129   0.0220590687  -0.0214920563   0.0000999492  -0.0004697879
 9  7  -0.0009197533  -0.0018056307   0.0300189082   0.0004215611   0.0556237683
 9  8   0.0428589000
10  1  -0.0571270474  -0.0794447850   0.0749083980   0.2659197358   0.0118519212
10  2  -0.0279436168   0.1052318135   0.0118378156  -0.1347022541  -0.0779016136
10  3   0.0726164240   0.0619761153   0.1401458523  -0.0523253007  -0.1314650701
10  4  -0.0290145276   0.0336440259   0.0744329108  -0.0012692022  -0.0080819715
10  5   0.0141107841  -0.0006455830   0.0000795559   0.0111148598   0.0014725824
10  6   0.0014267459  -0.0130838455  -0.0128206923  -0.0007315982  -0.0008638300
10  7   0.0004937283  -0.0001081712   0.0000364945   0.0105213592   0.0059776820
10  8  -0.0077996847
11  1  -0.0272658811  -0.0623476970   0.3047453860  -0.1884352989  -0.0081644124
11  2   0.1359290829  -0.0822296730   0.0164023305   0.0437953927  -0.0204322926
11  3   0.0217349040  -0.0039312787   0.0666889559   0.0200373287  -0.0642457522
11  4   0.0251048267   0.0672931470   0.1389054450  -0.0851833435   0.0080271241
11  5  -0.0433392292  -0.0183665965   0.0199240314  -0.0248336082   0.0063365143
11  6  -0.0004572020  -0.0419700883  -0.0445265570   0.0000593952  -0.0002871027
11  7  -0.0011780620   0.0006472456   0.0003509437  -0.0409498676  -0.0296495394
11  8   0.0385170194
12  1   0.3359819925  -0.0052254313   0.0006278934  -0.0043613598  -0.1877589552
12  2  -0.0052902925   0.0712138898  -0.0487053006  -0.0059923821   0.0325253935
12  3  -0.0179464063  -0.0151339767   0.0223611807   0.0230319994  -0.0286562683
12  4   0.0099303761   0.0636544109   0.0819671567  -0.0237333010   0.0492514866
12  5   0.0287030334   0.0496094992  -0.0373755494   0.0303510334  -0.0046558487
12  6  -0.0067313393  -0.0270584896  -0.0287628626   0.0000404023   0.0004361211
12  7   0.0006626507  -0.0017765906  -0.0004942548  -0.0356697106   0.0396716165
12  8  -0.0506586218
13  1   0.0611278626   0.0952637486   0.3286431933   0.1366398183   0.1307884634
13  2   0.0604001889  -0.0220204644   0.0088186801   0.0924819753   0.0468761133
13  3   0.0314518282   0.0724656113   0.2116415733   0.2963976244   0.1148826288
13  4   0.2323008964  -0.3208030929  -0.1158817091  -0.1631996619  -0.4741559286
13  5   0.4393710176  -0.1350550496  -0.0505966004   0.5871611227   0.0054532455
13  6  -0.1051406914  -0.0381510112  -0.0365382939  -0.1746314158  -0.1183487743
13  7   0.2232822844  -0.1617388969  -0.0015292301  -0.0041451838  -0.0024456418
13  8   0.0028731973
14  1  -0.0015019149  -0.0977070769   0.2199420081  -0.1392721457  -0.0054236388
14  2   0.1594107125   0.0075545381   0.0139546869   0.0054609692  -0.0308954189
14  3   0.0702373606  -0.1119760127  -0.0545266387  -0.1253592448  -0.1014134621
14  4   0.1326123008  -0.2045295572  -0.0979914919   0.1104053574  -0.1392401043
14  5   0.3023273042   0.0342576219  -0.0831556858   0.2509556635  -0.1108661859
14  6   0.1186901193  -0.0257080613  -0.0211213908   0.4625947875   0.2984982799
14  7  -0.5607720975   0.4012830109   0.0009536243   0.0072184188   0.0082087361
14  8  -0.0093613669
15  1  -0.0639492692  -0.0437936627   0.1962234232  -0.1488134743  -0.4156980317
15  2  -0.3359145992  -0.2881353268   0.0444638720  -0.1042084279  -0.3060508876
15  3  -0.2189625204  -0.2628559272  -0.1066325199  -0.3232219731  -0.2023863201
15  4   0.1809008786  -0.1124254139  -0.0233716449   0.1335053654   0.0346745091
15  5   0.1451668628   0.0596564159  -0.1522250850   0.0325695341  -0.3646252364
15  6   0.5673252394  -0.0090827568   0.0029286406  -0.1688987444  -0.1138978357
15  7   0.1928354314  -0.1351236530  -0.0010117172  -0.0055405791  -0.0037641342
15  8   0.0046349203
16  1   0.2134925202  -0.0998946074   0.2173158121   0.1101548622   0.0647607306
16  2  -0.0979498952  -0.1085200006  -0.0623757087  -0.0853596213  -0.1394779117
16  3  -0.3003590368  -0.2226290724   0.0806903310   0.0111471564  -0.0583907589
16  4   0.1002812641   0.2349736892  -0.3664749747   0.4598660669   0.2412142507
16  5   0.2203812526  -0.4374805691   0.6201400904   0.0810514965   0.1720173014
16  6  -0.1008324037  -0.0284877861  -0.0456402811  -0.0473024164  -0.0864091733
16  7  -0.0394751760   0.0799156368   0.0025132179  -0.0023382924   0.0013290006
16  8   0.0003558272
17  1   0.2259331150  -0.0700356820   0.0499115885  -0.0051303685   0.1426336105
17  2   0.4039640223   0.2882948812  -0.0496810693   0.0522397767   0.2272724962
17  3   0.3226910529   0.2280910771   0.0123259577   0.3085471320   0.1585509023
17  4  -0.2900273830   0.0907271044  -0.2320782631   0.1564939493  -0.1316739247
17  5  -0.0465645465  -0.3235561783   0.1761211061  -0.1064410757  -0.3183396920
17  6   0.5953516268  -0.0204067033  -0.0125859890  -0.0240058570  -0.0319107667
17  7  -0.0044751445   0.0201312456  -0.0005610180  -0.0030799453   0.0007077182
17  8  -0.0012151459
18  1   0.0737365327   0.0078010980   0.0928687867  -0.0486352900  -0.2991282265
18  2  -0.1353341258  -0.0729718709   0.0159742128  -0.0546743751  -0.0951240757
18  3   0.0338017795   0.0177181691  -0.0467558816   0.0339381973   0.0291139640
18  4  -0.1055111418  -0.0155703679  -0.0635204256   0.0899170791  -0.0987260541
18  5  -0.0133602610  -0.1273715684   0.1024314422  -0.0285269605   0.0350600146
18  6  -0.0211473578  -0.0123493272  -0.0140039442   0.3857416656   0.6648694973
18  7   0.2665559171  -0.5554970163   0.0001984227   0.0133898298  -0.0086535358
18  8   0.0122175254
19  1   0.1188708307   0.0444189768   0.3105580966   0.1188973244   0.1178261714
19  2   0.0153597070   0.0200594361   0.0087560300  -0.0916033595  -0.0535906636
19  3   0.0240218792   0.0784749980  -0.2320815119  -0.2264241266   0.2869939453
19  4  -0.2112301950  -0.2902974317   0.0957486793  -0.1793583922   0.4526730988
19  5  -0.4019260643  -0.1347324632   0.0465992550   0.5462468312   0.0768665651
19  6   0.1013490313   0.0360496743  -0.0320463302  -0.2565297177   0.1159200890
19  7  -0.2988029182  -0.1933864318   0.0049797076   0.0015895022  -0.0043278596
19  8  -0.0030086525
20  1  -0.0183365451  -0.3095333804  -0.1246533070   0.0359090119  -0.0928477827
20  2   0.1183033603  -0.0341501942  -0.0215631015   0.0026771175  -0.0650120734
20  3  -0.0442709228   0.1335296380  -0.0606619072  -0.0675916431   0.1706474755
20  4   0.1837572732   0.2573173323  -0.1173861519  -0.1035350663  -0.1944125634
20  5   0.3753101717  -0.0315206539  -0.1058984658  -0.3223701713   0.2214033702
20  6   0.0890359776  -0.0326930345   0.0238967517  -0.4535885002   0.1948246577
20  7  -0.5092621089  -0.3266762363   0.0058221835   0.0005727656  -0.0090689524
20  8  -0.0061661580
21  1  -0.3581168038   0.1272938164   0.1526117195   0.0075358618  -0.3850484020
21  2  -0.1275030052   0.2858992330   0.0426159105   0.1053283846   0.3014740040
21  3  -0.2239648436  -0.2416966004   0.1357172949   0.1932946795  -0.3360824106
21  4  -0.1592360797  -0.0823353740   0.0127484533   0.1185843001  -0.0550816292
21  5  -0.0990359254   0.0622084908   0.1344489049  -0.0072355840  -0.5565438027
21  6  -0.3314742068   0.0051491686   0.0057631311  -0.2530635533   0.1140166542
21  7  -0.2707178219  -0.1709405294   0.0064533461   0.0010826733  -0.0061003283
21  8  -0.0044509895
22  1  -0.1226743463   0.0761912695   0.1975486693   0.2534209363   0.0776555010
22  2   0.0866005052   0.1445010231  -0.0560717781   0.0885986232   0.1692984763
22  3  -0.3384481483  -0.2541962943  -0.0470410793  -0.0097732133  -0.0850395567
22  4  -0.1377763747   0.2220603022   0.3478837264   0.4324392818  -0.2575131429
22  5  -0.2266180303  -0.4314354637  -0.5631024022   0.0925939139   0.2685222221
22  6   0.0636705890   0.0270920095  -0.0418578017  -0.0599669595   0.0796170881
22  7   0.0466679250   0.0794114104   0.0020732442  -0.0025258044   0.0011085626
22  8  -0.0006877615
23  1  -0.2613753513  -0.3305424186   0.0716186755  -0.1149900710  -0.2479424298
23  2  -0.1420893342   0.2592831659   0.0569401209   0.0340939084   0.1952476007
23  3  -0.2818426924  -0.1995321343   0.0450005242   0.2111016471  -0.3097242340
23  4  -0.2865214977  -0.1193680151  -0.2909180876  -0.2204513620  -0.1105543401
23  5  -0.0194549264   0.4125553969   0.2396987005   0.0980166688   0.5108490567
23  6   0.3757014750  -0.0258678682   0.0190154510  -0.0284461016   0.0425507429
23  7   0.0291338499   0.0426303825  -0.0014698271  -0.0001713036   0.0003510402
23  8   0.0003681997
24  1  -0.1813380504   0.1307724469   0.0789087461   0.0535217558  -0.2977854977
24  2  -0.0120828269   0.1097932773   0.0224549843   0.0611228980   0.1236029820
24  3  -0.0061823750  -0.0083618987   0.0500568153   0.0099312410   0.0043082933
24  4   0.0667117924  -0.0288130590   0.0313345583   0.0639370573   0.0818972238
24  5   0.0085498663  -0.0844709743  -0.0676031116  -0.0145919196   0.1131185429
24  6   0.0550566486   0.0097082595  -0.0112226976   0.4800026294  -0.5960925619
24  7  -0.3035866303  -0.5368490828  -0.0137262923  -0.0002087513  -0.0114509638
24  8  -0.0097918154
25  1  -0.0611402521  -0.2030673606  -0.0564341175   0.3095377149  -0.0535909605
25  2  -0.1071643768  -0.0990204453  -0.3691577859   0.4882781810  -0.1593589732
25  3   0.3378702342  -0.3939287868   0.4545210023  -0.1347640919   0.1560659869
25  4  -0.3892471151  -0.0997451077  -0.2387550209  -0.2579009337   0.1322662997
25  5   0.1510738133  -0.1337211047  -0.0973316886  -0.0885440533   0.0025055180
25  6  -0.0263606657  -0.0299886119   0.0255772146   0.0043177846  -0.0014163253
25  7   0.0102363567   0.0064350485   0.2168495208  -0.0029332303  -0.2118768306
25  8  -0.1665881631
26  1  -0.0873387687  -0.3091600099  -0.0581371585  -0.0125262523  -0.1345711113
26  2   0.0450691993   0.0674968419  -0.0421726639   0.0445330669  -0.0471596644
26  3  -0.1098074392   0.1917999029  -0.0948497235   0.0206919368   0.1026706973
26  4   0.2398083567   0.0741056255   0.2541588161   0.2468987652  -0.1500488889
26  5  -0.1622871343   0.1868557208   0.1302749404   0.1031459945  -0.0193869944
26  6   0.0285715266   0.2423765374  -0.2315568505   0.0081646100  -0.0030975188
26  7   0.0074861734   0.0044978883   0.5356430573  -0.0049670234  -0.4837405315
26  8  -0.3798751510
27  1   0.1505470391   0.2177098496  -0.1350405888   0.2457177436  -0.0540135874
27  2   0.3866609025  -0.3243022365   0.3138354266  -0.3192306924   0.1972114906
27  3  -0.0816812586  -0.0312879165  -0.1117381670   0.1125541919  -0.2578011316
27  4  -0.0897140490  -0.1254253084  -0.0915311883  -0.1111853238   0.1472433877
27  5   0.0734751345  -0.1501788718  -0.0957593427  -0.0474232626   0.0211850655
27  6  -0.0177272948  -0.4428724007   0.4254209642   0.0037286317  -0.0007528722
27  7   0.0057497702   0.0042564234   0.3220357053  -0.0035207226  -0.2593831948
27  8  -0.2041580950
28  1   0.1657619576  -0.2355296357   0.0469963756   0.1840412180  -0.0172204601
28  2  -0.1757806832  -0.2637857990   0.4568687578  -0.1663999730   0.4767890599
28  3   0.2648703296  -0.2838986168   0.4318269394  -0.3210052527   0.5021728071
28  4   0.0136093070   0.3127761997  -0.1278921178   0.0451124194  -0.2039618224
28  5  -0.1066247671   0.1469978237   0.0732081589   0.0906953084  -0.0259706915
28  6   0.0177210843   0.0663911420  -0.0698285528   0.0020125696  -0.0016296400
28  7  -0.0014638909  -0.0069309088   0.0312144515   0.0008985661   0.0436196372
28  8   0.0334777842
29  1   0.1436460557  -0.2854929328  -0.2383747672   0.1276237602   0.0141799897
29  2   0.2929529808  -0.2816274184   0.2229457660  -0.2448328376   0.0928569881
29  3  -0.1255493799  -0.0785744883   0.0166412907   0.1958580365  -0.1857186702
29  4  -0.2303703588  -0.3528519618   0.1265332418  -0.1698475901   0.2127116383
29  5   0.2457412629  -0.1909634081  -0.1107391381  -0.1920243378   0.0066884315
29  6  -0.0201728732   0.4991737726  -0.4750193292   0.0007255015  -0.0032970261
29  7   0.0006851634   0.0029281967   0.0689526959   0.0006043629   0.0670004361
29  8   0.0512339354
30  1  -0.0065072534   0.2125709867  -0.0676357930   0.2021659778  -0.1335765380
30  2   0.2794811395  -0.1207222678   0.0165132975  -0.0504446032   0.0126579462
30  3  -0.0213972054  -0.0380532947   0.0051755834  -0.0237514079  -0.0092855573
30  4  -0.0275702583   0.0393960092  -0.0736602093  -0.0343380213  -0.0303039283
30  5  -0.0096606283   0.0343544287   0.0255862127   0.0159205745  -0.0020020422
30  6   0.0049189785   0.0744455713  -0.0710346349  -0.0082704754   0.0133750619
30  7   0.0071693244   0.0123956224  -0.7437754596  -0.0026843067  -0.5169156165
30  8  -0.3946285417
31  1  -0.0502439781  -0.1907621818  -0.0370096394   0.2988898406  -0.0446108023
31  2  -0.1014805746   0.1104841090  -0.3487759840  -0.4899943305   0.1479675304
31  3   0.3542254230  -0.4499878994  -0.4139142615   0.1696832507   0.0469400959
31  4   0.4130723336  -0.1058274815   0.2611650709  -0.2897750667  -0.1499358540
31  5  -0.1694113380  -0.1446690033   0.1216590875  -0.1014840159   0.0172766863
31  6   0.0253616521   0.0549161628   0.0539964846   0.0029068121   0.0015176277
31  7  -0.0088651036   0.0062747096   0.0016387278  -0.1468905934  -0.1144153389
31  8   0.1493284386
32  1   0.0164443233  -0.0761865452   0.2394498561  -0.1457506235   0.0133075720
32  2   0.1808283331   0.0101986887   0.0434153748   0.0629771413  -0.0405866564
32  3   0.0762565292  -0.1383306457  -0.0333682628  -0.0192553114  -0.0856532507
32  4   0.1747646220  -0.0432483462   0.2020247389  -0.1980662654  -0.1119296880
32  5  -0.1305191000  -0.1374102133   0.1119621771  -0.0847628646   0.0240317122
32  6   0.0136079374   0.1665991619   0.1738676468  -0.0083126665  -0.0047074598
32  7   0.0092057767  -0.0063041387  -0.0024652152   0.5991785398   0.4142258925
32  8  -0.5409527392
33  1   0.4546029884   0.0455240258  -0.0943362821   0.0902384599  -0.0810675131
33  2   0.1817781335   0.3266551798   0.3137372677   0.3362458804  -0.2035384214
33  3  -0.0737936587  -0.0407795670   0.1148355548  -0.2052552703  -0.1766255310
33  4   0.1181154420  -0.1338871047   0.1181078900  -0.1419390198  -0.1657056812
33  5  -0.0933039615  -0.1633047392   0.1224603355  -0.0607341093   0.0304305497
33  6   0.0087337887   0.4506498579   0.4730423979   0.0024071172   0.0007266431
33  7  -0.0044037367   0.0037735721   0.0015621411  -0.2444995874  -0.1455459116
33  8   0.1905252744
34  1  -0.1954314358  -0.0092404303   0.0644398161   0.3256083877   0.0159882257
34  2   0.0465325315   0.2223321874   0.4262215756   0.1506130800  -0.4677867887
34  3   0.2725624046  -0.3032376854  -0.3931771331   0.4966309486   0.2599700985
34  4  -0.0466356918   0.3540102005   0.1433905347   0.0648427786   0.2285472855
34  5   0.1362479830   0.1612113032  -0.0965234495   0.1150637519  -0.0328922148
34  6  -0.0068727926  -0.0014672671  -0.0087526202   0.0017171161   0.0015816436
34  7   0.0011476513  -0.0073601104  -0.0009305723  -0.0259357091   0.0291632740
34  8  -0.0371798628
35  1  -0.1997337448  -0.1053501279   0.3961919118  -0.2707277419  -0.1284646768
35  2  -0.0519345834  -0.3240217912  -0.2741782347  -0.2761848811   0.1532692850
35  3   0.0950607554   0.1190090722   0.0536844259   0.1829055194   0.0236761009
35  4  -0.2292436474   0.3020728059   0.1023957906   0.1637115094   0.1798631675
35  5   0.2254421160   0.1549254498  -0.1055750356   0.1765743663  -0.0101497877
35  6  -0.0150335985   0.4870379232   0.5076064527   0.0004044456  -0.0015653372
35  7   0.0012454110  -0.0037453621   0.0002177928  -0.0289576477  -0.0010004684
35  8   0.0014039192
36  1   0.3252301513   0.0000000000   0.0000000000   0.0000000000  -0.1876606251
36  2   0.0000000000   0.0792445206  -0.0187569425   0.0140532978   0.0054277774
36  3  -0.0074361145  -0.0238212949   0.0053357045   0.0444234847  -0.0173359951
36  4  -0.0039899102   0.0829588516   0.0878503369  -0.0130104382   0.0563715650
36  5   0.0413028233   0.0546088164  -0.0430076421   0.0409285444  -0.0056432569
36  6  -0.0057881069  -0.0053268013  -0.0056526787  -0.0061253828  -0.0148376328
36  7  -0.0062563603   0.0123412351   0.0060842616   0.7447736360  -0.4079962007
36  8   0.5168645486
$end
