$energy      SCF               SCFKIN            SCFPOT
     1 -1928.223610062      1919.587435087     -3847.811045149
     2 -1928.231566938      1919.842419259     -3848.073986197
     3 -1928.233216418      1919.805826700     -3848.039043119
     4 -1928.235936193      1919.862748258     -3848.098684451
     5 -1928.237267114      1919.884519190     -3848.121786304
     6 -1928.238219376      1919.895958631     -3848.134178007
     7 -1928.238843254      1919.934732263     -3848.173575517
     8 -1928.239212390      1919.972019866     -3848.211232256
     9 -1928.239530720      1920.047454510     -3848.286985229
    10 -1928.239764953      1920.092464957     -3848.332229910
    11 -1928.239951199      1920.131784435     -3848.371735635
    12 -1928.240109585      1920.142049356     -3848.382158941
    13 -1928.240235255      1920.128338664     -3848.368573920
    14 -1928.240334828      1920.118630073     -3848.358964901
    15 -1928.240412043      1920.093038014     -3848.333450057
    16 -1928.240489046      1920.099120912     -3848.339609957
    17 -1928.240547061      1920.115242802     -3848.355789863
    18 -1928.240587442      1920.139605261     -3848.380192703
    19 -1928.240625916      1920.166428630     -3848.407054546
    20 -1928.240655870      1920.178179373     -3848.418835242
    21 -1928.240681192      1920.179709753     -3848.420390945
    22 -1928.240702614      1920.176797338     -3848.417499952
    23 -1928.240725964      1920.173622818     -3848.414348782
    24 -1928.240744167      1920.171351655     -3848.412095822
    25 -1928.240757159      1920.172531896     -3848.413289055
    26 -1928.240768551      1920.173105246     -3848.413873797
    27 -1928.240778462      1920.172161169     -3848.412939631
    28 -1928.240787809      1920.168712284     -3848.409500093
    29 -1928.240797130      1920.165217771     -3848.406014901
    30 -1928.240806386      1920.161670919     -3848.402477305
    31 -1928.240816084      1920.160316014     -3848.401132098
    32 -1928.240823514      1920.160222008     -3848.401045522
    33 -1928.240829262      1920.160796802     -3848.401626064
    34 -1928.240836850      1920.161389048     -3848.402225898
    35 -1928.240843951      1920.160160341     -3848.401004292
    36 -1928.240850407      1920.159649832     -3848.400500239
    37 -1928.240855579      1920.158713744     -3848.399569323
    38 -1928.240858949      1920.159502302     -3848.400361251
    39 -1928.240861984      1920.160304861     -3848.401166845
    40 -1928.240865552      1920.160609222     -3848.401474774
    41 -1928.240868318      1920.160486071     -3848.401354389
    42 -1928.240871555      1920.159252535     -3848.400124089
    43 -1928.240874463      1920.159830169     -3848.400704631
    44 -1928.240876864      1920.157817265     -3848.398694129
    45 -1928.240879734      1920.157913658     -3848.398793392
    46 -1928.240883070      1920.159444430     -3848.400327500
    47 -1928.240885860      1920.161138370     -3848.402024230
    48 -1928.240888277      1920.163366995     -3848.404255272
    49 -1928.240890967      1920.164690041     -3848.405581008
    50 -1928.240894048      1920.161324084     -3848.402218133
    51 -1928.240896266      1920.160996982     -3848.401893248
    52 -1928.240899257      1920.160362032     -3848.401261289
    53 -1928.240903221      1920.160488158     -3848.401391379
    54 -1928.240906390      1920.163014977     -3848.403921367
    55 -1928.240909704      1920.165911764     -3848.406821468
    56 -1928.240913169      1920.168404203     -3848.409317373
    57 -1928.240918775      1920.170239541     -3848.411158316
    58 -1928.240923084      1920.169649041     -3848.410572125
    59 -1928.240926283      1920.168261729     -3848.409188012
    60 -1928.240930553      1920.162771070     -3848.403701623
    61 -1928.240935114      1920.164863871     -3848.405798985
    62 -1928.240939176      1920.163392782     -3848.404331958
    63 -1928.240942265      1920.164614182     -3848.405556446
    64 -1928.240946769      1920.165462778     -3848.406409547
    65 -1928.240949858      1920.164397180     -3848.405347038
    66 -1928.240954068      1920.160133602     -3848.401087669
    67 -1928.240957449      1920.161294063     -3848.402251512
    68 -1928.240960653      1920.161234572     -3848.402195225
    69 -1928.240963185      1920.163236603     -3848.404199787
    70 -1928.240965300      1920.166533796     -3848.407499096
    71 -1928.240968131      1920.169576061     -3848.410544192
    72 -1928.240970415      1920.167743899     -3848.408714314
    73 -1928.240973521      1920.161260314     -3848.402233835
    74 -1928.240975297      1920.157059809     -3848.398035106
    75 -1928.240978236      1920.153263981     -3848.394242217
    76 -1928.240980034      1920.154034115     -3848.395014149
    77 -1928.240982245      1920.155829638     -3848.396811883
    78 -1928.240986225      1920.159566219     -3848.400552444
    79 -1928.240987439      1920.162004574     -3848.402992013
    80 -1928.240988722      1920.164449028     -3848.405437749
    81 -1928.240990866      1920.162252091     -3848.403242957
    82 -1928.240994774      1920.157401462     -3848.398396236
    83 -1928.240997026      1920.155825184     -3848.396822210
    84 -1928.240999255      1920.154669069     -3848.395668324
    85 -1928.241000505      1920.155319046     -3848.396319550
    86 -1928.241001674      1920.159069708     -3848.400071382
    87 -1928.241002389      1920.161119616     -3848.402122005
    88 -1928.241003079      1920.160475674     -3848.401478753
    89 -1928.241004833      1920.160009113     -3848.401013946
    90 -1928.241006195      1920.159259875     -3848.400266070
    91 -1928.241007297      1920.159652011     -3848.400659308
    92 -1928.241008534      1920.161036219     -3848.402044752
    93 -1928.241010000      1920.161665688     -3848.402675688
    94 -1928.241011751      1920.160796279     -3848.401808030
    95 -1928.241012878      1920.159173028     -3848.400185906
    96 -1928.241014260      1920.157872583     -3848.398886844
    97 -1928.241015257      1920.156499725     -3848.397514982
    98 -1928.241015958      1920.158611823     -3848.399627781
    99 -1928.241016841      1920.161141315     -3848.402158156
   100 -1928.241017492      1920.163366968     -3848.404384460
   101 -1928.241018318      1920.163728525     -3848.404746843
   102 -1928.241019172      1920.163940046     -3848.404959218
   103 -1928.241021106      1920.161645925     -3848.402667031
   104 -1928.241022737      1920.159559798     -3848.400582534
   105 -1928.241023935      1920.158650694     -3848.399674629
   106 -1928.241025669      1920.159430720     -3848.400456389
   107 -1928.241027152      1920.162196964     -3848.403224115
   108 -1928.241028129      1920.163603141     -3848.404631269
   109 -1928.241029833      1920.164394856     -3848.405424689
   110 -1928.241032275      1920.164444868     -3848.405477143
   111 -1928.241033855      1920.164479377     -3848.405513232
   112 -1928.241034808      1920.164940307     -3848.405975115
   113 -1928.241036056      1920.166367977     -3848.407404033
   114 -1928.241037205      1920.167971826     -3848.409009032
   115 -1928.241037603      1920.168646525     -3848.409684128
   116 -1928.241038095      1920.168121722     -3848.409159816
   117 -1928.241038706      1920.166802277     -3848.407840983
   118 -1928.241040245      1920.164655926     -3848.405696171
   119 -1928.241040825      1920.162772432     -3848.403813257
   120 -1928.241041740      1920.163347614     -3848.404389355
   121 -1928.241042687      1920.162126958     -3848.403169645
   122 -1928.241043045      1920.163318683     -3848.404361728
   123 -1928.241043853      1920.162942998     -3848.403986851
   124 -1928.241044303      1920.162134765     -3848.403179068
$end
