$energy      SCF               SCFKIN            SCFPOT
     1 -535.5348252652      533.2687987759     -1068.803624041
     2 -535.5334882992      533.6070034292     -1069.140491728
     3 -535.5349592946      533.5408157047     -1069.075774999
     4 -535.5364666344      533.4169853059     -1068.953451940
     5 -535.5367005912      533.3997382587     -1068.936438850
     6 -535.5369063460      533.3780654676     -1068.914971814
     7 -535.5370412518      533.3735464961     -1068.910587748
     8 -535.5371737244      533.3841388082     -1068.921312533
     9 -535.5372148707      533.3822791013     -1068.919493972
    10 -535.5372431896      533.3718171896     -1068.909060379
    11 -535.5372580095      533.3627078180     -1068.899965827
    12 -535.5372785864      533.3546369198     -1068.891915506
    13 -535.5373037694      533.3541962360     -1068.891500005
    14 -535.5373192693      533.3587518137     -1068.896071083
    15 -535.5373263781      533.3578671282     -1068.895193506
    16 -535.5373314074      533.3552243383     -1068.892555746
    17 -535.5373345430      533.3492371328     -1068.886571676
    18 -535.5373368822      533.3452000715     -1068.882536954
    19 -535.5373396625      533.3438488669     -1068.881188529
    20 -535.5373422492      533.3453815665     -1068.882723816
    21 -535.5373440117      533.3474299288     -1068.884773941
    22 -535.5373452098      533.3478313769     -1068.885176587
    23 -535.5373462746      533.3469830805     -1068.884329355
    24 -535.5373471093      533.3451788585     -1068.882525968
    25 -535.5373482595      533.3438928105     -1068.881241070
    26 -535.5373496090      533.3431229526     -1068.880472562
    27 -535.5373501022      533.3436836423     -1068.881033744
    28 -535.5373504170      533.3451456217     -1068.882496039
$end
