$grad          cartesian gradients
  cycle =      1    SCF energy =     -535.5348252652   |dE/dxyz| =  0.050537
   -1.43413583269199      0.10655598698927      0.16606913183211      c
    1.37459434195728     -0.47584626626364     -0.16749020587783      c
    3.01033560625498      1.80965464927313      0.49148563967104      c
    5.77855005279228      1.24813953887570      0.16332524949916      c
    6.73745944938950     -0.72206057276726     -0.54477780611162      o
    7.22886950001556      3.25487561541217      0.75896503425507      o
   -3.06322526103100     -2.17573995304013     -0.48878522103895      c
   -5.81058280033081     -1.58143620465432     -0.11169982150050      c
   -7.04910930241054     -2.00183034751694      1.78501073088188      o
   -6.85415948621577     -0.42718203910228     -2.12352304076447      o
   -1.80318044757016      0.68702694014282      2.12219078384661      h
   -1.96344623047355      1.71159109148792     -1.03500866763591      h
    1.73996721897530     -1.05379254531469     -2.12507450591279      h
    1.90309404723137     -2.08078310500381      1.03438505801478      h
    2.52314909351746      3.40108750512672     -0.73982021888649      h
    2.69032938431085      2.35675492879191      2.46240573696748      h
    8.95949202330459      2.65911110873203      0.47315151680992      h
   -2.58907596882727     -3.79626892203458      0.71092252698871      h
   -2.76719021497775     -2.78169008353201     -2.44714052933276      h
   -8.61173328349421     -0.13816543587589     -1.61462735430725      h
  -.53386276759204D-02  -.33253830162976D-02  0.20108296044237D-03
  0.18074752362002D-02  -.52012910944788D-03  -.19938280984494D-03
  0.16642754152790D-02  0.12214831203989D-01  0.36996725927392D-02
  -.12478768531416D-01  0.13758222217774D-01  0.53752412584381D-02
  0.13716824173607D-01  -.14737636338190D-01  -.56465606079584D-02
  -.99524122068602D-02  0.15623231904237D-02  0.92772120008675D-03
  0.38455784662355D-02  0.97859613695994D-02  0.74585093671758D-03
  0.12547278272168D-01  0.71881144926162D-02  -.18936847206623D-01
  -.13122325969979D-01  -.21508122191679D-02  0.14105427483677D-01
  0.10390114028140D-01  -.23891964145989D-02  0.50863077626584D-04
  0.30726110129908D-03  0.13399913894998D-02  0.16016099629464D-02
  -.48939608570602D-04  0.17277670528331D-02  -.71211830689053D-03
  -.27367087106940D-03  -.40447308944637D-03  -.31096348138746D-02
  0.36648896565780D-04  -.21347100811589D-02  0.22639137105772D-02
  -.14943280668701D-02  -.17943134478230D-02  -.43700865962276D-02
  -.11287835252438D-02  -.41195945095817D-02  0.26505235544571D-02
  0.54749709097748D-02  -.63363414721996D-02  -.23462491611704D-02
  0.10875541830354D-02  -.43440633188206D-02  -.57257269385262D-03
  -.58710905409155D-03  -.39771533234221D-02  -.11885376650999D-02
  -.63696005817484D-02  -.12882562012803D-02  0.54937913210265D-02
  cycle =      2    SCF energy =     -535.5334882992   |dE/dxyz| =  0.100091
   -1.42345003788763      0.11321558993311      0.16567002897203      c
    1.37098698118478     -0.47480313393678     -0.16708596338024      c
    3.00701827764857      1.78522852326856      0.48408045752441      c
    5.80351789543351      1.22062075689980      0.15257124850989      c
    6.71003295485693     -0.69259255305486     -0.53347879497442      o
    7.24878782194813      3.25174927377827      0.75709613745386      o
   -3.07091150547614     -2.19530369148343     -0.49026256251198      c
   -5.83567146988658     -1.59579817057657     -0.07381424710842      c
   -7.02285913809525     -1.99750335173086      1.75681397335845      o
   -6.87493233381613     -0.42239751794455     -2.12361832882005      o
   -1.80378524751826      0.68436584500931      2.11898786761705      h
   -1.96333750284181      1.70813939276121     -1.03358906920478      h
    1.74052097130936     -1.05299077716852     -2.11884701174349      h
    1.90302603044414     -2.07650580408211      1.02987040835670      h
    2.52615125539150      3.40467445521980     -0.73109352410794      h
    2.69259930690132      2.36500770078057      2.45709624811856      h
    8.94855461551976      2.67177803330385      0.47783319613867      h
   -2.59124849784312     -3.78756753085006      0.71208981713030      h
   -2.76601230693649     -2.77373754117067     -2.44474620014086      h
   -8.59898618061047     -0.13557760922995     -1.62560964378955      h
  0.25372164691078D-02  0.41918775902171D-02  0.74811602999628D-03
  0.73045515916853D-03  0.14561236587496D-02  0.45527599743256D-03
  -.48419343050547D-02  0.81848738805568D-04  0.36821875339904D-03
  0.21622479355463D-01  -.39241038157961D-01  -.14222414056283D-01
  -.14547345306211D-01  0.39159764007410D-01  0.13869044330632D-01
  0.61545595050961D-02  -.19165371851914D-02  -.10089079033540D-02
  0.43367829158520D-02  -.37766357464064D-02  -.97406894687930D-03
  -.27853881944420D-01  -.68722002698011D-02  0.44104666107003D-01
  0.24350348594734D-01  0.10494424373614D-01  -.43411300123655D-01
  -.70807763175602D-02  0.29714808392505D-02  -.61162098168244D-03
  -.17150331423425D-03  0.64594660588982D-03  0.57213351426850D-03
  0.12678515052194D-03  0.39106445874230D-03  0.38752976841086D-03
  0.47706970358169D-04  0.34430305510017D-03  -.12310228358226D-02
  0.27573885212705D-03  -.47437686230387D-03  0.12129687083282D-02
  -.23235394749631D-02  0.17017833500614D-02  -.48565613672485D-02
  -.17963372925565D-02  -.16330867797550D-02  0.49820902087039D-02
  -.10827207006505D-01  -.20643238878458D-02  -.10149145169094D-03
  -.78368260874181D-03  0.11972912952359D-02  -.33458329861559D-02
  0.33861597067377D-03  -.20357087405046D-02  0.11337705647027D-02
  0.98121544433997D-02  -.45391215682063D-02  0.19811982129279D-02
  cycle =      3    SCF energy =     -535.5349592946   |dE/dxyz| =  0.067912
   -1.42385330299498      0.11249686666661      0.16553441343693      c
    1.37083990107669     -0.47505870938507     -0.16716488780408      c
    3.00787161410509      1.78509895761023      0.48397912677034      c
    5.79976176686383      1.22752356163535      0.15506948293936      c
    6.71251143591898     -0.69947224436340     -0.53590998602719      o
    7.24778035729574      3.25207798526173      0.75726719025628      o
   -3.07172446750730     -2.19471826749845     -0.49009348796416      c
   -5.83079725194623     -1.59463270204661     -0.08153875694732      c
   -7.02709868669007     -1.99936094406351      1.76446229348925      o
   -6.87376049231990     -0.42290668087635     -2.12350874373770      o
   -1.80375638585895      0.68423965812243      2.11887023279746      h
   -1.96335844375483      1.70805354985454     -1.03365230732620      h
    1.74051590270948     -1.05304929462979     -2.11859587816165      h
    1.90297686900185     -2.07639957132288      1.02963328765960      h
    2.52658340748708      3.40438639662369     -0.73018306571987      h
    2.69293322146466      2.36534099905670      2.45617759229936      h
    8.95044478787692      2.67220745113937      0.47787293908163      h
   -2.59111799489835     -3.78773943275276      0.71269730612959      h
   -2.76606682863383     -2.77333515120930     -2.44493629477912      h
   -8.60068351946978     -0.13475053809643     -1.62601641899434      h
  0.22865032467262D-02  0.35921238320278D-02  0.63750455217021D-03
  0.61291161602436D-03  0.14803557704274D-02  0.48421520779451D-03
  -.39653757400475D-02  -.75662738816665D-04  0.24890544042211D-03
  0.14550954711300D-01  -.26170220927887D-01  -.94911548752812D-02
  -.87140580459445D-02  0.26664999332441D-01  0.93935652648802D-02
  0.50990187859997D-02  -.19114040563538D-02  -.95321838471724D-03
  0.33480226366386D-02  -.30587570387852D-02  -.55515708386861D-03
  -.17579846965229D-01  -.40375601557759D-02  0.29514991040280D-01
  0.15407494991492D-01  0.74500186908600D-02  -.29481534761463D-01
  -.59932253818330D-02  0.26257019052225D-02  -.44036778482365D-03
  -.11735732204620D-03  0.69956442466168D-03  0.61885406095036D-03
  0.11557942748498D-03  0.46445039825068D-03  0.34008888951444D-03
  0.16951752935500D-05  0.36743750895877D-03  -.11627487399971D-02
  0.22931878876862D-03  -.41609744577970D-03  0.11725159077245D-02
  -.21719680866531D-02  0.15003638801773D-02  -.47017199154404D-02
  -.16643102317047D-02  -.16954566746037D-02  0.47403345683821D-02
  -.93554899863366D-02  -.21476405757046D-02  -.20459782210563D-03
  -.50618853955619D-03  0.87388487791915D-03  -.31241303527956D-02
  0.17892111843318D-03  -.20263033480241D-02  0.10394678058325D-02
  0.83414500664602D-02  -.41125814017535D-02  0.19781765682750D-02
  cycle =      4    SCF energy =     -535.5364666344   |dE/dxyz| =  0.015253
   -1.42697159975611      0.10790034909331      0.16470182889360      c
    1.37000845736020     -0.47764958757528     -0.16805542599601      c
    3.01252117258608      1.78514762025737      0.48369474315494      c
    5.79239592905084      1.24025724432372      0.15969527020500      c
    6.71280292517303     -0.71444463544489     -0.54097539668637      o
    7.24195710398165      3.25529459552441      0.75872641173406      o
   -3.07522971472824     -2.19155961990021     -0.49016885712324      c
   -5.82599975000065     -1.59483824142559     -0.09613254398481      c
   -7.03136253716342     -2.00467606780251      1.78082185011583      o
   -6.86646699761006     -0.42649230748151     -2.12316046126414      o
   -1.80368714129874      0.68287072826611      2.11763000447148      h
   -1.96351636544625      1.70701098608160     -1.03409939524372      h
    1.74064185394324     -1.05373400379538     -2.11662870761333      h
    1.90269794510756     -2.07573699173264      1.02763934194586      h
    2.53003148640181      3.40235428437066     -0.72230042288228      h
    2.69553811815471      2.36858489998998      2.44848501720922      h
    8.96279339356400      2.67634346459409      0.47855615371208      h
   -2.59096192872614     -3.78827876616882      0.71759026001035      h
   -2.76596101860989     -2.76971534957647     -2.44643341936192      h
   -8.61122944225753     -0.12863671187187     -1.62962221389843      h
  0.10212489211502D-02  0.10572699124615D-02  0.48416634552771D-03
  0.41111544844532D-03  0.98368258030446D-04  0.16390604638351D-04
  -.10286115357301D-02  0.14185580538066D-02  0.49630960210559D-03
  0.19735379353927D-02  -.33328263610213D-02  -.12175819899444D-02
  0.76089034110716D-03  0.45923630037682D-02  0.15321704985921D-02
  -.27049788136972D-02  0.28703589455068D-03  0.17886232866740D-03
  0.11315641310756D-02  0.57586678058658D-03  -.35706901239464D-03
  -.30898796451201D-02  0.62031556017315D-03  0.49828771087407D-02
  0.20979214842455D-02  0.25064780658783D-02  -.70305953952438D-02
  0.31937532296465D-02  0.40879791581694D-03  -.82164422363404D-03
  0.65492890059819D-04  0.83193226651107D-03  0.57928796805645D-03
  0.56106057952345D-04  0.83620838562378D-03  0.91835879042899D-04
  -.18124610018408D-03  0.63612235904520D-03  -.29979575794811D-03
  -.34771440541370D-04  0.29722586583723D-03  0.66165047341538D-03
  -.15555912171829D-02  0.49212496583032D-04  -.31719484392062D-02
  -.12425843258022D-02  -.19195793382428D-02  0.26862369930332D-02
  -.10355906714200D-02  -.39755463092458D-02  -.12379447949831D-02
  0.38909584283750D-03  -.74503380182607D-03  -.16173047190810D-02
  -.34291366561867D-04  -.18839962188469D-02  0.56025848998254D-03
  -.90198914988876D-04  -.23119836564983D-02  0.35340748941280D-02
  cycle =      5    SCF energy =     -535.5367005912   |dE/dxyz| =  0.014688
   -1.42880537598307      0.10552716890336      0.16340719612146      c
    1.36860287951092     -0.47815503822045     -0.16818070996634      c
    3.01506836386902      1.77944931786840      0.48178386678910      c
    5.79148962253699      1.24279704134901      0.16057123143883      c
    6.70627662844356     -0.72043780611792     -0.54271861268647      o
    7.25007854269806      3.25472739074354      0.75827584885822      o
   -3.07883444842807     -2.19462292766912     -0.48957294198928      c
   -5.82386655585316     -1.59875503852826     -0.10144626700974      c
   -7.03135057977748     -2.01000164688431      1.79259214406703      o
   -6.87564852551805     -0.42740388023421     -2.12115654308326      o
   -1.80390079889778      0.68039563216611      2.11572269451000      h
   -1.96364468267735      1.70446835056134     -1.03424143076764      h
    1.74118319287767     -1.05533720122375     -2.11505464873016      h
    1.90276356846148     -2.07599178249094      1.02535502134280      h
    2.53457052558798      3.40235967113206     -0.71268826752414      h
    2.69912905070192      2.37455366275633      2.44041765004920      h
    8.96548015958084      2.68787816772375      0.48215550532989      h
   -2.59219863711580     -3.78557344201880      0.72229136901196      h
   -2.76568778075393     -2.76385623077450     -2.44773216890470      h
   -8.61070325953763     -0.12201951931556     -1.63981689945858      h
  0.81133969534911D-03  0.73411011791871D-03  0.28653990019889D-04
  0.17176083656120D-03  0.73742994979825D-03  0.31656390215301D-03
  -.68744911310432D-03  -.66442060036485D-03  -.19755992791801D-03
  -.17606899552185D-02  0.15613587536075D-02  0.58431815545035D-03
  0.19440507799550D-02  0.18636920317439D-03  0.81668617786601D-05
  0.31675665508747D-02  -.81834241422464D-03  -.47669022256316D-03
  -.11691205932177D-03  -.34281806380698D-03  0.78541904676131D-03
  0.60250503977907D-02  0.15196644779179D-02  -.56101647073373D-02
  -.43028645265609D-02  0.33382294630908D-03  0.34950962745953D-02
  -.35477647764468D-02  0.18737845956524D-02  0.69468364304665D-03
  0.21916243198513D-03  0.72927741174210D-03  0.31779985819122D-03
  0.27371057931026D-03  0.58092622416252D-03  0.35377351251785D-03
  -.13407984692237D-03  0.69872516129708D-03  0.76784166589336D-04
  -.16794233164384D-05  0.59549011895911D-03  0.36475707459928D-03
  -.11925020050101D-02  -.36015491929804D-03  -.19040864824045D-02
  -.10092787405544D-02  -.14815713736965D-02  0.13986219476241D-02
  -.48645918090515D-02  -.17981121409122D-02  -.32212557313577D-03
  0.49582449023430D-03  -.17218434077356D-03  -.14468950059349D-02
  -.84876854711513D-04  -.12309517618946D-02  0.45369732610369D-03
  0.47049344396850D-02  -.26451311839399D-02  0.11179584661586D-02
  cycle =      6    SCF energy =     -535.5369063460   |dE/dxyz| =  0.014921
   -1.43171545904735      0.10227451774930      0.16237997018227      c
    1.36719489504285     -0.47989693897972     -0.16885604075909      c
    3.01850080718139      1.77638529037506      0.48068889810780      c
    5.79201836503837      1.24600739393930      0.16165784153372      c
    6.69967242781004     -0.72943056591815     -0.54551860848738      o
    7.24965756578376      3.25580538224499      0.75884171643893      o
   -3.08154889884491     -2.19613110101881     -0.49053594533588      c
   -5.83069677497639     -1.60365413494419     -0.09902972168586      c
   -7.02587764760673     -2.01555619356517      1.79897243532466      o
   -6.87527076985470     -0.43181649145011     -2.12100839099205      o
   -1.80447228071104      0.67717309988694      2.11372057943134      h
   -1.96427385111406      1.70146870623613     -1.03505911225590      h
    1.74184330561381     -1.05790612438380     -2.11405605101822      h
    1.90281506472780     -2.07735983954424      1.02298366972140      h
    2.54029570186005      3.40310270159938     -0.70194834321826      h
    2.70380208813205      2.38186330307606      2.43179213184993      h
    8.97732104787125      2.69990921121429      0.48541853668139      h
   -2.59402035546250     -3.78326990011768      0.72861640324596      h
   -2.76537065613928     -2.75713563174044     -2.44955736085995      h
   -8.61987268557831     -0.11183079493307     -1.64953857050663      h
  0.20259672395095D-03  0.18354891538885D-03  0.49831338334250D-04
  -.18019961725366D-03  0.42143310198078D-03  0.17205003538966D-03
  -.19529282688502D-04  -.81557012962763D-03  -.27449564366058D-03
  -.43573041282813D-02  0.86446520727527D-02  0.30779136079909D-02
  0.34107257566428D-02  -.63954223246948D-02  -.22639738091458D-02
  -.50277599887671D-03  0.21623196263149D-03  0.59280230889136D-04
  0.21138845552488D-03  -.19335283226584D-03  0.13148621269721D-04
  0.26588839710883D-02  0.11307095550476D-02  -.41907228976747D-02
  -.22358662614542D-02  0.34360996719540D-03  0.24754067085295D-02
  0.15421407288855D-02  0.92735376446096D-03  -.39366540379637D-03
  0.37632246584421D-03  0.57138972724646D-03  -.96714377927472D-04
  0.40878012803907D-03  0.42452430059384D-03  0.43721236932378D-03
  -.93870357472811D-04  0.70076482574582D-03  0.42268998801216D-03
  0.23820896682923D-05  0.79032670453088D-03  0.10622364302578D-03
  -.68521683655353D-03  -.11502465088285D-02  -.31662219485396D-03
  -.67021693128733D-03  -.11511999152690D-02  -.37327311097313D-03
  -.78225493907316D-03  -.22710384219998D-02  -.69028952505651D-03
  0.54279212799417D-03  -.22346249091305D-03  -.57844089967823D-03
  0.72328302968220D-05  -.54138402127413D-03  0.50896413692508D-03
  0.27695563352125D-03  -.15810682854344D-02  0.18973977284643D-02
  cycle =      7    SCF energy =     -535.5370412518   |dE/dxyz| =  0.014986
   -1.43498764535649      0.09825972388473      0.16117759210620      c
    1.36618306249008     -0.48265595131788     -0.16991363218614      c
    3.02257575814645      1.77503268037013      0.48011235477777      c
    5.79808546927119      1.23725120768655      0.15853444363171      c
    6.68903684452098     -0.73120633011843     -0.54579711620119      o
    7.24997144620325      3.25635419753848      0.75926507534333      o
   -3.08572793650396     -2.19661460882183     -0.49107275818649      c
   -5.83552953212338     -1.60898308485661     -0.09798442749377      c
   -7.02211736808784     -2.02399477387426      1.80992696844659      o
   -6.87813932256070     -0.43844246420164     -2.11964787158564      o
   -1.80587655756478      0.67277514833256      2.11206142876283      h
   -1.96586071922826      1.69763936571512     -1.03692822186292      h
    1.74266140342175     -1.06198013901682     -2.11387190368018      h
    1.90280356532011     -2.08035929807405      1.02033722976680      h
    2.54757682815721      3.40642167827605     -0.69071120144358      h
    2.71001356246416      2.39165394054085      2.42416377226969      h
    8.99149399537066      2.71688691793291      0.49014101756356      h
   -2.59682083131572     -3.78073445229334      0.73628681004673      h
   -2.76519330923355     -2.74934588943006     -2.45257847628643      h
   -8.63014682366508     -0.09795597854640     -1.66353704639068      h
  -.49170649360014D-03  -.67696454878202D-03  0.20319907660726D-04
  -.32993486330763D-03  -.51497939006537D-03  -.17191610086648D-03
  0.14191888896148D-04  0.20947433220694D-03  0.44474935286559D-04
  0.10227179499465D-02  -.59882609891607D-03  -.27772472785739D-03
  -.18171732141218D-02  0.16110157571283D-02  0.68445642956483D-03
  -.41888565683807D-02  0.20981051159936D-02  0.87825392584423D-03
  -.28351222776055D-03  0.80001022720863D-03  -.22718353607155D-03
  0.39446354735866D-02  0.14284397962738D-02  -.75001354068861D-02
  -.33209802854179D-02  -.67849078050528D-03  0.60869824315707D-02
  0.48854816935613D-02  0.70545251071273D-05  -.75826023367064D-03
  0.44041433074212D-03  0.38981469357494D-03  -.33533382045196D-03
  0.41524913635035D-03  0.36400641043684D-03  0.34801646916346D-03
  -.31647379731456D-04  0.59388648951664D-03  0.64839072069048D-03
  0.18480057016511D-04  0.84551402085171D-03  -.13479847789493D-03
  -.39413123763529D-03  -.16213711780559D-02  0.12494576192794D-02
  -.53760862961642D-03  -.57452262068090D-03  -.18996532256883D-02
  0.30920905047879D-02  -.28534926222903D-02  -.10876422176802D-02
  0.73681943963683D-03  -.56788767802401D-03  0.59549486902784D-03
  0.20617146313302D-03  0.73273461536721D-04  0.36201092124322D-04
  -.32579232107821D-02  -.31074415747120D-03  0.18463448113043D-02
  cycle =      8    SCF energy =     -535.5371737244   |dE/dxyz| =  0.006162
   -1.43641745853384      0.09628264352717      0.16027964439690      c
    1.36604160173324     -0.48402426298016     -0.17046852129937      c
    3.02592520024260      1.77388366844030      0.47964380883144      c
    5.79922799957893      1.23479648108815      0.15778768062501      c
    6.68595475396854     -0.73838799880425     -0.54829488843640      o
    7.25634893229894      3.25326830556233      0.75815429237362      o
   -3.08884806246409     -2.19787858853801     -0.49098421087796      c
   -5.84290624208218     -1.61443342306464     -0.08859051997905      c
   -7.01632653450282     -2.03001518911403      1.81164777343844      o
   -6.88764321048972     -0.44376556193719     -2.11732773385734      o
   -1.80773299941044      0.66886650799923      2.11152765397242      h
   -1.96785263069066      1.69424139579528     -1.03904030162519      h
    1.74329058361759     -1.06604385240600     -2.11480330058256      h
    1.90271406343338     -2.08402256710063      1.01858713196009      h
    2.55369604019573      3.41185550260656     -0.68480665780201      h
    2.71561140620974      2.39990987962877      2.42209732035030      h
    8.99770721990028      2.73420598042823      0.49539427920962      h
   -2.60008823992234     -3.77808802536999      0.74101535878637      h
   -2.76548178005215     -2.74381464329959     -2.45492637308907      h
   -8.63321875330466     -0.08683436273549     -1.67692839899708      h
  -.43208199704939D-03  -.72632711275593D-03  -.14876778790398D-03
  -.48870596429052D-03  -.45594383852979D-03  -.13076779591931D-03
  0.53326793870638D-03  -.63407674156146D-03  -.25660230239280D-03
  -.15942707944843D-02  0.15133896404595D-02  0.58430803334220D-03
  -.10231525617197D-02  -.86342106767889D-03  -.19167828899513D-03
  -.35662862514385D-04  0.92785462109968D-03  0.27321480297338D-03
  -.56633545738594D-05  0.34433130430950D-03  -.11782254258473D-03
  -.11755371290414D-02  -.89025186705469D-03  0.17891390766335D-02
  0.19428802990654D-02  0.88071752978774D-03  -.18807294736583D-02
  0.10930170100117D-02  0.75446594318196D-03  -.40191210476870D-03
  0.35024942298496D-03  0.16015564042668D-03  -.34996746418626D-03
  0.39232134550455D-03  0.21502328470105D-03  0.27039277266884D-03
  0.46185592415482D-04  0.28316298341540D-03  0.30681364289737D-03
  0.85388119398067D-04  0.43362465954593D-03  -.71663435360469D-04
  -.33186989477999D-03  -.10587069272204D-02  0.16287894118294D-02
  -.48771855988139D-03  0.11569377068334D-03  -.18754426032223D-02
  0.63287653510797D-03  -.91166383848926D-03  -.31748985681645D-03
  0.50761714983894D-03  -.18644639252188D-03  0.98786279793703D-03
  0.60526634909740D-03  0.48087763066288D-03  -.47938047931931D-03
  -.48978863102436D-03  -.36353885047128D-03  0.43109385300795D-03
  cycle =      9    SCF energy =     -535.5372148707   |dE/dxyz| =  0.003682
   -1.43556890079614      0.09782506979258      0.16062960070350      c
    1.36718774238616     -0.48314285243969     -0.17023447449263      c
    3.02508901908670      1.77561015153231      0.48030087491290      c
    5.80214443818681      1.23264034339800      0.15694788944252      c
    6.68896314725305     -0.73838679234093     -0.54854966003781      o
    7.25620903088093      3.25090410573661      0.75746371543399      o
   -3.08859133756780     -2.19854730543970     -0.49094669403779      c
   -5.84367782536270     -1.61327245063344     -0.08822867552446      c
   -7.01809466039991     -2.03164938176179      1.81244188881157      o
   -6.88964636846879     -0.44606897886753     -2.11656879380264      o
   -1.80867078269141      0.66826093310847      2.11233949173567      h
   -1.96889555075318      1.69356007812369     -1.03986584812243      h
    1.74323751203457     -1.06704400419623     -2.11571501652174      h
    1.90252408136693     -2.08540111608490      1.01875110182598      h
    2.55484691782661      3.41471982946237     -0.68836177927760      h
    2.71710239063254      2.40015667553655      2.42646021845532      h
    8.99723071379734      2.73725012749922      0.49637684550029      h
   -2.60152152105044     -3.77756296321698      0.73911975664511      h
   -2.76682245375909     -2.74465043520898     -2.45399693228797      h
   -8.63304370287610     -0.08519914427359     -1.67839947196359      h
  -.13307306475450D-03  0.15186694618341D-03  -.82560777252327D-04
  -.17532168067641D-03  -.12004020376261D-03  -.26201875238916D-04
  -.43728280301100D-03  -.77679520848677D-03  -.21452369636020D-03
  0.18515274485362D-03  0.17641968547477D-03  0.49111509842548D-04
  -.13988359476095D-02  0.56982754685503D-03  0.30663054633487D-03
  0.39160923691078D-03  -.83602519688447D-04  -.86810712362106D-04
  0.48462391449039D-03  -.85115213888429D-03  -.97857473897012D-04
  -.80792896414278D-03  -.40814488930114D-04  0.80855378993565D-03
  0.12963715465129D-02  0.51962837827724D-03  -.10875848537916D-02
  0.16307950321426D-03  0.53613104944528D-03  0.19511449470283D-03
  0.25850757571933D-03  0.63713775996649D-04  -.24324193966213D-03
  0.34130115211004D-03  0.18649770118598D-04  0.26997935563886D-03
  0.50861292403668D-04  0.32756950118402D-04  -.10810471229174D-03
  0.11555020737571D-03  -.10098502518582D-04  0.10992764199966D-03
  -.48466344560645D-03  -.32150700166087D-03  0.88893898899113D-03
  -.54450560056111D-03  0.25926517336633D-03  -.87464250947421D-03
  -.31186826419764D-03  -.55732393616812D-03  -.15216194799398D-03
  0.28740420901450D-03  0.36499672102181D-03  0.43517488670622D-03
  0.50960016173850D-03  0.48897562848649D-03  -.12990617460348D-03
  0.33390073672948D-03  -.40228871685523D-03  0.91787655510797D-04
  cycle =     10    SCF energy =     -535.5372431896   |dE/dxyz| =  0.003148
   -1.43495620103234      0.09819181458563      0.16097902911303      c
    1.36843138897538     -0.48240891200603     -0.17007134583990      c
    3.02608443583869      1.77886773617671      0.48131026803380      c
    5.80438174282186      1.22916282363429      0.15571705504174      c
    6.69374641545177     -0.73970111269379     -0.54942948575770      o
    7.25590921859230      3.24918243396277      0.75708955429860      o
   -3.08982824635759     -2.19685097096325     -0.49071028903071      c
   -5.84456256065666     -1.61346290859803     -0.08681471433220      c
   -7.02065015919646     -2.03443331712783      1.81412436821152      o
   -6.89253656909938     -0.44970934953589     -2.11634676199397      o
   -1.81019363833334      0.66720027231241      2.11344004522795      h
   -1.97071499211210      1.69260862131312     -1.04140689341361      h
    1.74317543191112     -1.06837023525149     -2.11620486643532      h
    1.90210533068521     -2.08682121521104      1.01840151130166      h
    2.55772514986446      3.41811525435318     -0.69229440547650      h
    2.72028793662753      2.40069714899264      2.43133398539666      h
    8.99855995030678      2.74296120072254      0.49809961948133      h
   -2.60369382546732     -3.77782623872254      0.73737343305796      h
   -2.76907451039163     -2.74579719103371     -2.45332434241978      h
   -8.63419440870220     -0.08160396518366     -1.68130172706635      h
  0.20316264251927D-03  0.84403845034164D-04  -.96667387910337D-05
  0.89776946989112D-04  -.16638696188580D-03  -.75627204184220D-04
  -.58950180807757D-03  -.24880470810673D-04  0.27869681491363D-04
  0.45043521251881D-03  -.10928501295146D-02  -.37854931737120D-03
  -.11553743242928D-02  0.11499295806927D-02  0.48534907618972D-03
  0.56248127741487D-03  -.49342307586742D-03  -.23244736136196D-03
  0.27030004035139D-03  -.36084225940290D-03  -.15016015748895D-03
  0.47311742259342D-03  0.19845904015646D-03  0.49167189116073D-04
  0.42975908316278D-03  0.16710721780477D-03  -.70976443237530D-04
  -.56041310742311D-03  0.39526317527414D-03  0.39462833589454D-03
  0.10228489445906D-03  -.49530017615963D-05  0.16882089983617D-04
  0.14272088032423D-03  0.62447318572037D-04  0.92876428074654D-05
  0.94995155389805D-05  -.22780854992247D-03  -.38310402819354D-03
  0.59542694349895D-04  -.38485091102715D-03  0.18187322475802D-03
  -.64431411783222D-03  0.31659027056818D-03  0.15330694549168D-03
  -.62218589164905D-03  0.33640142020493D-03  0.11108570883732D-03
  -.56919478971953D-03  -.25965223517663D-03  -.42560178924900D-04
  0.23392953510222D-03  0.28424365914462D-03  0.31162152998808D-03
  0.54308017587370D-03  0.28943178480575D-03  -.10655661840693D-03
  0.69438168583304D-03  -.24810564382406D-03  -.23765374351351D-03
  cycle =     11    SCF energy =     -535.5372580095   |dE/dxyz| =  0.002540
   -1.43522871494415      0.09842178068073      0.16107944387708      c
    1.36892824753240     -0.48159569473033     -0.16978646717378      c
    3.02777681865266      1.78012072223018      0.48164623394890      c
    5.80638028241301      1.22751528280586      0.15507685632641      c
    6.69735768747465     -0.74150548513301     -0.55042093335548      o
    7.25561365600678      3.24880031344598      0.75717942198993      o
   -3.09116355634475     -2.19607244532669     -0.49013134349282      c
   -5.84676764842322     -1.61428393647202     -0.08574757033101      c
   -7.02251933331824     -2.03695587557821      1.81572864345853      o
   -6.89442711837519     -0.45297621076808     -2.11656698773795      o
   -1.81136703440135      0.66624819758556      2.11384957238461      h
   -1.97210694585454      1.69149463406669     -1.04233504189569      h
    1.74322192503943     -1.06898960112587     -2.11572247485340      h
    1.90179123869240     -2.08709703622263      1.01767176352885      h
    2.56133577809921      3.41977569631465     -0.69405783089411      h
    2.72395431399002      2.40114210692540      2.43338213427827      h
    9.00057582409559      2.74842747809911      0.49970091564581      h
   -2.60576541791177     -3.77799040775809      0.73606904065421      h
   -2.77156072897157     -2.74636232515877     -2.45278625897313      h
   -8.63602738372528     -0.07811530415443     -1.68386507998701      h
  0.25970491748017D-03  0.18761107537824D-03  -.50178077265664D-04
  0.23494960230042D-03  -.19413593461667D-03  -.62311512483898D-04
  -.56004836410267D-03  0.29832444881913D-03  0.12493645129422D-03
  0.15469272528473D-03  -.72321056298677D-03  -.24000552545200D-03
  -.68429804047671D-03  0.40720662084615D-03  0.21246244094753D-03
  0.25108895925233D-03  -.56262851349266D-03  -.23627319020703D-03
  0.33305472828674D-03  -.22831726877597D-03  0.44318978319885D-04
  0.59933227128157D-03  0.36433348418456D-03  -.30556617501700D-03
  0.18834864170358D-03  -.63223106507970D-04  0.43138177552038D-03
  -.20548389836952D-03  0.12611126959108D-03  0.34156506231525D-03
  0.42730018627689D-04  -.10300601518861D-03  0.86504134035437D-04
  0.93005344306708D-04  -.51550822596043D-04  -.51646231102045D-04
  -.96156778145232D-05  -.35060994467359D-03  -.38708008207253D-03
  0.15541092746228D-04  -.47485182493973D-03  0.96869888055739D-04
  -.66799421236937D-03  0.59600741002067D-03  -.16723273889445D-03
  -.61538939955050D-03  0.36973106875345D-03  0.53466175463602D-03
  -.28767347404707D-03  -.14042421977352D-03  -.20471143406199D-04
  0.13558204303348D-03  0.38369628581606D-03  0.10532932972807D-03
  0.54134006864812D-03  0.18349554795653D-03  -.12652183510143D-03
  0.30365640769700D-03  -.30713621774689D-05  -.27492011965374D-03
  cycle =     12    SCF energy =     -535.5372785864   |dE/dxyz| =  0.002394
   -1.43627597923983      0.09829788694382      0.16148011858093      c
    1.36877841595313     -0.47971718284939     -0.16917491406540      c
    3.03137517605485      1.78033350706199      0.48157019972250      c
    5.80981271766102      1.22617295165148      0.15444141691736      c
    6.70345722852518     -0.74316444029988     -0.55166381177719      o
    7.25514139374341      3.24981373624458      0.75790427525269      o
   -3.09404507035712     -2.19485492197049     -0.48972097841817      c
   -5.85060269946513     -1.61622695208701     -0.08433894203114      c
   -7.02626381502367     -2.04001371516924      1.81708787589846      o
   -6.89736066178472     -0.45729265008842     -2.11757980669184      o
   -1.81298389633970      0.66549661912562      2.11409621361406      h
   -1.97417981805290      1.69033345276149     -1.04332436404786      h
    1.74334514161611     -1.06858302039441     -2.11395473816662      h
    1.90140337341842     -2.08593129557724      1.01662244754244      h
    2.56819647218515      3.41992371010138     -0.69582189414942      h
    2.73072145382878      2.40048478057804      2.43424343845735      h
    9.00322863009938      2.75593041782191      0.50187180178036      h
   -2.60882604177740     -3.77941333947223      0.73407698143621      h
   -2.77662828254852     -2.74763066626414     -2.45143891742326      h
   -8.63829184877030     -0.07395698839181     -1.68641236503318      h
  0.33849973230782D-03  -.40078501937740D-04  0.12079609360661D-03
  0.18261286463384D-03  -.17390508335491D-04  -.71297451128133D-04
  -.34434210712441D-03  0.58499633208497D-03  0.21001504417760D-03
  -.33892441566571D-03  0.20407226141236D-03  0.85250773641105D-04
  -.97093176642027D-04  -.82520336949379D-03  -.22745339033448D-03
  -.38296534042892D-03  -.39212717288972D-03  -.13853867452886D-03
  0.19887263518137D-03  0.41054421034950D-03  -.27508125191056D-03
  0.57992589996902D-03  0.21251601340133D-03  -.24211402776916D-03
  0.87711335911206D-04  -.21264239403643D-03  0.70355391056182D-03
  0.15901208071392D-03  -.72786126274205D-04  0.78120751082766D-04
  0.38329006581059D-04  -.20238409573658D-03  0.48410305520642D-04
  0.32870971389359D-04  -.84621530771128D-04  -.19906235707234D-03
  -.39100251275383D-05  -.38023363929522D-03  -.11928178587437D-03
  -.28581351830695D-04  -.38562995672273D-03  -.10631261262218D-03
  -.57668580454415D-03  0.59958709914710D-03  -.34286118452381D-03
  -.51990288120111D-03  0.26947091622210D-03  0.66571543617064D-03
  0.27313467481751D-03  -.12388481116140D-03  -.49627682406850D-04
  0.11379831679890D-03  0.18193086133325D-03  0.51385055822643D-04
  0.46585447375041D-03  0.45739607613775D-04  0.12907843504830D-03
  -.57786547274633D-04  0.25223818523374D-03  -.26219309306293D-03
  cycle =     13    SCF energy =     -535.5373037694   |dE/dxyz| =  0.002774
   -1.43880273583624      0.09864291437732      0.16140609109176      c
    1.36799421796732     -0.47737836080253     -0.16803864845126      c
    3.03719141862102      1.77830338314956      0.48062299686612      c
    5.81455338671671      1.22514963990987      0.15384638691762      c
    6.71274203287299     -0.74253389030303     -0.55253841782069      o
    7.25568711660293      3.25285897865670      0.75942255241631      o
   -3.09829681437757     -2.19507597880721     -0.48759134410098      c
   -5.85627827535906     -1.61865288644709     -0.08364846605526      c
   -7.03268378399689     -2.04265106094201      1.81684754254827      o
   -6.90060906224926     -0.46206248237372     -2.11929230547673      o
   -1.81506635189410      0.66581286431417      2.11439656661324      h
   -1.97676639192734      1.68952334245757     -1.04353356584108      h
    1.74344214176530     -1.06617984886360     -2.11129849130592      h
    1.90103356629595     -2.08260447532793      1.01602335387582      h
    2.57871026414207      3.41733680523867     -0.69738340160977      h
    2.74095037444042      2.39787272642952      2.43303969543770      h
    9.00493068955455      2.76439770680158      0.50434821011463      h
   -2.61289825291728     -3.78207538202006      0.73088234743474      h
   -2.78491627987203     -2.74997657584602     -2.45028752454910      h
   -8.64091537082325     -0.07070552987567     -1.68725954070720      h
  0.10394542490599D-03  0.86157235112849D-04  -.27296931601985D-03
  0.96944011169026D-04  0.48086477905468D-04  0.15086560398148D-03
  0.10853662678141D-03  0.61717798849981D-03  0.13970706895061D-03
  -.95264046006434D-03  0.48715089042622D-03  0.20586276118335D-03
  0.16468525619440D-03  -.12744799657196D-02  -.39266594551829D-03
  -.67384869474996D-04  -.80547503077538D-04  -.41094807644915D-04
  0.14559854496864D-03  0.41925011958721D-03  0.55291962066509D-03
  0.28660312562934D-04  0.10972154387501D-03  -.17102026901139D-03
  0.26926566809055D-03  -.24461840480032D-03  0.57612440579330D-03
  0.89640271847205D-03  -.38210419686255D-03  -.18684795927382D-03
  0.59320858363444D-04  -.24854180188846D-03  0.13738149464489D-03
  0.13124798990452D-03  -.26731243129808D-03  -.83136708994368D-04
  0.34025533757465D-04  -.19152391589701D-03  0.35626206279112D-03
  -.54047231079978D-04  0.10680362287659D-03  -.46744716427499D-03
  -.33004355910589D-03  0.22410987642682D-03  -.27274339682366D-03
  -.31919136149844D-03  0.65285618387582D-05  0.38982007211289D-03
  0.90793694554881D-04  -.50182370532502D-05  -.78134854128850D-05
  -.17452828799391D-04  0.32172115032793D-03  -.44736640346594D-03
  0.33910537182920D-03  -.19881810174011D-03  -.51525574245245D-04
  -.61027356753028D-03  0.49554042556747D-03  -.52164315046739D-04
  cycle =     14    SCF energy =     -535.5373192693   |dE/dxyz| =  0.001813
   -1.44092416938672      0.09879260459734      0.16201441533983      c
    1.36713196811462     -0.47592619848977     -0.16757634834772      c
    3.04120587180038      1.77505362772609      0.47949389158341      c
    5.81913606799420      1.22544432164223      0.15371368873344      c
    6.72007829993998     -0.74005297050675     -0.55260222725705      o
    7.25556581210561      3.25574997436255      0.76079242233809      o
   -3.10153606589291     -2.19632600820951     -0.48722111088548      c
   -5.85999357158417     -1.62024318844972     -0.08364628620902      c
   -7.03848468182854     -2.04336846904029      1.81510806804440      o
   -6.90381188442275     -0.46410303706987     -2.12036365539273      o
   -1.81655053746580      0.66708661469952      2.11426273452366      h
   -1.97876387545465      1.68992300870005     -1.04319279451034      h
    1.74337079662893     -1.06352967170798     -2.11019927000532      h
    1.90092355352953     -2.08005700250189      1.01700087204399      h
    2.58680182348205      3.41425439671677     -0.69799917762629      h
    2.74881762697787      2.39534987601583      2.43096865626022      h
    9.00588603160663      2.76903822925106      0.50567465349268      h
   -2.61550980669120     -3.78504009511323      0.72953198115575      h
   -2.79175987956770     -2.75152584066130     -2.44936621822961      h
   -8.64158149015903     -0.07051828223499     -1.68643025765337      h
  -.48071131321631D-04  0.10616506431951D-03  0.46694802999805D-04
  -.58534768136102D-04  0.40992578669007D-03  0.11670419928327D-03
  0.98998660119143D-04  0.12495158356730D-03  0.38216034419704D-04
  -.31794227045766D-03  0.40233650688707D-03  0.13687817943525D-03
  -.20219956074502D-03  -.69825855408073D-03  -.17996055201219D-03
  -.53535051225256D-03  0.40952518557624D-04  0.29075825633468D-04
  0.42497517090678D-04  0.24851999225851D-03  0.13324041303495D-03
  -.13979763183700D-03  -.84478582208364D-04  0.18249684355109D-03
  0.33617788082863D-03  -.10981079136752D-03  0.15523282039398D-03
  0.13853323637047D-03  -.24773139323295D-03  -.10946498123754D-03
  0.13573493897154D-03  -.20562433365724D-03  -.19400262230792D-04
  0.15240030172939D-03  -.14876536573297D-03  -.11602884050752D-03
  0.11069072293826D-03  0.48700664444366D-04  0.60981067246332D-03
  0.20369354463794D-04  0.35118234345312D-03  -.45238110528118D-03
  -.82115687628920D-04  -.11399372472001D-03  -.11816266637016D-03
  -.93878783698605D-04  -.17536167705386D-03  -.15774105189825D-05
  0.30067677365532D-03  -.17148756517419D-03  -.79133826975797D-04
  0.17292004111966D-04  0.12804400757907D-03  -.45431055595165D-03
  0.11618789948115D-03  -.22000590243150D-03  0.26849958796558D-03
  0.12303699472258D-03  0.34850933902222D-03  -.12238866705297D-03
  cycle =     15    SCF energy =     -535.5373263781   |dE/dxyz| =  0.001400
   -1.44176553313019      0.09855988496154      0.16212429592707      c
    1.36688614834834     -0.47642808874568     -0.16764579878754      c
    3.04290369351254      1.77333694727216      0.47888095971197      c
    5.82138595964982      1.22552646988254      0.15366636285260      c
    6.72458369612553     -0.73782314210446     -0.55241768778780      o
    7.25667916278050      3.25717700256674      0.76140982912196      o
   -3.10301782837705     -2.19737691538647     -0.48729723753800      c
   -5.86147280393142     -1.62064902481013     -0.08405872692699      c
   -7.04197613503203     -2.04311766767893      1.81353817320040      o
   -6.90481502688340     -0.46428118206744     -2.12077261326465      o
   -1.81753180963121      0.66837544313034      2.11428409126463      h
   -1.98001062223019      1.69060215896761     -1.04264199311961      h
    1.74302040985673     -1.06233007476722     -2.11128129841393      h
    1.90081457102530     -2.07968327771576      1.01872181262506      h
    2.59060833280748      3.41291531530063     -0.69809290934377      h
    2.75255597278536      2.39442283826057      2.42999893883865      h
    9.00556840259545      2.77108029007672      0.50631147146549      h
   -2.61665723629450     -3.78684612732366      0.73007511867472      h
   -2.79518274098032     -2.75182764130549     -2.44968018030248      h
   -8.64257472327035     -0.07163131878745     -1.68515857079911      h
  -.31691030387068D-04  0.82067910098793D-05  0.89715478480884D-04
  -.17563891814898D-03  0.40850949798596D-03  0.14080268468257D-03
  0.45227956200627D-05  -.43662971822050D-04  -.32902486785405D-04
  -.11546322129091D-03  -.20867760377556D-03  -.58506726616715D-04
  -.40023933171583D-03  0.92683201587451D-04  0.82248421864606D-04
  0.29865482735686D-03  -.84442871347290D-04  -.58194606619377D-04
  -.47667035174809D-04  0.20817946928584D-03  -.23132908703130D-03
  -.57883515366175D-04  -.11630614371949D-03  0.17755013870158D-03
  0.19527134147256D-03  -.22312559738308D-04  0.20910372184144D-04
  0.21547069972318D-03  -.27820855975749D-03  -.90237858405784D-04
  0.10526461244691D-03  -.67325751320655D-04  0.57160226938871D-04
  0.87386735273722D-04  0.37869745617779D-04  -.13880506505619D-03
  0.15412494507957D-03  0.17479516270756D-03  0.41077511837969D-03
  0.83953795807289D-04  0.35552035390946D-03  -.23487675457463D-03
  0.51389214228982D-04  -.22527497548452D-03  -.21079321883166D-04
  0.24643882606852D-04  -.19648136729460D-03  -.13575718220174D-03
  -.43579044564684D-03  -.20772969938716D-04  0.82791305942784D-05
  0.99605312346995D-04  -.13503144142919D-03  -.22252923736140D-03
  -.46670518326387D-05  -.17189807620053D-03  0.31835950368536D-03
  0.61884660387868D-04  0.32130707517094D-03  -.17032716279003D-04
  cycle =     16    SCF energy =     -535.5373314074   |dE/dxyz| =  0.001414
   -1.44231518516151      0.09836607778982      0.16187204017658      c
    1.36721375592549     -0.47799015180910     -0.16808067947609      c
    3.04409688839960      1.77221705995321      0.47852549024631      c
    5.82340186817542      1.22574658593089      0.15365758347559      c
    6.72838223174895     -0.73630883391179     -0.55239563099812      o
    7.25687832967230      3.25834064518696      0.76195597849383      o
   -3.10388579837162     -2.19879998800127     -0.48656999432475      c
   -5.86257785476978     -1.62072528621971     -0.08446827392295      c
   -7.04454559072675     -2.04288540448934      1.81225508882087      o
   -6.90629612818948     -0.46364070068987     -2.12070704483459      o
   -1.81848166464151      0.66939460376061      2.11411748594288      h
   -1.98106873860467      1.69088603535089     -1.04187418726458      h
    1.74238185089712     -1.06208871088656     -2.11317589781746      h
    1.90052670786527     -2.08047398834603      1.02053781782800      h
    2.59313092121035      3.41267377934939     -0.69785176518062      h
    2.75508196628624      2.39455159054788      2.42952834197179      h
    9.00663006011189      2.77279727381050      0.50680458936723      h
   -2.61774269700720     -3.78755593393758      0.73122920558083      h
   -2.79741182824758     -2.75139274044997     -2.45088825899274      h
   -8.64339720484610     -0.07311002321276     -1.68450785169313      h
  -.12391188225604D-03  0.16881859786434D-03  -.12768859060350D-03
  -.92098589309264D-04  0.89103218426118D-04  0.97395752372748D-04
  -.98350962101187D-04  -.45844798948758D-04  -.26591216261293D-04
  0.20796321256725D-03  -.45170176144628D-03  -.15008818219958D-03
  -.52104462490654D-03  0.45445651676237D-03  0.21027355853004D-03
  -.63587605634380D-04  -.43582100616837D-04  -.28968669272836D-04
  0.47543386973395D-04  -.24491834409313D-03  0.27978593726991D-03
  -.68080251038327D-05  -.12134467568713D-03  0.15263252139786D-03
  0.16211704806275D-03  0.59569502512513D-04  -.12524774367700D-03
  -.36964089495360D-03  -.13485060030921D-03  0.72986176049228D-04
  0.15688125382874D-04  0.55729141846886D-04  0.16841902295575D-03
  0.49824739655674D-04  0.10260196721843D-03  -.21281585515079D-04
  0.14466422865901D-03  0.25767877375915D-03  0.10109134609590D-03
  0.11764246973187D-03  0.27948376749558D-03  0.34059026449505D-04
  0.12551662059881D-03  -.15351822796839D-03  0.15533915673924D-04
  0.10207333871151D-03  -.10885525506599D-03  -.12524214642257D-03
  -.12161205419094D-03  -.13405646107455D-03  -.46444564013245D-04
  0.79257234651714D-04  -.44748335888252D-04  -.20104104786435D-03
  -.36322019780293D-04  -.13612605759896D-03  -.10394707661918D-03
  0.49259105114056D-03  0.19125318906928D-03  -.11083835964405D-03
  cycle =     17    SCF energy =     -535.5373345430   |dE/dxyz| =  0.000944
   -1.44222069086484      0.09784255192670      0.16210859975678      c
    1.36771905578371     -0.47913432255498     -0.16861668271912      c
    3.04482569051538      1.77175028470933      0.47843071442810      c
    5.82466457351320      1.22592635022867      0.15364160539973      c
    6.73125536690856     -0.73578360582780     -0.55259074145516      o
    7.25743252074778      3.25885672302785      0.76222824425154      o
   -3.10443296777874     -2.19907949365928     -0.48698417431817      c
   -5.86325428785450     -1.62051323420879     -0.08467734139662      c
   -7.04611533045295     -2.04293263105492      1.81173350365096      o
   -6.90678839356335     -0.46288296747593     -2.12064331013770      o
   -1.81906769794241      0.66975307345351      2.11357558225666      h
   -1.98180314166178      1.69072426200885     -1.04144894175684      h
    1.74166401971301     -1.06281752840573     -2.11466220909011      h
    1.90007727113979     -2.08188966014699      1.02153321808969      h
    2.59416832485833      3.41321778945816     -0.69771584732621      h
    2.75618988786498      2.39518527874738      2.42970743937143      h
    9.00747280892876      2.77439967644248      0.50729811751609      h
   -2.61857863999515     -3.78768658893283      0.73258464351381      h
   -2.79843910326046     -2.75062112733705     -2.45128835731301      h
   -8.64476737687286     -0.07431294067246     -1.68425002532289      h
  -.78378914422722D-04  0.80369141783235D-04  0.15520588179173D-03
  -.23198356697757D-04  0.34982150700857D-04  -.69834423053028D-04
  -.11225621670202D-03  -.10194775100872D-03  0.24464338201358D-05
  0.62810550696152D-04  -.15659948127733D-03  -.45798240602801D-04
  -.29212515149191D-03  0.18337782094560D-03  0.10980602595487D-03
  -.83443422770890D-05  -.13564566644864D-03  -.63473904664456D-04
  0.42932502444934D-04  -.20417965049183D-03  -.16121986859526D-03
  0.71554768691584D-04  -.96329739372514D-04  0.31099580950267D-04
  0.80482579399577D-05  0.51351552548956D-04  0.17140162714702D-04
  -.16013463230033D-03  -.15889052713014D-03  0.26158509572050D-04
  -.29341033374953D-04  0.10252453092600D-03  0.28452761788246D-04
  -.49934883389863D-04  0.19737200778563D-03  -.40830467531882D-04
  0.11347033247823D-03  0.23887877481546D-03  -.13776205755132D-03
  0.12161410473891D-03  0.72158436368125D-04  0.28295255291605D-03
  0.11164822844824D-03  0.42910101478132D-04  -.45744836939698D-04
  0.11143409909669D-03  0.21376660351666D-04  0.23477500112064D-04
  -.12429620132614D-03  -.98573067109108D-04  -.34651831296553D-04
  0.14365261023534D-03  -.20529952149616D-03  0.72639560197648D-04
  -.81332960124930D-04  -.33070584053398D-04  -.43678377895061D-04
  0.28223379322086D-03  0.20577295875891D-03  -.41456012227391D-04
  cycle =     18    SCF energy =     -535.5373368822   |dE/dxyz| =  0.000811
   -1.44197111244960      0.09731589447124      0.16180746332090      c
    1.36814062478407     -0.48000598078866     -0.16875007103147      c
    3.04568808160510      1.77163315480679      0.47832634861737      c
    5.82589906097694      1.22598449898650      0.15357058253043      c
    6.73411449920307     -0.73541747941387     -0.55286451032204      o
    7.25794627058715      3.25958321675776      0.76258832084815      o
   -3.10501912935978     -2.19885330942400     -0.48671117214680      c
   -5.86397441003668     -1.62014010945626     -0.08482853553037      c
   -7.04741880787515     -2.04313119434381      1.81127921943274      o
   -6.90722222741244     -0.46194595530195     -2.12057014123342      o
   -1.81945824134754      0.66977553232182      2.11318147536797      h
   -1.98224424572832      1.69006744130544     -1.04104597120951      h
    1.74086710132402     -1.06395795626143     -2.11535174536387      h
    1.89944250932960     -2.08305544965343      1.02152841994498      h
    2.59490057652345      3.41345675070994     -0.69754204780822      h
    2.75696493730541      2.39556512950366      2.42975198331042      h
    9.00840029180996      2.77606352679262      0.50781701945901      h
   -2.61967758194691     -3.78723083106314      0.73331595680045      h
   -2.79914640073697     -2.75001658294482     -2.45143706469838      h
   -8.64622990682889     -0.07568840727821     -1.68410149288929      h
  -.17393600109439D-04  0.10963697693413D-04  -.50099301618422D-04
  0.25930272594593D-04  -.10239947995559D-03  0.11554290033633D-04
  -.64091541605305D-04  0.71541898740923D-04  0.73245854002868D-05
  -.14934428173301D-03  0.25044376595895D-04  0.33600530126132D-04
  -.30316905990646D-04  -.14464042817685D-03  -.17515675922369D-04
  -.49063390787640D-05  -.74923120638171D-04  -.43398958287255D-04
  0.36455402284297D-04  -.15827458556186D-03  -.43451381455117D-04
  0.86774298230452D-04  -.10640329602249D-03  -.76949323614517D-04
  -.65155366443692D-04  0.47093773942186D-04  0.11787735657987D-03
  0.85987866386861D-04  -.16888354579470D-03  -.50604792417586D-04
  -.93250707060150D-04  0.13487628498323D-03  0.49622769125249D-04
  -.89227440591921D-04  0.11450656889716D-03  0.66664203146301D-04
  0.57202596981633D-04  0.18839223793237D-03  -.27278105830295D-03
  0.66100460395588D-04  0.32002221732785D-04  0.29783213879943D-03
  0.98934668002282D-04  0.12000374645847D-03  -.39847200494773D-04
  0.93097051819736D-04  0.96879210799445D-04  0.10945298461813D-03
  -.51783766554868D-04  -.94497753502325D-04  -.37790111878985D-04
  0.13779883340253D-03  -.17144765040895D-03  0.11022632071653D-03
  -.67540381458503D-04  0.59297049069852D-05  -.14577562149067D-03
  0.53312384101195D-04  0.21616388512113D-03  0.39400535467209D-04
  cycle =     19    SCF energy =     -535.5373396625   |dE/dxyz| =  0.000911
   -1.44162604041173      0.09669912836516      0.16184757648555      c
    1.36854906929378     -0.48062705105744     -0.16904553603511      c
    3.04687732181480      1.77116898245008      0.47819468758153      c
    5.82765522783099      1.22622800382498      0.15347117942468      c
    6.73742037394569     -0.73477364287159     -0.55316576094834      o
    7.25855812838922      3.26056537067963      0.76309205726620      o
   -3.10579150455473     -2.19805738083397     -0.48640784179542      c
   -5.86487717317221     -1.61929033607401     -0.08493623809208      c
   -7.04874097886145     -2.04353705410578      1.81067134390054      o
   -6.90792776326662     -0.46035600679316     -2.12028568622979      o
   -1.81954203993890      0.66936061877837      2.11252037238234      h
   -1.98242368360222      1.68902592669979     -1.04089392599504      h
    1.73982077936622     -1.06587646296166     -2.11520707235890      h
    1.89855576436126     -2.08452526809389      1.02062707386061      h
    2.59538106557112      3.41338618247010     -0.69723096775729      h
    2.75752145006928      2.39573876949368      2.42943834324385      h
    9.00966970782164      2.77824430433924      0.50851584483398      h
   -2.62131677310485     -3.78617635422884      0.73391143976732      h
   -2.79967465506735     -2.74932536046623     -2.45105326021978      h
   -8.64808638675741     -0.07787047988825     -1.68409959191575      h
  0.12819584600515D-04  -.11655879022326D-03  0.32914140432660D-04
  0.76327614666388D-04  -.83786569654951D-04  -.10876416022537D-03
  0.15933579123384D-04  0.15022991876557D-03  0.83629504612576D-04
  -.22108765317858D-03  0.14813509858820D-03  0.68367484557574D-04
  0.15850002778617D-03  -.37711573399074D-03  -.10256732392994D-03
  -.99406496301468D-04  -.43313969576575D-05  -.10496096020496D-04
  0.27423506368141D-04  -.70672965647740D-04  0.78923324104418D-05
  0.27995020178100D-04  -.12012889477715D-03  -.75191048863749D-04
  -.65169625953057D-04  0.49537088867055D-04  0.12670001152859D-03
  0.21971848349478D-03  -.13380383004201D-03  -.10604313261486D-03
  -.11578485764307D-03  0.81751895506306D-04  -.13475239649344D-03
  -.12090787589110D-03  0.83703397243257D-05  0.12180099281851D-03
  -.29343309780050D-04  0.12135179400232D-03  -.15358849997972D-03
  -.90102606623843D-05  -.10343327751537D-04  0.23193914292852D-03
  0.51220967093290D-04  0.20239961218196D-03  -.32587977094077D-04
  0.56651985965040D-04  0.16726438526049D-03  0.12734103380553D-03
  0.98056231564662D-04  -.11020101538789D-03  -.52025386510178D-04
  0.11914701026297D-03  -.76296745529877D-04  0.88830905984966D-04
  -.46672607352183D-04  0.40534663836383D-04  -.13911893783920D-03
  -.49714758141056D-04  0.17688850770040D-03  0.91968553583392D-04
  cycle =     20    SCF energy =     -535.5373422492   |dE/dxyz| =  0.000865
   -1.44126307646338      0.09642866894738      0.16173201553320      c
    1.36873147730774     -0.48109940478382     -0.16894453661145      c
    3.04808154646501      1.77025494701996      0.47776363624439      c
    5.82959043412346      1.22681694144806      0.15345930481396      c
    6.74064271746282     -0.73353531411641     -0.55334277146261      o
    7.25930202189278      3.26171375288447      0.76367093867264      o
   -3.10660898502746     -2.19692459941008     -0.48614415476396      c
   -5.86566939104844     -1.61792872985625     -0.08511645670924      c
   -7.05001127147028     -2.04392971257136      1.80976863091383      o
   -6.90872568967462     -0.45821015278347     -2.11979696156861      o
   -1.81921213853406      0.66883895015328      2.11230901934652      h
   -1.98216338872120      1.68804306520852     -1.04103489051281      h
    1.73884575190504     -1.06812032515317     -2.11465380524053      h
    1.89769514452913     -2.08590363473352      1.01910121589282      h
    2.59557857514148      3.41254445418592     -0.69686381775778      h
    2.75777660736002      2.39527956045646      2.42870921504919      h
    9.01070179484938      2.78035331413993      0.50923514402356      h
   -2.62322379034851     -3.78496890194838      0.73432307658171      h
   -2.80000657191494     -2.74881842093078     -2.45022911555319      h
   -8.65005987810739     -0.08083256843050     -1.68398164949248      h
  0.35102967536380D-04  -.16200566734270D-03  -.91697496497685D-04
  0.47540106601629D-04  0.11075326831617D-04  0.68807635377532D-04
  0.70854254853508D-04  0.15245235318612D-03  0.15808545052232D-04
  -.94260597074847D-04  0.23982446135840D-03  0.94633462528887D-04
  0.19630106786206D-03  -.38254918714654D-03  -.10672770130764D-03
  -.80984194366973D-04  -.45727713127316D-04  -.24121080054895D-04
  -.10966166308989D-04  0.56594518808087D-05  -.17064087705444D-04
  -.36854737328926D-04  -.79787087457706D-04  -.78805455217934D-04
  -.41309821916746D-04  0.63257787563331D-04  0.90238858042602D-04
  0.24369506364036D-03  -.96652753891424D-04  -.88733292818832D-04
  -.11767932000788D-03  0.19561875480610D-04  -.18072216753008D-03
  -.12017663869283D-03  -.16645051531874D-03  0.18764582513256D-03
  -.83624510847658D-04  0.22831452113847D-04  -.54156407309769D-04
  -.87791362692843D-04  0.49349901487777D-04  0.23263357754225D-04
  0.23613590450278D-04  0.16985890247500D-03  0.51938207495779D-04
  0.83434892196518D-05  0.19466916723969D-03  0.91392841619742D-04
  0.99216069460062D-04  -.10795343854216D-03  -.51990528260423D-04
  0.99704032304970D-04  -.58483499140744D-05  0.40804932378014D-04
  -.22538785050964D-04  0.68986408913365D-04  -.27411956052575D-04
  -.23424352314783D-04  0.93657390977851D-04  0.12429588646679D-03
  cycle =     21    SCF energy =     -535.5373440117   |dE/dxyz| =  0.000629
   -1.44107819817459      0.09663460878870      0.16196659207700      c
    1.36879119593464     -0.48158965519757     -0.16916433135377      c
    3.04900487762423      1.76912568764499      0.47741833451657      c
    5.83100561201025      1.22726460487007      0.15341974737282      c
    6.74333320923481     -0.73203335592214     -0.55339987910880      o
    7.25993958292865      3.26298826607514      0.76428302066404      o
   -3.10723566624349     -2.19598812101046     -0.48576781197422      c
   -5.86620023348743     -1.61656998146970     -0.08520379944877      c
   -7.05117239710101     -2.04431026976841      1.80879184520826      o
   -6.90962206418363     -0.45620421778920     -2.11931447355614      o
   -1.81863976567226      0.66851974860735      2.11260666396017      h
   -1.98164535743873      1.68782488446629     -1.04160498549558      h
    1.73826498033162     -1.06985675759536     -2.11407044760466      h
    1.89724957539961     -2.08709284564879      1.01800175400661      h
    2.59578927330936      3.41129689437532     -0.69686725011532      h
    2.75809159437344      2.39423249345079      2.42788251982598      h
    9.01138060344436      2.78215493625314      0.50987927157161      h
   -2.62503635071415     -3.78408725242638      0.73453623719641      h
   -2.80036170050509     -2.74871813224675     -2.44953504877785      h
   -8.65185688134395     -0.08358964573076     -1.68389392156513      h
  0.30013728369860D-05  -.14650141146577D-03  0.16675670573840D-05
  0.39749580495671D-05  0.11487978342528D-03  -.45442346134045D-04
  0.92166497460308D-04  0.10651961197689D-03  0.74554431796228D-04
  -.46802296750914D-05  -.14851121916515D-04  -.49064586298830D-05
  0.11471857985723D-03  -.97287930043433D-04  -.35097017307972D-05
  0.72467044463287D-04  -.46416279431138D-07  -.13978357273570D-04
  -.11379356351787D-04  -.29929376724004D-04  0.50900736273663D-04
  -.16683201892465D-04  -.27544216518016D-04  0.73530601992847D-05
  -.15764288898684D-04  0.78389952152029D-04  -.19619317132957D-04
  0.11848847696679D-03  -.32884105781283D-04  -.60172083280241D-04
  -.10740222812596D-03  -.52359731217541D-04  -.20033257075278D-03
  -.12368069457748D-03  -.19403827545240D-03  0.11393492634702D-03
  -.11215212072415D-03  -.13652810716129D-04  0.15107509469083D-03
  -.98819766289691D-04  0.45383863944558D-04  -.75553505354958D-04
  0.59552973851323D-05  0.12493433671644D-03  0.92874863419686D-04
  -.10020288988104D-05  0.16950213699863D-03  -.26951561688970D-04
  0.54659448496856D-04  -.10041142265313D-03  -.47430792841830D-04
  0.60147714895026D-04  0.66679963211649D-04  -.49242986674308D-04
  -.61840712112446D-05  0.44278746036674D-04  0.43617921374473D-05
  0.75223029006088D-04  0.42419833365150D-05  0.11901835293387D-03
  cycle =     22    SCF energy =     -535.5373452098   |dE/dxyz| =  0.000620
   -1.44095304936236      0.09720804065635      0.16211971655356      c
    1.36881095976836     -0.48218502641709     -0.16913996243953      c
    3.04932334104928      1.76813612092200      0.47698528913147      c
    5.83176904230564      1.22769929964799      0.15345352369261      c
    6.74459792656359     -0.73095965824900     -0.55344550121033      o
    7.26009271509931      3.26378934293204      0.76469295453652      o
   -3.10755251194655     -2.19522104277956     -0.48562573802985      c
   -5.86648599803546     -1.61561965729925     -0.08521527041965      c
   -7.05171003339015     -2.04472992734012      1.80825007842450      o
   -6.91038138938394     -0.45484947326139     -2.11884340313338      o
   -1.81788957800374      0.66846927505069      2.11338881847104      h
   -1.98086990445114      1.68826078284028     -1.04231900573992      h
    1.73826884233430     -1.07091008379698     -2.11401659231430      h
    1.89728200991363     -2.08789478670376      1.01746798336957      h
    2.59582669005400      3.41009096290863     -0.69715658688147      h
    2.75821087478413      2.39304629422728      2.42740918144765      h
    9.01165337346024      2.78346669778637      0.51037955037677      h
   -2.62630770395461     -3.78367844671175      0.73478774418801      h
   -2.80046974811057     -2.74882705099363     -2.44905069892835      h
   -8.65321396896728     -0.08528977369280     -1.68415804369565      h
  -.42042289626509D-04  -.55194520441670D-04  -.33520844267276D-05
  -.45358684316765D-04  0.13574883583334D-03  0.78574939908538D-04
  0.28482266254515D-04  0.20266860881930D-04  -.15000956122455D-04
  0.14293201615975D-03  -.15294817306569D-03  -.45504308216204D-04
  -.78996786960772D-05  0.15779244282133D-03  0.80231306294393D-04
  0.12498170832292D-03  -.17472848474837D-04  -.22150788086650D-04
  0.10548607924932D-05  -.14050713302557D-04  0.88945214031522D-06
  0.30473192822428D-04  0.17870067146264D-04  0.11631149470570D-03
  0.71580764974960D-05  0.68010058988474D-04  -.12792173486209D-03
  -.31482871572404D-04  0.25722341065681D-04  -.10163726562873D-04
  -.94121526695709D-04  -.85038636884673D-04  -.71372014756460D-04
  -.12754342202748D-03  -.15983515376682D-03  0.55890882672662D-05
  -.78678819241104D-04  -.43239847970348D-04  0.14379851986256D-03
  -.81131618081988D-04  0.71699583396777D-04  -.14722273564803D-03
  0.22912612229600D-04  0.65173930051815D-04  0.12250357902847D-03
  0.25221159828497D-05  0.13750942381737D-03  -.52014688020956D-04
  0.46435275660492D-04  -.92060704209713D-04  -.44222554017173D-04
  0.39515816180873D-04  0.14286500893745D-04  -.52314571182099D-04
  0.67521385057473D-06  0.71450629992049D-05  0.37519112465419D-04
  0.16319785851051D-03  -.55772253047133D-04  0.75256763029288D-04
  cycle =     23    SCF energy =     -535.5373462746   |dE/dxyz| =  0.000580
   -1.44071500342537      0.09794125530418      0.16230118108827      c
    1.36892908846048     -0.48292317119002     -0.16943404303807      c
    3.04916491279143      1.76747681661435      0.47682324429579      c
    5.83166276506872      1.22801912925192      0.15347508375701      c
    6.74446999354238     -0.73055095695336     -0.55355373689166      o
    7.25977368903413      3.26416855198512      0.76492826405066      o
   -3.10757487227460     -2.19472841788552     -0.48552206682364      c
   -5.86669882614706     -1.61516319437486     -0.08531376369306      c
   -7.05151832634533     -2.04518744795816      1.80835256364344      o
   -6.91088520099903     -0.45419078796126     -2.11840529914349      o
   -1.81689300875863      0.66871919021257      2.11430440243697      h
   -1.97970211577897      1.68929284278255     -1.04295221195419      h
    1.73877736445066     -1.07129746017074     -2.11434574801591      h
    1.89778475857942     -2.08852944672629      1.01766158064836      h
    2.59552596009967      3.40905330069903     -0.69780360254519      h
    2.75803729260334      2.39175130438806      2.42725370323625      h
    9.01143577575790      2.78440644633670      0.51079145888805      h
   -2.62706219601613     -3.78341956644735      0.73506460066875      h
   -2.80024373475774     -2.74899327123797     -2.44883959008931      h
   -8.65426642615856     -0.08584322694263     -1.68482198311975      h
  -.62754987378566D-04  0.61248141972919D-04  0.41921623850028D-04
  -.92779482656458D-04  0.97410895896308D-04  -.27527411110104D-04
  -.22175793764040D-04  -.12962768515104D-04  0.38029350711989D-04
  0.14884128742204D-03  -.12601236140791D-03  -.45652391191402D-04
  -.88827603422631D-04  0.20541589726492D-03  0.10369496392493D-03
  0.18600618516929D-03  -.40225929062471D-04  -.31932529844490D-04
  0.53006020807655D-04  -.64095044073460D-04  0.85622118190659D-05
  0.13186056799661D-04  0.47099941300477D-04  0.48726154970924D-04
  0.28349618103107D-04  0.51964536133875D-04  -.76751472095168D-04
  -.37296398827824D-04  0.20453976783130D-04  0.44166849191674D-04
  -.90345311019964D-04  -.87525897437813D-04  0.97976241262294D-04
  -.12859446962785D-03  -.39741463693822D-04  -.13731721817436D-03
  -.36499735441922D-04  -.19940970495767D-04  0.13535612780813D-03
  -.14862491642991D-04  0.15812707852395D-04  -.72729190988295D-04
  0.38422215643048D-04  0.40588334998620D-04  0.77319694388605D-04
  0.31720675695599D-04  0.76177960068209D-04  -.89750107668195D-04
  0.25255794976722D-04  -.63255245201312D-04  -.32522456330154D-04
  0.17388349253182D-04  -.38485253996259D-04  -.48299658899180D-04
  0.50113060674484D-05  -.35138125506733D-04  0.79216098956558D-05
  0.12882155485004D-03  -.43566190237807D-04  0.28619319992894D-04
  cycle =     24    SCF energy =     -535.5373471093   |dE/dxyz| =  0.000561
   -1.44030009731754      0.09848582085298      0.16243800243869      c
    1.36932431802087     -0.48396731480355     -0.16968526356611      c
    3.04931335529026      1.76664105097269      0.47650007865899      c
    5.83187295439317      1.22834729763433      0.15346189070027      c
    6.74525777168876     -0.72999189056544     -0.55380123899472      o
    7.25931942374771      3.26486878254216      0.76533935096909      o
   -3.10789284523109     -2.19399387488257     -0.48536291984654      c
   -5.86713070163332     -1.61457058515640     -0.08541329447171      c
   -7.05174999198455     -2.04578461188017      1.80830457473055      o
   -6.91166555753495     -0.45317193699052     -2.11795759955648      o
   -1.81571551463073      0.66911449640555      2.11491776571011      h
   -1.97830546515722      1.69023098374340     -1.04328349287611      h
    1.73915164701620     -1.07203507909985     -2.11493686625542      h
    1.89814571603959     -2.08948617513937      1.01785457500831      h
    2.59535525234130      3.40783169099277     -0.69858276994017      h
    2.75802254906414      2.39026560301146      2.42719277094193      h
    9.01133568039834      2.78597787544306      0.51143201934561      h
   -2.62824900515223     -3.78288982826658      0.73556569885367      h
   -2.80023714352444     -2.74898446943151     -2.44851780779466      h
   -8.65585045610752     -0.08688594565609     -1.68550143665605      h
  -.87466479001388D-04  0.14688503262927D-03  0.75036457709642D-04
  -.77459634163640D-04  0.47633667654090D-04  -.14159818235340D-04
  -.26524833115937D-04  -.27377849333040D-04  0.18193882941886D-05
  0.71099055031845D-04  -.28627895206468D-04  -.40409690155174D-05
  -.80070786266799D-04  0.14107925444262D-03  0.77036385879026D-04
  0.16344253633351D-03  -.22669162700051D-04  -.23811331163637D-04
  0.49958268667175D-04  -.64874689492289D-04  0.28120641299128D-06
  0.72560271275501D-04  0.74002312991275D-04  -.62465890130897D-04
  -.38244105358132D-05  0.12011656352132D-04  0.22806331767905D-04
  -.22981523927670D-04  0.40027605236664D-04  0.73939697948909D-04
  -.86603686211483D-04  -.83465689130996D-04  0.20843021359974D-03
  -.13171995386129D-03  0.48741815400488D-04  -.22954466739979D-03
  -.49901979098307D-05  -.13396754564562D-04  0.48849507696073D-04
  0.18076704178034D-04  -.19440596517734D-04  -.16285944781680D-04
  0.48668354716756D-04  0.23938022141880D-04  0.30210868767526D-04
  0.42111643688503D-04  0.35027249115197D-04  -.45192832862414D-04
  0.75438793494073D-04  -.54231103456263D-04  -.31584015115368D-04
  -.66145760969222D-08  -.96891971611651D-04  -.23098628326085D-04
  0.14328832994596D-04  -.67202120995818D-04  -.13805595947984D-04
  0.66926265948383D-04  -.45838686915749D-04  -.40604746075079D-05
  cycle =     25    SCF energy =     -535.5373482595   |dE/dxyz| =  0.000472
   -1.43954467410565      0.09851191594776      0.16233421511763      c
    1.36997444793357     -0.48521401702831     -0.17001405369445      c
    3.04956175384747      1.76584543270550      0.47625276770886      c
    5.83221096690480      1.22847835149484      0.15333199140130      c
    6.74628077868766     -0.72968082958840     -0.55423247896417      o
    7.25851961921988      3.26556506206573      0.76579875907473      o
   -3.10839406725557     -2.19308947683779     -0.48518779539721      c
   -5.86782928754951     -1.61418333236096     -0.08532371741736      c
   -7.05204202902301     -2.04652154571483      1.80836412683558      o
   -6.91263086075185     -0.45230471323502     -2.11763877501066      o
   -1.81424940542080      0.66975200038647      2.11482999650643      h
   -1.97647005741482      1.69094188849838     -1.04287289877904      h
    1.73952700418882     -1.07287723748314     -2.11566010246185      h
    1.89845128359550     -2.09054271924440      1.01810604272424      h
    2.59514311443363      3.40663030401827     -0.69938539680714      h
    2.75800335023380      2.38880248455318      2.42719394039943      h
    9.01104159260665      2.78810754586674      0.51229667052941      h
   -2.62954528042803     -3.78190863800142      0.73627680003904      h
   -2.80031272369245     -2.74861808773109     -2.44812915893032      h
   -8.65769363628329     -0.08769249858514     -1.68637689547539      h
  -.78302772816626D-04  0.13182276440757D-03  0.27351632280376D-04
  -.38157352742249D-04  -.13474381813532D-04  0.22879106179041D-06
  -.70259737366407D-05  0.31346385624187D-04  0.25762097152347D-04
  0.17819416664705D-04  0.10681925477932D-03  0.36853527496189D-04
  -.39370213737656D-04  -.30919349347125D-04  0.17058584759200D-04
  0.10136456102062D-03  -.33771952647754D-05  -.12061520087728D-04
  0.27869528448798D-04  -.16340792525993D-04  -.15751263801780D-04
  0.44523300348466D-04  -.10658383649789D-04  -.15477442987993D-04
  0.42484981288763D-04  0.64282355698997D-05  0.41021119255524D-04
  0.48684187534662D-04  0.67880560476297D-04  0.22106424407253D-04
  -.84440424805481D-04  -.50234137163065D-04  0.21467017767461D-03
  -.11025642969099D-03  0.61871509015373D-04  -.18757001900564D-03
  -.30724408187702D-05  0.45469963983608D-06  -.39631093806961D-04
  0.19227433860941D-04  -.34695568859201D-04  0.40772562893678D-04
  0.45244944318469D-04  0.30099411494580D-04  -.30682688964057D-04
  0.43481738124561D-04  0.11411219202756D-05  0.84671654436430D-06
  0.11266185261898D-03  -.38616496419105D-04  -.27097442385584D-04
  -.20533752627151D-04  -.10784185638827D-03  0.65922332171606D-05
  0.36506337721118D-04  -.63901079253399D-04  -.12930198781597D-04
  -.59011043862689D-04  -.22169842197753D-04  -.21047794334407D-04
  cycle =     26    SCF energy =     -535.5373496090   |dE/dxyz| =  0.000578
   -1.43837225152717      0.09817618621260      0.16218153081219      c
    1.37085234518732     -0.48670940307495     -0.17048259929878      c
    3.04996561918945      1.76468911214767      0.47587796338153      c
    5.83262992793076      1.22848753685729      0.15311300858987      c
    6.74796609089722     -0.72914613733750     -0.55480992393028      o
    7.25730656086835      3.26651657974586      0.76642561719554      o
   -3.10908224954186     -2.19193701337285     -0.48488132873445      c
   -5.86883602930514     -1.61352689203320     -0.08528360958865      c
   -7.05269793837655     -2.04736647956190      1.80825700463945      o
   -6.91388066516421     -0.45134640752848     -2.11728069767732      o
   -1.81220810188124      0.67071289110835      2.11412204108456      h
   -1.97392470523913      1.69164677590090     -1.04184628868142      h
    1.73994583961748     -1.07395035291204     -2.11634934466284      h
    1.89875254018465     -2.09176685744235      1.01830155536480      h
    2.59482108564478      3.40498936933827     -0.70026886352384      h
    2.75793144245127      2.38696251999164      2.42710222277162      h
    9.01038360592188      2.79080528652449      0.51342181209469      h
   -2.63111911449535     -3.78039854821033      0.73715446079490      h
   -2.80060206421615     -2.74800565037033     -2.44758480036389      h
   -8.65983004841950     -0.08883062625674     -1.68720572286898      h
  -.40909479150628D-04  0.46009184689499D-04  0.27668539315073D-04
  0.86513975186692D-05  -.23668308279587D-04  -.32215168968827D-04
  0.58511844680739D-04  0.83254204115528D-04  0.21726159430142D-04
  -.74775258443460D-04  0.26153755749542D-03  0.85679559931107D-04
  0.18300325460574D-04  -.22379707911935D-03  -.41845420527896D-04
  0.59932892937264D-04  0.99395075741082D-05  -.10401119619863D-04
  -.94818604956526D-06  -.24659328893645D-04  0.13795062234090D-04
  0.38397052462280D-05  -.14552412438475D-04  -.20309134344626D-03
  0.37176766810948D-04  -.35086664568196D-06  0.15523210066701D-03
  0.12024279430084D-03  0.33291153454684D-04  0.72294803807826D-04
  -.68790818556792D-04  -.79632401510862D-05  0.75136025231723D-04
  -.68285333396933D-04  0.35871530464013D-04  -.59177008534427D-04
  -.22872803025598D-04  0.37009463846584D-04  -.68078838344914D-04
  -.20275712053902D-05  -.28565496180299D-04  0.95328490058767D-04
  0.33976882016484D-04  0.19826909570329D-04  -.82129647135901D-04
  0.33623955430700D-04  -.27854082966885D-04  0.61769810669861D-04
  0.11391083279795D-03  -.34176860397972D-04  -.23484851968292D-04
  -.40132658419380D-04  -.48815937462207D-04  0.40972660441466D-05
  0.58499558855873D-04  -.37313172860279D-04  0.68651778241183D-05
  -.13015237374368D-03  -.86320266832157D-05  -.27149263841356D-04
  cycle =     27    SCF energy =     -535.5373501022   |dE/dxyz| =  0.000499
   -1.43745633139519      0.09790948704201      0.16202669402869      c
    1.37149254392297     -0.48785754486356     -0.17080990356321      c
    3.05037402231275      1.76357503962720      0.47556684213999      c
    5.83321761013220      1.22836722253776      0.15288625467792      c
    6.74978102944315     -0.72850070066680     -0.55528590920170      o
    7.25635963596340      3.26737645414926      0.76699188926458      o
   -3.10972125278405     -2.19091978496999     -0.48460994291822      c
   -5.86967456102476     -1.61291377591411     -0.08499367577600      c
   -7.05355586955536     -2.04810537490846      1.80798520143259      o
   -6.91504844498295     -0.45056213070877     -2.11715235652813      o
   -1.81058000807681      0.67142606023527      2.11359536928119      h
   -1.97193945992502      1.69209845265382     -1.04109804218675      h
    1.74023729541410     -1.07497751978980     -2.11669992036353      h
    1.89894181066632     -2.09275599388482      1.01823030495294      h
    2.59476820257308      3.40361746313815     -0.70085102773122      h
    2.75807966915397      2.38552032925849      2.42683128890501      h
    9.00990794690527      2.79324526917466      0.51441090981904      h
   -2.63249491399259     -3.77917992328878      0.73783746648352      h
   -2.80110019068805     -2.74751402196649     -2.44711226236866      h
   -8.66158684433550     -0.08984711712862     -1.68778514294957      h
  -.87611586752079D-05  -.31234706047878D-04  -.58984538050394D-05
  0.44830375023085D-04  -.25917026809182D-04  -.40526555242643D-04
  0.70084438832961D-04  0.97220377837520D-04  0.52773064916673D-04
  -.65543461372206D-04  0.20083287416539D-03  0.63586020526564D-04
  0.29621657240714D-04  -.20544306622949D-03  -.43656498743272D-04
  0.21127809015947D-04  0.25478344297211D-04  -.27320946760501D-06
  -.23123658114955D-04  0.12806381797625D-04  0.75029564854251D-05
  -.32170732697505D-04  -.48875313015492D-04  -.39144230562976D-04
  0.89302226147892D-04  -.26492147470969D-04  0.76324748534917D-04
  0.91640386327835D-04  0.75898544038722D-04  0.31872572853198D-05
  -.54224586647667D-04  0.24239378503568D-04  -.15700790979706D-04
  -.30267011416014D-04  0.24510407891929D-05  0.44213470673505D-04
  -.40728374830381D-04  0.57944343480556D-04  -.56020776104310D-04
  -.23016880686331D-04  0.80044566895532D-06  0.98959608190813D-04
  0.23209502214360D-04  0.15865009174949D-04  -.11123959513133D-03
  0.29782194924537D-04  -.51150237073613D-04  0.63759343218617D-04
  0.11250009376676D-03  -.21186780237623D-04  -.17757332019046D-04
  -.61898639711989D-04  -.10404334952030D-04  0.78507095554320D-05
  0.80564140645594D-04  -.25750276800213D-04  0.21370758249664D-04
  -.15704232204425D-03  -.19707738229874D-04  -.36170230490812D-04
$end
