$hessapprox
  0.446102680693D+00  0.696713200184D-02  0.462263523576D+00  0.716651237046D-02
 -0.261682415047D-01  0.541407269573D+00 -0.415698961350D-01  0.861350921954D-02
  0.696285125840D-03  0.467182719554D+00  0.162129238880D-01 -0.307660962577D-01
  0.218525383924D-01  0.114435465358D-01  0.444680154134D+00  0.417998477539D-02
  0.707481919549D-02 -0.704487488323D-01  0.473948437338D-02 -0.244849607308D-01
  0.526484840265D+00 -0.144696341360D-01 -0.142152292591D-01 -0.285914203826D-02
 -0.163941475035D-01 -0.130875107545D-01 -0.809851650511D-02  0.469535524502D+00
  0.261692961913D-03 -0.318919482522D-01 -0.246871423504D-01 -0.334762367025D-02
 -0.689110107164D-01 -0.437285999617D-02  0.309949610205D-01  0.442538455886D+00
 -0.794793206780D-03 -0.181794537001D-02 -0.107318763715D-01 -0.221348574976D-02
 -0.806311026277D-02 -0.555043104933D-01  0.943567062541D-02 -0.838069361262D-02
  0.473618841908D+00 -0.208395652747D-01  0.296231731739D-01  0.383618737606D-02
 -0.223302059543D-01  0.139239483782D-01  0.725179200263D-02 -0.101812965518D+00
 -0.405338466205D-02  0.335845240373D-02  0.672613823113D+00  0.970848783523D-02
 -0.424809300660D-01 -0.391693851601D-02  0.882284198125D-02 -0.293265984955D-01
  0.715824033104D-02  0.490347141989D-01 -0.288659649929D-01 -0.449169435138D-02
 -0.277830969797D+00  0.960408369564D+00  0.620705123861D-02 -0.961915754005D-02
 -0.209361473882D-01  0.393394832111D-02 -0.149210924273D-02 -0.268536743116D-01
  0.195836158950D-01  0.243265950998D-02 -0.464196185201D-01 -0.104296789123D+00
  0.186973981306D+00  0.510031312900D+00 -0.358802737919D-01  0.429219242141D-02
 -0.296869554642D-02 -0.407815756778D-01 -0.462530539614D-02  0.237509573763D-03
 -0.316167850499D-01 -0.287888936387D-02 -0.580827864225D-02 -0.234795534672D+00
  0.233430782323D+00  0.888345544837D-01  0.424686669952D+00  0.578463007409D-02
 -0.607840869860D-03  0.247819598474D-02 -0.658352559133D-02 -0.652295869524D-02
  0.890750092107D-02 -0.522501600136D-01 -0.334458057051D-01  0.443350479543D-02
  0.297252051210D+00 -0.593083159139D+00 -0.190265954318D+00 -0.271992253211D+00
  0.906745720059D+00  0.107478734718D-01 -0.215871864618D-02 -0.933977069605D-02
  0.361220280404D-02  0.472699163505D-02 -0.457342321984D-01 -0.146975448217D-01
 -0.735681132536D-02 -0.292334051885D-01  0.110777598112D+00 -0.188195994089D+00
 -0.133291233117D+00 -0.810599869766D-01  0.186924445736D+00  0.464729297474D+00
  0.132227966167D-01 -0.199690812367D-01 -0.732346571599D-02 -0.191062489804D-01
  0.210952262991D-01  0.467806867115D-02 -0.401818066907D-01 -0.204147962372D-01
 -0.484962983037D-02 -0.116506750444D+00 -0.370683382116D-01 -0.111008169502D-01
 -0.732646644620D-02  0.406296843138D-01  0.225681273535D-02  0.676876383449D+00
  0.124401159205D-02 -0.271815211180D-01 -0.554695490144D-02  0.417323213066D-02
 -0.400338019481D-01 -0.803816108232D-02  0.842942075111D-02  0.513583748899D-02
  0.207683570362D-01 -0.658700596167D-02 -0.952557097129D-01 -0.869638027529D-02
 -0.319923311484D-01 -0.875808073200D-01 -0.386125357275D-02 -0.321211975206D-01
  0.429438234971D+00 -0.231317768118D-02  0.500580419618D-03 -0.200409619372D-01
  0.240198592862D-03 -0.277841921993D-02 -0.298248960526D-01  0.839986605029D-03
  0.244063544244D-01 -0.484364693093D-01 -0.940333066873D-03 -0.921553582616D-02
 -0.671730212293D-01 -0.187026928154D-01 -0.168758813835D-01 -0.507295426458D-01
 -0.216380883332D-01  0.522398489927D-02  0.409537224515D+00 -0.264551955805D-01
  0.157292070581D-01 -0.299903623574D-02 -0.271060603903D-01 -0.270771305419D-02
 -0.295381929696D-02 -0.158639566375D-01 -0.304572588929D-01 -0.586485099332D-02
  0.889369988517D-02 -0.864506244012D-02 -0.393620600936D-02 -0.102643646292D-01
 -0.673801174405D-02 -0.411392078639D-02 -0.272148681714D-01 -0.776688562243D-02
  0.165849638773D-02  0.469153023159D+00 -0.132381892015D-01 -0.652199155998D-01
  0.798568903859D-02 -0.107950548281D-01 -0.354770970727D-01  0.808535492846D-03
  0.158401182137D-01 -0.122589449651D-01 -0.521911355239D-02 -0.405549413633D-01
  0.115367733519D-01  0.122537228259D-01  0.113123919717D-02 -0.323654281124D-01
 -0.480424445069D-03  0.758556612072D-02  0.852587613866D-02 -0.131001462306D-02
 -0.203933462923D-01  0.484240855717D+00 -0.109928181634D-01  0.217062284355D-01
 -0.921006253153D-01  0.104927005196D-01 -0.339512780202D-01 -0.211174790168D-01
  0.263328393861D-02  0.280921295315D-01  0.491735483827D-03 -0.171149624242D-01
 -0.177351908418D-01 -0.132545107965D-01 -0.770358887905D-02 -0.878592524401D-03
 -0.226026422050D-01 -0.168064862505D-01  0.122760834036D-01  0.154462634962D-01
  0.177594506993D-01 -0.484310619932D-01  0.589500363906D+00 -0.259723462126D-01
 -0.193283736209D-01 -0.127122072406D-02 -0.230059584575D-01 -0.222422953581D-02
  0.680907664444D-02 -0.503205819616D-02 -0.212997541022D-01 -0.118878716198D-01
 -0.190870757531D-01 -0.375852225726D-01 -0.949688026588D-02  0.618873119760D-02
  0.216305239157D-02 -0.369995229034D-02  0.379802246943D-02 -0.534569454843D-02
  0.231553706989D-02 -0.778620215093D-01  0.255805003484D-01  0.983599591948D-02
  0.696768520638D+00 -0.104761509364D-01 -0.301427224213D-01 -0.112640774884D-03
 -0.184635690191D-02 -0.736618015542D-02  0.954224151411D-03 -0.161030375676D-01
 -0.234253817008D-01 -0.456093511443D-02  0.276032956644D-02 -0.634245970619D-02
 -0.309148815907D-02 -0.230346690826D-01  0.575810975401D-02 -0.292039350910D-02
 -0.286172571076D-01 -0.194775379543D-02 -0.314508913895D-02  0.893938011946D-02
 -0.820893063718D-01  0.170946688504D-02  0.502831329029D-01  0.451217611702D+00
 -0.112053623430D-01  0.100766941052D-01 -0.279634551705D-01 -0.895033859801D-02
 -0.584149569613D-02 -0.165509981360D-01 -0.934822329183D-03 -0.160564177127D-01
 -0.268759013232D-02  0.986396075300D-02 -0.462716740855D-02  0.666020308847D-02
 -0.128937652296D-01  0.406479349140D-01  0.249714883781D-01  0.126108489865D-01
  0.141920688484D-01  0.233566282587D-01  0.259522259513D-01  0.672239598168D-02
 -0.795268318534D-01 -0.274011490637D+00 -0.101306206218D+00  0.902830960307D+00
 -0.254290607917D-01 -0.193887403372D-02 -0.110865574687D-01 -0.189204923721D-01
 -0.817247515044D-02  0.263470325530D-02  0.448446705576D-02 -0.509778552858D-02
  0.708259513135D-02  0.139839642378D-01 -0.144238635130D-01  0.681665420598D-02
  0.540973593833D-01  0.874959070057D-02  0.189272617561D-01 -0.393899278836D-01
  0.128557501166D-01  0.207883638453D-01 -0.247711748327D-01 -0.210585848853D-02
  0.525153074216D-02 -0.238860022177D+00 -0.441285605425D-01  0.250460628952D+00
  0.575534021668D+00  0.222589830275D-02 -0.281191915972D-01  0.820933268723D-02
  0.272417174062D-02 -0.136544683049D-01 -0.108719032803D-01 -0.372678528822D-02
 -0.133047325505D-01  0.121658388810D-01  0.290533068683D-03 -0.204560979771D-02
 -0.812902472758D-02 -0.852320999384D-02  0.208069630201D-01 -0.334321610931D-01
 -0.190615607153D-01  0.124799394580D-01  0.209558585910D-01  0.101497687761D-01
 -0.276055340588D-01 -0.183595210226D-01 -0.614723793892D-01 -0.879953173893D-01
  0.900518750776D-01  0.786001304175D-01  0.393303435313D+00  0.197126419006D-02
 -0.164036911046D-01 -0.324233533326D-01  0.770125847134D-02 -0.442635920447D-02
 -0.224925903489D-01  0.206516291798D-02  0.192608130107D-02 -0.354752896768D-02
 -0.964999923396D-02  0.331173246673D-01  0.253225031416D-01  0.712708556349D-01
 -0.472821921488D-02  0.655702924759D-02 -0.689921200545D-02  0.877705364096D-02
  0.328444587177D-01 -0.223413777014D-01  0.405690569433D-02 -0.334402335602D-01
  0.274491123612D+00  0.100179467276D+00 -0.485505127505D+00 -0.280084138063D+00
 -0.617540559789D-01  0.766860927006D+00 -0.177899661507D-01 -0.156719043777D-01
  0.528969187541D-02 -0.193767142320D-01 -0.361519518934D-01 -0.134485516039D-01
  0.720682813639D-02  0.291184167772D-01  0.235976425963D-02 -0.637528061894D-01
  0.561726791574D-01  0.875579438238D-02  0.320497615942D-01 -0.912370962347D-01
 -0.580765014551D-01 -0.921449513070D-01  0.317707708951D-01  0.771894179473D-02
 -0.385418194910D-01  0.529560923727D-01 -0.317804822663D-01 -0.118497218476D+00
  0.106096101024D-01 -0.147510779988D-02 -0.126844363619D-01 -0.312575029219D-01
  0.369399075059D-01  0.721589783446D+00 -0.576893432778D-02 -0.430171689102D-01
 -0.117896055682D-01  0.614577460363D-02  0.108733898602D-01  0.177381919367D-01
 -0.870536958600D-02  0.134533069249D-01 -0.206727992457D-02 -0.102154773380D-01
 -0.377926743428D-01 -0.143456690008D-01 -0.172579836535D-01 -0.155593060011D-01
  0.147514107723D-01 -0.360891229844D-01 -0.140483740527D-02 -0.240026132464D-01
  0.216195917759D-02 -0.535338095702D-01  0.201298053996D-01 -0.687580230568D-03
 -0.111084061093D+00  0.644527171338D-01  0.170198574872D-01 -0.595848480794D-01
  0.535584966424D-02 -0.672261242905D-01  0.360366171030D+00  0.152523321015D-02
 -0.454083506590D-03 -0.389497602111D-01  0.389956990256D-04  0.171788216654D-01
 -0.803148551576D-02 -0.718062581753D-02 -0.100188707954D-01 -0.166096536977D-01
  0.153968915041D-01 -0.188258907799D-01  0.729324458019D-02  0.253046570310D-02
  0.123168522817D-01  0.391422775973D-01 -0.430468537172D-02 -0.101000553550D-01
  0.904928168108D-02  0.224840205105D-02 -0.292489267795D-01 -0.216587722446D-01
  0.193387261284D-01  0.633070067632D-02 -0.107882010043D+00 -0.504481383898D-01
  0.191383468975D-01 -0.441325325650D-01 -0.278790537555D-01 -0.264595984904D-01
  0.434728611155D+00 -0.526205994818D-01  0.218132963163D-02  0.688740291816D-02
 -0.379013825286D-01  0.237903249836D-01  0.758574233512D-02 -0.175273322519D-01
  0.195937201582D-01  0.903149633855D-02 -0.176503768818D-02  0.553632062052D-02
  0.157592788089D-01 -0.933280331854D-02  0.311712522003D-02  0.301708885420D-01
  0.124409331473D-01 -0.688647792301D-02  0.214075562132D-02 -0.218532156758D-01
 -0.307660457538D-01 -0.138849294032D-01 -0.161771463690D-01 -0.902278940688D-02
 -0.245768435343D-01 -0.444831674691D-01  0.124760906050D-01 -0.135310255168D-01
 -0.103175365535D-01 -0.162315679525D-01 -0.158566173864D-01  0.412014912531D+00
 -0.924175029434D-02 -0.257806471592D-01  0.426352390644D-02 -0.896138315142D-02
 -0.536802190537D-03  0.692815508858D-03  0.433356043475D-02 -0.432413944803D-02
  0.169553177930D-01  0.584855185546D-02 -0.100277223535D-01  0.130831256723D-02
 -0.108951543297D-01 -0.177203115669D-01 -0.257531309099D-01  0.247885669780D-01
 -0.259236826416D-01  0.151465973906D-01  0.417944835839D-02 -0.147901105576D-01
 -0.186757263862D-01  0.101613583340D-01 -0.320954667862D-01 -0.244085005539D-02
  0.276890964006D-01 -0.758808636205D-01  0.793695215882D-02  0.233516824646D-02
 -0.894804516932D-02  0.211074746745D-01 -0.172018583129D-01  0.409336285171D+00
  0.199403820526D-01 -0.334644571637D-01 -0.795054911681D-01  0.650927772493D-02
 -0.222233266286D-01  0.331711933357D-02 -0.298983391080D-02  0.365215509599D-02
 -0.316609072402D-01 -0.149797926559D-02 -0.286171580964D-01 -0.226110001741D-01
  0.226075019012D-01 -0.691584682726D-02 -0.844819383758D-02 -0.203490030351D-01
  0.156737490766D-02 -0.200688610084D-01 -0.274957163851D-02 -0.344784782753D-02
  0.396799432322D-03 -0.840988927889D-02 -0.105319428179D-01 -0.112373002875D-01
 -0.220631977646D-01  0.274167805300D-01 -0.512397900770D-01  0.117568746321D-01
 -0.276122332461D-01 -0.669016603352D-01  0.368048388420D-02  0.314070176933D-01
  0.428605729435D+00 -0.594381960301D-01  0.403702327261D-02  0.339618414237D-02
 -0.399030539934D-01  0.284074146118D-01  0.579281508795D-02 -0.127059889153D-01
  0.300200395721D-01  0.573806615000D-02  0.333483504659D-02  0.145088066500D-01
 -0.742263549230D-03 -0.523172567332D-02  0.115948201923D-01  0.276965153653D-02
  0.215282504118D-01 -0.454591799595D-03 -0.138806788755D-01 -0.194252522805D-01
 -0.420514523663D-01  0.441028713354D-02 -0.166760403651D-01 -0.164026446582D-01
 -0.101989660287D-01 -0.333613219515D-01 -0.190593992887D-02  0.305209150892D-02
 -0.168465592536D-01 -0.132186621905D-01  0.105110144623D-01 -0.947074272776D-01
 -0.342194191880D-01  0.207642973725D-01  0.384354865514D+00  0.205598712178D-02
 -0.563440503530D-01  0.973638975242D-02 -0.549657100052D-02  0.631923750598D-03
 -0.233947818293D-02  0.934501960177D-02 -0.363887374773D-02  0.498050310812D-02
  0.113686652796D-01 -0.270720412259D-01 -0.388563823285D-02  0.241648942225D-01
 -0.289468629782D-01  0.831220839902D-02  0.153978815912D-01 -0.181402386554D-01
 -0.118423456271D-01 -0.223201426027D-02 -0.158776059177D-01 -0.122516361123D-01
  0.465855809541D-02 -0.337670278495D-01  0.149655494176D-01 -0.644866031647D-02
 -0.237910460601D-01  0.432024612122D-03  0.144955048160D-01 -0.505867981127D-01
 -0.131101874242D-01 -0.248607801310D-01 -0.441651310970D-01 -0.337389261694D-01
 -0.332990521895D-01  0.426951282000D+00 -0.246950912560D-01  0.459294806294D-01
 -0.351844928459D-01 -0.911826155197D-02  0.112733969884D-01  0.192101450905D-02
  0.521148092153D-02  0.231846119516D-01 -0.329544207162D-01  0.795918818160D-02
  0.212954076068D-01 -0.528750477412D-02 -0.203955417699D-01 -0.196449126533D-01
  0.180210522918D-01  0.312891672709D-01  0.265585921121D-02 -0.340864578936D-01
  0.488321044221D-02 -0.366436253382D-02  0.770574667463D-02  0.358653251833D-02
  0.176375211885D-01 -0.504121801122D-01  0.165007088201D-01  0.696460155675D-02
 -0.117821363372D-01  0.383310793539D-02  0.250575060098D-02 -0.256904202883D-01
 -0.316799773504D-01 -0.525991387395D-02  0.181154875252D-01 -0.196129688654D-01
 -0.118306924890D-01  0.393453416744D+00 -0.284278587819D-01 -0.510094599984D-02
  0.333310328224D-02 -0.298845885346D-01  0.328565836017D-02  0.155839545212D-03
 -0.175575060847D-01  0.809827270755D-03 -0.419673407090D-02 -0.189685973054D-02
 -0.147033761628D-02 -0.991038528303D-02  0.758495156628D-03  0.822674522819D-02
 -0.124574291329D-01  0.448238841171D-02 -0.837360947414D-02 -0.125533118955D-01
 -0.264185957964D-01 -0.950079462553D-03 -0.250205202908D-02 -0.203431597359D-01
  0.162365909448D-01  0.492147978028D-02 -0.363508118074D-01  0.127807159773D-01
 -0.506247840921D-03 -0.232860861191D-01  0.274873235619D-01  0.177549127173D-01
 -0.422106178404D-01 -0.168044744560D-01  0.355989323564D-02 -0.563458278352D-01
 -0.190762828846D-01  0.252398433089D-02  0.448145171681D+00  0.167933301080D-01
 -0.306431254788D-01 -0.348572515240D-02  0.919320555538D-02 -0.416269846098D-01
 -0.177158417234D-02  0.826645142276D-02 -0.161824190765D-01 -0.644925656485D-02
  0.186382754391D-01 -0.378354615071D-01 -0.348394580248D-02  0.198174357058D-01
 -0.467047200882D-01  0.198850220115D-01  0.179707971556D-01 -0.288142570930D-01
 -0.165564451732D-01 -0.460719430129D-02  0.750589467402D-02  0.205205095935D-01
 -0.764048069821D-02  0.155331678335D-01  0.117299530868D-01  0.363193206802D-02
 -0.203685242349D-02  0.486684544800D-02 -0.430177594745D-02  0.607329047720D-02
  0.440388173216D-02  0.547860766286D-02 -0.196183719534D-01 -0.207230467872D-01
  0.166722543125D-01 -0.578445814723D-01 -0.336476620629D-01 -0.159535633083D-01
  0.387210278008D+00  0.406741572137D-02 -0.998889419598D-02 -0.195832474422D-02
  0.150613941467D-01 -0.402160448762D-01 -0.779468546404D-01 -0.104365192045D-01
 -0.675619303558D-02 -0.765167286416D-02 -0.580633506449D-03 -0.199268945802D-01
 -0.434159026826D-01 -0.253924163418D-02  0.328802927103D-01 -0.467338409171D-01
 -0.643839507708D-02 -0.163856846708D-02 -0.229476995232D-01  0.790265997748D-02
 -0.258335012391D-01 -0.332003133168D-01 -0.221103020257D-03 -0.563083013505D-02
 -0.235498647286D-01  0.202584132176D-02 -0.908570769165D-02 -0.262584780456D-01
 -0.224757082112D-01  0.217564172547D-01  0.476105926085D-02  0.829015283914D-02
  0.795105711889D-02 -0.241755155579D-01 -0.409203993068D-03  0.386147464106D-01
  0.724957409780D-02 -0.467107866688D-02  0.277624668551D-01  0.409527886145D+00
 -0.259438967051D-01 -0.371145892700D-02  0.127268522805D-02 -0.293385932754D-01
  0.619243744112D-02  0.960287464063D-03 -0.177929321881D-01 -0.645269306475D-03
  0.509693766985D-02 -0.466501444207D-02 -0.132334890894D-01  0.513560852605D-02
 -0.311993641787D-02 -0.712963467694D-02  0.146075714380D-01 -0.115116285274D-02
 -0.152300974047D-01  0.276990956654D-02 -0.276997979549D-01  0.372722173115D-02
 -0.412396237722D-02 -0.265330301404D-01  0.203323696262D-01 -0.700956670462D-02
 -0.429309909787D-01  0.242189531191D-01 -0.150551113915D-01 -0.194020388282D-01
  0.181690882191D-01 -0.909885837488D-02 -0.433233026648D-01 -0.596587155965D-02
 -0.114412060997D-01 -0.425574812414D-01 -0.195371159407D-01 -0.103585538402D-01
 -0.407349995725D-01 -0.241358913400D-01  0.159828057923D-01  0.455697542269D+00
  0.131920182917D-01 -0.281087598300D-01 -0.146900042419D-01  0.152309106971D-01
 -0.659477245571D-01 -0.158583774665D-02  0.157696792537D-03 -0.218409565963D-01
  0.210251842725D-02  0.163270441068D-01 -0.415983706272D-01 -0.347882217812D-02
  0.144227438707D-01 -0.199159481186D-01 -0.136091938483D-01  0.110877441363D-01
 -0.372037438958D-01  0.111120279202D-01 -0.187465063667D-02 -0.406638317369D-02
  0.838573843228D-03 -0.205400718127D-02  0.374812961582D-02  0.383075927039D-02
  0.765625032963D-02 -0.343037972867D-01 -0.971400552003D-02 -0.169950847120D-01
  0.345288053162D-01  0.235242686952D-01  0.922045221149D-02 -0.378363669327D-01
  0.131597878774D-01  0.112333330476D-01 -0.248494711540D-01  0.108979081633D-01
 -0.152127257309D-01 -0.618541247483D-01 -0.423439740331D-01 -0.106599724751D-01
  0.420659836818D+00  0.705120788050D-02 -0.980104934846D-02 -0.156830794384D-02
 -0.812759910423D-02  0.396299794492D-01 -0.420728797063D-01  0.128494072216D-01
  0.249516900406D-02 -0.659171305249D-02  0.585280717362D-02  0.117163749931D-01
 -0.358107566013D-01  0.196097107182D-02 -0.831193224832D-02 -0.725992529592D-01
  0.155602626973D-01 -0.511752693348D-02 -0.153976679932D-01 -0.341100152029D-02
  0.364449122463D-01 -0.451179213631D-01 -0.224867284492D-02  0.103785734160D-01
 -0.962898031923D-02  0.263272992547D-01 -0.454121814460D-01 -0.962056328451D-02
 -0.155851056553D-02  0.306221016736D-01  0.347516733236D-02  0.132584651148D-01
 -0.682430916292D-01 -0.172132877473D-01 -0.686603872591D-02 -0.223277591082D-01
 -0.145771330693D-01 -0.216530991202D-01 -0.644687178275D-02  0.159062087933D-01
 -0.824367815902D-02 -0.156210263694D-01  0.376246084770D+00  0.479977192606D-02
 -0.828531934821D-02 -0.442771265271D-02 -0.131557383676D-01 -0.943737378506D-02
 -0.332383703907D-02 -0.634320329499D-01  0.236402950831D-01  0.459221544153D-02
 -0.614465293486D-01  0.242503903256D-01 -0.177621040507D-02 -0.612136673594D-01
  0.155191415785D-01 -0.101166027464D-01 -0.520953577068D-01  0.854623564985D-02
 -0.644148124522D-02  0.610936639062D-02  0.177164047792D-01 -0.517759886700D-02
  0.871628207665D-02  0.870095316299D-02  0.810143788746D-02  0.226503113395D-01
 -0.139663157588D-01 -0.207730773162D-02 -0.313142430127D-02  0.185851107526D-01
  0.144295021734D-01  0.774089672149D-02 -0.120958516836D-01 -0.270312537951D-02
  0.831380045901D-02 -0.474563311719D-02  0.125372921208D-01 -0.229772520790D-01
 -0.219904274781D-01 -0.601607864248D-02 -0.170793389523D-01 -0.189762860593D-01
 -0.238437811326D-01  0.383114012939D+00 -0.113173410697D-02 -0.370147960150D-02
  0.801901982673D-02 -0.420776660227D-02 -0.352993154754D-01 -0.338975387498D-02
  0.957368038757D-02 -0.778784666819D-01 -0.166163519872D-01 -0.554453557663D-02
 -0.123844190988D-01  0.609930151207D-02  0.107653357126D-02 -0.242992256977D-01
  0.746313206935D-02 -0.102388287898D-01 -0.102058755098D-01  0.724219095824D-02
 -0.120803641051D-01 -0.109127141350D-01  0.119185318144D-01 -0.129660904946D-01
 -0.221247346107D-02 -0.107723623884D-01 -0.167408257285D-01 -0.258742202452D-02
 -0.356919212497D-02 -0.106859052536D-01  0.375322182250D-02 -0.501139246679D-02
  0.406263769179D-01  0.940780214387D-02  0.197011824363D-02  0.527380649251D-01
  0.105191912382D-01 -0.857512513387D-02  0.187384091138D-01 -0.254758723844D-01
  0.186462002591D-01  0.115208888649D-01 -0.138320798025D-01  0.153626547330D-01
  0.119695046338D-01  0.400226999254D+00  0.135322105987D-01  0.371573969356D-01
 -0.225019959538D-01  0.890823993910D-02  0.337260539353D-02 -0.549567413382D-02
 -0.112202294068D-01  0.274719209226D-01 -0.476556068382D-01 -0.206816669157D-02
 -0.207948117745D-01 -0.455601184604D-01  0.330990082122D-01  0.385196486914D-03
 -0.982792894163D-02 -0.303635503245D-01 -0.107605512340D-03 -0.678301939335D-01
  0.352524427804D-02  0.250299042317D-01  0.116524897882D-01  0.560501066061D-02
  0.212407251467D-01 -0.314057310839D-02 -0.257037506539D-01  0.286358166332D-01
 -0.585469423820D-02 -0.101948320247D-01 -0.419738041447D-01 -0.224264180669D-01
  0.154898956383D-01  0.462242295040D-01  0.375519834270D-03  0.210832673895D-01
  0.163840601289D-01 -0.725514435263D-01  0.193430804708D-01 -0.250914263622D-01
 -0.127230609848D-01  0.110000970973D-01  0.188093830896D-01  0.139265307764D-01
 -0.123519594316D-03 -0.239807718176D-01  0.351411480874D+00 -0.216144871014D-03
 -0.705582527237D-02 -0.616437279659D-02 -0.162001268577D-01 -0.753140194664D-02
 -0.128667217815D-02 -0.614834632346D-01  0.201050950007D-01  0.121424927239D-01
 -0.601230550736D-01  0.193900965604D-01  0.162680767256D-01 -0.648440671625D-01
  0.419513838854D-02  0.203009797430D-01 -0.462432052997D-01  0.343567582368D-02
  0.822025692861D-02  0.511463938128D-02  0.143832676603D-01 -0.956464986502D-02
  0.608098987143D-02  0.124711215627D-01 -0.885218965682D-02  0.146024608095D-01
  0.267741807152D-02 -0.196684118781D-01  0.515544133452D-02  0.173891993936D-01
 -0.114491457407D-01 -0.453524572241D-02 -0.396663703470D-02 -0.148621294742D-01
  0.816876848555D-02 -0.798636717895D-02 -0.386023761767D-02 -0.180852055174D-01
 -0.291536343659D-01  0.102399533161D-01 -0.244217255274D-01 -0.150541439236D-01
 -0.749095899218D-02 -0.106429055986D+00  0.859720805293D-02  0.215157798156D-02
  0.390270510576D+00  0.811272924184D-02  0.963790302297D-02  0.157385356508D-01
  0.162050334560D-02 -0.266695569772D-01 -0.536983391578D-02  0.460748904641D-03
 -0.612962743279D-01  0.307624066946D-02 -0.812104474777D-02 -0.248284365479D-01
  0.140165774266D-02  0.165934012688D-01 -0.595795929768D-02 -0.296982285380D-01
 -0.262566018717D-01 -0.270710599588D-01  0.331500029060D-01 -0.662364702630D-02
  0.119723476284D-01 -0.116324777842D-01 -0.327362300384D-02  0.351005338582D-02
 -0.141316126542D-01 -0.172460115794D-01 -0.437546580819D-01 -0.139835285447D-01
 -0.208697047342D-01  0.203541027625D-01  0.150091072707D-01  0.514633344528D-01
 -0.271402178918D-01  0.438909626208D-01  0.511942209071D-01  0.366248502178D-01
  0.118907572215D-01  0.202225182068D-01  0.108180593135D-01 -0.108012138677D-01
  0.221814767127D-01 -0.296625649969D-01 -0.272421732265D-01  0.545128769674D-03
 -0.830317363169D-01 -0.193066435619D-01  0.122419997042D-01  0.354921476763D+00
 -0.169237907496D-01 -0.701017376383D-02 -0.340225671862D-01 -0.124469657903D-01
 -0.960470285439D-02 -0.115834520420D-01  0.184477159266D-01 -0.414002291960D-01
 -0.657775804010D-01 -0.866397815573D-03  0.371903900553D-01 -0.267775627270D-01
 -0.227885532806D-01 -0.108572787342D-01 -0.228378361662D-01  0.226298773236D-01
  0.260293883114D-01 -0.535195679178D-01 -0.138238625182D-01 -0.197924025341D-01
 -0.216899077245D-02 -0.803942138900D-02 -0.379061201339D-02 -0.280769655922D-01
  0.534751495671D-02  0.222239273212D-01  0.756858312639D-02  0.241979136121D-02
  0.502211305756D-02 -0.134844591511D-01  0.719420472910D-02  0.226385771524D-01
 -0.440735710924D-01  0.695399650072D-02 -0.140527598597D-01 -0.279958172587D-01
 -0.389992934814D-02 -0.190466288865D-01 -0.111078509968D-01 -0.258934753028D-02
  0.202342030650D-01 -0.138485673345D-01  0.151520835517D-01 -0.401305578402D-01
 -0.382912374021D-02  0.991088280017D-02  0.302436991091D-01  0.391410045200D+00
 -0.132048253479D-01 -0.114376215814D-01 -0.830497733863D-02 -0.151534981844D-02
 -0.262228534920D-01 -0.883069758654D-02 -0.363673453881D-01  0.379743781464D-01
  0.138864270491D-01 -0.353936552266D-01  0.568182355039D-01  0.151810174584D-01
 -0.135243987953D-01 -0.352438065354D-01 -0.192186404980D-01 -0.293727271917D+00
  0.685177782067D-01  0.348081134551D-01 -0.102655298751D-01  0.149941504802D-01
  0.256047503473D-01 -0.424236310530D-01 -0.188127765296D-01  0.113443158750D-01
 -0.115290201746D-01 -0.741036200682D-02 -0.220260454809D-01  0.462704582762D-01
 -0.369606102876D-01 -0.376703475227D-01  0.639820930452D-02  0.300326723488D-01
 -0.250867096983D-01  0.174713703217D-01  0.180910854026D-01  0.408152329834D-01
 -0.461207142080D-02  0.350700573521D-01 -0.124862534812D-02 -0.891217946613D-02
  0.298370496916D-01  0.190280034820D-01 -0.541780131522D-01 -0.216920505600D-01
 -0.331878935511D-01 -0.487742571691D-01 -0.374065254324D-01  0.171997493882D-01
  0.586722216231D+00 -0.562570044636D-02 -0.705425311650D-02  0.288403883713D-02
 -0.191477969667D-01 -0.707754486926D-02  0.851713327854D-02 -0.139748252858D-01
 -0.354375312232D-01  0.610438479765D-02 -0.487189603045D-01 -0.419447257017D-01
  0.166805082725D-01 -0.313267283510D-01 -0.723267501085D-01  0.181770865227D-01
  0.102207046962D+00 -0.107847282745D+00 -0.178193263938D-01  0.137391843681D-01
 -0.223472879669D-01 -0.128496895836D-01  0.453889632932D-01  0.275669185546D-01
 -0.255405528981D-01 -0.825035116046D-02  0.844831830489D-01 -0.250045886418D-01
  0.359067755378D-01  0.540972188022D-01 -0.827702896032D-02 -0.178909139713D-01
 -0.602931033883D-02  0.676906893236D-02 -0.148965239884D-01 -0.454714919750D-02
  0.119233527380D-02 -0.184841608633D-01 -0.322544643859D-02  0.270041591712D-02
 -0.198637723888D-01 -0.105885821745D-01  0.140352511517D-01 -0.156667246019D-01
 -0.347870095580D-01 -0.128251322557D-02 -0.259007521789D-01 -0.418023451545D-01
  0.103122717107D-01 -0.632758289381D-01  0.286150695175D+00 -0.356942751523D-02
  0.420906249302D-02 -0.124886731746D-01 -0.861954638759D-02  0.131505320761D-01
 -0.295188680030D-01 -0.360459041364D-02  0.677091991391D-02 -0.544814944039D-01
 -0.161278836021D-01  0.812339337535D-02 -0.701926276093D-01 -0.128928042949D-01
  0.825902227181D-03 -0.657963589429D-01  0.483730800154D-01 -0.913342104447D-02
 -0.103848762375D+00  0.641919070526D-02 -0.123508555826D-01  0.288778749576D-02
  0.202090179917D-01  0.155350768637D-02  0.172716392096D-01  0.157604593511D-01
  0.271516893445D-01  0.317534357967D-01 -0.502758070486D-02 -0.148176281836D-02
  0.290769078058D-01  0.284963668992D-02  0.789155631954D-02 -0.942928428319D-02
 -0.247073267069D-01 -0.543210629022D-02 -0.210660623710D-01 -0.214169567325D-01
  0.260851955516D-02 -0.313929817486D-01  0.542774174066D-02  0.149522804665D-01
 -0.266492142023D-01 -0.144591330797D-01  0.466491044237D-02 -0.577172038275D-01
  0.811717791354D-02  0.178363140644D-01 -0.541612444705D-01 -0.272282931734D-01
 -0.351027720861D-01  0.381814933235D+00 -0.225749240476D-01  0.156581679286D-01
  0.109178569875D-01 -0.266321673506D-01 -0.104157677446D-01  0.153279256437D-02
 -0.428393933023D-02 -0.248084897409D-01 -0.749564548745D-02  0.112026445787D-02
 -0.160964089361D-01  0.342046068051D-02  0.109295667854D-01 -0.104350757710D-01
  0.566200986600D-02 -0.616063192894D-02 -0.990376275956D-02  0.103597923402D-01
 -0.482029568537D-01  0.381209009244D-01 -0.898126056044D-02 -0.363530134460D-01
  0.376113962938D-01 -0.125419687732D-01 -0.581013435298D-01  0.738272278263D-02
  0.396772597136D-02 -0.429558014837D-01  0.339920040140D-01  0.335770817806D-02
 -0.145474404499D-01  0.235854855502D-02  0.160462438047D-01 -0.100425655960D-01
  0.121339148303D-01 -0.340810063804D-01 -0.255384504546D-01 -0.386730232301D-01
  0.931202033869D-02 -0.338140255237D-01 -0.266082976055D-01 -0.841931146001D-02
  0.150151742466D-02 -0.277081049309D-01 -0.153677744162D-01 -0.427962928387D-02
 -0.252267712078D-01 -0.386377469954D-02 -0.254614923920D-02  0.221552247519D-01
  0.235011491289D-01  0.427845842534D+00 -0.320774355390D-01  0.367768396978D-02
 -0.552467393428D-02 -0.524005583492D-02 -0.104000183222D-01 -0.371082282249D-02
 -0.248741513431D-02 -0.134175760653D-01  0.981153898560D-02  0.931534372297D-02
 -0.787186180313D-02  0.164167856030D-02 -0.328957460284D-02  0.833178224605D-02
  0.148155377484D-02  0.386279806261D-02 -0.953605946896D-02  0.552575722581D-02
  0.181853691278D-01 -0.911356056430D-01  0.379702134227D-01 -0.215681371508D-02
 -0.474890797419D-01 -0.268662033078D-01 -0.199760594290D-03 -0.425376053551D-01
 -0.569416169423D-02 -0.165186648801D-01 -0.448567026662D-01  0.133854073214D-01
 -0.332739048583D-01 -0.371826600247D-01  0.309720619922D-01 -0.404168827057D-01
 -0.183328424487D-01  0.435903166355D-02 -0.149313746045D-02  0.330222607015D-01
 -0.127752602177D-01  0.102352293340D-01  0.108461016722D-02  0.147421400024D-01
  0.262835847486D-01 -0.118454131519D-01  0.561734504573D-03  0.305420587724D-01
 -0.363105071730D-01  0.140252460095D-01 -0.421872782200D-03 -0.356507625615D-01
 -0.987868956772D-02  0.126377702040D-01  0.442023200421D+00 -0.176173127635D-02
  0.207924639420D-03  0.360285691637D-02 -0.122667287492D-01  0.529770977128D-01
 -0.192032644957D-01  0.560013286622D-02  0.145439509229D-01  0.528185516220D-02
 -0.133158848646D-01  0.100578051014D-01 -0.686912302704D-02  0.203625493708D-01
 -0.102768653848D-02 -0.484867671280D-01 -0.658787729038D-02 -0.131967399891D-01
  0.195459890349D-01 -0.629839026608D-02  0.514386166663D-01 -0.980640486021D-01
  0.141221007954D-01 -0.850306053907D-02 -0.320697056957D-01 -0.781161111379D-02
 -0.415985190026D-01 -0.514371815063D-01  0.260862464679D-01  0.259500888774D-02
 -0.432587859869D-01 -0.481234898079D-02 -0.522666943819D-01  0.547560686619D-02
 -0.192703517133D-01  0.178938657945D-01 -0.250590326874D-01  0.380080417256D-02
  0.507532116984D-01 -0.617719791489D-02  0.295184387164D-02  0.139596900759D-01
 -0.887888236761D-01  0.426940127830D-02  0.102833290311D-01 -0.778556763123D-02
  0.920062384334D-02 -0.665553199353D-01  0.388420276393D-01 -0.163032131549D-01
 -0.219472458898D-01  0.400992864474D-02  0.107575291429D-01 -0.532514673190D-01
  0.375365115418D+00 -0.321479960784D-01 -0.873317677255D-02 -0.460789492874D-02
 -0.231559119839D-01  0.680087445896D-04 -0.993749505180D-03  0.930957816432D-02
 -0.121864718226D-01 -0.630928836467D-02 -0.528540533940D-02 -0.187206756433D-01
 -0.154389304980D-01  0.351025723634D-01 -0.126760241721D-01 -0.249248047883D-01
 -0.275732916916D-01  0.640087037402D-05 -0.428878852407D-02 -0.525676979197D-01
 -0.141145687511D-02  0.192507511192D-01 -0.595957109522D-01 -0.913217814149D-02
  0.247735074351D-01 -0.639806643175D-01  0.127193696215D-01 -0.489078991947D-02
 -0.457307000263D-01 -0.688498558690D-02 -0.174427527718D-02 -0.306346390041D-01
  0.205704034344D-01 -0.960688859241D-02 -0.359355207322D-01  0.514207495438D-02
  0.348663603957D-01 -0.340442316840D-01  0.296061845169D-01 -0.971536259838D-02
 -0.292411249173D-01  0.178987993093D-01  0.102642444469D-01  0.359229754369D-01
 -0.161135866258D-01 -0.153894728545D-01  0.412503414043D-01 -0.255759085939D-01
 -0.118567068009D-02 -0.208198868662D-01  0.334851459109D-02 -0.113812303432D-01
 -0.422342800041D-01 -0.138804914924D-01 -0.127935307558D-01  0.411643265083D+00
 -0.106583916356D-01  0.415775960245D-02  0.115195256929D-01 -0.652239764449D-02
  0.654590969062D-02  0.178703197269D-01 -0.636230862866D-02 -0.404553351568D-02
 -0.116402401129D-01 -0.257195221258D-02 -0.196088997009D-02  0.391479385365D-02
  0.131643184897D-01 -0.143511697613D-01  0.302125490605D-01 -0.789238023612D-02
 -0.631231611370D-02 -0.224068661013D-01  0.942234747894D-02 -0.275765924097D-01
  0.116745594527D-01  0.998828588774D-02 -0.275637755329D-01 -0.770692474782D-02
 -0.132631913455D-01 -0.143377622703D-01  0.689896492560D-02  0.117863529138D-01
 -0.719091703761D-01 -0.118354109919D-01 -0.127354948094D-01 -0.576414749155D-02
  0.177198020121D-01 -0.108812368108D-01 -0.243048778493D-01 -0.535209173686D-01
  0.141307919434D-01 -0.259492601242D-01  0.341262012285D-01  0.690809141660D-02
  0.122755622630D-01  0.275225199674D-01  0.634789057289D-02 -0.397736749388D-01
 -0.761914278740D-01  0.130897208435D-02 -0.269965751532D-01  0.193306578993D-02
 -0.231385832413D-01 -0.259189027281D-01 -0.183481488168D-01  0.122723337884D-02
 -0.471866617576D-01 -0.158787437596D-02 -0.355304880764D-03  0.402155813670D+00
 -0.217006486983D-02 -0.210016401398D-01  0.249231087985D-02 -0.115752972551D-02
  0.441097041458D-02 -0.398102502602D-01 -0.134701346165D-01 -0.231469601677D-01
 -0.809071560942D-02  0.153138458896D-01  0.559399437232D-02 -0.775356821271D-02
 -0.190368770887D-01  0.217194580395D-01 -0.245253905575D-01  0.183025822509D-01
 -0.236269975881D-01  0.486619284340D-02  0.155228517948D-02 -0.137167324211D-01
 -0.117286423506D+00  0.128616332954D-02 -0.134931942064D-01 -0.453849303323D-01
  0.582625816044D-04 -0.171902212886D-01 -0.504290271614D-01  0.103112168350D-01
  0.161080908141D-01 -0.308421642388D-01 -0.108843566832D-01 -0.165895474467D-01
 -0.405460619398D-01 -0.173986932920D-01  0.193557839433D-01  0.153762099690D-02
 -0.754767916265D-03  0.360103991568D-01 -0.699881131948D-01  0.323787206320D-02
 -0.225388666969D-01 -0.133635841855D-01  0.445207824511D-02  0.250526659334D-01
  0.321319851297D-01  0.334127527017D-02 -0.134196777113D-02 -0.150996202924D-02
 -0.142452037850D-01 -0.557215241991D-02  0.700171392161D-02  0.211981516967D-01
 -0.366424119210D-01 -0.270301653826D-01 -0.279007288993D-02  0.476519420101D-01
  0.451572118805D+00 -0.211448698185D-01  0.283460757219D-01  0.921716613977D-02
 -0.209045071411D-01 -0.384290648967D-02 -0.762225257789D-02 -0.340145037836D-01
 -0.673287026640D-01 -0.233035398278D-01  0.497538739148D-01 -0.525989873371D-01
 -0.331975786428D-01 -0.458815574390D-01  0.970536086518D-01  0.853253349051D-02
  0.364731668146D-01 -0.143176218735D-01 -0.111017997704D-01 -0.347582212184D-01
 -0.297690371964D-01  0.333940406663D-01  0.486588659024D-02  0.963153659312D-02
  0.246220160134D-01 -0.345601498468D-01 -0.189217164797D-01 -0.472972304913D-02
 -0.287814214014D+00  0.782961012185D-01  0.784998958095D-01  0.334194259156D-02
 -0.129449749355D-01  0.168945795297D-01  0.507090633106D-05  0.682889110359D-02
 -0.102046272889D-01 -0.246719322552D-01 -0.346825406297D-01 -0.813029355098D-02
 -0.170359706198D-01 -0.388288741604D-01 -0.202900167183D-01 -0.237305245105D-01
 -0.157308736931D-01  0.988155725149D-02 -0.150079701573D-01 -0.140362233167D-01
 -0.188281027366D-01 -0.590686692230D-01  0.802773299410D-01  0.183773194177D-01
 -0.631298726803D-01  0.403938556272D-01  0.407043635615D-02 -0.302816709351D-01
  0.200969572791D-01  0.285396752567D-02  0.617564692825D+00  0.565944506897D-02
 -0.286772195400D-01  0.323513717489D-02  0.418083638233D-02 -0.431152187876D-01
 -0.378658473800D-02 -0.552373021055D-02 -0.109620407339D-01 -0.110915836407D-01
 -0.114964383833D-02  0.687718921722D-01  0.137815733262D-01  0.777225580621D-01
  0.577456783809D-01  0.155319099951D-01 -0.689614670863D-02  0.688790593248D-01
  0.268918199822D-02  0.216194839112D-01 -0.285254119555D-01  0.792907248674D-02
  0.278103978394D-01 -0.138129848415D-01 -0.413801547485D-01 -0.181863895386D-01
 -0.395338119391D-01 -0.282696673602D-01  0.657643444269D-01 -0.522208527008D-02
  0.946584334975D-03 -0.461384934506D-02 -0.249800900914D-01  0.874965565870D-02
 -0.126595716653D-01 -0.425186490875D-01 -0.236430759402D-01 -0.189992633509D-01
 -0.623514736092D-01  0.559284585162D-03 -0.337318335604D-02 -0.406880702862D-01
  0.557393545577D-02 -0.569407082245D-01 -0.356800366201D-01 -0.165439687046D-01
 -0.500884891742D-01 -0.133169012165D-01 -0.241675359001D-01 -0.931251574539D-02
  0.428686830188D-02 -0.180108317580D-01  0.659781826287D-02 -0.343861813227D-01
  0.352241074408D-01  0.363105045644D-01 -0.611837352330D-01  0.189573873831D-01
 -0.579218973605D-01  0.285270412355D+00 -0.196287844815D-02  0.110258654305D-01
 -0.373378850979D-01  0.966469938737D-03 -0.154911269911D-01 -0.953331592065D-02
 -0.117449785394D-02  0.720022561382D-02 -0.113578687481D-01 -0.131516938031D-01
 -0.487963554545D-02  0.228991059199D-01 -0.341133897940D-01 -0.520129796545D-01
  0.367652505111D-01 -0.190394897665D-01 -0.242650553736D-02  0.192580632718D-01
 -0.340912870559D-02  0.187545613538D-01 -0.485423937254D-01 -0.383127825994D-01
 -0.289779380053D-02 -0.514744062262D-01  0.192155692795D-01 -0.170807719886D-01
 -0.427437001064D-01  0.564449913374D-01 -0.513048907559D-01 -0.876584270685D-01
 -0.711230460453D-02  0.570552289556D-02 -0.291753376778D-01  0.286148204656D-01
  0.136397929343D-03 -0.913568109594D-01  0.391288945014D-01 -0.418382163907D-01
  0.178294356310D-02 -0.523075980289D-03 -0.983967025953D-02  0.329466176634D-02
  0.169523778173D-01 -0.467654718926D-02 -0.245984030181D-01 -0.166945290466D-01
  0.278257225440D-01 -0.230455370875D-01  0.354830370992D-01  0.660233754047D-01
  0.629264293026D-01 -0.292826989226D-01  0.198673273214D-01  0.210628405170D-02
  0.369058871231D-01 -0.780643333091D-02 -0.230415859672D-01 -0.689355780374D-01
  0.537155729507D-01  0.330832933217D+00
$end
