$grad          cartesian gradients
  cycle =      1    SCF energy =     -726.1995084796   |dE/dxyz| =  0.000627
  -11.03535126639732     -2.15867515566153      3.17385846697441      c
  -10.38262405271462     -1.61970025953033      0.40975844652356      c
   -8.40597803951145      0.28152634918486      0.16420647336471      n
   -7.64018090969598      0.81201083871626     -2.43141222896353      c
   -5.42601550325595      2.67933689363599     -2.48837129855310      c
   -3.09614045272340      1.83670231874065     -1.28240501281644      n
   -1.75366144811415     -0.19727457097547     -2.58559108380224      c
    0.90578241198820     -0.51178316236462     -1.52661916128519      c
    2.40451509640055      1.75062296353950     -1.96729175873169      n
    4.88227372520330      1.77271488153110     -0.76028197242083      c
    6.84782429775579      0.27774507643176     -2.28932743550194      c
    9.39832205807297      0.20490714583165     -1.24585655145757      n
    9.72898327966708     -1.18617385298479      1.11821423912656      c
   12.46044917192461     -2.04747368903101      1.43483642771245      c
   14.18412441204133      0.12399686241957      1.38379453954065      n
  -12.05748883237889     -0.05466539993275      4.64106087728929      n
   -9.34085672811312     -2.83164303851489      4.14263584514982      h
  -12.41086596436175     -3.70107581541078      3.22562155964424      h
  -12.12559780592948     -1.08964801093417     -0.61459893949358      h
   -9.69866566554037     -3.36737309106179     -0.46121886369640      h
   -9.00125221759055      1.91347638585800      0.97827909527702      h
   -9.19845111219313      1.57519934925431     -3.58953845123007      h
   -7.08111547497529     -0.97352042758897     -3.30949755915994      h
   -6.02209501747568      4.43834712094713     -1.56947894486030      h
   -5.00222143771573      3.16395863532332     -4.45179016456239      h
   -3.50437581062881      1.28089393889181      0.50785504329571      h
   -2.73135696608415     -2.03019730842243     -2.48407991474477      h
   -1.60996277557218      0.31708877784794     -4.58230090988272      h
    0.77909497484999     -0.99334339665744      0.50512987666088      h
    1.79744205742984     -2.12815128014726     -2.45484512699052      h
    1.36198624370470      3.25564092347869     -1.40842656121722      h
    4.81127110586596      1.04207530104234      1.19074959971801      h
    5.51478796335622      3.73811985408806     -0.64093622528038      h
    6.93607926981023      1.09180753013850     -4.18604272533914      h
    6.21561080988085     -1.67588276950499     -2.52433074741189      h
   10.07583010588869      1.98475250992183     -1.04353027333600      h
    8.51277398825976     -2.85693193367832      1.04918296200207      h
    9.17687772829012     -0.08970812569312      2.79443416838295      h
   12.65142550848211     -2.97857975753726      3.26964679491371      h
   12.88765171418886     -3.45476183832409     -0.03140326993888      h
   15.92444287309594     -0.37552253733744      2.00410044576939      h
   14.39832938898656      0.73048527610399     -0.42125461832973      h
  -13.57772230700685      0.73858901490239      3.78846591692145      h
  -10.75389650744699      1.31209125291018      4.94209229296739      h
  0.52923557973822D-04  0.52369062135044D-04  0.11936575995251D-03
  -.88832276763075D-04  -.37300025248620D-04  0.23860000356132D-04
  -.85718951289601D-04  -.16379222440813D-04  -.78946613277196D-04
  0.29779557437007D-05  -.18356521499882D-04  -.33347695711491D-04
  -.45600789925687D-04  0.13109609474427D-04  -.11494030680317D-04
  -.76149068737458D-05  0.64124014919231D-04  0.71187282936314D-04
  0.37141681969624D-04  0.43371748716652D-04  0.25949059383829D-04
  0.61073591377823D-04  -.53054732108218D-05  0.12079203758531D-04
  0.42547800060411D-04  0.13328016466307D-05  0.52178119965329D-04
  0.34147749721228D-04  0.13332230485996D-04  0.29556638649175D-04
  -.63795528614220D-04  -.15073150358064D-04  -.65015137462293D-04
  0.57814323211024D-04  0.73937941874935D-04  0.25405336229550D-04
  -.31888826530074D-05  -.12638782545430D-04  0.53664143421346D-04
  -.46942916464773D-05  -.12831092897139D-05  0.22114342046086D-04
  0.24918546399633D-04  -.11064613447825D-03  -.34843254147043D-04
  -.25734275134845D-04  0.13127666588675D-04  -.93687565889733D-04
  -.80062661260455D-04  0.24924194937048D-04  -.16701937840050D-04
  0.25724300478869D-04  -.13372398437683D-04  -.16494545326769D-04
  -.50275596816529D-04  -.44684830740466D-06  -.48287076185441D-04
  0.14623531993212D-04  0.90459269403265D-04  -.76348153350836D-05
  -.23042428109341D-04  -.48621890231276D-04  -.47859997025682D-04
  0.18817241318608D-04  -.83383722258260D-04  0.50233031427552D-04
  -.20596307065336D-04  0.11728278820289D-04  -.18468393935087D-04
  -.91436228302232D-04  0.11921507993728D-04  -.22108889429912D-05
  0.71354106040006D-05  0.30265992206832D-05  0.69323094627399D-04
  -.62412145309658D-04  -.74620866832069D-04  0.83038219202136D-05
  -.24124336785433D-04  -.36802984713730D-04  0.22187375512489D-04
  0.59656822119156D-05  0.86382420563011D-04  -.18753695831819D-05
  -.38442735322150D-04  0.51906246790800D-04  0.48493468716437D-05
  0.19773479607096D-03  0.29441128032048D-04  0.85234815016766D-04
  0.40543930753631D-04  -.56968466806639D-04  -.18081939508321D-04
  0.70776283424678D-04  0.18798979764083D-04  -.27683735431966D-04
  -.33283700354755D-04  -.23154381952106D-04  -.11407404156079D-03
  0.38059044392483D-04  -.13153790690923D-03  -.61140391591774D-05
  0.52474119562052D-06  0.38225644780704D-04  -.84189750151616D-04
  -.18882784680374D-04  0.86247183828103D-06  0.34797999953134D-04
  -.87429116634535D-04  0.93661144096396D-04  -.62705561112074D-04
  -.94374418694240D-05  0.43211778676028D-04  0.50387372076188D-04
  -.18978978165080D-04  -.10685563683557D-03  -.39971629807761D-04
  0.66694811137538D-05  0.48410613781635D-04  0.22964805937553D-04
  0.52685846372302D-04  0.28679826630539D-04  -.64994992276912D-04
  0.35476059674910D-05  -.11687308568764D-04  0.43569934847054D-04
  0.15069652600083D-03  -.75829676778244D-04  0.96506455560655D-04
  -.97927639391177D-04  0.20864296885803D-04  -.40755295603573D-04
  cycle =      2    SCF energy =     -726.1995090643   |dE/dxyz| =  0.000498
  -11.03545818723099     -2.15878032688279      3.17362061829159      c
  -10.38244782651934     -1.61962610456919      0.40971152091365      c
   -8.40580812830945      0.28155871939581      0.16436489005588      n
   -7.64018873545792      0.81204715687837     -2.43134511270704      c
   -5.42592623507642      2.67931034572452     -2.48834819009956      c
   -3.09612697887996      1.83657382618216     -1.28254755097019      n
   -1.75373759029183     -0.19736153341874     -2.58564329138215      c
    0.90565854895233     -0.51177267793674     -1.52664396072692      c
    2.40442816110986      1.75062021160826     -1.96739697084060      n
    4.88220374147034      1.77268821938235     -0.76034225410163      c
    6.84795005299853      0.27777526684686     -2.28919880421282      c
    9.39820472732345      0.20475940302295     -1.24590908172935      n
    9.72898829527612     -1.18614840525290      1.11810516551798      c
   12.46045726425776     -2.04747086655693      1.43479011932660      c
   14.18407320671273      0.12421846239326      1.38386190420487      n
  -12.05743831614548     -0.05469210239438      4.64124923995449      n
   -9.34069753409404     -2.83169325773878      4.14266992601628      h
  -12.41091843359433     -3.70104954464154      3.22565562262054      h
  -12.12549883819898     -1.08964762669075     -0.61450135735522      h
   -9.69869640797614     -3.36755444403035     -0.46120286583553      h
   -9.00120760609982      1.91357323276959      0.97837539504613      h
   -9.19849078552844      1.57536566149598     -3.58963830878500      h
   -7.08107620897812     -0.97354427221969     -3.30946025149274      h
   -6.02191401570920      4.43832294178138     -1.56947434773534      h
   -5.00223790402411      3.16395224371064     -4.45192874932916      h
   -3.50425249989650      1.28104294430255      0.50783832988909      h
   -2.73131050809796     -2.03012394974958     -2.48412445471549      h
   -1.60997683293083      0.31691577550194     -4.58229749261398      h
    0.77917041507386     -0.99344731619518      0.50511955842205      h
    1.79704480379194     -2.12821027264864     -2.45501633149846      h
    1.36190334115480      3.25575474902107     -1.40839113907198      h
    4.81112813301805      1.04203772562482      1.19080381611262      h
    5.51485279823308      3.73816618562720     -0.64070934785695      h
    6.93600105228180      1.09207063098060     -4.18603191670490      h
    6.21560795394202     -1.67595919846038     -2.52416366481417      h
   10.07586614112466      1.98475094082607     -1.04360169473427      h
    8.51294752607357     -2.85711912330642      1.04930680024518      h
    9.17689541917760     -0.08979437652886      2.79433170532740      h
   12.65146242954467     -2.97836576320239      3.26972464507946      h
   12.88763693666422     -3.45485840721363     -0.03145131695654      h
   15.92433622642643     -0.37557952963570      2.00422790029920      h
   14.39832067973296      0.73050894419313     -0.42134411399539      h
  -13.57802478377832      0.73874017145744      3.78827407404792      h
  -10.75370160780479      1.31204911999302      4.94217461112228      h
  -.79724692044508D-04  0.55569319309529D-05  -.20686135872472D-04
  -.52740472468896D-04  0.20845975212864D-04  0.16755762781054D-04
  -.66424483429542D-04  -.37024502698796D-04  -.52293479593450D-04
  0.18070726101813D-05  -.23667743612746D-04  -.26243658438375D-05
  -.30409449348810D-04  0.83375913307732D-05  0.49875224738385D-04
  -.16869919058915D-05  0.37559320448077D-04  0.40931972917421D-04
  0.64042621944413D-05  0.54110009322286D-05  0.69320898509542D-05
  0.46277056324151D-04  0.13165605206596D-04  0.16828419612466D-04
  0.50960920013152D-04  -.36947484606732D-04  0.30397622672707D-04
  0.18710622172746D-04  -.15225115289771D-04  -.36711833545262D-04
  0.37637661259367D-04  0.11834297209336D-04  0.32503703823822D-04
  -.34328529581892D-04  -.35472052309526D-04  0.44722123837965D-05
  -.15564435196791D-05  0.54131386528973D-04  0.26471356984522D-04
  -.89704520926520D-05  -.33074061859782D-04  0.19889262319835D-04
  0.25848241348270D-04  -.68208519720003D-04  0.34649680651089D-05
  0.13347640391889D-03  -.41185745578015D-04  0.45842945081226D-04
  0.67759024934277D-05  0.40105711852090D-05  0.37082825712062D-04
  0.48407229021219D-04  0.12099759571615D-04  -.13006868495626D-06
  -.53966282351242D-04  -.13024225724093D-04  -.28697349003973D-04
  0.12315684746696D-04  0.45975816630461D-04  -.14647644524274D-04
  -.31103619194728D-04  -.22875423286606D-04  -.39835439173075D-04
  -.11843602159889D-04  -.59748088120037D-04  0.11526978026394D-04
  -.82020726175844D-05  -.10228049418082D-04  -.28984257696790D-04
  -.88174565689061D-04  0.30440992230263D-05  -.76105145144639D-05
  0.13656880875769D-04  0.12811456583869D-04  0.27879899225869D-04
  -.67742500006948D-04  -.70193520370368D-04  0.17134777659022D-04
  0.54053292260631D-05  0.19067955198682D-04  0.17235213920375D-04
  0.50046211823272D-05  0.77727950914395D-04  0.21172227694821D-04
  -.32372204120237D-04  0.44668611554714D-04  0.14694703952489D-04
  0.17951886276601D-03  0.24323408997717D-04  0.81369184238830D-04
  0.13295075200134D-04  -.99018062890976D-05  0.85427949667732D-06
  0.73518966479119D-04  0.12200822691377D-04  0.36384426056191D-05
  -.12370388781428D-04  0.10820551758550D-04  -.10064722281796D-03
  0.31408679841506D-04  -.93659304332930D-04  -.55697200545879D-04
  -.86529792217641D-05  -.31379783922425D-05  -.75687751335939D-04
  0.28705161451703D-05  0.75508921873857D-04  0.44993520514090D-04
  -.88237140431685D-04  0.72510265280851D-04  -.53497304897853D-04
  -.40646234511568D-05  0.28302574695563D-04  0.39262362633574D-04
  -.13189993639497D-04  -.10079532384007D-03  -.28472222267178D-04
  -.55297515753200D-06  0.28353916541907D-04  0.59888754108672D-05
  0.59090694268821D-04  0.10734113631061D-04  -.51632397059381D-04
  -.34686040869397D-05  -.50733884971038D-05  0.63008531900888D-05
  -.33970601143851D-04  0.88618402366292D-07  -.10315618410542D-04
  -.73100100325130D-04  0.37305117841141D-04  -.27029433569976D-04
  cycle =      3    SCF energy =     -726.1995100113   |dE/dxyz| =  0.000533
  -11.03531096631846     -2.15895770298739      3.17335108806174      c
  -10.38198747624182     -1.61959780800610      0.40957931151584      c
   -8.40530456074504      0.28174834355538      0.16480104360469      n
   -7.64021084483057      0.81219114996076     -2.43123515220614      c
   -5.42568113500458      2.67923844702256     -2.48850593222537      c
   -3.09610398158698      1.83623913382682     -1.28291579958060      n
   -1.75387818117875     -0.19751109551417     -2.58574760638913      c
    0.90529426732376     -0.51180815861395     -1.52674659489356      c
    2.40410009072665      1.75075827269638     -1.96767092332122      n
    4.88202517968613      1.77270750998182     -0.76029206857075      c
    6.84798710331073      0.27777430116122     -2.28913690720552      c
    9.39816054374640      0.20467826553515     -1.24600714019250      n
    9.72899906660077     -1.18631902752895      1.11783890859358      c
   12.46050125361216     -2.04733886245190      1.43464116658554      c
   14.18389547911612      0.12480865976925      1.38394344899141      n
  -12.05787965612665     -0.05457371120079      4.64135253156000      n
   -9.34049054320780     -2.83178348541521      4.14257872245170      h
  -12.41118424207173     -3.70105826271316      3.22570848004169      h
  -12.12514803565138     -1.08959785028398     -0.61424489219538      h
   -9.69879208501350     -3.36799989003283     -0.46112142321447      h
   -9.00102482790011      1.91380348050635      0.97867203061592      h
   -9.19850763743333      1.57584029090506     -3.58982883944272      h
   -7.08099040670315     -0.97354079231099     -3.30929284952005      h
   -6.02131097613589      4.43827491200588     -1.56943790407573      h
   -5.00231902397819      3.16389283331391     -4.45224046137902      h
   -3.50381258274876      1.28153267581445      0.50774748604602      h
   -2.73126623904849     -2.03008962009589     -2.48425685583659      h
   -1.61002095038281      0.31636072215088     -4.58237462689659      h
    0.77940360980034     -0.99377287694139      0.50504654932938      h
    1.79576387440923     -2.12839120324473     -2.45558371758894      h
    1.36172633408379      3.25596060540469     -1.40834359787023      h
    4.81063132067598      1.04193533081307      1.19086756904538      h
    5.51499277004687      3.73819290194476     -0.63998945258468      h
    6.93576063766870      1.09281954776301     -4.18580421413809      h
    6.21563357689406     -1.67605985051926     -2.52362816625284      h
   10.07590492405101      1.98445809816366     -1.04388388871765      h
    8.51354084147779     -2.85767432435274      1.04969249863749      h
    9.17693490102305     -0.09003032048107      2.79402605104637      h
   12.65156570493554     -2.97766133051471      3.26994510338314      h
   12.88761448489490     -3.45510962955996     -0.03154937414646      h
   15.92394885504861     -0.37570428731596      2.00460988053058      h
   14.39831808166929      0.73056393292229     -0.42150499094337      h
  -13.57834230932101      0.73896191715808      3.78803303966057      h
  -10.75313434945510      1.31184253715617      4.94240174191452      h
  0.24361271279057D-04  -.61564736301353D-04  -.14632828260076D-03
  -.82099769360263D-05  0.55307932767524D-04  -.75590666861837D-04
  -.11999292033188D-04  -.70506324213182D-05  0.57624206467280D-04
  -.22347146380206D-04  -.44331015960276D-04  0.30156607833277D-04
  0.19578885319421D-04  -.85873095682504D-05  0.67217239110462D-04
  0.49457376496975D-06  -.47821139801563D-04  0.35398003583154D-04
  -.78098780883218D-05  -.96829544420727D-05  -.19673556768275D-04
  -.93274565307611D-06  -.41016038201461D-05  0.17453466871056D-04
  -.20600303450496D-04  -.91783285908476D-05  -.22201216792639D-04
  0.31430694699307D-04  -.22762402910097D-04  -.65547589752635D-04
  0.11072345917194D-03  -.27275662652967D-04  0.45238853662297D-04
  -.83556519611533D-05  0.46293557698807D-04  0.23237007611504D-04
  -.43209003546929D-04  0.49683954184161D-04  -.19133405496710D-04
  -.16956504023988D-04  -.47983933177162D-04  0.18652249743727D-05
  0.26679052052531D-04  0.37971580649776D-04  0.40838657659664D-04
  -.10959707924656D-03  -.38706136684219D-04  0.10256479334825D-03
  0.49235733637298D-04  -.11532854369362D-04  0.38593708734852D-04
  -.10585924971954D-04  -.11970056969735D-04  0.30907567544612D-04
  -.54289232543664D-04  -.32552575386272D-04  0.91908047500783D-05
  -.16543586925703D-04  -.22754231561062D-04  -.10373267422287D-04
  -.32624327796354D-04  0.10129277347282D-04  -.31749662469674D-04
  -.58645234532140D-04  -.95544561137390D-05  -.63962143243737D-04
  0.20979002680763D-04  -.46900149315882D-04  -.42372347105454D-04
  -.78271782812549D-04  -.57150676077700D-06  0.21440952130136D-05
  0.76880327969236D-05  0.18910973079281D-04  0.50931670536603D-06
  -.61619855147466D-04  -.48283150670701D-04  0.37773962770216D-05
  0.46798428508230D-04  0.97586771038410D-04  0.49513983083234D-05
  0.11495392689565D-05  0.50736413876040D-04  0.58191539465346D-04
  -.15475002046543D-04  0.29320914676521D-04  0.39304455061007D-04
  0.10870203991734D-03  0.22653867256334D-04  0.81507367055797D-04
  0.12972379042325D-04  0.22740320480330D-04  0.13305947404674D-04
  0.76257733272925D-04  0.16889133725544D-04  0.27327811896932D-04
  0.20613927465524D-04  0.47739962323934D-04  -.71156897094528D-04
  0.26753455195202D-04  -.27102982244925D-04  -.78766765271021D-04
  -.59985493880560D-05  -.30892168132457D-04  -.32314709433170D-04
  -.32043187235029D-04  0.59201584688973D-05  0.23605231283266D-04
  -.50628111465931D-04  0.65567265619432D-04  -.10912138389052D-04
  0.71207012554142D-05  0.13988962471123D-04  0.18504954904186D-04
  -.44807072083382D-05  -.86014048459773D-04  0.73422761952824D-05
  -.20985437147111D-04  -.31083466447424D-04  -.44801304405540D-04
  0.70514605156530D-04  -.37443595464433D-04  -.18586503939086D-04
  -.27072225872553D-04  -.81141813112334D-05  -.27428159243698D-04
  -.94143025779841D-04  -.37235284413156D-05  -.20976796444735D-04
  0.11691309204651D-03  0.14305330807807D-03  0.94355460829032D-05
  cycle =      4    SCF energy =     -726.1995106084   |dE/dxyz| =  0.000545
  -11.03535008382399     -2.15897882480526      3.17339253133677      c
  -10.38161712104868     -1.61966274538847      0.40964981381122      c
   -8.40490614949145      0.28188556332195      0.16500279363896      n
   -7.64017958493479      0.81238930804624     -2.43120282785341      c
   -5.42554148485834      2.67920263273635     -2.48872785362307      c
   -3.09608662059942      1.83608845875196     -1.28327890353567      n
   -1.75398399447571     -0.19762214402006     -2.58579135582201      c
    0.90502383107248     -0.51181215743654     -1.52685659519758      c
    2.40391493908884      1.75085186066283     -1.96783288682093      n
    4.88181491138264      1.77275307405232     -0.76015530441947      c
    6.84783196553804      0.27785263727583     -2.28913001058233      c
    9.39808400557593      0.20444359260917     -1.24614520011109      n
    9.72910293576211     -1.18650731278164      1.11767097654820      c
   12.46056632560116     -2.04715814407007      1.43452658455059      c
   14.18370774452477      0.12517488757375      1.38393356378017      n
  -12.05784496201914     -0.05443930365304      4.64129170773026      n
   -9.34039537487654     -2.83183667462956      4.14246395618105      h
  -12.41133675852051     -3.70102119703989      3.22568938270844      h
  -12.12477986844268     -1.08949843269556     -0.61406764972854      h
   -9.69882679448192     -3.36829806054260     -0.46104382312206      h
   -9.00082813509910      1.91396242142473      0.97896131423395      h
   -9.19841140640795      1.57621664057160     -3.58984743980714      h
   -7.08096975730601     -0.97344858717897     -3.30908494968086      h
   -6.02070434462963      4.43823550516301     -1.56942003644144      h
   -5.00239234752393      3.16381421857205     -4.45249235381904      h
   -3.50336527022957      1.28199378883758      0.50767982642244      h
   -2.73132140650655     -2.03024606756142     -2.48436617186635      h
   -1.61005811318676      0.31584402216036     -4.58254485026287      h
    0.77960753566809     -0.99407637278161      0.50491234003991      h
    1.79458999566912     -2.12857488051855     -2.45617537432922      h
    1.36155039270870      3.25608847687984     -1.40832747243154      h
    4.81010556224555      1.04181990060865      1.19087178778290      h
    5.51505893019539      3.73812806734725     -0.63930763258908      h
    6.93552198184930      1.09344146803955     -4.18549996953618      h
    6.21565715619077     -1.67609050470736     -2.52316845919897      h
   10.07601694305900      1.98428543302367     -1.04413382502830      h
    8.51407659935093     -2.85823224501557      1.04999732279246      h
    9.17694951333807     -0.09024024221216      2.79375660735802      h
   12.65165234417757     -2.97696056872406      3.27009181919646      h
   12.88763888093838     -3.45523309406586     -0.03153313029412      h
   15.92351686848470     -0.37572149077758      2.00493089971854      h
   14.39837024010393      0.73062616057255     -0.42158639897436      h
  -13.57848394638871      0.73917922440869      3.78783722837527      h
  -10.75297418795638      1.31138548741242      4.94255329109807      h
  -.65868952365336D-05  -.62645388027555D-04  -.13617202306043D-03
  0.30471509058129D-04  0.31710768529303D-04  -.89430144107810D-04
  0.38921515895324D-04  -.11044100020202D-05  0.68418673614495D-04
  -.31247790266239D-04  -.32623399775424D-04  0.19611699226728D-04
  0.29154874866114D-04  -.21973558091498D-04  0.40979033302625D-04
  -.69069996198323D-05  -.80707673411340D-04  0.13903904035245D-04
  0.12572805915913D-04  0.35966672407590D-05  0.42977172447223D-05
  -.35208311471205D-04  0.18508474739672D-05  0.24426657605683D-04
  -.27130564042285D-04  -.58280031856317D-05  -.49239362810954D-04
  0.28049100742659D-04  -.14359435609804D-05  -.58051366524967D-04
  0.10911531963146D-03  -.18762927423345D-04  -.24685093244797D-04
  -.19857870530909D-04  -.11802789704363D-04  0.30542414403034D-04
  -.16650305583482D-04  0.53745291893810D-04  -.23396305087277D-04
  -.15432284658501D-04  -.36585021971187D-04  -.78736651703271D-05
  0.26476285424071D-04  0.71017438158405D-04  0.54939355497968D-04
  0.39607275708071D-04  0.53659176508070D-04  0.16953809444525D-03
  0.74274408224800D-04  -.14457301407533D-04  0.21385894387618D-04
  -.23649831549982D-04  -.18488565363517D-04  0.33978235612041D-04
  -.58265802870910D-04  -.34198787105005D-04  0.22137755729942D-04
  -.37008427893490D-04  -.56907834448811D-04  -.16662153999134D-04
  -.43030413746453D-04  0.55820336739565D-04  -.10463879673822D-04
  -.58106436704952D-04  0.90111193869064D-05  -.85459459900072D-04
  0.31597189364324D-04  -.55451045224947D-04  -.30957000992080D-04
  -.57086889438125D-04  -.13800042062834D-04  0.12464300139625D-04
  0.19594801413392D-06  0.14749937854691D-04  0.73450690873667D-05
  -.54224120601437D-04  -.45137047587109D-04  0.16432352623830D-04
  0.49257465022656D-04  0.10208636030948D-03  -.86761338893623D-05
  0.10624595927836D-05  0.36802102906984D-04  0.51361895022334D-04
  -.43592343122213D-05  0.19861998009331D-04  0.48981072499815D-04
  0.47323076626360D-04  0.13540468256940D-04  0.75919609708208D-04
  0.61002441517910D-05  0.52874136186931D-04  0.26707843897147D-04
  0.73435527787914D-04  0.31722287221106D-04  0.14043110168616D-04
  0.39050530033821D-04  0.44215619350862D-04  -.51938694383217D-04
  0.26981996671945D-04  0.34890681262501D-05  -.51123153992749D-04
  0.15600519624313D-04  -.45946715555079D-04  0.93445946444809D-05
  -.21426606741620D-04  0.53588416601635D-04  0.19552438610548D-04
  -.36080359654120D-04  0.45951021724111D-04  0.15271198773910D-04
  0.14839603775199D-04  0.11875167147402D-05  -.28476981785430D-05
  -.14892439105171D-05  -.63307558751363D-04  0.16186701624649D-04
  -.37099483965984D-04  -.60153718397404D-04  -.70583340455177D-04
  0.46966220919681D-04  -.63430998010913D-04  -.85438734891974D-05
  -.41728569597832D-04  -.15386694686814D-04  -.27705896203878D-04
  -.19214412860702D-03  0.24962016480612D-04  -.68227926035669D-04
  0.49251504004783D-04  0.31679963156644D-04  -.74379535875135D-05
  cycle =      5    SCF energy =     -726.1995113485   |dE/dxyz| =  0.000470
  -11.03545724650678     -2.15891000995359      3.17361942636617      c
  -10.38117185503355     -1.61974023509748      0.40997034111342      c
   -8.40447307221029      0.28206288441234      0.16515497577996      n
   -7.64005228616519      0.81273026393030     -2.43115404106424      c
   -5.42540461414758      2.67921621135273     -2.48905035276539      c
   -3.09603013233764      1.83607625628655     -1.28383727612534      n
   -1.75423086283706     -0.19784943927979     -2.58592222370556      c
    0.90474436946946     -0.51181633331211     -1.52708170966600      c
    2.40371736509209      1.75096454226805     -1.96793791904263      n
    4.88143215125077      1.77276353708266     -0.75989511584525      c
    6.84744843394158      0.27801914284136     -2.28886620627603      c
    9.39795275554288      0.20412527922161     -1.24644927950917      n
    9.72924918815118     -1.18685410124821      1.11745623904722      c
   12.46068915194464     -2.04685576648769      1.43438657233941      c
   14.18337096249669      0.12554086505766      1.38380397238486      n
  -12.05799382315559     -0.05456051198020      4.64083541046557      n
   -9.34038731724580     -2.83189674626043      4.14232253997859      h
  -12.41146971284279     -3.70089301425061      3.22559599375591      h
  -12.12410437563227     -1.08928414514561     -0.61385814228291      h
   -9.69876560570313     -3.36859472826137     -0.46088678660213      h
   -9.00043299156234      1.91401936929345      0.97938450558458      h
   -9.19816972630066      1.57674221848644     -3.58968222784875      h
   -7.08101846029561     -0.97319431085725     -3.30873639991805      h
   -6.01971497362546      4.43822184205547     -1.56944294439650      h
   -5.00248557305864      3.16368016231869     -4.45292825024768      h
   -3.50260194401076      1.28277427446792      0.50752970857833      h
   -2.73149293560994     -2.03066361111477     -2.48449033947199      h
   -1.61011848031018      0.31501358030604     -4.58287972134915      h
    0.77990394688789     -0.99455992031031      0.50459686106287      h
    1.79283328596584     -2.12886597689785     -2.45721372086362      h
    1.36126259919690      3.25615053359038     -1.40836974287189      h
    4.80917050784896      1.04154845027052      1.19089466781429      h
    5.51505555738060      3.73796921726338     -0.63820584904383      h
    6.93510069701709      1.09433524138386     -4.18502688311743      h
    6.21561154869966     -1.67604448657922     -2.52257272173474      h
   10.07622931277655      1.98389624046689     -1.04453341180756      h
    8.51492268073363     -2.85914480178485      1.05037690824247      h
    9.17692867545788     -0.09054468270570      2.79338848088355      h
   12.65178265096851     -2.97581590364549      3.27026577934832      h
   12.88777627900449     -3.45525087215448     -0.03132653806452      h
   15.92281705096465     -0.37557800127700      2.00541661295734      h
   14.39855653598092      0.73077043079607     -0.42167962431781      h
  -13.57826424040748      0.73946241532704      3.78768695075635      h
  -10.75271358805653      1.31083841957118      4.94283475370703      h
  -.54308414159246D-04  0.77837803082875D-05  -.14822758015814D-04
  0.35931821263898D-04  0.10644697136861D-04  -.18089589108095D-04
  0.60952135667480D-04  0.32093860730165D-04  0.38963081302523D-04
  -.10490189351189D-04  -.91735042098209D-05  -.27552861120838D-04
  -.15054091370148D-05  -.33911391592478D-04  0.27006160608738D-04
  -.37603868724312D-04  -.72192813017291D-04  0.10011456889114D-04
  0.13098599574740D-04  0.61486035204950D-05  0.16584890322927D-04
  -.21789430250996D-04  0.30388375097494D-04  0.52176855502805D-04
  -.95218126199559D-05  0.22077458986407D-04  -.41160736647505D-04
  0.13147797511121D-04  0.60331863170199D-05  -.90784596619459D-04
  0.62316085392047D-04  -.14471013273468D-04  0.14250367833396D-05
  -.16084021436782D-04  -.14743001496870D-04  -.13895139222855D-04
  0.18854778531918D-04  0.25437338650581D-04  -.84713238207544D-05
  0.17390921729914D-04  -.29433246743961D-04  -.19076982290787D-04
  -.11060595206114D-05  0.52126915949774D-04  0.56669492542516D-04
  -.84726584883801D-04  -.29725879036435D-04  0.75366536295696D-05
  0.82645449356239D-04  -.15322671208087D-04  -.28032926732285D-04
  -.24665292092343D-04  0.29765570984941D-05  0.35651541040434D-04
  -.33945880101083D-04  -.28985591864601D-04  0.31958114530176D-04
  -.50349469449214D-04  -.10187032945699D-03  -.40912941896606D-04
  -.42408984053284D-04  0.65294162428287D-04  -.14566283192269D-05
  -.27954346260656D-04  0.14810488539380D-04  -.78651331960000D-04
  0.26982973505382D-04  -.36578849778424D-04  0.60174642894095D-05
  -.74340808844664D-05  -.54820246216697D-04  0.19498797094633D-04
  -.40890990884307D-06  0.10339953048069D-04  -.17738704455317D-05
  -.37925598796097D-04  -.44303108742358D-04  0.28808685536619D-04
  0.38184576251557D-04  0.67260527194524D-04  -.29573598940180D-04
  0.97777341967094D-05  0.20812334364795D-04  0.32989682441364D-04
  0.71505770924511D-05  0.13076556570173D-04  0.51917255932760D-04
  -.49559393476048D-04  -.26321997961265D-05  0.63429151069480D-04
  0.66866313216396D-05  0.66409654245758D-04  0.33864016909739D-04
  0.65230219168976D-04  0.52401863317814D-04  -.18532865406096D-04
  0.62361200216056D-04  0.34802678002793D-04  -.27911341526996D-04
  0.38975739665470D-04  0.58654096048244D-04  -.63570488127135D-04
  0.50705285559227D-04  -.57041947369552D-04  0.54458850211575D-04
  -.19078656182475D-04  0.71393181509616D-04  0.11474105934078D-04
  -.11481119566489D-04  0.17404438424046D-04  0.51173713006780D-04
  0.24143822030247D-04  -.60046737073161D-05  -.20454921888097D-04
  -.11492427445803D-05  -.15490802353441D-04  -.41677482098823D-06
  -.60912394987733D-04  -.55313292461501D-04  -.68315317701684D-04
  0.54236131094565D-06  -.88466161544475D-04  -.75278711480220D-05
  -.50376095966465D-04  -.22775249990684D-04  -.96076345202922D-05
  -.11457690324895D-03  -.59974631814869D-05  -.50951072579353D-05
  0.99949224323104D-04  0.47916671146175D-04  -.76835391718197D-05
$end
