$energy      SCF               SCFKIN            SCFPOT
     1 -456.9354446247      455.0474975005     -911.9829421252
     2 -456.9328335785      455.4278227659     -912.3606563444
     3 -456.9348827823      455.3532638802     -912.2881466626
     4 -456.9370852049      455.2016063451     -912.1386915501
     5 -456.9372908041      455.1829672869     -912.1202580911
     6 -456.9375701673      455.1517589068     -912.0893290741
     7 -456.9377493779      455.1488695288     -912.0866189067
     8 -456.9379355601      455.1673434989     -912.1052790591
     9 -456.9379865745      455.1629408107     -912.1009273852
    10 -456.9379993778      455.1564261564     -912.0944255342
    11 -456.9380149577      455.1446865667     -912.0827015244
    12 -456.9380234242      455.1393434614     -912.0773668857
    13 -456.9380396007      455.1345425315     -912.0725821323
    14 -456.9380708490      455.1370256713     -912.0750965204
    15 -456.9380926115      455.1488925057     -912.0869851171
    16 -456.9380982844      455.1529027400     -912.0910010244
    17 -456.9381080973      455.1553096608     -912.0934177581
    18 -456.9381194076      455.1522734749     -912.0903928825
    19 -456.9381221313      455.1483005416     -912.0864226729
    20 -456.9381236600      455.1467477782     -912.0848714382
    21 -456.9381264885      455.1446765191     -912.0828030076
    22 -456.9381277317      455.1450608274     -912.0831885591
    23 -456.9381282651      455.1454742596     -912.0836025247
    24 -456.9381287210      455.1459428822     -912.0840716032
    25 -456.9381294151      455.1459974189     -912.0841268340
    26 -456.9381303864      455.1462832435     -912.0844136298
    27 -456.9381307728      455.1462505854     -912.0843813582
    28 -456.9381310687      455.1463072604     -912.0844383291
$end
