$hessapprox
  0.488502420854D+00  0.555773100648D-02  0.467020699247D+00 -0.889631413409D-02
 -0.416420537270D-01  0.449556143476D+00 -0.762887345812D-01  0.142117103687D-02
  0.202183297042D-01  0.479499485335D+00 -0.148732935537D-01 -0.581928329913D-01
  0.286357495317D-01  0.215679290350D-02  0.467916392317D+00 -0.145484533945D-01
  0.501374813902D-01 -0.925170866877D-01  0.158852275091D-01 -0.310392092832D-01
  0.509734701144D+00 -0.273904933975D-01  0.611748963410D-02  0.229634669301D-01
 -0.102619715694D+00  0.301395625450D-02 -0.162753771379D-02  0.730895545619D+00
  0.122022808811D-02 -0.171570048710D-01 -0.235109186129D-01  0.770087911537D-02
 -0.107642384775D+00  0.191280412169D-01 -0.107678924424D+00  0.502485984728D+00
  0.170038430361D-01 -0.161715716732D-01  0.164190907206D-01  0.873819826302D-02
  0.502885831389D-02 -0.826387189868D-01 -0.362219778107D+00  0.116773069126D-01
  0.771044161055D+00 -0.200422382217D-01  0.505883804475D-02  0.756974353791D-02
 -0.393599185104D-02 -0.904232872385D-02 -0.149384019615D-02 -0.354254567232D+00
  0.434096775951D-01  0.267154489638D+00  0.699433111412D+00  0.244032972776D-01
 -0.835802222732D-02 -0.498852394431D-02  0.625307330609D-02 -0.235433095165D-01
 -0.555137200022D-01  0.483510355239D-01 -0.873169178673D-01  0.252166360520D-01
 -0.394955534537D-01  0.278412808460D+00  0.273225718030D-02  0.728774492605D-02
 -0.260548946208D-01 -0.209939319422D-01  0.105189001824D-01 -0.236029569286D-01
  0.341974319062D+00 -0.279931058615D-01 -0.416850252612D+00 -0.320878861346D+00
  0.894825112049D-01  0.655051687038D+00 -0.335507093810D-01  0.134131430747D-01
 -0.384343218496D-02 -0.452896837091D-02  0.304756631520D-01 -0.118528418025D-01
 -0.923919233371D-01  0.271971722496D-01  0.461433168382D-01 -0.936771843914D-02
 -0.850229110558D-01 -0.615365522263D-02  0.522048689584D+00  0.563926020118D-02
 -0.166997328127D-01  0.145380243531D-01  0.220051942575D-02 -0.484537015907D-01
  0.205747427442D-01  0.172274493299D-01 -0.146841901084D+00  0.178893187051D-01
 -0.176195993229D-02 -0.569096169223D-01 -0.588142401105D-03 -0.144608835678D+00
  0.575461117832D+00 -0.187995310367D-02  0.794337762343D-02 -0.252928533400D-01
 -0.152897361737D-02 -0.143974514151D-01 -0.141961172625D-02  0.284506010555D-01
  0.111431610009D-01 -0.118260618288D+00 -0.444567137695D-01  0.520767339525D-01
 -0.771378756994D-01 -0.207165147595D-01 -0.561967041840D-02  0.401444551378D+00
 -0.811434352241D-01 -0.171981970579D-01 -0.383833773070D-02 -0.306363845334D-02
 -0.127443292465D-01 -0.141382054917D-02 -0.323872727344D-01  0.397841851062D-02
 -0.283276508166D-02 -0.229698115911D-01  0.753724514685D-02 -0.108877917311D-01
 -0.110509401988D-01 -0.381740814860D-01 -0.180511136255D-01  0.531531976002D+00
 -0.334093078741D-01 -0.618059823874D-01 -0.161282980683D-01  0.721897873542D-02
 -0.852509260755D-02 -0.260703980373D-02 -0.170300995846D-01 -0.792730403676D-02
 -0.421196354285D-02  0.249794249077D-01 -0.144840500050D-01 -0.551647762991D-02
  0.244853027481D-01 -0.102243593283D-01  0.497386339769D-02  0.337189154426D-01
  0.575981216022D+00 -0.614193142740D-02 -0.156168219054D-02 -0.899643242901D-01
  0.190904310942D-01  0.352599623300D-01  0.183612626214D-01 -0.180258659483D-01
  0.728381082059D-02 -0.188992451710D-01  0.521076868333D-01  0.264347442509D-02
 -0.211629609250D-01 -0.922620550587D-02  0.270892264331D-01 -0.168214023952D-01
 -0.674589190993D-01  0.218623252651D+00  0.969403700697D+00 -0.276532378343D-01
 -0.699518853798D-03 -0.223160679254D-01 -0.158426189986D-01  0.572740414477D-02
  0.193799679273D-01 -0.442055305700D-01 -0.137650690001D-01 -0.201737892130D-01
 -0.297416255812D-01  0.357334332719D-02 -0.143879259315D-01 -0.119739157947D-02
 -0.715024941221D-02 -0.238132465350D-01 -0.807333824334D-01  0.120627225744D-01
  0.345014692779D-01  0.302426047005D+00 -0.119096812881D-02 -0.804573927085D-02
 -0.339694086846D-01  0.618619440511D-02 -0.243718546742D-02 -0.112090060531D-01
  0.109682436108D-01 -0.938051151401D-02  0.527071410271D-02  0.986186415107D-02
 -0.444535434090D-01  0.191669926365D-01  0.134664676784D-01  0.204220511263D-01
  0.346492928364D-01  0.213940876433D-01 -0.179640604494D+00 -0.250509784737D+00
 -0.796904312950D-01  0.431907321249D+00  0.388723708304D-02  0.111574324958D-01
 -0.116416267648D-01  0.110556190771D-01  0.732215908430D-02 -0.305770095837D-01
  0.468542196939D-01  0.259689304344D-01 -0.205164665282D-01  0.783059845940D-02
  0.212278947667D-01 -0.838911910010D-02 -0.451454118696D-02 -0.705491611147D-02
 -0.389148116468D-01  0.453563133842D-01 -0.224721293453D+00 -0.571657799557D+00
 -0.456510891192D-01  0.195332108422D+00  0.859092813255D+00 -0.419129534186D-01
  0.125417175960D-01  0.132491763896D-01 -0.440379516840D-01 -0.126748611656D-01
  0.757430298843D-02 -0.971403655074D-02 -0.344265395460D-01 -0.600235322762D-02
 -0.500803519651D-01  0.109951794377D-01  0.340787940914D-01 -0.605412014247D-01
 -0.258076047055D-01  0.434079779470D-02 -0.133679712757D+00 -0.237618136081D-01
  0.400198707638D-01 -0.167842235421D-01  0.234975213161D-01 -0.281309215104D-01
  0.577465433710D+00 -0.303782376436D-01 -0.326640509828D-01  0.297604399473D-01
 -0.192290462345D-01  0.860625058837D-02  0.381874580668D-02  0.253804726515D-01
 -0.171974593562D-01 -0.247668760962D-01 -0.216538998927D-01  0.331433836998D-01
  0.832302544571D-02 -0.215648237935D-01 -0.583570110994D-02 -0.194417952433D-01
 -0.489437919373D-01 -0.108356850673D+00 -0.320543112628D-02  0.509946910045D-01
 -0.493231615494D-01 -0.139794939356D-01  0.143798889603D+00  0.514127887990D+00
 -0.339558857619D-01  0.101278980709D-03  0.166539811907D-01  0.994400095398D-02
  0.272530121064D-01 -0.247751805224D-01  0.282096384120D-01 -0.579155683180D-02
 -0.975733703011D-02  0.788249442165D-02  0.176716712460D-01  0.303315931142D-01
 -0.397517371852D-01 -0.503361500568D-02 -0.111378677122D-01  0.158163796547D-01
 -0.172835653407D-01 -0.127638523296D+00  0.457706102026D-01  0.276003752481D-01
 -0.513037325235D-01  0.447259541378D-01  0.598240484725D-01  0.437045675559D+00
 -0.585914849589D-01  0.363192039981D-02 -0.396405594853D-02 -0.350944713911D-01
  0.249505728083D-01  0.705509884262D-02 -0.181322553624D-01  0.246319082380D-01
  0.527712990572D-02 -0.114627522033D-01  0.379588205818D-01  0.633650409765D-02
 -0.120145552733D-01  0.355698002563D-01  0.737669668883D-02 -0.252624438072D-01
 -0.279866708519D-01 -0.278147047176D-01 -0.289403185765D-01 -0.375588633765D-01
 -0.178025502984D-01 -0.321553033635D-01 -0.387320847947D-01 -0.217190160163D-01
  0.424841589473D+00  0.973474713267D-02 -0.856513354846D-01 -0.177175038069D-01
 -0.665501531184D-02 -0.412290766769D-01  0.788175723479D-03  0.202248489785D-01
  0.131098188240D-02  0.141815221767D-02 -0.794678456834D-02  0.159071836035D-01
 -0.409543304117D-02  0.988846122542D-02 -0.112834500116D-01  0.679916507489D-02
  0.449049667490D-03 -0.488498771421D-01 -0.185831361190D-02  0.163406020419D-01
 -0.270220925745D-01 -0.403959556404D-02  0.291795260646D-01 -0.357642570477D-01
  0.265125442156D-01 -0.820140762690D-02  0.401331136754D+00 -0.578409438674D-02
 -0.173351123617D-01 -0.680066503500D-01 -0.525891902084D-02 -0.302357373346D-01
 -0.606213206885D-01  0.483680814639D-02 -0.111728757189D-01  0.267937114902D-02
  0.464988208106D-01 -0.367363337473D-01  0.252288193558D-01  0.440386490741D-01
  0.305086921371D-01  0.442624110723D-01 -0.971660377379D-02 -0.701799758576D-02
 -0.389382634170D-01 -0.527972236576D-01 -0.505556600070D-01 -0.266592106291D-01
 -0.773249876910D-02  0.567589455602D-01 -0.212522300427D-01 -0.143891684081D-01
 -0.384549071606D-02  0.299496989899D+00 -0.469333843088D-01 -0.296279929568D-01
 -0.154101209066D-01 -0.250790665149D-01 -0.349139889474D-01  0.247451017948D-01
  0.266995036044D-01  0.324664064546D-01  0.145533586570D-01 -0.184069190669D-01
  0.747463291520D-01  0.785660904224D-02  0.100533752635D-01  0.178332567392D-01
  0.319120934677D-01 -0.498308482381D-01 -0.315953981479D-03 -0.123503916635D-01
 -0.312483298031D-01  0.138752014225D-01 -0.255016275631D-01 -0.332598842147D-01
  0.453240371245D-01 -0.119680948164D-01 -0.595436630385D-01 -0.407084410165D-01
 -0.775451432400D-01  0.330454865150D+00  0.223783209088D-01 -0.884264247639D-01
  0.637644322388D-01 -0.630119318553D-02 -0.113668028522D-01 -0.278645819170D-02
  0.109743053118D-01 -0.869715302070D-02  0.110159506802D-01  0.945949565916D-02
 -0.892752117390D-02 -0.786174055752D-02  0.200464709210D-01 -0.503463799434D-02
 -0.332583091392D-02  0.288096281199D-01 -0.338066855657D-01 -0.277783897438D-01
 -0.126061701916D-01 -0.107511937800D-01 -0.348096527487D-01  0.297713895152D-01
 -0.192455736955D-01 -0.132976833468D-01 -0.926772429255D-02 -0.767031327197D-01
 -0.138851714139D-01 -0.545505871045D-01  0.312229303410D+00 -0.826336092234D-02
  0.166018730566D-01 -0.162117310978D+00  0.389011383862D-01 -0.897031556007D-02
  0.189177791085D-01  0.202814560765D-02  0.232644001535D-01 -0.491703955887D-01
  0.206461532794D-02 -0.230846706047D-01 -0.564183765543D-02 -0.297124644637D-01
  0.513630847695D-02 -0.870693494395D-02 -0.149401487357D-01 -0.209957484222D-01
 -0.464718299827D-01 -0.189952814880D-01 -0.347315425532D-01 -0.311817531870D-01
  0.148449635057D-01  0.155706929228D-02 -0.680798634530D-02  0.116586678604D-01
 -0.436271630860D-01 -0.334587459025D-01  0.317893052536D-01  0.453047132031D-01
  0.367616953668D+00 -0.885920132898D-02 -0.462176946143D-02  0.474601238689D-01
 -0.543589907130D-01  0.254958441107D-01 -0.185539637034D-01  0.430256557301D-03
  0.449628243741D-01  0.300884215457D-01 -0.964416877927D-01  0.225899227534D-02
 -0.263733964083D-01 -0.365176699934D-01  0.664958727256D-02 -0.510154311093D-02
 -0.239968075617D-01 -0.147671988469D-02  0.290935558041D-01 -0.562686877595D-01
 -0.440738618502D-01  0.200667388034D-01  0.110209799357D-01  0.637618481919D-02
  0.248874776401D-01 -0.415921905075D-01  0.862621463975D-02  0.156682939513D-01
 -0.228358500125D-01 -0.176045662630D-01  0.247219786330D-01  0.282961766626D+00
 -0.537385074735D-02  0.155740236938D-01 -0.124068347163D-01  0.986848590804D-02
 -0.486043395381D-01  0.157773964588D-01 -0.406507034121D-02 -0.378980937731D-01
 -0.383712327023D-02 -0.329732538935D-01 -0.276309599992D-01 -0.170125061620D-01
 -0.139656879488D-01 -0.521933913032D-01  0.696475029541D-02 -0.474460429595D-02
 -0.305379788259D-01  0.447129295446D-02 -0.102859592605D-01 -0.771784735096D-01
  0.270758810676D-01 -0.708491384686D-02 -0.245540323557D-01 -0.445952065484D-02
  0.784517846245D-03  0.164024886843D-01  0.176134867987D-01  0.227354288091D-01
  0.595182357087D-01  0.725781204276D-02 -0.666168055060D-01  0.327276683720D+00
  0.888784520595D-02  0.705981926753D-02  0.207874160670D-01 -0.348661347423D-01
  0.305145936170D-01 -0.135530508896D+00  0.175053038135D-01 -0.329162844661D-01
 -0.109110781119D-01  0.870435781887D-02 -0.607434529993D-01 -0.455585420474D-01
  0.781999184205D-02  0.911992634236D-02 -0.351883623289D-01  0.414322248514D-02
 -0.721189605684D-02 -0.323211314904D-01  0.290019252520D-01 -0.221137070643D-01
 -0.185377047114D-01 -0.487865169250D-02 -0.132057105736D-01 -0.376419785621D-01
 -0.199504632205D-01  0.569198801784D-01 -0.598470184794D-01  0.158208286709D-01
  0.343086095578D-01 -0.136190109484D-01  0.171654033583D-01 -0.197177091589D-01
  0.397490942830D+00 -0.390216053743D-01 -0.150974156665D-01 -0.179872364386D-02
 -0.855890613685D-01 -0.876853291221D-02 -0.432814298339D-01 -0.441279114733D-01
  0.931550256756D-02  0.148798235362D-01 -0.174741149389D-01 -0.326523714915D-01
  0.425414763432D-01 -0.462858093145D-01  0.100889611579D-01  0.213862374148D-01
 -0.303641154569D-01 -0.237339558055D-01  0.221689583153D-01  0.390637805431D-01
  0.166779863642D-01  0.156178542801D-01 -0.407738924155D-01 -0.595798893605D-01
 -0.205990855603D-02 -0.519838812249D-01 -0.138269398634D-01 -0.113911681598D-01
 -0.257460424511D-02  0.776113074611D-02 -0.989370147830D-02  0.124302858264D-01
  0.752714614608D-01 -0.368164318348D-01  0.335266910747D+00  0.106087640057D-01
 -0.445366513469D-01  0.584321556966D-03 -0.550726227940D-02 -0.836200972052D-01
  0.660755943442D-02  0.401288665312D-02 -0.590443207828D-01 -0.496891902997D-02
  0.120013396465D-01 -0.272156673817D-01 -0.106097174945D-01  0.175355129164D-01
 -0.695053231519D-01 -0.130689209755D-01 -0.341501755371D-01 -0.749902958733D-02
  0.200368326800D-01 -0.432892583958D-01  0.642588915726D-02  0.146243416498D-02
 -0.417046802253D-01 -0.777328453666D-02 -0.175799439642D-02  0.201764188880D-01
 -0.258395514590D-01 -0.296588737422D-01 -0.444574724078D-01 -0.339944010273D-01
  0.182377289208D-01  0.172944266164D-01 -0.384153582216D-01  0.230106118819D-01
  0.377544674239D-01  0.409734174756D+00  0.259743867952D-01 -0.269666005518D-03
 -0.631358384080D-02 -0.400874255151D-01 -0.446079044740D-01 -0.833808338098D-01
 -0.242791763784D-01 -0.188135485610D-01 -0.593684965754D-01 -0.427149540514D-01
 -0.146335276243D-02 -0.693315699849D-01  0.126664052824D-01  0.367463476673D-01
  0.370662454456D-02  0.221439014966D-01  0.148053370570D-01  0.291220673967D-01
  0.744752633706D-01  0.221347289190D-01  0.355827302612D-01  0.579733829253D-02
  0.280868791928D-01 -0.108915354613D-02  0.179172569653D-01  0.596574769639D-03
 -0.669160447171D-01 -0.328290809744D-01  0.214067324694D-01  0.109166989040D-01
 -0.562989011777D-01 -0.613856948899D-01 -0.670455914660D-01  0.444363529659D-02
  0.116498889981D-01  0.263846270304D+00  0.777551160246D-02  0.464173890274D-02
 -0.258433310230D-01 -0.387164061970D-02  0.260135796795D-01  0.283129111086D-01
 -0.283958774333D-01 -0.328141023299D-01 -0.176975597508D-01 -0.606571277912D-01
 -0.508764995828D-01  0.562637407264D-02 -0.201513982035D+00  0.168165746100D+00
  0.670624938913D-01  0.979072053055D-02  0.708558295388D-02 -0.337157865521D-01
  0.218663579336D-01  0.191633361695D-02 -0.252164863149D-01  0.201717276961D-01
  0.517136970266D-01 -0.758861968494D-02 -0.129111993108D-01 -0.340358665449D-01
  0.515379309353D-01 -0.218005846680D-01 -0.646992167367D-01 -0.369321915445D-01
 -0.283664321370D-01  0.173624713283D-01  0.134848770074D-01  0.617410533530D-02
  0.731947467782D-01 -0.226104098571D-01  0.312847839048D+00  0.120219560424D-01
 -0.286645950295D-01  0.344443066766D-01  0.279731479665D-01 -0.178756719027D-01
 -0.125436368954D-01  0.125442136841D-02 -0.191695701796D-01 -0.280565675049D-01
 -0.136091591304D-01 -0.421717299001D-01 -0.406361817335D-01  0.758459161048D-01
 -0.166595671971D+00 -0.510004926288D-01  0.132288174012D-01 -0.842986868669D-02
 -0.269409549830D-01  0.161036318188D-01  0.241182122085D-02 -0.204196194950D-01
 -0.951866736118D-02 -0.153245723813D-01 -0.302442497175D-01  0.143828039852D-01
 -0.162461489289D-01  0.490541607194D-01 -0.110948211678D-01 -0.625856261725D-01
  0.242064822011D-01  0.510542082813D-01 -0.409770727335D-01  0.151199102595D-02
  0.576473132417D-01 -0.502413391791D-01 -0.943309683507D-02 -0.190702261229D+00
  0.446546198513D+00  0.214366414287D-01 -0.303510847844D-01 -0.220308705556D-02
 -0.999179060892D-02  0.843913059588D-02 -0.353950136256D-01 -0.463191351292D-01
  0.247796828303D-01 -0.337661232874D-01 -0.174833899584D-01 -0.377244428446D-01
 -0.590355322110D-01  0.288102201685D-01 -0.893655946913D-01 -0.990528263712D-01
  0.380937883032D-02  0.130867254448D-01 -0.664213757608D-02 -0.574390470812D-01
  0.434124376686D-01 -0.179941307792D-01  0.121329502319D-01 -0.117382615214D-01
  0.869093484272D-02  0.404144307620D-01 -0.222281163775D-01  0.762457983679D-02
  0.749950093799D-01 -0.712953947299D-01 -0.345042611237D-01 -0.463320473144D-01
  0.890499016946D-01  0.581504778190D-02 -0.378199352163D-01 -0.165587312663D-01
  0.239841679322D-01 -0.145155903068D-01  0.792733726208D-01  0.273149405869D+00
 -0.348904544268D-01  0.148611443010D-01 -0.255504569337D-01 -0.251886350953D-01
 -0.248164785041D-01 -0.101807229774D-01 -0.440572199623D-02 -0.619838189260D-02
  0.508766395980D-02 -0.459820473788D-02 -0.802998044469D-02 -0.414707713081D-01
 -0.231411955004D-01 -0.458718492694D-01 -0.449808617912D-01 -0.468402880765D-01
  0.181635942283D-01 -0.222481671744D-01 -0.307408388037D-01  0.446702244421D-01
 -0.385136478826D-02 -0.145718630005D+00 -0.835061985728D-01 -0.601932934019D-01
 -0.371570704547D-01  0.169310051815D-01  0.220343164984D-01 -0.556946099075D-01
  0.358287165919D-01 -0.727166594205D-02  0.623942288609D-01  0.190877804878D-01
 -0.260220739639D-01 -0.347400866403D-01 -0.234697140828D-01  0.554017604549D-01
 -0.211094181515D-01 -0.445873073215D-01  0.483023048141D-01  0.401830924935D+00
 -0.633864671531D-02 -0.323923507724D-01 -0.213637327442D-01 -0.332867257915D-01
 -0.250321477813D-01 -0.113307254538D-02 -0.187510149664D-01  0.144756546504D-01
  0.449608413314D-02  0.217122995906D-01  0.135479626389D-01 -0.204658695145D-01
  0.328081484055D-01 -0.630568167786D-02 -0.176961825862D-01  0.468390176287D-01
 -0.558935326816D-01 -0.355329590164D-02  0.626842614974D-01 -0.529345771841D-01
  0.154777308718D-01 -0.948051430743D-01 -0.239838578590D+00 -0.810947449756D-01
 -0.403400120612D-01 -0.663628688790D-01  0.465079674120D-01  0.868859788047D-02
 -0.122083863525D-01 -0.101569471210D-01 -0.283245594240D-01 -0.407817315466D-01
 -0.653667155179D-02 -0.608577178626D-01  0.315249599661D-01  0.546774454659D-03
  0.230340500372D-01  0.193238473314D-01  0.212203753604D-01  0.869374448555D-01
  0.452877430878D+00 -0.452217598759D-03  0.704216300203D-02 -0.193052135268D-01
 -0.111057695409D-01 -0.237217476945D-01  0.234444985815D-01 -0.403510094447D-01
 -0.304704331710D-02  0.299961092553D-01  0.272149524734D-01  0.119355752577D-01
  0.421534422771D-01 -0.137071908939D-01 -0.539406482314D-01 -0.174804225433D-01
  0.378703044760D-01  0.542051013526D-01 -0.463694126155D-01  0.524444349205D-01
  0.555224592660D-01 -0.673021785056D-01 -0.130019722996D+00 -0.101791585221D+00
 -0.201318195126D+00  0.960417348703D-02  0.437712402395D-02 -0.359268708642D-02
 -0.260678471018D-01 -0.760116502980D-03 -0.577136502478D-02 -0.564921418901D-01
 -0.493911324602D-01  0.321075203626D-01  0.220233135368D-01 -0.496622073221D-02
 -0.137132854030D-01  0.180953880189D-01  0.307844865491D-01 -0.306710242332D-01
  0.110943332554D+00  0.737515847082D-01  0.277822213588D+00
$end
