$hessapprox
  0.488314799603D+00 -0.186287804625D-01  0.509994135331D+00  0.466670494485D-01
  0.231292616428D-01  0.571462124542D+00 -0.590632539532D-01  0.226580786759D-01
 -0.460278952859D-02  0.459104687417D+00 -0.539628022634D-02 -0.839300968517D-01
 -0.123458191229D-01  0.286824393185D-02  0.442788790225D+00 -0.894116345656D-01
 -0.174221254337D-01 -0.192801679308D+00 -0.642231770005D-01  0.282617485353D-01
  0.635106645854D+00 -0.385192064655D-01  0.477212810746D-01 -0.185407270858D-01
 -0.633294629984D-01  0.325195414712D-01  0.176905677168D-01  0.200804879505D+00
  0.904534345752D-02 -0.160085370731D-01  0.168933377082D-01  0.123830011873D-01
 -0.135997558366D+00  0.780992751223D-02 -0.157424449814D+00  0.438829868553D+00
 -0.308899419542D-01  0.343152722161D-01 -0.159578505903D-01  0.310966350089D-02
 -0.615545261994D-01 -0.126980195638D+00 -0.787793128937D-01  0.138707139856D+00
  0.589193971877D+00 -0.914094840118D-01 -0.966382816616D-02  0.243446729534D-01
 -0.494915731987D-01 -0.493799747665D-01  0.533692275479D-01  0.283011889019D-01
 -0.423145449842D-01 -0.141347150193D-01  0.431201654036D+00 -0.415200017400D-01
 -0.896296582362D-01  0.209595463111D-01 -0.315122247456D-02  0.643665456729D-02
  0.622311603338D-02  0.301128733326D-01  0.900482703561D-02  0.160890506810D-01
 -0.782890498695D-01  0.555331624912D+00  0.515126102071D-01  0.168666883181D-01
 -0.514597257948D-01  0.421809688075D-02 -0.221252748347D-01 -0.213541323405D-01
  0.246126056227D-01 -0.856724342403D-02  0.213252202861D-01 -0.112195449221D+00
 -0.116192972607D-01  0.477312007291D+00 -0.735440466898D-01  0.500616213862D-01
  0.175654267049D-01 -0.507874308458D-01  0.448869271257D-01 -0.322964115205D-01
 -0.107846213070D-01  0.435838330056D-01 -0.811386230965D-01 -0.311794187771D-01
 -0.260024639714D-01  0.345794898433D-01  0.303907240363D+00  0.259598443735D-01
 -0.189555378670D+00 -0.171439772659D-01  0.246703211394D-02 -0.297642972371D-01
  0.109564687194D-02  0.380069085701D-01 -0.256547322098D-02  0.583284983882D-01
 -0.225639911613D-01 -0.246398685141D-01  0.132509933118D-01 -0.855252747885D-01
  0.365488039804D+00 -0.321372565519D-01  0.204995920353D-01 -0.920985156193D-01
 -0.203394777315D-02  0.358029627656D-01  0.183829094895D-02 -0.394403968658D-01
 -0.119130473988D-01 -0.239687581588D-01 -0.122694416745D-01  0.689816353998D-02
 -0.608488588499D-01 -0.893522946000D-01 -0.456188810960D-01  0.224519737562D+00
 -0.966298693236D-01  0.180251402178D-01  0.180383085234D-01 -0.383453519028D-01
 -0.233308790455D-01 -0.164259939907D-01  0.179711996168D-01 -0.264836393300D-02
 -0.390383454157D-02 -0.722504550772D-01  0.309268831964D-02  0.122622162565D-01
 -0.267695510285D-01  0.463941068492D-01  0.207161802977D-01  0.252492222100D+00
  0.189522750484D-01 -0.960660164637D-01 -0.715792947056D-01 -0.812361016523D-02
 -0.953325539991D-02  0.401997362576D-01  0.468043491838D-02 -0.105389387097D-01
  0.449061299646D-01  0.207141350326D-01 -0.218878543681D-01  0.374265349238D-01
 -0.284804812572D-01 -0.705016160813D-01 -0.109149522740D+00 -0.485316272285D-02
  0.297481753216D+00  0.531126912158D-01 -0.473204718532D-01 -0.149645268847D+00
 -0.174926878042D-01 -0.780510244159D-02 -0.253012658212D-01  0.258167185683D-01
  0.925370763249D-02 -0.373323128969D-01  0.342567891871D-01  0.436942799252D-01
 -0.288907127873D-01  0.253355824267D-01  0.459197308650D-04  0.137331109023D-01
 -0.199317786731D-01  0.224789218057D-02  0.357498390566D+00 -0.157227437053D-01
 -0.378027314073D-01 -0.584611526303D-01 -0.926382788668D-01 -0.538646749550D-02
  0.297814976263D-01 -0.599191631771D-01 -0.179337695433D-02 -0.336330882318D-03
 -0.728183919342D-02 -0.341252543392D-01 -0.246881462718D-01  0.446356346289D-01
  0.834502635996D-02  0.933834249885D-02  0.714704492169D-02 -0.724711052083D-02
 -0.458469894589D-01  0.199716605301D+00  0.585124684658D-02 -0.137388260983D-01
  0.851640990562D-02  0.295273772193D-01 -0.583323487921D-01 -0.633915090980D-01
 -0.514678253450D-02 -0.637115145411D-01 -0.544359227326D-01  0.207598555287D-01
 -0.157534288453D-01  0.296695753840D-01  0.523250374743D-02 -0.345968371266D-01
  0.510705419325D-02 -0.698143800698D-01 -0.471356899770D-02 -0.312965242759D-01
 -0.138559915971D-01  0.176759377838D+00  0.122987186334D-01 -0.276718458142D-01
  0.286206604566D-01  0.295295077140D-01 -0.328294134354D-01 -0.241442898180D+00
 -0.264152239374D-01  0.163914264510D-01 -0.356979059946D-01 -0.381474238767D-01
 -0.272474974035D-01  0.186832958888D-01  0.366683012323D-01 -0.494499409413D-01
 -0.157331762504D-01  0.311510566390D-01  0.377367220913D-01 -0.268317477047D-01
 -0.470446520278D-01  0.794335737952D-01  0.326107247198D+00 -0.743828765139D-01
 -0.345660827238D-01 -0.619827411531D-01 -0.819099580579D-01 -0.797446977122D-02
  0.952738578720D-01  0.294919820650D-01  0.332602127613D-01  0.336360549232D-01
 -0.299785253703D-01 -0.180166321380D-01 -0.231177273555D-01 -0.608839555486D-01
  0.224673401177D-01  0.651742101028D-01 -0.962836066410D-01 -0.815469704522D-03
 -0.660882171725D-01 -0.825239416392D-01  0.181985523065D-01 -0.216470213569D-01
  0.426478438942D+00 -0.122982514651D-01 -0.150268740984D-01 -0.378516590273D-02
 -0.661752743974D-01 -0.872305397561D-01  0.211526707113D-01 -0.512925437740D-01
 -0.658012205185D-01 -0.688116919269D-02 -0.130605984298D-01 -0.226728149555D-01
 -0.134033143732D-01  0.503756480461D-01  0.621847219794D-02  0.253333740119D-01
 -0.107709922144D-01 -0.661273483985D-01  0.779851358413D-02  0.757034001232D-01
  0.301815948542D-01 -0.113746824481D-01  0.307765566102D-01  0.198726848597D+00
  0.125054709786D-01 -0.133443576371D-01  0.181183892944D-01  0.558946742890D-01
  0.221870089682D-01 -0.137478522837D+00 -0.313755380968D-01  0.241143593640D-01
  0.907318871499D-02  0.139004946178D-01 -0.987465910594D-02  0.231097771423D-01
  0.614810483962D-01  0.633566261427D-02 -0.399684495613D-02 -0.991807936582D-01
 -0.535111956142D-01 -0.226178354049D-01  0.890631930400D-01  0.649025028786D-01
 -0.564175509977D-01 -0.605574904001D-01 -0.666795219221D-02  0.234996702090D+00
 -0.103912804118D-01 -0.648869333552D-02 -0.752334313433D-03 -0.776877700058D-02
  0.720975598690D-02  0.140957478555D-01 -0.614386282384D-01  0.880565761293D-01
  0.132728875462D+00 -0.208484989023D-02 -0.646714652717D-02 -0.148495601607D-02
 -0.421914579385D-01 -0.132061381159D-01  0.205702112899D-01 -0.132609482116D-02
  0.250632379061D-01 -0.131975288023D-01 -0.153667778237D-01  0.711606401031D-02
  0.757104675239D-02  0.269256154497D-01 -0.151824800307D-01 -0.100371792165D-01
  0.852676369369D-01  0.639471483566D-02  0.101389285447D-01 -0.209434218494D-01
  0.361001069375D-01 -0.261999782876D-01 -0.142571860553D-01  0.757890124600D-01
 -0.146058061860D+00 -0.122398658144D+00  0.285335824482D-02  0.124553380104D-05
 -0.809918416538D-02  0.360340658916D-02  0.243284424143D-01 -0.177010595017D-01
 -0.115041963969D-01  0.200854391926D-02 -0.233045548231D-01  0.229416249282D-01
 -0.448492413379D-02 -0.233889237796D-01  0.113832021804D-01  0.779824602641D-02
  0.334903873099D-02 -0.106691182652D+00  0.183407888796D+00  0.225674896533D-02
 -0.368725338673D-02 -0.270589669176D-01  0.118112795864D-01  0.431931975126D-01
  0.506936214385D-01  0.110548563381D+00 -0.207463544844D+00 -0.376620801064D+00
  0.804642918720D-02 -0.126709253473D-02 -0.257768901417D-01 -0.209639530142D-01
 -0.126042032059D-01  0.196014879820D-01  0.101532512907D-01 -0.722845412301D-02
 -0.145629267588D-01  0.142185374436D-01  0.261312709305D-01  0.749158560363D-02
 -0.778165936281D-03  0.768795610251D-02 -0.351621259670D-01 -0.129313616994D+00
  0.178663969788D+00  0.386235106325D+00 -0.133210391504D-01 -0.212603922077D-02
  0.152835444764D-01 -0.827784435534D-02  0.930118747915D-02 -0.611103184017D-02
 -0.612837249319D-01  0.434641190217D-02  0.560321999044D-01 -0.842501223752D-01
  0.557033525526D-01  0.231330486424D-01 -0.589575079854D-01 -0.297948191886D-01
  0.258619418751D-01  0.212095463071D-01  0.965352695648D-02 -0.118261369670D-01
  0.410828033859D-01  0.268650196109D-01  0.149882702153D-01 -0.454566730443D-01
  0.187976040227D-01 -0.376374801733D-01  0.236405209747D-01 -0.587957586885D-02
  0.540416354614D-01  0.309416826803D+00 -0.298516402331D-01 -0.163959064557D-01
  0.108135052432D-01 -0.265933279685D-01 -0.109535985760D-01  0.361078279374D-01
 -0.190046245878D-01 -0.243792552639D-01 -0.170526516945D-01  0.777804227317D-01
 -0.149192482791D+00 -0.686999029805D-01 -0.728868533062D-01 -0.229730510837D-01
  0.603736825000D-01  0.295421592002D-01  0.267151040179D-01 -0.515355191020D-02
  0.154936740467D-01  0.326444986637D-01  0.456478016629D-02 -0.292504450052D-01
 -0.316251813812D-02 -0.790004183498D-02  0.300382815030D-01 -0.409747962611D-01
 -0.287722609303D-02 -0.598717574886D-01  0.295507106720D+00 -0.167559131213D-01
  0.946911624915D-03 -0.528378209733D-01 -0.240324275829D-01  0.134495543182D-01
  0.443358606290D-01  0.308778771422D-01  0.364889151770D-01  0.113345416564D-01
  0.676515133796D-01 -0.943133589576D-01 -0.220394712396D+00  0.542006274875D-01
  0.328138088712D-01 -0.706204772722D-01  0.260344858681D-01 -0.101539241931D-01
 -0.464847229145D-02 -0.210032848622D-01 -0.226247490075D-02 -0.149165013072D-01
  0.259152393678D-01 -0.155216825935D-01 -0.305824047860D-01 -0.135921913656D-01
  0.148683811887D-01  0.355608634844D-01 -0.609450671085D-01  0.556555420557D-01
  0.395954000268D+00 -0.153309993781D-01 -0.291899660386D-01  0.224407426046D-01
 -0.749275623765D-02 -0.531758468978D-02 -0.174264970102D-02  0.187055570297D-01
  0.135053572425D-01 -0.163240354033D-01 -0.915765750435D-01  0.118662856855D+00
  0.111682114118D-01  0.655511512903D-02  0.744996486981D-02  0.335724514010D-01
  0.327849158491D-01 -0.295437754914D-01  0.358615574801D-01 -0.191293438321D-01
 -0.247334650683D-01  0.104742001239D-02 -0.114764996413D-01 -0.687306849062D-02
  0.594360022337D-02  0.473409276292D-02 -0.349904712575D-01 -0.600207093713D-01
 -0.123802785628D+00  0.846041111076D-01 -0.683508592047D-01  0.206029278990D+00
  0.414915295654D-01  0.218230071443D-03  0.454856180357D-01 -0.196040506003D-02
 -0.728377152602D-02 -0.457798532722D-01  0.403834888355D-02  0.172258639639D-01
 -0.300231631427D-01  0.931642158397D-01 -0.246998244338D+00  0.353004251009D-01
  0.151511334232D-01 -0.214384324819D-01  0.303676816908D-01  0.258678797956D-01
 -0.468368027347D-01  0.518398922507D-01 -0.222727931439D-01 -0.442540228212D-01
  0.338358013183D-01 -0.254627646333D-01  0.170961541898D-01 -0.295903661716D-01
 -0.944827487389D-02 -0.996553469189D-02 -0.205486201454D-01 -0.269949107573D-01
 -0.868351008318D-01 -0.319716725909D-01 -0.935739590389D-01  0.429071661200D+00
 -0.915854325579D-02  0.136883282878D-01 -0.363413462429D-01  0.782180771823D-02
 -0.623433606599D-02  0.133842752541D-01 -0.149951335515D-01 -0.217149780333D-01
 -0.143690981920D-01 -0.248220970812D-01  0.504577487717D-01 -0.131705268298D+00
 -0.607919385973D-02  0.129464727209D-01  0.757400371129D-02  0.210869019882D-01
  0.891053759584D-01 -0.614009589562D-01  0.549789855245D-01 -0.623739560799D-01
  0.101369912871D-01  0.141720011086D-01 -0.433854770741D-02  0.957227707449D-03
 -0.658807465239D-02  0.332115986109D-01 -0.204009539845D-01 -0.728209244861D-01
 -0.658319633893D-01 -0.931848770117D-01  0.364042705471D-01 -0.389157430737D-01
  0.325350004725D+00
$end
