$dipgrad          cartesian dipole gradients
  0.28258479256493D+00  0.20479605533441D-01  -.69428899330822D-01
  -.74143599756451D-02  0.24224929637275D+00  0.84065634038003D-01
  -.13233412413194D+00  0.39423691902073D-01  0.53933503690031D+00
  0.61845769358225D+00  -.12053134458089D+00  0.19643002721032D+00
  -.30753210793162D+00  0.41094578771123D+00  -.17727984467477D-02
  0.33599895971933D+00  -.71738512555862D-02  0.38608342116985D+00
  -.13691538296180D+01  -.23009574690590D-01  -.92644533247379D-01
  0.81070194950771D-01  -.46077391264025D+00  0.64245534190853D-01
  -.61758097555811D-01  0.42185730087430D-01  -.51909140834993D+00
  0.91610055070548D+00  0.78786518138113D-01  -.13804365133443D-01
  0.13149315266501D+00  0.32181348309717D+00  0.15114015736713D-01
  -.15823734145641D+00  -.13050516667965D-01  0.31623624228288D+00
  0.78796267226609D+00  0.11414410464695D+00  -.94902157752829D-01
  0.44972909070130D-01  0.21581154349562D+00  -.10770446126380D+00
  -.12356045520747D+00  -.12844768754023D+00  0.34764039766707D+00
  -.10039145817401D+01  -.13064423472934D+00  0.68441286224495D-01
  -.19070391431399D+00  -.41438517502727D+00  0.13371120967594D+00
  0.55411636804471D-01  0.15154995027331D+00  -.40775886424709D+00
  -.58834180450292D+00  -.61095216052082D-01  0.24721776496029D+00
  -.46974177511651D-01  -.23864986213138D+00  -.17071370795173D-01
  0.28228555030995D+00  0.78869431055159D-02  -.64007938859127D+00
  0.37054937712845D-01  0.22972471125369D-02  0.30330510950515D-01
  -.36531070869540D-01  -.13541815893425D+00  -.57304954424354D-01
  0.40116436525433D-01  -.25072294067462D-01  -.96221496285177D-03
  -.83462638884393D-01  0.42394475635919D-01  -.70448803446835D-01
  0.77339771554281D-01  0.30599982384016D-01  0.75116362470026D-01
  -.54457929514071D-01  0.35195157483457D-01  -.65200941183509D-01
  -.44203177586450D-01  0.80114962206649D-02  0.74871728860215D-01
  0.39878028624026D-01  0.25425531762793D-01  -.69325486992834D-01
  -.32124303811071D-01  -.24313536040117D-01  -.22451286011355D+00
  -.24502536124919D-01  -.30470096773105D-01  -.70906607697136D-03
  0.32505273009786D-01  -.20514226303827D+00  0.64843983660462D-02
  -.45481751348437D-01  -.47669423697459D-01  0.11674431272549D-01
  -.17807562947550D-01  -.10685303046440D-01  -.39477996895033D-01
  -.54143123725697D-01  0.26870643355170D-01  0.22568520026404D-01
  0.52622707665750D-01  -.11283816152362D-01  -.16636015491156D+00
  -.81571221685051D-01  0.59427527112756D-01  -.13421697144224D-01
  0.76678112409306D-01  -.77433848803482D-01  0.10796041923162D-01
  -.42828131417977D-01  0.36637307435457D-01  0.46622310516976D-01
  -.10794288543016D+00  0.74944553456741D-01  -.55706037620236D-02
  0.12073407389931D+00  -.11558016962450D+00  0.12787150742088D-01
  -.23581917136280D-01  0.48296311432501D-01  0.16886670745793D-01
  -.30368758250200D-01  -.25377716860020D-01  0.12495832524463D-01
  -.12459468217756D-01  0.18538715756844D-01  0.35933601047586D-01
  0.39674279539127D-01  0.13279078706939D-01  -.19108161581634D+00
  0.27620097299038D+00  -.61468128283167D-02  0.17840445996232D-01
  -.29821180002548D-01  0.20797371323825D+00  -.92937073884993D-01
  0.16900306050940D-02  -.97092660209877D-01  0.25464069259956D+00
  0.28960972187490D+00  -.76378427057527D-01  -.89248083023180D-01
  0.21227397953800D-02  -.22359384490318D-01  -.43824956941491D-01
  -.46331619962320D-01  0.21847528806564D-01  0.13395425284134D+00
  0.14329765507423D+00  0.83853198761219D-01  -.15797139091374D+00
  0.78785146570466D-01  0.16951407751715D+00  -.70881365467433D-01
  -.87103929627425D-01  -.42197913602214D-01  0.16197399218104D+00
$end
