$hessian (projected)
 1  1   0.5081199972  -0.0385974325   0.0641018579  -0.1505931939  -0.0324495110
 1  2   0.0221889400  -0.0419271960  -0.0030312012   0.0045365357  -0.0019578253
 1  3   0.0018944188  -0.0028224687  -0.0007831004   0.0006670160   0.0002330761
 1  4   0.0003179889  -0.0002754642  -0.0001915364  -0.0730570148   0.0274714157
 1  5   0.0357699399  -0.0501789336  -0.0173735412  -0.0036585986  -0.1850589071
 1  6   0.0789106996  -0.0961753741   0.0013687651  -0.0016300139  -0.0000435190
 1  7  -0.0042198401  -0.0019861082   0.0032348793   0.0000043518   0.0000345447
 1  8   0.0003829306  -0.0006458603  -0.0004402916   0.0004141459   0.0000055517
 1  9  -0.0003942853  -0.0000509221   0.0000942122  -0.0000459066   0.0000939710
 1 10  -0.0001205020  -0.0000518281  -0.0000341159  -0.0038928672  -0.0044178231
 1 11   0.0013286718   0.0025243737  -0.0082846880  -0.0293084135
 2  1  -0.0385974325   0.6020327657  -0.0133446252  -0.0408255995  -0.0983880554
 2  2   0.0114077217   0.0219799979   0.0064472119  -0.0053766842   0.0021956131
 2  3  -0.0020063535   0.0023726275   0.0004496072  -0.0010161055  -0.0000909824
 2  4  -0.0000770773   0.0005010512   0.0000659407   0.0133161752  -0.1010975381
 2  5  -0.0111017726  -0.0156854119  -0.2985369581  -0.0181084513   0.0766040872
 2  6  -0.0956550780   0.0554307924   0.0096862005   0.0021398507  -0.0048456235
 2  7  -0.0320410973  -0.0113257395   0.0110868417  -0.0001586942  -0.0001260428
 2  8  -0.0000737795   0.0011790355   0.0002412578  -0.0000257035  -0.0000256002
 2  9   0.0005852679   0.0000422221  -0.0000765635   0.0001606942  -0.0000990931
 2 10   0.0000919239   0.0000545243   0.0000150019   0.0065862499  -0.0089677992
 2 11  -0.0419452385  -0.0046014140   0.0049570464   0.0145908059
 3  1   0.0641018579  -0.0133446252   0.4982809501   0.0358212237   0.0136093375
 3  2  -0.0884377404  -0.0239256108  -0.0054578014   0.0057873409  -0.0017275196
 3  3   0.0023921022  -0.0037740077  -0.0000794959   0.0004731688   0.0010386084
 3  4  -0.0005888911  -0.0004492243  -0.0001888965  -0.0076798020  -0.0370215988
 3  5  -0.2011828235  -0.0032044624  -0.0240201860  -0.0494587946  -0.1000067808
 3  6   0.0596177186  -0.1184617999   0.0271457466   0.0099762290  -0.0100319371
 3  7  -0.0038581730  -0.0039133583   0.0009708200   0.0001468601  -0.0000641930
 3  8   0.0003265671  -0.0013961405  -0.0001492219   0.0002753825   0.0000252179
 3  9   0.0000701447   0.0000736569  -0.0001626916   0.0001866094  -0.0002364834
 3 10  -0.0000578756  -0.0000947560   0.0001179527   0.0059340696   0.0011851256
 3 11  -0.0081515668   0.0095124674  -0.0029954707  -0.0269472289
 4  1  -0.1505931939  -0.0408255995   0.0358212237   0.4557035090   0.0285553378
 4  2  -0.0238267610  -0.1319615488   0.0272253360  -0.0282029649  -0.0454766446
 4  3   0.0180865718  -0.0148151525   0.0009923487  -0.0022116172  -0.0018001523
 4  4   0.0017661057   0.0020232899   0.0004921262  -0.0039477331   0.0005529931
 4  5   0.0109174170  -0.0059005180  -0.0015441181   0.0008584620  -0.0189067820
 4  6  -0.0088862620   0.0049249814  -0.0520533559   0.0045061172   0.0245232951
 4  7  -0.0526592517  -0.0291252245  -0.0027082100   0.0044417063   0.0017139104
 4  8  -0.0034535181  -0.0024420257  -0.0021808598  -0.0001008269  -0.0008319141
 4  9   0.0008475578  -0.0003495535  -0.0003741288   0.0001631983  -0.0001151960
 4 10   0.0004705429  -0.0002302903   0.0001368715   0.0004227385   0.0002953982
 4 11  -0.0002270138   0.0013501456   0.0010342608  -0.0020750281
 5  1  -0.0324495110  -0.0983880554   0.0136093375   0.0285553378   0.5493997869
 5  2   0.0337871767   0.0472644860  -0.1054692128   0.0507332730   0.0020686116
 5  3   0.0005249225  -0.0104550845  -0.0055761060   0.0056034683   0.0023245313
 5  4  -0.0010432246  -0.0033158430  -0.0009244690   0.0074380384   0.0037610322
 5  5  -0.0049463176  -0.0331714545  -0.0138419300   0.0124584280   0.0156028946
 5  6   0.0036674251  -0.0048438895   0.0028442658  -0.0684421503  -0.0587089038
 5  7  -0.0307386072  -0.2739111024  -0.0342551728  -0.0017328533   0.0000317111
 5  8   0.0015253544  -0.0008028820   0.0007215651  -0.0006235077   0.0003081803
 5  9  -0.0018885101   0.0005243925   0.0003699001  -0.0003235602  -0.0000177190
 5 10  -0.0007649858  -0.0000571201   0.0000041882   0.0026072470   0.0019450207
 5 11  -0.0015927863  -0.0007793372  -0.0000174477   0.0014011687
 6  1   0.0221889400   0.0114077217  -0.0884377404  -0.0238267610   0.0337871767
 6  2   0.5441393507  -0.0587973852   0.0524580529  -0.1173181623   0.0040447382
 6  3  -0.0082769546   0.0037824572  -0.0000719497  -0.0021850853  -0.0011710887
 6  4   0.0017671170   0.0016835786   0.0002134646   0.0339263606   0.0079003599
 6  5  -0.0302866100  -0.0005618350   0.0008457762   0.0015109361  -0.0174337077
 6  6  -0.0057739204   0.0061647555   0.0268608330  -0.0615899731  -0.2632265013
 6  7  -0.0009978036  -0.0317480871  -0.0572787648   0.0059256991  -0.0002420226
 6  8   0.0018869078   0.0058031712  -0.0000702555  -0.0011013326  -0.0005213722
 6  9   0.0003674539  -0.0000063682  -0.0001315546  -0.0000051144   0.0000573774
 6 10   0.0002206840  -0.0000580657  -0.0000014529  -0.0004571515   0.0012872092
 6 11   0.0013200689   0.0020619772   0.0002121498  -0.0002472971
 7  1  -0.0419271960   0.0219799979  -0.0239256108  -0.1319615488   0.0472644860
 7  2  -0.0587973852   0.4755155704  -0.0234440921   0.0178902953  -0.1928661482
 7  3  -0.0392625731   0.0514283534  -0.0307535997  -0.0053551894   0.0111119790
 7  4  -0.0042036670  -0.0091440950  -0.0045251293   0.0011983148  -0.0007600534
 7  5   0.0004923372   0.0033389306   0.0007127694  -0.0004568169  -0.0070121862
 7  6  -0.0017702678   0.0037170137  -0.0108080053   0.0056002153  -0.0135152262
 7  7  -0.0070475955   0.0137064854  -0.0047504719  -0.0191757852  -0.0046963545
 7  8   0.0122348374  -0.0356743954  -0.0056354317   0.0094388594   0.0014774057
 7  9  -0.0016987562   0.0003262071   0.0013254081   0.0016892717  -0.0007571770
 7 10  -0.0015230618   0.0002767749   0.0010404129  -0.0001758603   0.0002128508
 7 11  -0.0004954165   0.0002734197   0.0003239619  -0.0004570618
 8  1  -0.0030312012   0.0064472119  -0.0054578014   0.0272253360  -0.1054692128
 8  2   0.0524580529  -0.0234440921   0.1822835073  -0.1096640004  -0.0157467206
 8  3  -0.0808219627   0.0254350114  -0.0276975540   0.0003392868   0.0121560846
 8  4  -0.0046552063  -0.0063727767  -0.0040066643   0.0007349149   0.0014123833
 8  5   0.0002704795   0.0007897785   0.0018068728  -0.0010474977  -0.0029974365
 8  6  -0.0001048719   0.0007600313   0.0022494238   0.0041307719   0.0064467477
 8  7   0.0322875202  -0.0190824167   0.0246999548  -0.0074019509   0.0007304691
 8  8   0.0029017577   0.0216512703   0.0114139420  -0.0072711753   0.0017846200
 8  9   0.0025644605   0.0013574621   0.0007710949   0.0012447568   0.0003848650
 8 10  -0.0020254533   0.0001882059   0.0004127851  -0.0005954973  -0.0001860303
 8 11   0.0004709776   0.0001011536  -0.0005245975  -0.0003070705
 9  1   0.0045365357  -0.0053766842   0.0057873409  -0.0282029649   0.0507332730
 9  2  -0.1173181623   0.0178902953  -0.1096640004   0.2172225586   0.0221792960
 9  3   0.0257034959  -0.0920517050  -0.0085355390   0.0050759966   0.0065686192
 9  4  -0.0035977841  -0.0041964054   0.0000807675   0.0016360895  -0.0001500834
 9  5   0.0014163408  -0.0001592412  -0.0005619599   0.0001124860   0.0033418477
 9  6   0.0007642851   0.0001164722  -0.0313960835   0.0231616542  -0.0231912109
 9  7  -0.0056873126   0.0081440336   0.0013112484   0.0370681928   0.0090243575
 9  8  -0.0093955627  -0.0089409996  -0.0031487955   0.0048398893   0.0004976267
 9  9   0.0001692791   0.0002515896   0.0003354373   0.0013937357   0.0023779139
 9 10  -0.0007913807  -0.0004279232   0.0005879095  -0.0001070443   0.0001180412
 9 11  -0.0000699909  -0.0000669711  -0.0007623000   0.0013534957
10  1  -0.0019578253   0.0021956131  -0.0017275196  -0.0454766446   0.0020686116
10  2   0.0040447382  -0.1928661482  -0.0157467206   0.0221792960   0.4915163780
10  3  -0.0678564493   0.0270739416  -0.0692699244  -0.0098229581  -0.0161267032
10  4  -0.0280594603  -0.0330374051  -0.0128267865   0.0018449020   0.0004295646
10  5  -0.0012970444  -0.0001198199  -0.0000031879  -0.0002086044   0.0000706141
10  6  -0.0006148015   0.0003415872   0.0051726251  -0.0020178523   0.0041481732
10  7   0.0038278147  -0.0040044115   0.0013994852  -0.0501225619   0.0007106071
10  8   0.0014892901  -0.1161004690   0.1142394866  -0.0401550373   0.0080221795
10  9   0.0165808948   0.0089825308   0.0007544079  -0.0012554696  -0.0002127255
10 10  -0.0060119908  -0.0015915189   0.0012066724  -0.0004179939  -0.0000118599
10 11   0.0003834279  -0.0008060830  -0.0002621432   0.0013052783
11  1   0.0018944188  -0.0020063535   0.0023921022   0.0180865718   0.0005249225
11  2  -0.0082769546  -0.0392625731  -0.0808219627   0.0257034959  -0.0678564493
11  3   0.5348461686  -0.0456758250  -0.0175733689  -0.1576898503  -0.0496738354
11  4  -0.0049386247  -0.0003501375   0.0004100021   0.0000259404   0.0000950781
11  5  -0.0003119614  -0.0000102844   0.0003431037   0.0000070556   0.0008783019
11  6   0.0008228436  -0.0002256705   0.0007409783   0.0001555123   0.0006749284
11  7   0.0021246999  -0.0001788150   0.0003205740   0.0035604066  -0.0572470369
11  8   0.0298137713   0.1079818564  -0.2176060364   0.0575931670  -0.0098368157
11  9  -0.0236611974  -0.0147299016   0.0016937387   0.0025150706   0.0022205985
11 10   0.0025313713   0.0003995427  -0.0002700445   0.0000166605   0.0000058857
11 11   0.0000246518  -0.0000568286  -0.0001467381   0.0000038464
12  1  -0.0028224687   0.0023726275  -0.0037740077  -0.0148151525  -0.0104550845
12  2   0.0037824572   0.0514283534   0.0254350114  -0.0920517050   0.0270739416
12  3  -0.0456758250   0.5729595658  -0.0214291369  -0.0521226192  -0.1140326661
12  4   0.0090818294   0.0125981866   0.0075998171   0.0005719565  -0.0002737338
12  5   0.0005680751   0.0002442658  -0.0000346025  -0.0000066427  -0.0013369634
12  6  -0.0001217940   0.0006471874  -0.0053047980   0.0007341102  -0.0001346621
12  7   0.0001101142   0.0019002975   0.0000066984  -0.0031748190   0.0319210975
12  8  -0.2882364093  -0.0345649285   0.0550185058  -0.0724890907   0.0028557098
12  9   0.0072462746   0.0042348852  -0.0122771166  -0.0301180909  -0.0180526612
12 10   0.0041094347   0.0014981344  -0.0013882482   0.0002504101  -0.0000094373
12 11  -0.0000480644  -0.0000006320   0.0000869417   0.0004154711
13  1  -0.0007831004   0.0004496072  -0.0000794959   0.0009923487  -0.0055761060
13  2  -0.0000719497  -0.0307535997  -0.0276975540  -0.0085355390  -0.0692699244
13  3  -0.0175733689  -0.0214291369   0.4706917359  -0.0440012248   0.0154589039
13  4  -0.1978104196  -0.0300994295   0.0341666238   0.0006350485   0.0002154951
13  5  -0.0002230061   0.0002311960   0.0002891772  -0.0001068233  -0.0001021954
13  6   0.0000441052   0.0001117439  -0.0003274883   0.0005008397   0.0000096688
13  7  -0.0003988048   0.0012995631  -0.0001313073   0.0017066287  -0.0010888201
13  8  -0.0000807204   0.0065020981   0.0156993895   0.0079796200  -0.1107888493
13  9   0.1014305389  -0.0329627062  -0.0493306551   0.0029592648  -0.0060620526
13 10  -0.0207067770   0.0033419493   0.0116972529  -0.0003200948   0.0000450742
13 11   0.0000960989  -0.0001671472  -0.0002385009   0.0001628251
14  1   0.0006670160  -0.0010161055   0.0004731688  -0.0022116172   0.0056034683
14  2  -0.0021850853  -0.0053551894   0.0003392868   0.0050759966  -0.0098229581
14  3  -0.1576898503  -0.0521226192  -0.0440012248   0.5389604478  -0.0190330868
14  4  -0.0004984773  -0.0824687237  -0.0177392202   0.0000377834   0.0000093380
14  5  -0.0001055193  -0.0002922360  -0.0001585042   0.0000973246   0.0003919578
14  6   0.0000384183  -0.0001180402  -0.0001313451  -0.0006879820   0.0001913725
14  7  -0.0001185024  -0.0015736068  -0.0001821840   0.0018525813   0.0023146694
14  8   0.0023096317  -0.0086038325  -0.0265501468  -0.0173391662   0.0997352600
14  9  -0.2136242700   0.0501708808   0.0023945111  -0.0597557240   0.0365140453
14 10  -0.0339577567  -0.0037678771   0.0139246652   0.0000819761  -0.0000148096
14 11  -0.0000352219  -0.0001679462   0.0000419715   0.0001030576
15  1   0.0002330761  -0.0000909824   0.0010386084  -0.0018001523   0.0023245313
15  2  -0.0011710887   0.0111119790   0.0121560846   0.0065686192  -0.0161267032
15  3  -0.0496738354  -0.1140326661   0.0154589039  -0.0190330868   0.5680956281
15  4   0.0612815708  -0.0039912395  -0.0931050656  -0.0001752559  -0.0001901023
15  5  -0.0003397451  -0.0000386611  -0.0000746933  -0.0000509056   0.0002088112
15  6  -0.0000500830  -0.0001975020   0.0005931380  -0.0001784886   0.0001092029
15  7  -0.0006032044  -0.0007214727   0.0000683571  -0.0110692820  -0.0307374678
15  8  -0.0185234155   0.0021987552   0.0067492414   0.0041428736  -0.0320755987
15  9   0.0477451333  -0.0701518965  -0.0090839142   0.0388752277  -0.2872974790
15 10  -0.0203306896  -0.0032388581   0.0046927568   0.0001163914  -0.0000818254
15 11   0.0000527309   0.0001008357   0.0002119170   0.0001009871
16  1   0.0003179889  -0.0000770773  -0.0005888911   0.0017661057  -0.0010432246
16  2   0.0017671170  -0.0042036670  -0.0046552063  -0.0035977841  -0.0280594603
16  3  -0.0049386247   0.0090818294  -0.1978104196  -0.0004984773   0.0612815708
16  4   0.3872410195   0.1885669446   0.0061558471  -0.0007957846  -0.0002219062
16  5   0.0004524357  -0.0000729557  -0.0000859367   0.0001085621  -0.0002414986
16  6   0.0000790158   0.0000383183  -0.0002986045  -0.0000731481  -0.0005116779
16  7   0.0004473204  -0.0001652074   0.0000865392   0.0009845418   0.0014209116
16  8  -0.0005705896   0.0014421867  -0.0003205766   0.0005468300  -0.0374004848
16  9  -0.0025104623   0.0114387609  -0.0163769352  -0.0050289989   0.0122995132
16 10  -0.1076393794  -0.1706413550  -0.0975651763   0.0003786703  -0.0000474408
16 11  -0.0001203510   0.0003213564   0.0002407701  -0.0003028540
17  1  -0.0002754642   0.0005010512  -0.0004492243   0.0020232899  -0.0033158430
17  2   0.0016835786  -0.0091440950  -0.0063727767  -0.0041964054  -0.0330374051
17  3  -0.0003501375   0.0125981866  -0.0300994295  -0.0824687237  -0.0039912395
17  4   0.1885669446   0.3879164544   0.2081677569  -0.0001541263  -0.0000216255
17  5   0.0001612785   0.0001388907   0.0000617922  -0.0000088123  -0.0002807373
17  6   0.0000266675   0.0000994921  -0.0002954812   0.0002760664  -0.0003644127
17  7  -0.0000389835   0.0009156274  -0.0000127199   0.0004534449   0.0013158102
17  8   0.0002548454   0.0007559287   0.0024834391   0.0014259300   0.0218346741
17  9   0.0114434811  -0.0106233155  -0.0075822726   0.0022799683   0.0025839051
17 10  -0.1330784619  -0.3146883962  -0.2071423005   0.0000422390   0.0000155956
17 11  -0.0000400616   0.0001710446  -0.0000184509  -0.0001464817
18  1  -0.0001915364   0.0000659407  -0.0001888965   0.0004921262  -0.0009244690
18  2   0.0002134646  -0.0045251293  -0.0040066643   0.0000807675  -0.0128267865
18  3   0.0004100021   0.0075998171   0.0341666238  -0.0177392202  -0.0931050656
18  4   0.0061558471   0.2081677569   0.2169086655   0.0001586114   0.0000903062
18  5   0.0001121486   0.0000073338   0.0000544879   0.0000221645  -0.0000416003
18  6   0.0000072368   0.0000717660  -0.0000295671   0.0001008122   0.0001025738
18  7   0.0001094884   0.0002993826  -0.0000537340   0.0004314859   0.0015868269
18  8   0.0018104870  -0.0002138848   0.0002656444   0.0001691750   0.0010726489
18  9  -0.0026374367   0.0054323755   0.0406264581   0.0042245545  -0.0058242570
18 10  -0.0652339908  -0.1898855952  -0.1332834960  -0.0000828465   0.0000519285
18 11  -0.0000468065  -0.0000752821  -0.0001314940  -0.0000211494
19  1  -0.0730570148   0.0133161752  -0.0076798020  -0.0039477331   0.0074380384
19  2   0.0339263606   0.0011983148   0.0007349149   0.0016360895   0.0018449020
19  3   0.0000259404   0.0005719565   0.0006350485   0.0000377834  -0.0001752559
19  4  -0.0007957846  -0.0001541263   0.0001586114   0.3263820274  -0.1494747313
19  5   0.1467179606   0.0006038410   0.0022001176   0.0039527631   0.0072509677
19  6  -0.0059977591  -0.0224203919  -0.0060406018  -0.0010756642   0.0031421453
19  7   0.0023078415   0.0010627481  -0.0013542187  -0.0003191437  -0.0000555611
19  8  -0.0001867283  -0.0001567325   0.0001030000  -0.0001314399  -0.0000006299
19  9   0.0001953147  -0.0000545962  -0.0000112955  -0.0000886362   0.0000099955
19 10   0.0001033419   0.0000480363   0.0000340706  -0.0188041358   0.0317414510
19 11  -0.0122546011  -0.2371932130   0.0999429583  -0.1458929192
20  1   0.0274714157  -0.1010975381  -0.0370215988   0.0005529931   0.0037610322
20  2   0.0079003599  -0.0007600534   0.0014123833  -0.0001500834   0.0004295646
20  3   0.0000950781  -0.0002737338   0.0002154951   0.0000093380  -0.0001901023
20  4  -0.0002219062  -0.0000216255   0.0000903062  -0.1494747313   0.6030244756
20  5   0.0232430864   0.0072080106  -0.0062920955  -0.0380758997  -0.0040213413
20  6   0.0048199005   0.0155392628  -0.0026589626   0.0009637738   0.0012917041
20  7   0.0014613242   0.0024753130   0.0007972730   0.0000432758  -0.0000119999
20  8   0.0000748374  -0.0001140079  -0.0000038258  -0.0000111146  -0.0000080677
20  9   0.0000332699  -0.0000390395   0.0000287805  -0.0000397368   0.0000877176
20 10   0.0000433266   0.0000001678   0.0000056173  -0.0146355731  -0.4099028477
20 11  -0.0383359027   0.1344404573  -0.0992250630   0.0650673100
21  1   0.0357699399  -0.0111017726  -0.2011828235   0.0109174170  -0.0049463176
21  2  -0.0302866100   0.0004923372   0.0002704795   0.0014163408  -0.0012970444
21  3  -0.0003119614   0.0005680751  -0.0002230061  -0.0001055193  -0.0003397451
21  4   0.0004524357   0.0001612785   0.0001121486   0.1467179606   0.0232430864
21  5   0.4892903688   0.0021355726  -0.0061714285  -0.0115403148   0.0038238600
21  6  -0.0060519910  -0.0281670042   0.0041069582   0.0006630204  -0.0007512157
21  7  -0.0020822587   0.0004989401   0.0016884887  -0.0001068098   0.0000122254
21  8   0.0002129384   0.0002776671  -0.0000748950   0.0001637927   0.0000232554
21  9  -0.0000968351  -0.0000506060   0.0001029685  -0.0000356977   0.0001716175
21 10  -0.0000273849   0.0000128313  -0.0000828775  -0.0182004260  -0.0532799253
21 11  -0.0615530882  -0.1828834421   0.0573144819  -0.1596694856
22  1  -0.0501789336  -0.0156854119  -0.0032044624  -0.0059005180  -0.0331714545
22  2  -0.0005618350   0.0033389306   0.0007897785  -0.0001592412  -0.0001198199
22  3  -0.0000102844   0.0002442658   0.0002311960  -0.0002922360  -0.0000386611
22  4  -0.0000729557   0.0001388907   0.0000073338   0.0006038410   0.0072080106
22  5   0.0021355726   0.0527339968   0.0193478420  -0.0035894445   0.0022673121
22  6   0.0231211882   0.0026481188   0.0011343152   0.0007224437  -0.0002966840
22  7  -0.0050915056  -0.0018114284   0.0018051978   0.0001014928  -0.0000099522
22  8  -0.0001147681   0.0000210585   0.0000450115  -0.0000493183  -0.0000231904
22  9   0.0002299953   0.0000110400  -0.0000346992   0.0000409433  -0.0000463069
22 10   0.0000455087   0.0000087223   0.0000159625   0.0009709620  -0.0001382503
22 11   0.0013120031  -0.0000269914  -0.0005338084  -0.0001187731
23  1  -0.0173735412  -0.2985369581  -0.0240201860  -0.0015441181  -0.0138419300
23  2   0.0008457762   0.0007127694   0.0018068728  -0.0005619599  -0.0000031879
23  3   0.0003431037  -0.0000346025   0.0002891772  -0.0001585042  -0.0000746933
23  4  -0.0000859367   0.0000617922   0.0000544879   0.0022001176  -0.0062920955
23  5  -0.0061714285   0.0193478420   0.3250868545   0.0298215275  -0.0005072447
23  6  -0.0118974027  -0.0002663942  -0.0004177746   0.0004447888   0.0005750359
23  7  -0.0017811794   0.0008287173   0.0013326268   0.0000700926  -0.0000251224
23  8  -0.0000242151  -0.0001069634  -0.0000094786  -0.0000033731  -0.0000225651
23  9   0.0001015714  -0.0000157040  -0.0000163268   0.0000183629   0.0000042251
23 10   0.0000439400  -0.0000017368   0.0000081094  -0.0008057351   0.0019505168
23 11  -0.0011580613   0.0000006342   0.0001206477  -0.0003111708
24  1  -0.0036585986  -0.0181084513  -0.0494587946   0.0008584620   0.0124584280
24  2   0.0015109361  -0.0004568169  -0.0010474977   0.0001124860  -0.0002086044
24  3   0.0000070556  -0.0000066427  -0.0001068233   0.0000973246  -0.0000509056
24  4   0.0001085621  -0.0000088123   0.0000221645   0.0039527631  -0.0380758997
24  5  -0.0115403148  -0.0035894445   0.0298215275   0.0627783945   0.0023322043
24  6   0.0169580691   0.0022084748  -0.0007512134   0.0001223235   0.0002281488
24  7   0.0028240687   0.0003526353   0.0000573915  -0.0000033345   0.0000490392
24  8  -0.0000121402   0.0000179525  -0.0000078527   0.0000060123   0.0000238765
24  9  -0.0000858502  -0.0000096365   0.0000309708  -0.0000428880   0.0000341009
24 10  -0.0000096346  -0.0000055570  -0.0000088630  -0.0006593644  -0.0023888522
24 11  -0.0068238437  -0.0007050256  -0.0000947416   0.0009530317
25  1  -0.1850589071   0.0766040872  -0.1000067808  -0.0189067820   0.0156028946
25  2  -0.0174337077  -0.0070121862  -0.0029974365   0.0033418477   0.0000706141
25  3   0.0008783019  -0.0013369634  -0.0001021954   0.0003919578   0.0002088112
25  4  -0.0002414986  -0.0002807373  -0.0000416003   0.0072509677  -0.0040213413
25  5   0.0038238600   0.0022673121  -0.0005072447   0.0023322043   0.1998276908
25  6  -0.0847240957   0.1071298953   0.0005861084   0.0004502139   0.0007579985
25  7   0.0009268497  -0.0009259290  -0.0003404307  -0.0000745825  -0.0000282414
25  8   0.0001282393  -0.0005170909  -0.0001007080   0.0000788192   0.0000272227
25  9  -0.0000828987   0.0000050613  -0.0000021127  -0.0000009862  -0.0000143178
25 10  -0.0000263123  -0.0000069617   0.0000077016   0.0001790854  -0.0002057802
25 11  -0.0006715482   0.0008058166  -0.0000450946   0.0020309101
26  1   0.0789106996  -0.0956550780   0.0596177186  -0.0088862620   0.0036674251
26  2  -0.0057739204  -0.0017702678  -0.0001048719   0.0007642851  -0.0006148015
26  3   0.0008228436  -0.0001217940   0.0000441052   0.0000384183  -0.0000500830
26  4   0.0000790158   0.0000266675   0.0000072368  -0.0059977591   0.0048199005
26  5  -0.0060519910   0.0231211882  -0.0118974027   0.0169580691  -0.0847240957
26  6   0.0964975745  -0.0627056934   0.0007100075   0.0002840017  -0.0001311788
26  7   0.0007049134   0.0002781961  -0.0004574983   0.0000349320   0.0000159241
26  8  -0.0000053301  -0.0002473393  -0.0000654053   0.0000649059   0.0000071935
26  9  -0.0000310346  -0.0000003172  -0.0000017185  -0.0000079756   0.0000003860
26 10   0.0000038891  -0.0000064887  -0.0000011538  -0.0007435009   0.0005113425
26 11   0.0004170858  -0.0006301996   0.0008059629  -0.0025307271
27  1  -0.0961753741   0.0554307924  -0.1184617999   0.0049249814  -0.0048438895
27  2   0.0061647555   0.0037170137   0.0007600313   0.0001164722   0.0003415872
27  3  -0.0002256705   0.0006471874   0.0001117439  -0.0001180402  -0.0001975020
27  4   0.0000383183   0.0000994921   0.0000717660  -0.0224203919   0.0155392628
27  5  -0.0281670042   0.0026481188  -0.0002663942   0.0022084748   0.1071298953
27  6  -0.0627056934   0.1420151874  -0.0006108628  -0.0004916520   0.0004479649
27  7  -0.0004443815   0.0000450352   0.0001565697  -0.0000177379   0.0000085917
27  8  -0.0000569893   0.0001987219   0.0000472485  -0.0000725410   0.0000000101
27  9   0.0000350776  -0.0000028642   0.0000171676  -0.0000112120   0.0000391942
27 10   0.0000263376   0.0000235253  -0.0000155547  -0.0004262802  -0.0001516161
27 11   0.0010798721   0.0009411328  -0.0031748889  -0.0059731891
28  1   0.0013687651   0.0096862005   0.0271457466  -0.0520533559   0.0028442658
28  2   0.0268608330  -0.0108080053   0.0022494238  -0.0313960835   0.0051726251
28  3   0.0007409783  -0.0053047980  -0.0003274883  -0.0001313451   0.0005931380
28  4  -0.0002986045  -0.0002954812  -0.0000295671  -0.0060406018  -0.0026589626
28  5   0.0041069582   0.0011343152  -0.0004177746  -0.0007512134   0.0005861084
28  6   0.0007100075  -0.0006108628   0.0583338826  -0.0095800785  -0.0179708572
28  7   0.0025554662  -0.0026884359  -0.0039973108   0.0004353265  -0.0003579907
28  8   0.0016989481   0.0001986651   0.0000577623  -0.0000578407  -0.0000016242
28  9  -0.0000197106   0.0000225032  -0.0000007439   0.0001415492   0.0001740753
28 10  -0.0000605630  -0.0000186311   0.0000342735   0.0001597405  -0.0004064880
28 11  -0.0003143525  -0.0003539078   0.0001447109  -0.0002035899
29  1  -0.0016300139   0.0021398507   0.0099762290   0.0045061172  -0.0684421503
29  2  -0.0615899731   0.0056002153   0.0041307719   0.0231616542  -0.0020178523
29  3   0.0001555123   0.0007341102   0.0005008397  -0.0006879820  -0.0001784886
29  4  -0.0000731481   0.0002760664   0.0001008122  -0.0010756642   0.0009637738
29  5   0.0006630204   0.0007224437   0.0004447888   0.0001223235   0.0004502139
29  6   0.0002840017  -0.0004916520  -0.0095800785   0.0679638454   0.0579288327
29  7   0.0036711960  -0.0076586544  -0.0303112151  -0.0003627416   0.0001504035
29  8  -0.0005320615  -0.0002435138  -0.0000888866   0.0001582907  -0.0001318170
29  9   0.0002192344  -0.0001545544  -0.0000148009   0.0000110986  -0.0000327005
29 10   0.0000648174   0.0000053446   0.0000023266  -0.0005937525   0.0001402929
29 11   0.0005646911   0.0002075397  -0.0000073116  -0.0001216455
30  1  -0.0000435190  -0.0048456235  -0.0100319371   0.0245232951  -0.0587089038
30  2  -0.2632265013  -0.0135152262   0.0064467477  -0.0231912109   0.0041481732
30  3   0.0006749284  -0.0001346621   0.0000096688   0.0001913725   0.0001092029
30  4  -0.0005116779  -0.0003644127   0.0001025738   0.0031421453   0.0012917041
30  5  -0.0007512157  -0.0002966840   0.0005750359   0.0002281488   0.0007579985
30  6  -0.0001311788   0.0004479649  -0.0179708572   0.0579288327   0.2976316914
30  7   0.0019602066  -0.0027291609  -0.0035972669  -0.0014660059  -0.0004856564
30  8   0.0009358091  -0.0002438465  -0.0000681389   0.0005472890  -0.0000006860
30  9  -0.0000511496  -0.0000720491   0.0001440458   0.0001756397   0.0001649000
30 10  -0.0000305829   0.0000166412   0.0000155945  -0.0002522618   0.0002694785
30 11   0.0002678176  -0.0003541859  -0.0001861562   0.0005538512
31  1  -0.0042198401  -0.0320410973  -0.0038581730  -0.0526592517  -0.0307386072
31  2  -0.0009978036  -0.0070475955   0.0322875202  -0.0056873126   0.0038278147
31  3   0.0021246999   0.0001101142  -0.0003988048  -0.0001185024  -0.0006032044
31  4   0.0004473204  -0.0000389835   0.0001094884   0.0023078415   0.0014613242
31  5  -0.0020822587  -0.0050915056  -0.0017811794   0.0028240687   0.0009268497
31  6   0.0007049134  -0.0004443815   0.0025554662   0.0036711960   0.0019602066
31  7   0.0610705476   0.0248176877   0.0075355497  -0.0004495929   0.0000139116
31  8   0.0002651281  -0.0004312312  -0.0002883149   0.0003699852  -0.0007475792
31  9  -0.0007307979  -0.0005385786   0.0000513805  -0.0000243358   0.0001252484
31 10  -0.0000068341  -0.0000151933  -0.0000212505  -0.0000637574   0.0008498878
31 11   0.0005993489  -0.0000712281  -0.0001541293   0.0003338246
32  1  -0.0019861082  -0.0113257395  -0.0039133583  -0.0291252245  -0.2739111024
32  2  -0.0317480871   0.0137064854  -0.0190824167   0.0081440336  -0.0040044115
32  3  -0.0001788150   0.0019002975   0.0012995631  -0.0015736068  -0.0007214727
32  4  -0.0001652074   0.0009156274   0.0002993826   0.0010627481   0.0024753130
32  5   0.0004989401  -0.0018114284   0.0008287173   0.0003526353  -0.0009259290
32  6   0.0002781961   0.0000450352  -0.0026884359  -0.0076586544  -0.0027291609
32  7   0.0248176877   0.3077713703   0.0277184869   0.0003701815   0.0000591109
32  8  -0.0005272032   0.0005168205   0.0001762357  -0.0000723085  -0.0008167656
32  9   0.0011296227  -0.0003861519  -0.0001494322   0.0001953928  -0.0000684890
32 10   0.0002767922  -0.0000140365   0.0000648277  -0.0004952946   0.0000662582
32 11   0.0010680294   0.0001179588  -0.0001514732   0.0000745634
33  1   0.0032348793   0.0110868417   0.0009708200  -0.0027082100  -0.0342551728
33  2  -0.0572787648  -0.0047504719   0.0246999548   0.0013112484   0.0013994852
33  3   0.0003205740   0.0000066984  -0.0001313073  -0.0001821840   0.0000683571
33  4   0.0000865392  -0.0000127199  -0.0000537340  -0.0013542187   0.0007972730
33  5   0.0016884887   0.0018051978   0.0013326268   0.0000573915  -0.0003404307
33  6  -0.0004574983   0.0001565697  -0.0039973108  -0.0303112151  -0.0035972669
33  7   0.0075355497   0.0277184869   0.0567717019  -0.0002801041  -0.0003362501
33  8  -0.0001407639  -0.0002694655  -0.0000806900   0.0001056900  -0.0004058306
33  9  -0.0001732612   0.0000408183  -0.0000187075   0.0000506850  -0.0001033222
33 10   0.0000056743  -0.0000130657   0.0000192533   0.0002210729  -0.0003693524
33 11   0.0000612271  -0.0000323412   0.0001849672  -0.0000844125
34  1   0.0000043518  -0.0001586942   0.0001468601   0.0044417063  -0.0017328533
34  2   0.0059256991  -0.0191757852  -0.0074019509   0.0370681928  -0.0501225619
34  3   0.0035604066  -0.0031748190   0.0017066287   0.0018525813  -0.0110692820
34  4   0.0009845418   0.0004534449   0.0004314859  -0.0003191437   0.0000432758
34  5  -0.0001068098   0.0001014928   0.0000700926  -0.0000033345  -0.0000745825
34  6   0.0000349320  -0.0000177379   0.0004353265  -0.0003627416  -0.0014660059
34  7  -0.0004495929   0.0003701815  -0.0002801041   0.0600014008   0.0039814007
34  8  -0.0103934168   0.0026445571   0.0015178174  -0.0167433590   0.0004084073
34  9  -0.0000496032   0.0006296749  -0.0009527079  -0.0024430289  -0.0006349151
34 10   0.0001913493   0.0002406020   0.0000894753  -0.0000196770  -0.0000081017
34 11  -0.0000172953   0.0001942887   0.0000322392  -0.0003843083
35  1   0.0000345447  -0.0001260428  -0.0000641930   0.0017139104   0.0000317111
35  2  -0.0002420226  -0.0046963545   0.0007304691   0.0090243575   0.0007106071
35  3  -0.0572470369   0.0319210975  -0.0010888201   0.0023146694  -0.0307374678
35  4   0.0014209116   0.0013158102   0.0015868269  -0.0000555611  -0.0000119999
35  5   0.0000122254  -0.0000099522  -0.0000251224   0.0000490392  -0.0000282414
35  6   0.0000159241   0.0000085917  -0.0003579907   0.0001504035  -0.0004856564
35  7   0.0000139116   0.0000591109  -0.0003362501   0.0039814007   0.0570565247
35  8  -0.0337443111  -0.0003132146  -0.0018696856   0.0252065137   0.0007867759
35  9   0.0014741782   0.0005273254  -0.0026271841  -0.0040218057  -0.0027512351
35 10   0.0004335385   0.0001512947   0.0001650890   0.0000096364   0.0000132133
35 11  -0.0000390182   0.0000720818  -0.0000116160  -0.0001009120
36  1   0.0003829306  -0.0000737795   0.0003265671  -0.0034535181   0.0015253544
36  2   0.0018869078   0.0122348374   0.0029017577  -0.0093955627   0.0014892901
36  3   0.0298137713  -0.2882364093  -0.0000807204   0.0023096317  -0.0185234155
36  4  -0.0005705896   0.0002548454   0.0018104870  -0.0001867283   0.0000748374
36  5   0.0002129384  -0.0001147681  -0.0000242151  -0.0000121402   0.0001282393
36  6  -0.0000053301  -0.0000569893   0.0016989481  -0.0005320615   0.0009358091
36  7   0.0002651281  -0.0005272032  -0.0001407639  -0.0103934168  -0.0337443111
36  8   0.3165780327  -0.0008775463   0.0009614696  -0.0068715438   0.0003385482
36  9  -0.0001130586   0.0010311080  -0.0006391770  -0.0028822401  -0.0001254097
36 10  -0.0000421472   0.0000812029   0.0004192165  -0.0000258703   0.0000022734
36 11   0.0000261032  -0.0001534398  -0.0000229447   0.0001350647
37  1  -0.0006458603   0.0011790355  -0.0013961405  -0.0024420257  -0.0008028820
37  2   0.0058031712  -0.0356743954   0.0216512703  -0.0089409996  -0.1161004690
37  3   0.1079818564  -0.0345649285   0.0065020981  -0.0086038325   0.0021987552
37  4   0.0014421867   0.0007559287  -0.0002138848  -0.0001567325  -0.0001140079
37  5   0.0002776671   0.0000210585  -0.0001069634   0.0000179525  -0.0005170909
37  6  -0.0002473393   0.0001987219   0.0001986651  -0.0002435138  -0.0002438465
37  7  -0.0004312312   0.0005168205  -0.0002694655   0.0026445571  -0.0003132146
37  8  -0.0008775463   0.1450499745  -0.1200046622   0.0385791232  -0.0010054404
37  9  -0.0024456361  -0.0008216362   0.0006267272   0.0005223179   0.0003482176
37 10   0.0003155893   0.0001603949   0.0000204926   0.0000728309  -0.0000051688
37 11  -0.0000401397   0.0000995578   0.0001195961  -0.0000755137
38  1  -0.0004402916   0.0002412578  -0.0001492219  -0.0021808598   0.0007215651
38  2  -0.0000702555  -0.0056354317   0.0114139420  -0.0031487955   0.1142394866
38  3  -0.2176060364   0.0550185058   0.0156993895  -0.0265501468   0.0067492414
38  4  -0.0003205766   0.0024834391   0.0002656444   0.0001030000  -0.0000038258
38  5  -0.0000748950   0.0000450115  -0.0000094786  -0.0000078527  -0.0001007080
38  6  -0.0000654053   0.0000472485   0.0000577623  -0.0000888866  -0.0000681389
38  7  -0.0002883149   0.0001762357  -0.0000806900   0.0015178174  -0.0018696856
38  8   0.0009614696  -0.1200046622   0.2323400496  -0.0563156858  -0.0027647951
38  9  -0.0033003836  -0.0030887943   0.0001391337   0.0016693086  -0.0000926187
38 10  -0.0000227400   0.0004670587   0.0000025221  -0.0000364916   0.0000028626
38 11   0.0000055382  -0.0000067294  -0.0000218707   0.0000467785
39  1   0.0004141459  -0.0000257035   0.0002753825  -0.0001008269  -0.0006235077
39  2  -0.0011013326   0.0094388594  -0.0072711753   0.0048398893  -0.0401550373
39  3   0.0575931670  -0.0724890907   0.0079796200  -0.0173391662   0.0041428736
39  4   0.0005468300   0.0014259300   0.0001691750  -0.0001314399  -0.0000111146
39  5   0.0001637927  -0.0000493183  -0.0000033731   0.0000060123   0.0000788192
39  6   0.0000649059  -0.0000725410  -0.0000578407   0.0001582907   0.0005472890
39  7   0.0003699852  -0.0000723085   0.0001056900  -0.0167433590   0.0252065137
39  8  -0.0068715438   0.0385791232  -0.0563156858   0.0699257164  -0.0012893372
39  9  -0.0032459232  -0.0006146470   0.0008784512   0.0003838144   0.0011102109
39 10   0.0002113474   0.0000887648  -0.0001008672   0.0000062823  -0.0000029432
39 11  -0.0000050061   0.0000236954  -0.0000104855  -0.0000310033
40  1   0.0000055517  -0.0000256002   0.0000252179  -0.0008319141   0.0003081803
40  2  -0.0005213722   0.0014774057   0.0017846200   0.0004976267   0.0080221795
40  3  -0.0098368157   0.0028557098  -0.1107888493   0.0997352600  -0.0320755987
40  4  -0.0374004848   0.0218346741   0.0010726489  -0.0000006299  -0.0000080677
40  5   0.0000232554  -0.0000231904  -0.0000225651   0.0000238765   0.0000272227
40  6   0.0000071935   0.0000000101  -0.0000016242  -0.0001318170  -0.0000006860
40  7  -0.0007475792  -0.0008167656  -0.0004058306   0.0004084073   0.0007867759
40  8   0.0003385482  -0.0010054404  -0.0027647951  -0.0012893372   0.1374388622
40  9  -0.1144991829   0.0309703592   0.0027042184   0.0022819428  -0.0019067655
40 10   0.0007373663   0.0013685654   0.0003769101  -0.0000129114  -0.0000074694
40 11   0.0000113209  -0.0000085902   0.0000058664   0.0000041067
41  1  -0.0003942853   0.0005852679   0.0000701447   0.0008475578  -0.0018885101
41  2   0.0003674539  -0.0016987562   0.0025644605   0.0001692791   0.0165808948
41  3  -0.0236611974   0.0072462746   0.1014305389  -0.2136242700   0.0477451333
41  4  -0.0025104623   0.0114434811  -0.0026374367   0.0001953147   0.0000332699
41  5  -0.0000968351   0.0002299953   0.0001015714  -0.0000858502  -0.0000828987
41  6  -0.0000310346   0.0000350776  -0.0000197106   0.0002192344  -0.0000511496
41  7  -0.0007307979   0.0011296227  -0.0001732612  -0.0000496032   0.0014741782
41  8  -0.0001130586  -0.0024456361  -0.0033003836  -0.0032459232  -0.1144991829
41  9   0.2273324424  -0.0502083891   0.0028381614  -0.0034405911   0.0015032833
41 10   0.0004472942   0.0011408457  -0.0005813363  -0.0001383990   0.0000195807
41 11   0.0000379208  -0.0000000250  -0.0000979681   0.0000186726
42  1  -0.0000509221   0.0000422221   0.0000736569  -0.0003495535   0.0005243925
42  2  -0.0000063682   0.0003262071   0.0013574621   0.0002515896   0.0089825308
42  3  -0.0147299016   0.0042348852  -0.0329627062   0.0501708808  -0.0701518965
42  4   0.0114387609  -0.0106233155   0.0054323755  -0.0000545962  -0.0000390395
42  5  -0.0000506060   0.0000110400  -0.0000157040  -0.0000096365   0.0000050613
42  6  -0.0000003172  -0.0000028642   0.0000225032  -0.0001545544  -0.0000720491
42  7  -0.0005385786  -0.0003861519   0.0000408183   0.0006296749   0.0005273254
42  8   0.0010311080  -0.0008216362  -0.0030887943  -0.0006146470   0.0309703592
42  9  -0.0502083891   0.0673507666  -0.0165995376   0.0265572592  -0.0074248036
42 10  -0.0010621153   0.0000323470  -0.0000629841   0.0000684749  -0.0000185505
42 11   0.0000013020  -0.0000149668   0.0000528290  -0.0000206470
43  1   0.0000942122  -0.0000765635  -0.0001626916  -0.0003741288   0.0003699001
43  2  -0.0001315546   0.0013254081   0.0007710949   0.0003354373   0.0007544079
43  3   0.0016937387  -0.0122771166  -0.0493306551   0.0023945111  -0.0090839142
43  4  -0.0163769352  -0.0075822726   0.0406264581  -0.0000112955   0.0000287805
43  5   0.0001029685  -0.0000346992  -0.0000163268   0.0000309708  -0.0000021127
43  6  -0.0000017185   0.0000171676  -0.0000007439  -0.0000148009   0.0001440458
43  7   0.0000513805  -0.0001494322  -0.0000187075  -0.0009527079  -0.0026271841
43  8  -0.0006391770   0.0006267272   0.0001391337   0.0008784512   0.0027042184
43  9   0.0028381614  -0.0165995376   0.0598267075   0.0011066221  -0.0038539003
43 10   0.0017966637   0.0011686598   0.0006456940  -0.0000372511   0.0000273934
43 11  -0.0000191637  -0.0000591960  -0.0000696971   0.0000045698
44  1  -0.0000459066   0.0001606942   0.0001866094   0.0001631983  -0.0003235602
44  2  -0.0000051144   0.0016892717   0.0012447568   0.0013937357  -0.0012554696
44  3   0.0025150706  -0.0301180909   0.0029592648  -0.0597557240   0.0388752277
44  4  -0.0050289989   0.0022799683   0.0042245545  -0.0000886362  -0.0000397368
44  5  -0.0000356977   0.0000409433   0.0000183629  -0.0000428880  -0.0000009862
44  6  -0.0000079756  -0.0000112120   0.0001415492   0.0000110986   0.0001756397
44  7  -0.0000243358   0.0001953928   0.0000506850  -0.0024430289  -0.0040218057
44  8  -0.0028822401   0.0005223179   0.0016693086   0.0003838144   0.0022819428
44  9  -0.0034405911   0.0265572592   0.0011066221   0.0593311891  -0.0397489415
44 10  -0.0000295218   0.0001282157   0.0009804132   0.0000327024  -0.0000222339
44 11   0.0000273115  -0.0000209287   0.0000575697  -0.0000110659
45  1   0.0000939710  -0.0000990931  -0.0002364834  -0.0001151960  -0.0000177190
45  2   0.0000573774  -0.0007571770   0.0003848650   0.0023779139  -0.0002127255
45  3   0.0022205985  -0.0180526612  -0.0060620526   0.0365140453  -0.2872974790
45  4   0.0122995132   0.0025839051  -0.0058242570   0.0000099955   0.0000877176
45  5   0.0001716175  -0.0000463069   0.0000042251   0.0000341009  -0.0000143178
45  6   0.0000003860   0.0000391942   0.0001740753  -0.0000327005   0.0001649000
45  7   0.0001252484  -0.0000684890  -0.0001033222  -0.0006349151  -0.0027512351
45  8  -0.0001254097   0.0003482176  -0.0000926187   0.0011102109  -0.0019067655
45  9   0.0015032833  -0.0074248036  -0.0038539003  -0.0397489415   0.3146490355
45 10   0.0006686324  -0.0004500794   0.0004997256  -0.0000535814   0.0000409458
45 11  -0.0000265576  -0.0000627153  -0.0000790955  -0.0000131022
46  1  -0.0001205020   0.0000919239  -0.0000578756   0.0004705429  -0.0007649858
46  2   0.0002206840  -0.0015230618  -0.0020254533  -0.0007913807  -0.0060119908
46  3   0.0025313713   0.0041094347  -0.0207067770  -0.0339577567  -0.0203306896
46  4  -0.1076393794  -0.1330784619  -0.0652339908   0.0001033419   0.0000433266
46  5  -0.0000273849   0.0000455087   0.0000439400  -0.0000096346  -0.0000263123
46  6   0.0000038891   0.0000263376  -0.0000605630   0.0000648174  -0.0000305829
46  7  -0.0000068341   0.0002767922   0.0000056743   0.0001913493   0.0004335385
46  8  -0.0000421472   0.0003155893  -0.0000227400   0.0002113474   0.0007373663
46  9   0.0004472942  -0.0010621153   0.0017966637  -0.0000295218   0.0006686324
46 10   0.1325211135   0.1659857794   0.0823230535  -0.0000631366   0.0000120967
46 11   0.0000082763  -0.0000229185  -0.0000558498   0.0000123613
47  1  -0.0000518281   0.0000545243  -0.0000947560  -0.0002302903  -0.0000571201
47  2  -0.0000580657   0.0002767749   0.0001882059  -0.0004279232  -0.0015915189
47  3   0.0003995427   0.0014981344   0.0033419493  -0.0037678771  -0.0032388581
47  4  -0.1706413550  -0.3146883962  -0.1898855952   0.0000480363   0.0000001678
47  5   0.0000128313   0.0000087223  -0.0000017368  -0.0000055570  -0.0000069617
47  6  -0.0000064887   0.0000235253  -0.0000186311   0.0000053446   0.0000166412
47  7  -0.0000151933  -0.0000140365  -0.0000130657   0.0002406020   0.0001512947
47  8   0.0000812029   0.0001603949   0.0004670587   0.0000887648   0.0013685654
47  9   0.0011408457   0.0000323470   0.0011686598   0.0001282157  -0.0004500794
47 10   0.1659857794   0.3160077984   0.1924151471  -0.0000234072   0.0000089804
47 11   0.0000012640  -0.0000202987  -0.0000163234   0.0000040423
48  1  -0.0000341159   0.0000150019   0.0001179527   0.0001368715   0.0000041882
48  2  -0.0000014529   0.0010404129   0.0004127851   0.0005879095   0.0012066724
48  3  -0.0002700445  -0.0013882482   0.0116972529   0.0139246652   0.0046927568
48  4  -0.0975651763  -0.2071423005  -0.1332834960   0.0000340706   0.0000056173
48  5  -0.0000828775   0.0000159625   0.0000081094  -0.0000088630   0.0000077016
48  6  -0.0000011538  -0.0000155547   0.0000342735   0.0000023266   0.0000155945
48  7  -0.0000212505   0.0000648277   0.0000192533   0.0000894753   0.0001650890
48  8   0.0004192165   0.0000204926   0.0000025221  -0.0001008672   0.0003769101
48  9  -0.0005813363  -0.0000629841   0.0006456940   0.0009804132   0.0004997256
48 10   0.0823230535   0.1924151471   0.1285509963  -0.0000031281  -0.0000057281
48 11   0.0000170405  -0.0000051727  -0.0000001293   0.0000238977
49  1  -0.0038928672   0.0065862499   0.0059340696   0.0004227385   0.0026072470
49  2  -0.0004571515  -0.0001758603  -0.0005954973  -0.0001070443  -0.0004179939
49  3   0.0000166605   0.0002504101  -0.0003200948   0.0000819761   0.0001163914
49  4   0.0003786703   0.0000422390  -0.0000828465  -0.0188041358  -0.0146355731
49  5  -0.0182004260   0.0009709620  -0.0008057351  -0.0006593644   0.0001790854
49  6  -0.0007435009  -0.0004262802   0.0001597405  -0.0005937525  -0.0002522618
49  7  -0.0000637574  -0.0004952946   0.0002210729  -0.0000196770   0.0000096364
49  8  -0.0000258703   0.0000728309  -0.0000364916   0.0000062823  -0.0000129114
49  9  -0.0001383990   0.0000684749  -0.0000372511   0.0000327024  -0.0000535814
49 10  -0.0000631366  -0.0000234072  -0.0000031281   0.0250323190  -0.0224987385
49 11   0.0089713774  -0.0034086609   0.0311896786   0.0046998758
50  1  -0.0044178231  -0.0089677992   0.0011851256   0.0002953982   0.0019450207
50  2   0.0012872092   0.0002128508  -0.0001860303   0.0001180412  -0.0000118599
50  3   0.0000058857  -0.0000094373   0.0000450742  -0.0000148096  -0.0000818254
50  4  -0.0000474408   0.0000155956   0.0000519285   0.0317414510  -0.4099028477
50  5  -0.0532799253  -0.0001382503   0.0019505168  -0.0023888522  -0.0002057802
50  6   0.0005113425  -0.0001516161  -0.0004064880   0.0001402929   0.0002694785
50  7   0.0008498878   0.0000662582  -0.0003693524  -0.0000081017   0.0000132133
50  8   0.0000022734  -0.0000051688   0.0000028626  -0.0000029432  -0.0000074694
50  9   0.0000195807  -0.0000185505   0.0000273934  -0.0000222339   0.0000409458
50 10   0.0000120967   0.0000089804  -0.0000057281  -0.0224987385   0.4305131173
50 11   0.0560946175  -0.0054370315  -0.0160989460  -0.0027413890
51  1   0.0013286718  -0.0419452385  -0.0081515668  -0.0002270138  -0.0015927863
51  2   0.0013200689  -0.0004954165   0.0004709776  -0.0000699909   0.0003834279
51  3   0.0000246518  -0.0000480644   0.0000960989  -0.0000352219   0.0000527309
51  4  -0.0001203510  -0.0000400616  -0.0000468065  -0.0122546011  -0.0383359027
51  5  -0.0615530882   0.0013120031  -0.0011580613  -0.0068238437  -0.0006715482
51  6   0.0004170858   0.0010798721  -0.0003143525   0.0005646911   0.0002678176
51  7   0.0005993489   0.0010680294   0.0000612271  -0.0000172953  -0.0000390182
51  8   0.0000261032  -0.0000401397   0.0000055382  -0.0000050061   0.0000113209
51  9   0.0000379208   0.0000013020  -0.0000191637   0.0000273115  -0.0000265576
51 10   0.0000082763   0.0000012640   0.0000170405   0.0089713774   0.0560946175
51 11   0.0700282753   0.0014493564   0.0244342028   0.0038704864
52  1   0.0025243737  -0.0046014140   0.0095124674   0.0013501456  -0.0007793372
52  2   0.0020619772   0.0002734197   0.0001011536  -0.0000669711  -0.0008060830
52  3  -0.0000568286  -0.0000006320  -0.0001671472  -0.0001679462   0.0001008357
52  4   0.0003213564   0.0001710446  -0.0000752821  -0.2371932130   0.1344404573
52  5  -0.1828834421  -0.0000269914   0.0000006342  -0.0007050256   0.0008058166
52  6  -0.0006301996   0.0009411328  -0.0003539078   0.0002075397  -0.0003541859
52  7  -0.0000712281   0.0001179588  -0.0000323412   0.0001942887   0.0000720818
52  8  -0.0001534398   0.0000995578  -0.0000067294   0.0000236954  -0.0000085902
52  9  -0.0000000250  -0.0000149668  -0.0000591960  -0.0000209287  -0.0000627153
52 10  -0.0000229185  -0.0000202987  -0.0000051727  -0.0034086609  -0.0054370315
52 11   0.0014493564   0.2365489777  -0.1233901311   0.1702647096
53  1  -0.0082846880   0.0049570464  -0.0029954707   0.0010342608  -0.0000174477
53  2   0.0002121498   0.0003239619  -0.0005245975  -0.0007623000  -0.0002621432
53  3  -0.0001467381   0.0000869417  -0.0002385009   0.0000419715   0.0002119170
53  4   0.0002407701  -0.0000184509  -0.0001314940   0.0999429583  -0.0992250630
53  5   0.0573144819  -0.0005338084   0.0001206477  -0.0000947416  -0.0000450946
53  6   0.0008059629  -0.0031748889   0.0001447109  -0.0000073116  -0.0001861562
53  7  -0.0001541293  -0.0001514732   0.0001849672   0.0000322392  -0.0000116160
53  8  -0.0000229447   0.0001195961  -0.0000218707  -0.0000104855   0.0000058664
53  9  -0.0000979681   0.0000528290  -0.0000696971   0.0000575697  -0.0000790955
53 10  -0.0000558498  -0.0000163234  -0.0000001293   0.0311896786  -0.0160989460
53 11   0.0244342028  -0.1233901311   0.1103546079  -0.0750397829
54  1  -0.0293084135   0.0145908059  -0.0269472289  -0.0020750281   0.0014011687
54  2  -0.0002472971  -0.0004570618  -0.0003070705   0.0013534957   0.0013052783
54  3   0.0000038464   0.0004154711   0.0001628251   0.0001030576   0.0001009871
54  4  -0.0003028540  -0.0001464817  -0.0000211494  -0.1458929192   0.0650673100
54  5  -0.1596694856  -0.0001187731  -0.0003111708   0.0009530317   0.0020309101
54  6  -0.0025307271  -0.0059731891  -0.0002035899  -0.0001216455   0.0005538512
54  7   0.0003338246   0.0000745634  -0.0000844125  -0.0003843083  -0.0001009120
54  8   0.0001350647  -0.0000755137   0.0000467785  -0.0000310033   0.0000041067
54  9   0.0000186726  -0.0000206470   0.0000045698  -0.0000110659  -0.0000131022
54 10   0.0000123613   0.0000040423   0.0000238977   0.0046998758  -0.0027413890
54 11   0.0038704864   0.1702647096  -0.0750397829   0.1856012294
$end
