$vibrational normal modes
 1  1   0.0332793412   0.2384254458  -0.0104754993  -0.0253600512  -0.0111107550
 1  2   0.0095894801   0.0103459407   0.0055034046  -0.0244762339   0.0421426696
 1  3  -0.0090046194  -0.0536822239  -0.0177254009  -0.0497777856  -0.0939311050
 1  4   0.1536541635  -0.1578946535   0.1133623193   0.0504244352  -0.0486554962
 1  5   0.0800094029  -0.0376292662  -0.0002853350   0.1859461066  -0.0300435313
 1  6   0.0305753098  -0.0391016460   0.0265046740  -0.0114426732  -0.0067390127
 1  7  -0.0305126112   0.0158966124   0.0117793183  -0.0269275476   0.0698859829
 1  8   0.0723603812   0.0498789083   0.0033449433  -0.0462675206   0.0012120194
 1  9  -0.0008318188  -0.0000058905   0.0259276996   0.0033905629   0.0035266730
 1 10  -0.0017766797  -0.0010816539   0.0000999697  -0.0471501207   0.0371613858
 1 11  -0.0002481828  -0.0025877667   0.0012631604  -0.0000213137
 2  1   0.1549027076  -0.0818252404  -0.1398349513   0.1733342018   0.1529726010
 2  2   0.0201080944  -0.0050962189   0.0091547478  -0.1593188717  -0.0217279265
 2  3   0.0066837986   0.0542788841   0.0270310580   0.0954164660   0.0061060268
 2  4   0.0707211398  -0.0682965978  -0.0466472506  -0.0306833115   0.0658360341
 2  5   0.0568405072   0.0529583666   0.0182963135   0.0680262644  -0.0083742675
 2  6   0.0746597778   0.0408934474   0.0498700463   0.0838907213   0.0084880232
 2  7  -0.0221634842   0.0810175155  -0.0193979923   0.0057851141  -0.0629152352
 2  8   0.0227722207  -0.0029831878   0.0011300034  -0.0390926375  -0.0022937226
 2  9   0.0000364718  -0.0008686177   0.0107051113  -0.0039340476   0.0081429981
 2 10  -0.0068629598  -0.0002987811   0.0029714252  -0.0306106378  -0.0821203037
 2 11  -0.0007623421  -0.0020513366  -0.0023204990   0.0000090388
 3  1  -0.0234692100  -0.0048902369  -0.0344148517  -0.0123826172   0.0290186448
 3  2  -0.3308619668   0.0664650437  -0.0483058568   0.0439151204   0.0694712451
 3  3  -0.0062376040  -0.0018686078   0.0093310174  -0.0102267999   0.0754093949
 3  4   0.0842733869  -0.0276739510   0.0373297507   0.0227093567   0.0425492902
 3  5   0.0368633868  -0.0421935433  -0.0313275321  -0.1021666290   0.0277327387
 3  6   0.2071431681   0.1681957967   0.0060990897  -0.0533781555  -0.0086333973
 3  7  -0.0204414222  -0.0121903720   0.0078156930   0.0371421304  -0.0169465530
 3  8  -0.1107839275  -0.0087593510   0.0050985624  -0.0595176700   0.0012535414
 3  9   0.0045081768  -0.0011404803  -0.0065657472   0.0037401917   0.0020990778
 3 10  -0.0009148915  -0.0009987294   0.0001250179  -0.0379472447   0.0245293156
 3 11  -0.0001154789   0.0002712723   0.0010206308  -0.0000042922
 4  1   0.0596450797   0.2353249403   0.0212154337   0.0177444264  -0.0025799557
 4  2   0.0431201149  -0.0168805214   0.0391076944  -0.0874864286   0.0563343460
 4  3  -0.0026572446   0.0081713454  -0.0135357364   0.0226779185  -0.1089713559
 4  4   0.1144293842  -0.0582140181   0.0130747676  -0.0048731295  -0.1033067267
 4  5  -0.0874506035   0.0925629797   0.0469557580  -0.1629140815   0.0267097174
 4  6  -0.0281646383   0.1765601434  -0.0687125382  -0.0266893965   0.0013943973
 4  7   0.0323053530  -0.0108516105  -0.0290907297  -0.0349695647  -0.0209708943
 4  8   0.0247348394  -0.1477171875  -0.0201977107  -0.0127528569  -0.0169871087
 4  9   0.0063008686   0.0008903140  -0.0029994368   0.0133446509  -0.0005296055
 4 10   0.0015706150   0.0003345060  -0.0001826312   0.0005604023  -0.0002562918
 4 11  -0.0007852576  -0.0000393663   0.0001324189  -0.0000135718
 5  1   0.0476757909  -0.0506240271  -0.2268866814   0.1537482129   0.0839821389
 5  2   0.0410281175  -0.1313911231   0.0185440644  -0.0497185067   0.0508750625
 5  3  -0.0133796156  -0.1053500730   0.0193968621  -0.0809413730  -0.0019953443
 5  4   0.0168705922  -0.0469614493  -0.0724476990  -0.0216825193   0.0017892366
 5  5  -0.0070933950  -0.1252139558  -0.0674267030  -0.0918293595   0.0067167877
 5  6  -0.0298014629  -0.0975663283  -0.0260950593  -0.1114640326  -0.0125362934
 5  7  -0.0279506588  -0.0371562436   0.0156152163  -0.0108506208  -0.0173731924
 5  8   0.0194776913  -0.0014729130  -0.0032321881   0.0007383737  -0.0188258322
 5  9  -0.0528219835  -0.0019908521  -0.0018438617   0.0409524334  -0.0569779139
 5 10   0.0384848343   0.0001039640  -0.0080728626  -0.0088367849  -0.0105529314
 5 11  -0.0009402757   0.0001616910   0.0001510195  -0.0000487461
 6  1  -0.0480745627   0.0136246566  -0.0288410299   0.0782283857  -0.0077596324
 6  2  -0.2299970840  -0.1040851505   0.0455572733  -0.0242159531   0.1648951574
 6  3  -0.0074359947   0.0003995462  -0.0162783480  -0.0045559969  -0.1196107152
 6  4  -0.1126564546   0.0912010305   0.0493939299  -0.0053351802   0.0445274176
 6  5   0.1674546694   0.0764073160   0.0344596767  -0.0704210653   0.0032680000
 6  6  -0.1272527102   0.0090311027  -0.0584175144   0.0072767908   0.0054564009
 6  7   0.0061754567   0.0482538928  -0.0175356878   0.0000589604   0.0216744731
 6  8   0.0331485499   0.0245370868   0.0017864610   0.0012410472   0.0186160978
 6  9   0.0566110164   0.0032280299   0.0002604786  -0.0466429792  -0.0562491771
 6 10   0.0250641637   0.0041425972  -0.0011410648  -0.0113868892  -0.0014002911
 6 11  -0.0007963493   0.0002242829  -0.0000123696  -0.0000252106
 7  1   0.0230889695   0.2407881342  -0.0213990046  -0.0428612199  -0.0192023257
 7  2  -0.0017369440   0.0149008351   0.0100970488   0.0036872530   0.0993517612
 7  3  -0.0001210865   0.0348616117  -0.0039834635   0.0270274763  -0.0307671000
 7  4   0.0838711386   0.1636276106  -0.0341615761  -0.0184488300   0.0238478471
 7  5  -0.0090916635   0.0313380636  -0.0320611417  -0.0786315737  -0.0000410553
 7  6   0.0930173069  -0.2846148889   0.0892248486   0.0203492474   0.0107948657
 7  7  -0.0291531797  -0.0172348298   0.0178122914  -0.0231503044  -0.0096954099
 7  8  -0.0032093016  -0.0029094242   0.0042298362   0.0048048288   0.0148139525
 7  9   0.0005553225   0.0001208249   0.0002191592  -0.0030740972   0.0006466376
 7 10   0.0004922329  -0.0016436108  -0.0007723336   0.0001593825  -0.0002079953
 7 11   0.0009130120   0.0000015221   0.0000306364   0.0000863970
 8  1   0.1267111983  -0.0353804281  -0.1314506595   0.0403405762  -0.0476700022
 8  2   0.0015132069  -0.1015055161   0.0083419397   0.1389753574  -0.1576537773
 8  3   0.0066138027  -0.0209520348   0.1719810191  -0.0600211268  -0.0042453585
 8  4   0.1321868664   0.1304218191   0.0484413708   0.0278037067  -0.0224289827
 8  5   0.0100120194   0.0716261134   0.0516856777  -0.0280273616  -0.0191463459
 8  6   0.0199737469   0.0232030682  -0.0205623100   0.0431690340   0.0000167894
 8  7   0.0489406980   0.0052754724  -0.0139621399   0.0272949963   0.0183925440
 8  8   0.0053157508   0.0220175970  -0.0044728266   0.0006393196  -0.0036429713
 8  9  -0.0063903991   0.0006952484   0.0003321127   0.0014302599   0.0001550275
 8 10   0.0003389071  -0.0003181580  -0.0002082390   0.0000585321   0.0002669455
 8 11   0.0006883075  -0.0000059913  -0.0000182257   0.0000002941
 9  1   0.0773655792   0.0201045439   0.1204670301   0.0582759665  -0.1069836537
 9  2  -0.2033440345  -0.1205742530   0.0796690400   0.0217515137  -0.0868058445
 9  3   0.0070290505   0.0401287768   0.1182676483   0.0283093683  -0.2077503823
 9  4  -0.0370168678  -0.0266741357  -0.0523146937  -0.0287042396   0.0319406388
 9  5  -0.0470577464  -0.0943713472  -0.0213036691   0.0726191251  -0.0277712675
 9  6   0.0118157011   0.0268037770   0.0484934029  -0.0001762399  -0.0217552543
 9  7  -0.0203729965  -0.0500411996   0.0300138517  -0.0048787630  -0.0140741949
 9  8   0.0063478603  -0.0298927551  -0.0067827451   0.0016678368   0.0012287958
 9  9   0.0106262583   0.0007955197   0.0000112005  -0.0016001694  -0.0004190603
 9 10  -0.0002267305   0.0010432130   0.0000443836   0.0000927952  -0.0001607822
 9 11  -0.0000695201   0.0000954041  -0.0000864176  -0.0000117199
10  1   0.0417535174   0.2392812616   0.0018182670  -0.0128442648  -0.0159962893
10  2   0.0229647400  -0.0007264075   0.0153968876  -0.0309965072   0.0636377155
10  3  -0.0072411114   0.0064371987   0.0301052104   0.0053476505   0.1077887884
10  4   0.0615537334   0.1900351925  -0.0915482905  -0.0014406077   0.0608244756
10  5   0.0002098345  -0.1074813567  -0.0258860102   0.1314198489  -0.0387122259
10  6  -0.0620856584   0.2062452582  -0.0976477177  -0.0059620117  -0.0096436895
10  7   0.0411201276   0.0324220404  -0.0052713838  -0.0711411342  -0.0052692680
10  8  -0.0283075667   0.0336683266   0.0723560247  -0.0004398140   0.0331935079
10  9  -0.0257222208  -0.0138163480  -0.0006566948  -0.0000996799   0.0013506275
10 10   0.0019564647  -0.0111458559  -0.0132537610  -0.0003221382  -0.0008310848
10 11   0.0413557831   0.0000637322  -0.0000430288  -0.0000825061
11  1   0.0398380667  -0.0056728471  -0.1983565275   0.0096660287  -0.1247015456
11  2   0.0156716096   0.0072884559  -0.0317824432   0.1382343124  -0.0208749913
11  3   0.0198646473   0.0449253125  -0.1994916382   0.0350067852  -0.0704741883
11  4   0.0118948330   0.0019799027   0.0201480112  -0.0308902834   0.0039202553
11  5  -0.0049105262   0.0657099965  -0.1911376511   0.0428941975   0.0314858108
11  6  -0.0723085537   0.1252247796   0.0583438511  -0.0181967073   0.0507517154
11  7  -0.0478901493  -0.0380509650  -0.0297441992  -0.0665310353  -0.0135635461
11  8  -0.0231215004   0.0132071082   0.0606850474   0.0033935715  -0.0427594573
11  9   0.0104357161   0.0125646158  -0.0002684391   0.0017331920  -0.0022416078
11 10  -0.0033300002   0.0061958323   0.0160915934   0.0008968607   0.0009177721
11 11  -0.0650221580  -0.0000157330   0.0000119174   0.0002481367
12  1   0.0743292272   0.0372017268   0.1472528863   0.1343620120  -0.1536262518
12  2  -0.1114724200  -0.0964284867   0.0594624047  -0.0991775092  -0.1187894968
12  3  -0.0108710199  -0.0401914882  -0.1306024876  -0.0195676197   0.1291716020
12  4  -0.0141489456  -0.0266378661  -0.0148776307   0.0551407804  -0.0177591082
12  5  -0.0023965302   0.0686466195  -0.1504445964  -0.0103160071   0.0400948895
12  6   0.0673444520  -0.1040302812  -0.0783478902   0.0076315336   0.0739887211
12  7   0.0510763837   0.0389426934   0.0242633378  -0.0167864710   0.0012193560
12  8  -0.0042418522   0.0168543433   0.0214704898   0.0028499387  -0.0449548753
12  9   0.0160312351   0.0161467130  -0.0001629566   0.0053784252  -0.0028145695
12 10  -0.0077801269   0.0674689308   0.0173642159  -0.0007521604   0.0002856579
12 11   0.0445497619   0.0000318164  -0.0000372777   0.0001855561
13  1   0.0488011166   0.2065076127  -0.0260649722   0.0217585914   0.1178235370
13  2  -0.0128805156  -0.0518504952   0.1058385352   0.1028132683  -0.0191691913
13  3   0.0205206939   0.0228235868   0.0271327446   0.0173576648   0.1193266453
13  4  -0.1050121612  -0.0456533777  -0.0077055786   0.0156222913  -0.0020652321
13  5   0.0080123777  -0.0040280541   0.0334796166   0.0343390557   0.4870745950
13  6  -0.0257622183   0.0149151017   0.0506092596  -0.0247761136   0.0199457781
13  7   0.0023825159   0.0021196946  -0.0165476000  -0.0094920154  -0.0022586979
13  8  -0.0090998256   0.0142761243  -0.1132418012  -0.0010123069  -0.0089506773
13  9   0.0093120149  -0.0419632436  -0.0000751308   0.0044243418  -0.0173188350
13 10  -0.0253469552  -0.0144143285   0.0230142673   0.0009538169   0.0006524917
13 11   0.0071767005   0.0000356618  -0.0000055295   0.0008063901
14  1   0.1268338299   0.0002550381  -0.1021815640  -0.0788881460  -0.2178280811
14  2  -0.0209862302  -0.0921387843  -0.1359942166   0.0013594875  -0.0054237106
14  3  -0.0223582880   0.0311073232  -0.1940294708   0.0305482950   0.0171359640
14  4  -0.0225362477  -0.0253724480   0.0124514434  -0.0370695591   0.0046592518
14  5  -0.0051902155  -0.0795036974   0.1712126067  -0.0068063177   0.0427388376
14  6   0.0402471992  -0.0447647383  -0.0913881901   0.0347044849  -0.0367233763
14  7  -0.0044852401   0.0120745930   0.0291594996  -0.0536340130  -0.0103459660
14  8  -0.0242994295   0.0233535846  -0.1148652913  -0.0017664210   0.0075454096
14  9  -0.0049612971   0.0449053942   0.0000199240  -0.0070127440   0.0255486361
14 10   0.0353594044   0.0228624355  -0.0447460491  -0.0014526197  -0.0010519083
14 11  -0.0122766278  -0.0000398295   0.0000195013  -0.0010296771
15  1  -0.0839308735   0.0525532107   0.0003319888   0.2626234372  -0.0953159360
15  2  -0.0189475711   0.1165414214   0.1685143980   0.0321468455  -0.0765915474
15  3   0.0412564180  -0.0183691395  -0.1541261911  -0.0036323821   0.0453514069
15  4   0.0305475528   0.0236395012  -0.0230107792   0.0361776939   0.0025781928
15  5   0.0176989532  -0.0313118694   0.1354506927  -0.0352215831  -0.1813342206
15  6  -0.0302078304   0.0197685529   0.1149807713  -0.0322227130  -0.0477161810
15  7   0.0191381462  -0.0001426369  -0.0491412830  -0.0288463736  -0.0034994564
15  8  -0.0150478247   0.0162839393  -0.0431087402  -0.0015249561   0.0109841518
15  9  -0.0088057095   0.0514053634  -0.0000965767  -0.0003978889   0.0128466924
15 10   0.0346265858  -0.0205387192   0.0702532865   0.0006105564   0.0004657308
15 11   0.0147132029  -0.0000020422  -0.0000376345  -0.0013043735
16  1   0.0662071320   0.2081938181  -0.0008950285   0.0475178674   0.1080836332
16  2   0.0144918632  -0.0909356762  -0.0591638963   0.1142720997   0.0186736772
16  3   0.0176564575   0.0358583823   0.0622822519   0.0266303508   0.1153390941
16  4  -0.1528153973  -0.1078477263   0.0187810845   0.0001529934  -0.0089065195
16  5  -0.0014975731   0.0195749159  -0.0312933350  -0.0331592177  -0.3635823508
16  6   0.0120002073  -0.0095222545  -0.0162456477   0.0118911431  -0.0088618095
16  7  -0.0063733809  -0.0050783606  -0.0049626344  -0.0130102217  -0.0016030471
16  8  -0.0046189561   0.0064182248  -0.0157385585   0.0002087640  -0.0041694836
16  9   0.0015448340  -0.0067122457  -0.0001612400   0.0002136096  -0.0012728225
16 10  -0.0020413376   0.0001534633  -0.0001207697  -0.0000145538   0.0000365729
16 11  -0.0002513168  -0.0000087280  -0.0000007213  -0.0276083530
17  1   0.0318976373   0.0306289196  -0.1770071184  -0.1054194191  -0.2920302294
17  2  -0.0041962484   0.1069471090   0.1201499278  -0.0822527094   0.0375927494
17  3  -0.0343608954   0.0180177266   0.1755206667   0.0060709205   0.0766237365
17  4  -0.1077027334  -0.0659459632   0.0023495576   0.0124900338  -0.0064413413
17  5   0.0033791607   0.0040043752   0.0163093559  -0.0102953964  -0.0223790615
17  6  -0.0053151485   0.0019696673   0.0324440667  -0.0161313925   0.0350180698
17  7   0.0089294030   0.0040586316   0.0078158632   0.0225921625   0.0036111429
17  8   0.0100661514  -0.0115328516   0.0312085485   0.0002325195   0.0009400970
17  9   0.0006979140   0.0026741107   0.0001496159  -0.0000873157  -0.0003802913
17 10  -0.0009137941   0.0000338953   0.0001515917   0.0000271015   0.0000562711
17 11   0.0001054800   0.0000135757   0.0000002970  -0.0483489032
18  1  -0.0685055528   0.0688473796   0.0459971591   0.3280755715  -0.1515684683
18  2   0.0674272592   0.0781968318  -0.2204180313   0.0304396907   0.0517640588
18  3   0.0302388059   0.0049395410   0.1120336407  -0.0010528117  -0.0104210584
18  4  -0.0167224238  -0.0059388579   0.0070450024  -0.0135980490   0.0004738990
18  5  -0.0026905267  -0.0123069611   0.0229208788   0.0118811386   0.1442297056
18  6   0.0098666724  -0.0116275676  -0.0339963294   0.0127211376   0.0313190793
18  7  -0.0264242677  -0.0148948604  -0.0026763730   0.0251202752   0.0038776340
18  8   0.0108433471  -0.0112564007   0.0321405389   0.0002233033   0.0024237666
18  9  -0.0006850092   0.0051621507   0.0002485226  -0.0001189583   0.0002746911
18 10   0.0002067027   0.0000169980  -0.0004195663   0.0000213203   0.0000068262
18 11  -0.0002143324   0.0000087641   0.0000094642  -0.0286881089
19  1  -0.0012280316   0.2164309602  -0.0816009271  -0.0629515024   0.0850002804
19  2  -0.0708381538   0.1376266809  -0.1103361812  -0.0851856346  -0.2284751054
19  3  -0.0005186351  -0.0722742449  -0.0242439262  -0.0295383594  -0.1070133590
19  4  -0.1078226281   0.0151582314   0.0370904839   0.0242908015   0.1344413416
19  5  -0.0206516149  -0.0046627640  -0.0037801094  -0.0455758640   0.0094719366
19  6  -0.0477674637  -0.0142307944  -0.0093096846   0.0149686835   0.0038286766
19  7   0.0148380768  -0.0041245112  -0.0040673216   0.0094538943  -0.0449113216
19  8  -0.0044551547   0.0003990894   0.0005573906  -0.0004121453   0.0001149286
19  9  -0.0007378563  -0.0000529098   0.0118368307  -0.0000517578   0.0000186737
19 10  -0.0000746929   0.0000244983   0.0000327958   0.0013062874  -0.0008720926
19 11   0.0001204675  -0.0262196269   0.0408121174   0.0000166873
20  1   0.3592234721  -0.0975353685   0.0618127994   0.0644169070   0.0756712043
20  2  -0.0473168412   0.1965986973   0.0098065763   0.0179557080   0.0935398162
20  3  -0.0004707152   0.0107247557  -0.0311061023  -0.0552478261  -0.0194832531
20  4  -0.0489285919   0.0244601177   0.0119497307   0.0101179240   0.0226352075
20  5  -0.0386198084   0.0171938802   0.0117565772   0.0170408655  -0.0057261610
20  6  -0.0547907932  -0.0517438520  -0.0188463605  -0.0242802774  -0.0016472532
20  7   0.0116639459  -0.0304583601   0.0073161133  -0.0065209436   0.0675919686
20  8  -0.0314888741  -0.0137941553  -0.0000918339  -0.0059041471   0.0014016398
20  9   0.0056830970   0.0001256059   0.0291639105  -0.0000311353   0.0003471615
20 10  -0.0002309180  -0.0000376456  -0.0000554100   0.0005546185   0.0022345709
20 11   0.0000256960  -0.0352403216  -0.0648935519  -0.0000045776
21  1  -0.0751779156  -0.0055515745  -0.0924212908   0.0046485548   0.0642077870
21  2  -0.3310722710   0.0463791200  -0.0707643867  -0.0066579410  -0.0063434463
21  3  -0.0037140388   0.0034075750   0.0207622903   0.0274542500   0.0869841387
21  4   0.0676436665  -0.0086647740  -0.0427591435  -0.0210600659  -0.1565018144
21  5  -0.0743135236   0.0191354840   0.0210002651   0.0849521472  -0.0233451700
21  6  -0.1353193058  -0.1094159314  -0.0063271332   0.0247876140   0.0046945574
21  7   0.0171357557  -0.0066833898  -0.0025752364   0.0035530010  -0.0244961365
21  8   0.0017507932  -0.0004173468  -0.0001503660  -0.0034150260  -0.0012963445
21  9  -0.0035042820  -0.0003857218   0.0663157480   0.0000571276   0.0005496703
21 10  -0.0003720673  -0.0000320677   0.0000368951  -0.0001838030  -0.0006959842
21 11  -0.0000403074  -0.0346206322   0.0253129345  -0.0000104854
22  1   0.0126037337   0.2617094725  -0.0115960666  -0.0742284840  -0.1036655330
22  2   0.0125446150  -0.0419475974   0.0224791861   0.1384939180   0.1582387004
22  3  -0.0339828098  -0.2516631566  -0.0281445346  -0.2560239884  -0.0882576652
22  4   0.2649511074  -0.4957124342  -0.2866916041  -0.1729245960   0.1325034249
22  5   0.2063582908   0.0480368302   0.0077330056   0.1051408441  -0.0200016862
22  6  -0.1372194868  -0.0563370544   0.1185807114   0.3777693954   0.0507173225
22  7   0.0365303292   0.1711735333  -0.0673316440   0.1172342374   0.0893141679
22  8  -0.5206686557  -0.2628108411  -0.0086238019   0.4607717266   0.0132559597
22  9   0.0357105971  -0.0002332636  -0.0339553109   0.0020327514  -0.0069397598
22 10   0.0049358041   0.0006004047  -0.0015618683   0.0366741781   0.0559788909
22 11   0.0010929677   0.0002787648  -0.0001787710   0.0000648752
23  1   0.1384670431  -0.0823733371  -0.1575371913   0.1881526275   0.1678375279
23  2   0.0266733777  -0.0196610208   0.0085433146  -0.1901219668  -0.0394926830
23  3   0.0094705461   0.0753187382   0.0316693718   0.1263798770   0.0047230020
23  4   0.0613465169  -0.0301473348   0.0081241711  -0.0000427813   0.0262885205
23  5   0.0575899328  -0.0054209948  -0.0065958880   0.0541743136  -0.0060704847
23  6   0.0668411356   0.0246235838   0.0486562648   0.0717795296   0.0072661395
23  7  -0.0215983073   0.0647101132  -0.0127602169   0.0100428721  -0.0348831994
23  8  -0.0111161118  -0.0010261011   0.0044875583  -0.1264341090  -0.0022435989
23  9   0.0039862660  -0.0013791984   0.0086608718   0.0155171095  -0.1346521420
23 10   0.0988349751   0.0110110624  -0.0349817593   0.6691349460   0.7082618780
23 11   0.0098518795   0.0170573340   0.0140782215   0.0000856381
24  1   0.1276579829  -0.0137566904   0.1160911370  -0.1094790880  -0.0431304705
24  2  -0.3881536846   0.2195396010  -0.0532126731   0.2085975087   0.1542119572
24  3  -0.0144576946  -0.0553331379  -0.0266573284  -0.1775041595   0.0869087201
24  4   0.0904114264  -0.1360239253  -0.1829323506  -0.0955602184   0.1994507770
24  5  -0.0737264217   0.3588110493   0.1606694097   0.0878917053  -0.0114914249
24  6   0.3545449908   0.2667737534  -0.0441635241  -0.2223412896  -0.0397904315
24  7  -0.0974519900   0.0631333633  -0.0029518648  -0.0750602504  -0.3138717145
24  8   0.5548594450   0.1910710528  -0.0175977367   0.5230116207  -0.0035267378
24  9  -0.0677463102   0.0033061565   0.0508864658   0.0033444690  -0.0153903505
24 10   0.0115399099   0.0013286012  -0.0042405269   0.0671390183   0.0797721289
24 11   0.0008601766  -0.0008312254   0.0015842595  -0.0000294530
25  1   0.0615005975   0.2362899277   0.0247922238   0.0199230681  -0.0068516116
25  2   0.0471394905  -0.0229695053   0.0498054542  -0.0872487827   0.0885754613
25  3   0.0005093022   0.0467165873  -0.0162725432   0.0362787779  -0.1330604846
25  4   0.1265210191  -0.0113625594   0.2968249829   0.1305166569  -0.1520626518
25  5   0.1950438184   0.0528875260   0.0567293894   0.3260611950  -0.0690684948
25  6   0.0442402554  -0.1238429226  -0.1246616568  -0.3039420777  -0.0346726935
25  7   0.0438764163  -0.2133337246   0.0507100054   0.1737303149  -0.3138173631
25  8  -0.2993669374   0.0727107422   0.0147293880   0.1541327728   0.0069026950
25  9  -0.0339239495  -0.0020299528  -0.0299004134  -0.0463203584  -0.0340122798
25 10   0.0159982734   0.0106154458  -0.0003573060   0.5184677245  -0.4998339565
25 11   0.0005804504   0.0069279039  -0.0115328054   0.0000633099
26  1   0.0860675792  -0.0931844608  -0.2213864024   0.2656966766   0.2584848600
26  2   0.0533153428  -0.0587169294   0.0024006594  -0.3709393081  -0.1523452261
26  3   0.0287543378   0.2215726620   0.0526628380   0.3273144077  -0.0188901801
26  4  -0.0420805526   0.2614312404   0.3646567303   0.1945485222  -0.1984768332
26  5   0.0319367853  -0.2202452550  -0.0793141866   0.0284916754  -0.0047273895
26  6   0.0512836114  -0.0106220727  -0.0320845970  -0.1356001220  -0.0197069502
26  7  -0.0269173118  -0.0381922188   0.0155878011   0.0300261581   0.0768530299
26  8  -0.1448724737  -0.0445998587  -0.0112331376   0.6427033917   0.0123583931
26  9  -0.0198620351   0.0021936702  -0.0055270015   0.0313402946   0.0228354759
26 10  -0.0102574082  -0.0069104730   0.0000508092  -0.3053172787   0.2758292380
26 11  -0.0004839378  -0.0048740423   0.0084052678  -0.0000434019
27  1  -0.1100530931  -0.0104305916  -0.1393544791  -0.0032889378   0.1005419439
27  2  -0.3549838881   0.0705681698  -0.1107237203  -0.0297350908  -0.0874309162
27  3  -0.0029181743  -0.0143675710   0.0259738644   0.0510556993   0.1057936477
27  4   0.0358514680   0.0193435448   0.0933556179   0.0785317724  -0.0220878214
27  5  -0.1325569258  -0.3462704657  -0.1702852950  -0.3092617203   0.0796372622
27  6   0.1658404739   0.2466506048   0.1425556907   0.1731227643   0.0078017372
27  7  -0.1221352108   0.2071351854  -0.0191003454  -0.2063221300   0.6019455795
27  8   0.2476249991  -0.0697941332  -0.0195685376   0.2084633713   0.0074430765
27  9   0.0401641266   0.0042361033   0.0543178726  -0.0425201694  -0.0259302211
27 10   0.0104312951   0.0093440614   0.0006910260   0.3936604942  -0.3761052646
27 11   0.0005154597   0.0040029053  -0.0103475327   0.0000665705
28  1   0.0858935810   0.2522119893   0.0754962224   0.0462256938  -0.0763331368
28  2   0.1045182067  -0.1213310369   0.0955897952  -0.0844135805  -0.0023951025
28  3  -0.0020803718  -0.0216880245   0.0049855387  -0.0146165868  -0.2864482728
28  4  -0.0589729021   0.0060001596  -0.0335896841  -0.0109747325  -0.1730954353
28  5  -0.5080952025   0.1716734323   0.1011473473  -0.1502709048   0.0012508763
28  6  -0.0916275774   0.1429946786   0.0015430521  -0.1569494526  -0.0391165834
28  7  -0.4259975662   0.5115251798   0.0214847210   0.2608316657   0.0697130800
28  8  -0.2941176478   0.5247593503   0.0759100513  -0.0238833595   0.0274142436
28  9  -0.0253725924  -0.0063814463   0.0030808470  -0.0491918566  -0.0548940064
28 10   0.0250381343  -0.0026067046  -0.0035089350  -0.0170089405  -0.0029765785
28 11  -0.0022836184  -0.0013947694   0.0001749608  -0.0000149887
29  1  -0.1055695954  -0.0411097582  -0.3799824368   0.2430231612   0.1527871368
29  2   0.0930278575  -0.2516087987   0.0392074546  -0.1520621040   0.3282981817
29  3  -0.0375987809  -0.2271071937  -0.1643307690  -0.2086382582  -0.0609103040
29  4  -0.3282447248   0.1636966739   0.0538210691   0.0731744899  -0.0921190222
29  5  -0.3910209032   0.0446023353   0.0528045858   0.2790131077  -0.0259616261
29  6   0.3378554929   0.1902893551   0.1299873645   0.1580909848   0.0080068879
29  7   0.1122394361  -0.1562213246   0.0005767937  -0.0232018810  -0.0747115583
29  8  -0.0136216009   0.0515232258   0.0303811450   0.0214436614   0.2678835687
29  9   0.6344186444   0.0291817273  -0.0010859904   0.1787248475   0.1414306340
29 10  -0.0565595813  -0.0119970392   0.0005024733   0.0283872939   0.0034126556
29 11   0.0007016740   0.0008877857   0.0001236539   0.0000638406
30  1  -0.0115927656   0.0127136732   0.0096568248   0.0601762618  -0.0286707242
30  2  -0.2372353112  -0.0846255651   0.0454733548  -0.0004011126   0.0966917673
30  3  -0.0019209203   0.0249351236   0.0279695265   0.0213530244  -0.1208066217
30  4  -0.0516874231   0.0513150248   0.0109988154  -0.0290397723   0.0650705203
30  5   0.2183698932   0.0362524906   0.0064182103  -0.1457243234   0.0039409422
30  6  -0.2032639388  -0.0721385327  -0.0779450513  -0.0651156636  -0.0045323388
30  7  -0.0726459155   0.1215732138  -0.0042083929   0.0305396268   0.0441983968
30  8   0.0175156017   0.0596310439  -0.0033286266  -0.0091133229  -0.0587437771
30  9  -0.1270225415  -0.0046343706   0.0012555315   0.6690613257   0.6229088632
30 10  -0.2585373052  -0.0583699821   0.0023901726   0.1282120718   0.0146509371
30 11   0.0005111397   0.0016848624   0.0006492331   0.0001821282
31  1   0.0811183355   0.2121531074   0.0235291813   0.0677680726   0.0893846842
31  2   0.0414683307   0.0467523281   0.0351808049  -0.2069576497   0.0817718859
31  3  -0.0006131332   0.0485659184  -0.0580773564   0.1227340946  -0.0870046764
31  4   0.2015198144  -0.3186037211  -0.1475766529  -0.1292861075  -0.0645854721
31  5   0.0663668086  -0.0132202294  -0.0386765676  -0.4689826600   0.1404885609
31  6  -0.1034829103   0.3106627310   0.0526682487   0.2688273588   0.0303736332
31  7   0.3074554267  -0.4943132194   0.1559522631   0.1459985264   0.1414696225
31  8   0.0318646454   0.6678163592   0.0493148855   0.0821041496   0.0440375989
31  9  -0.0547036083   0.0031873934  -0.0070389008  -0.0653186785   0.0620444796
31 10  -0.0438983581  -0.0005635935   0.0084471676   0.0094942115   0.0135043004
31 11   0.0006709290   0.0021779844   0.0009341379  -0.0000556870
32  1   0.0604791745  -0.0494356570  -0.2124740100   0.1396592367   0.0687686424
32  2   0.0354340204  -0.1247653071   0.0172289790  -0.0261119413   0.0213119589
32  3  -0.0100340737  -0.0941819352   0.0423611273  -0.0797958194   0.0007522187
32  4   0.0453750087  -0.0355829638  -0.0582961131  -0.0153759237  -0.0036405621
32  5   0.0185406197  -0.1193348167  -0.0591734678  -0.1006712268  -0.0042618468
32  6  -0.0617820900  -0.1063540883  -0.0687024015  -0.1703151973  -0.0192067148
32  7  -0.0669195502   0.0343003583  -0.0114990483  -0.0314006423  -0.0482708566
32  8   0.0217394467  -0.0694258097  -0.0037975924  -0.0077028511   0.0152874632
32  9   0.0478426981   0.0029129439  -0.0007962620  -0.6887311792   0.5426946879
32 10  -0.4056146672   0.0084038521   0.0955868797   0.0766901637   0.1050552777
32 11   0.0111932225   0.0011630109  -0.0005361761   0.0004233653
33  1  -0.1994368694   0.0228064040  -0.1790499519   0.1767970146   0.0636447176
33  2  -0.1709995811  -0.2312445046   0.0696777248  -0.1372841930   0.4356793529
33  3  -0.0337911939  -0.1395886532  -0.2033219357  -0.1284713358  -0.1885121821
33  4  -0.4781967687   0.2661160007   0.1363410935   0.0788473017  -0.0088903624
33  5  -0.2522308558   0.1978264476   0.1164943636   0.3133124065  -0.0191128780
33  6   0.2828952343   0.2290512040   0.1675336364   0.2872248566   0.0222014680
33  7   0.1164679032  -0.0904221349   0.0281031992   0.0376394404   0.0740962693
33  8  -0.0382563827  -0.0693333696  -0.0370075732  -0.0169553787  -0.2652532238
33  9  -0.6399501922  -0.0309152237   0.0012256379  -0.0939535038   0.0506480135
33 10  -0.0412033555   0.0020421226   0.0108125649   0.0080371865   0.0118951852
33 11   0.0017874717  -0.0010804554  -0.0004769821   0.0000213798
34  1   0.0770082458   0.2487431713   0.0596795511   0.0349606107  -0.0606219741
34  2   0.0868870625  -0.0221221538  -0.0249517119  -0.1551366720   0.0098025917
34  3  -0.0381836218  -0.0773248809  -0.0851273157  -0.0656722394   0.4470322078
34  4   0.1536622349   0.3432057264   0.0508948797  -0.0936152329   0.0789072437
34  5   0.0728918469   0.0430350521  -0.0635262092   0.0722401433  -0.1602555439
34  6  -0.3039414940   0.3927047474   0.1795223866   0.0883987667  -0.1802282882
34  7  -0.3261517172  -0.1324793847   0.4738074091   0.3718890286   0.0114281874
34  8   0.1302480535  -0.1553543695  -0.2299098192   0.0070686944  -0.4030976738
34  9   0.2163781058   0.1201209168   0.0032791826  -0.0035263978  -0.0052463905
34 10  -0.0020593070   0.0333371951   0.0059072718  -0.0012203256   0.0006107539
34 11   0.0137893077  -0.0001450864   0.0001084372   0.0005136299
35  1  -0.1153172997   0.0035988503  -0.3536557255   0.1012610186  -0.0533154273
35  2   0.0685470041   0.2023110821   0.1098566030   0.2957839196   0.0256094303
35  3   0.0936632813   0.0921460517  -0.3184768180   0.0854955539  -0.2534693892
35  4   0.0073797947  -0.0542406040  -0.2974876929   0.4114054609  -0.0243845100
35  5   0.0336751649   0.0811589550  -0.2220811208   0.0330628845  -0.1020538304
35  6  -0.0090244155   0.0794392834  -0.2524772885   0.0932217760   0.0014969473
35  7  -0.0400832463   0.0601322601   0.4171815096   0.2826899742   0.0300854536
35  8   0.1196489504  -0.1742767018  -0.2132083014  -0.0201435470   0.4787664994
35  9  -0.1474161974  -0.1611223313   0.0018029647   0.0099773769  -0.0080158309
35 10  -0.0149471752   0.1190534384   0.0378663836  -0.0010113835   0.0009146486
35 11   0.0263889401   0.0000235830  -0.0000052150   0.0004589412
36  1   0.0568747468   0.0388857920   0.1310330641   0.1484682998  -0.1471694996
36  2  -0.1013163822  -0.0723800351   0.0755849326  -0.0845287944  -0.1175615304
36  3  -0.0021963447  -0.0380960974  -0.1492664373  -0.0161949307   0.1233878021
36  4  -0.0108976425  -0.0253592287  -0.0478618124   0.1020076530  -0.0186896395
36  5   0.0056096582   0.0720904772  -0.1570217536  -0.0053473639   0.0063325206
36  6   0.0595848949  -0.0803362404  -0.1015002420   0.0233930295   0.0618704974
36  7   0.0433414574   0.0411726563   0.0962039076   0.0440390435   0.0072139238
36  8   0.0233535573  -0.0234689904  -0.0243598606  -0.0000558967   0.0180279973
36  9   0.0025395246  -0.0041358857   0.0002950320  -0.0775454184   0.0491889318
36 10   0.1054750286  -0.8875096659  -0.2781280742   0.0067414207  -0.0061086912
36 11  -0.2954937981  -0.0001453784   0.0001724383   0.0006007719
37  1   0.0144496072   0.2537107580  -0.0182331322  -0.0655882930  -0.0710257755
37  2   0.0039770420   0.0380956166  -0.0241523705  -0.0255862741   0.1413760961
37  3  -0.0039551869   0.0613662740  -0.1160717627   0.0676691499  -0.0643052273
37  4   0.0529299572   0.1377685275  -0.1457323912  -0.0624315051   0.0873063523
37  5  -0.0845790639  -0.2363666444  -0.1824934920   0.1741553647  -0.1640401628
37  6   0.1517827055  -0.1013867772  -0.1765427434  -0.1184556037  -0.0301758738
37  7   0.3167724534   0.1200563618  -0.3831113223   0.5279808343   0.1296026071
37  8   0.1577904679   0.0108524408  -0.2325794687  -0.0085894805  -0.1494556605
37  9   0.0757394568   0.0305235304   0.0006434378   0.0156109633  -0.0239198002
37 10  -0.0314228980   0.1243753450   0.1647733780   0.0052180231   0.0070770206
37 11  -0.5113051239  -0.0002777180   0.0001091787   0.0004404380
38  1   0.0633448325   0.0047583357  -0.1651493538  -0.0437792355  -0.1920024660
38  2   0.0002032380  -0.0156478248  -0.1046986284   0.0780290753   0.0197585139
38  3  -0.0025416459   0.0589147084  -0.2960154182   0.0565153492  -0.0946339737
38  4   0.0220197387   0.0075381464   0.0810405329  -0.2010771074   0.0337333412
38  5  -0.0597116055  -0.0132283525  -0.2926816989   0.0770342080  -0.0906372329
38  6   0.0004452422   0.0120221806   0.1001875459  -0.1109964578   0.0153552600
38  7   0.0839978317  -0.0195172203  -0.3269064758   0.3793547698   0.0838604807
38  8   0.1215397019  -0.0428759537  -0.1851864977  -0.0107250530   0.0488612155
38  9  -0.0001407565  -0.0267842161   0.0009147865  -0.0263565126   0.0317467300
38 10   0.0438060935  -0.1774031749  -0.2299708621  -0.0085740473  -0.0103918622
38 11   0.7401027530   0.0003289321  -0.0001809830   0.0004596194
39  1   0.2146115601   0.0377049515   0.3023460441   0.0825009594  -0.2454226071
39  2  -0.1178239525  -0.2604347680  -0.0858674812  -0.3024419933  -0.1708532759
39  3  -0.0882561998  -0.1223470437  -0.0999119831  -0.0962867023   0.4500282372
39  4   0.0457449809   0.1210481462   0.3132781858  -0.3639570506   0.0232456836
39  5   0.0091023613   0.1087113739  -0.1244578130  -0.0077690034  -0.0394032575
39  6  -0.1588237978   0.1606576951   0.2717673847  -0.0444946620   0.0021694026
39  7  -0.1306341544  -0.0946013619  -0.0912468559   0.0745421464   0.0116797115
39  8   0.0371953029  -0.0952683929  -0.0872046621  -0.0211429375   0.6038180825
39  9  -0.2286297137  -0.1971991019   0.0003807387   0.0115386723  -0.0101529888
39 10  -0.0177943369   0.0707669706   0.0784257604   0.0028506098   0.0035026914
39 11  -0.2317043067  -0.0000846299   0.0000318026   0.0000674285
40  1   0.0756580770   0.1914046606  -0.0073770232   0.0742964800   0.1756979250
40  2   0.0045204159  -0.1381857835  -0.0746159388   0.1818864655  -0.0141491762
40  3   0.0243099310   0.0443250394  -0.1174455484   0.0393484059   0.0737380125
40  4  -0.1293811766  -0.1177434882   0.0597903459  -0.0656227248  -0.0174790947
40  5  -0.0069089997   0.0169036402   0.0096377082  -0.0315950627   0.4129242942
40  6  -0.0560107179  -0.0139949994   0.3848159341  -0.2097883329  -0.2516307069
40  7   0.4090504773   0.2612388058   0.2514931114   0.1433579442   0.0200115866
40  8   0.0718561674  -0.1248278777   0.4676635259  -0.0000418524   0.0626827246
40  9  -0.0263342409   0.1694077496   0.0017415735  -0.0604508413   0.2330258362
40 10   0.3412488697   0.1744507952  -0.2859229380  -0.0114473349  -0.0077725175
40 11  -0.0775669158  -0.0002430403   0.0000683088   0.0028774790
41  1   0.1072646287  -0.0103056408  -0.1313610044  -0.0281211040  -0.1528437452
41  2  -0.0069264049  -0.0953742847  -0.1580455989   0.0893182558  -0.0164882265
41  3  -0.0134306717   0.0497113335  -0.2987913100   0.0480192061  -0.0298601450
41  4  -0.0395219940  -0.0819616873   0.1293905570  -0.2052222444  -0.0017906591
41  5  -0.0397722811  -0.0863737024   0.1383500405  -0.0405793438   0.0586729832
41  6   0.0732918788  -0.1265594991   0.0084098258  -0.0462745142  -0.2374044523
41  7   0.2579348020   0.1897827682   0.2571590818   0.0533440357   0.0036431483
41  8   0.0365537672  -0.0723177516   0.3159803315   0.0031347196  -0.0016740070
41  9   0.0025368744  -0.0338072769   0.0000249786   0.0905225751  -0.3450071524
41 10  -0.5029638687  -0.2580780955   0.4299086519   0.0170439076   0.0114180572
41 11   0.1224220268   0.0004706493  -0.0001428957   0.0010402330
42  1  -0.2265762620   0.0522254950  -0.1570495475   0.3161642714  -0.0024962488
42  2  -0.0115025081   0.3257911723   0.5510625408   0.1501825363  -0.1260063905
42  3   0.0714657469  -0.0058780716  -0.1752977017   0.0064652203  -0.0102375316
42  4   0.0225354977  -0.0108433590   0.2510922510  -0.4004779025   0.0213081075
42  5  -0.0804855842  -0.1123409196   0.0606028135   0.0065558448  -0.0933993700
42  6   0.1699200272  -0.1835422379  -0.3722544371   0.1254231449  -0.0750846468
42  7  -0.0060327079   0.0269362261   0.1199809256  -0.0133750553  -0.0048734731
42  8   0.0061651385   0.0023039144   0.1063764703   0.0116006325  -0.1660528940
42  9   0.0949807978  -0.6464756350  -0.0025982261  -0.0270279394   0.1047977150
42 10   0.1577653008   0.0696816210  -0.1088432059  -0.0049146238  -0.0033083909
42 11  -0.0321057470  -0.0002087512   0.0000714274  -0.0008202794
43  1   0.0130890140   0.1975585451  -0.0839535874  -0.0271257101   0.1604109762
43  2  -0.0767406000   0.0204545892   0.4672898757   0.1069259617  -0.1154571223
43  3   0.0353596672   0.0067506477  -0.1092864415   0.0169756447   0.1785410961
43  4  -0.1252130963  -0.0876840239   0.0579499956  -0.0577731568  -0.0104612639
43  5  -0.0110195550   0.0101289888  -0.0266222408   0.0224965910   0.4362556309
43  6   0.1288319819  -0.1852488421  -0.4739427253   0.2881443890  -0.3292726475
43  7  -0.3545813696  -0.2335537543  -0.2295676140   0.1804187917   0.0344138004
43  8   0.0797733966  -0.0935274176   0.4096994801  -0.0035752338   0.1306711331
43  9  -0.0831430237   0.4371900758   0.0031449728   0.0012508731  -0.0006820581
43 10   0.0011392641  -0.0059497821   0.0113391549   0.0002580547   0.0000476293
43 11  -0.0008513539   0.0000304635   0.0000605413   0.0032392786
44  1   0.2810590424  -0.0085158075   0.0525507290  -0.1714225872  -0.2909112378
44  2  -0.0738251900  -0.3095454866  -0.3688362024  -0.1290936655  -0.0147184725
44  3  -0.0503760655   0.0067181483  -0.2544375951   0.0186895001   0.1221403552
44  4  -0.0400950773  -0.0416268824  -0.2552403013   0.4283321307  -0.0340804274
44  5   0.0979825987   0.0458359384   0.2149786944  -0.0911296630   0.1213879513
44  6  -0.0748305725  -0.0252405908   0.1852650884   0.0476216271  -0.3358259111
44  7  -0.1614748816  -0.1690654001  -0.2716919394   0.1118752954   0.0230111074
44  8   0.0508838958  -0.0349101014   0.3450818284   0.0102882643  -0.1197419290
44  9   0.0642064466  -0.5185930913  -0.0021501643  -0.0081597173   0.0504015595
44 10   0.1011206093  -0.0228442595   0.1013150955   0.0001850141   0.0002719072
44 11   0.0173413301  -0.0001214162   0.0000187854   0.0008414266
45  1  -0.0623901906   0.0509594871   0.0212027763   0.2473381458  -0.1046617000
45  2  -0.0288828016   0.0866267347   0.1454842577   0.0126853846  -0.0805979166
45  3   0.0398682025  -0.0232100396  -0.1674475853  -0.0057077720   0.0621021003
45  4   0.0285078442   0.0210533014  -0.0576943003   0.0980529259  -0.0036262321
45  5   0.0313601749  -0.0131772001   0.1413420122  -0.0473953319  -0.1409764646
45  6  -0.0387608087   0.0093027121   0.1435475432  -0.0250050558  -0.1030820060
45  7  -0.0037750328  -0.0265255557  -0.0961632217  -0.0018493771   0.0019270561
45  8  -0.0030676418   0.0067678100   0.0319529135   0.0003765276  -0.0120296833
45  9   0.0033002247  -0.0455308482  -0.0010839868   0.0362570509  -0.2618427154
45 10  -0.5712074867   0.1809510162  -0.7261523674  -0.0028860011  -0.0029837944
45 11  -0.1341785447   0.0001145821   0.0003051259   0.0006403364
46  1   0.0695430620   0.1879714661  -0.0194525548   0.0672993801   0.1908172954
46  2  -0.0090806461  -0.1122935009   0.0703111627   0.1993185416  -0.1066739899
46  3  -0.3044449262   0.0796473143  -0.2635836511   0.0405952333   0.0692050400
46  4  -0.0401820130  -0.0053651622  -0.0284931193   0.0004606879   0.0207563170
46  5   0.0135372868  -0.2221107967   0.5438710256  -0.0205584791  -0.1992093790
46  6   0.0064802915   0.0406831124   0.0295161220  -0.0591149310   0.6578320002
46  7  -0.1221116369  -0.0765291937   0.0331937405   0.2327388536   0.0363160827
46  8   0.1026367833  -0.1056857031   0.3216666388   0.0036008556   0.0008252190
46  9   0.0044179777   0.0067870386   0.0012772604   0.0001463679  -0.0030158218
46 10  -0.0062633332   0.0018322452  -0.0006430600   0.0001219387   0.0002628432
46 11  -0.0013774821  -0.0000247830  -0.0000341458   0.4214668482
47  1   0.0877308835   0.0352181654  -0.1146409928  -0.1648763905  -0.3555434075
47  2  -0.0282174482   0.0210934931  -0.0669763660  -0.1778228543   0.1527958340
47  3   0.5918492623  -0.0749679269   0.2657131756  -0.0071741839   0.1224133279
47  4  -0.1267509658  -0.0828964053   0.0287983882  -0.0147337938  -0.0108215005
47  5  -0.0034133010   0.0416921126  -0.0876611583  -0.0108865305  -0.0695801772
47  6   0.0050054786  -0.0158479779  -0.0015919717   0.0067451241  -0.0846586968
47  7   0.0217786987   0.0130163402  -0.0001277728  -0.0237014620  -0.0032282642
47  8  -0.0097692876   0.0109515733  -0.0327344999  -0.0002864221  -0.0006143806
47  9  -0.0001330192  -0.0003480976  -0.0000546185   0.0003257567  -0.0001338036
47 10   0.0012518846  -0.0004112974   0.0023977377  -0.0001887572  -0.0000656177
47 11   0.0012797509  -0.0001308443  -0.0000452829   0.7738913317
48  1  -0.1626358616   0.0788384709  -0.0398730259   0.4081328306  -0.1193319165
48  2   0.1270723648   0.2370037970  -0.0265847596   0.1130534783  -0.0279679015
48  3  -0.7140800459   0.1191053887   0.2476005459   0.0087036238  -0.0439772411
48  4  -0.0861096333  -0.0707047218   0.0060027312   0.0306228547  -0.0191813337
48  5  -0.0046348507   0.1394804837  -0.3141889841  -0.0016325368   0.0368790117
48  6  -0.0016465836  -0.0260963605  -0.0191792383   0.0389373882  -0.3710262878
48  7   0.0572117171   0.0349763099  -0.0246002604  -0.1268173729  -0.0200287376
48  8  -0.0558677130   0.0561343535  -0.1760977914  -0.0020586852   0.0001045797
48  9  -0.0020945509  -0.0029254177  -0.0008452345  -0.0004876922   0.0017783134
48 10   0.0032907055  -0.0004120954  -0.0015534765  -0.0002014362  -0.0000516534
48 11  -0.0004238542  -0.0000746021  -0.0000650907   0.4685171698
49  1   0.0169637590   0.1945156466  -0.0822406090  -0.0189216692   0.1723181768
49  2  -0.0754419349   0.1780317430  -0.1174954322  -0.2420464343  -0.2811902278
49  3   0.0574016950   0.5152098453  -0.1316843239  -0.6379951244  -0.1122429085
49  4  -0.2522018404   0.1269365759  -0.1692677342  -0.1242077482  -0.5423052151
49  5   0.2629707245  -0.1188114776  -0.0657586852  -0.0014348168  -0.0036363282
49  6   0.1595367603   0.1117920159   0.0629603447   0.0601645615   0.0028319680
49  7  -0.0397829846   0.0690773868  -0.0097599430   0.0005710091  -0.0426633970
49  8   0.0470990244   0.0125985907  -0.0018492011  -0.0108070607  -0.0053359804
49  9  -0.0117583139   0.0006649513  -0.3702985071   0.0003707345  -0.0014059722
49 10   0.0013186306   0.0003203104  -0.0000277320  -0.0009988031  -0.0031228090
49 11  -0.0002420348  -0.0521942899  -0.0098840366  -0.0001179284
50  1   0.3808854344  -0.0989727482   0.0833779762   0.0521066790   0.0663867036
50  2  -0.0546089737   0.2175952118   0.0098068692   0.0389459249   0.1049286650
50  3  -0.0018882290  -0.0002925355  -0.0378156936  -0.0700519684  -0.0265834192
50  4  -0.0763599722   0.0547960787   0.0041975415   0.0004712885  -0.1104275236
50  5   0.0041608372  -0.0499919890  -0.0200134508  -0.0051429356  -0.0019083036
50  6  -0.0441445021  -0.0267424628   0.0063956772   0.0264796115   0.0037840975
50  7   0.0061552655   0.0034893214  -0.0028449803   0.0021698867   0.0003172444
50  8  -0.0132908805  -0.0084328306  -0.0004536128  -0.0038922463  -0.0011885027
50  9  -0.0009602469  -0.0006050194   0.0886612504  -0.0014300387   0.0018984551
50 10  -0.0012831391   0.0000125311   0.0008477955  -0.0135119526  -0.0199198705
50 11  -0.0005031347   0.7654778243   0.6170710571   0.0001515330
51  1  -0.2175934603   0.0017059775  -0.2361856573   0.0913376532   0.1353183854
51  2  -0.2829695457  -0.0901289691  -0.0717508340  -0.1639471732  -0.0924359765
51  3   0.0129411896   0.1509473123   0.0518055074   0.0416460710   0.1309403157
51  4   0.2176023683  -0.1733569058  -0.0880142302  -0.0287285449   0.4019219856
51  5  -0.2263616053   0.4417602574   0.2204966628   0.3165941004  -0.0681792536
51  6  -0.0970231142  -0.2239599043  -0.1283943259  -0.2817442722  -0.0323963955
51  7   0.0142735552  -0.1709863821   0.0583398897  -0.0679522512   0.4257427291
51  8  -0.0606529858  -0.0289810117  -0.0007387829  -0.0147581452   0.0099680549
51  9   0.0297477943   0.0045587672  -0.5788813140  -0.0023013441   0.0031487363
51 10  -0.0018647675  -0.0002058398   0.0004984268  -0.0010109964   0.0031856237
51 11   0.0001405348   0.1069331399   0.0958937247   0.0000524095
52  1  -0.0268582770   0.2175094009  -0.1146105600  -0.1034550466   0.0846775727
52  2  -0.1061483913   0.1743377841  -0.1636387087  -0.0354707148  -0.3617903018
52  3  -0.0247277097  -0.3764782219   0.0226854891   0.2618314893  -0.1410732239
52  4  -0.2776634155   0.1812442448  -0.2493036654  -0.1730663655  -0.3542130657
52  5   0.2391829860   0.1786670151   0.0694859235   0.1308446197  -0.0376133917
52  6   0.2163376235   0.0751649659  -0.0200087501  -0.1341369023  -0.0196185556
52  7  -0.0270875717  -0.0430957148   0.0219720939  -0.0137338982   0.1344599491
52  8  -0.0322003856  -0.0132280765  -0.0030676617  -0.0140332254   0.0006410697
52  9   0.0102840118   0.0002637538  -0.0018741824   0.0005666515  -0.0007079344
52 10   0.0007723758   0.0003837191  -0.0000476505  -0.0123654972   0.0134244245
52 11  -0.0006912093   0.4394465420  -0.5634751022  -0.0000663075
53  1   0.4243744840  -0.0868539670   0.1389424155  -0.0227686887  -0.0238605295
53  2  -0.0787027891   0.2535196077   0.0048961331   0.2217125790   0.1422908884
53  3  -0.0513970765  -0.5077317969   0.0298770618   0.3736593851  -0.0571932952
53  4  -0.1087462483   0.1278639654  -0.0005609884  -0.0178342858  -0.3486326556
53  5   0.1017010700  -0.1327155100  -0.0583822002   0.0017398629  -0.0008845532
53  6   0.0312636003   0.0410060549   0.0596999568   0.0993384198   0.0087546886
53  7  -0.0244767425   0.0795339427  -0.0167362831  -0.0001682483  -0.1035521197
53  8   0.0973358705   0.0280859170  -0.0017429152  -0.0025338656  -0.0029881644
53  9  -0.0093270880   0.0023750788  -0.6059883428  -0.0008198616  -0.0002523098
53 10   0.0004662511   0.0002566311   0.0003871569   0.0047809276  -0.0050590163
53 11   0.0001435138  -0.2675260356   0.2887331676  -0.0000904835
54  1   0.0000000000   0.0000000000   0.0000000000   0.0000000000   0.0000000000
54  2  -0.3061543708   0.0360733227  -0.0055708950   0.0619229965   0.1960770837
54  3  -0.0057339461   0.0564411781   0.0001573287  -0.0665922203   0.1057210699
54  4   0.2420719143  -0.1457909972   0.2962440761   0.1986093103   0.1649840357
54  5  -0.2891766054  -0.3083412690  -0.1162112073  -0.1297584248   0.0352665755
54  6  -0.3915546813  -0.1546043418   0.0627553214   0.2894134561   0.0396174867
54  7   0.0393776995   0.1191159433  -0.0502212890   0.0344267807  -0.3549524057
54  8   0.1289037579   0.0470013155   0.0029641955   0.0167152638  -0.0056872379
54  9  -0.0287980552   0.0006717767  -0.3723679966   0.0020165359   0.0012167325
54 10  -0.0000810715  -0.0006914607  -0.0004161203  -0.0073232660   0.0031030604
54 11  -0.0001653951   0.3628627317  -0.4494661424   0.0000801424
$end
