$hessapprox
  0.501787924656D+00 -0.394558955186D-01  0.516575743037D+00  0.513011209956D-01
  0.169146059236D-01  0.582367810777D+00 -0.985487946712D-01 -0.348420950002D-01
  0.391478536764D-01  0.495707416355D+00 -0.225610853053D-01 -0.785616741960D-01
 -0.659051838744D-02 -0.541107253561D-02  0.478011793797D+00  0.226664130114D-01
 -0.173320506566D-01 -0.928167026907D-01 -0.326378932090D-02  0.249611401775D-01
  0.508291024504D+00 -0.433275927417D-01 -0.308173542007D-01 -0.220572184703D-02
 -0.109804450526D+00  0.183372655549D-01 -0.605917132573D-02  0.636665381998D+00
 -0.135199145498D-01  0.586871512511D-01 -0.230125640786D-01  0.608157151456D-01
 -0.951034572454D-01 -0.344202577514D-01 -0.250289724566D+00  0.129819699594D+01
  0.206541617685D-01 -0.133795806446D-02  0.114934671342D-01 -0.205091540118D-01
  0.654051340346D-02 -0.912507251286D-01  0.136496841692D+00 -0.101227070181D+00
  0.427334499117D+00  0.303947303278D-01  0.251082909514D-01 -0.559112549289D-02
  0.861593892803D-02  0.306962555105D-02 -0.402857172168D-01 -0.261007690664D+00
  0.351858996805D+00 -0.822285442121D-01  0.327851684010D+00 -0.552601663083D-02
 -0.521813142137D-01  0.153220844613D-01 -0.567847973484D-02  0.840640278779D-02
  0.267490768184D-01  0.301200668665D+00 -0.796279377841D+00  0.145389180506D+00
 -0.343631115014D+00  0.867070416176D+00 -0.295892686475D-01  0.265643169331D-03
 -0.229953485470D-02 -0.282285687051D-01  0.166017349871D-01  0.646399843197D-02
 -0.102946704687D+00  0.205921493308D+00 -0.140439540202D+00  0.923727241532D-01
 -0.196381510985D+00  0.163988025308D+00 -0.900885279155D-02  0.383111609122D-02
 -0.445809068518D-01 -0.246327212476D-01 -0.216744644362D-01 -0.277981273145D-01
 -0.117086165652D+00 -0.560525223184D-01 -0.731154168520D-02  0.208861475315D-01
  0.104171933006D-01 -0.153373123754D-01  0.375246139571D+00  0.143157768244D-01
 -0.176755793358D-01 -0.201081968713D-01 -0.333243407983D-01  0.610280860710D-02
 -0.293195547423D-02 -0.812206630979D-02 -0.345018358008D+00 -0.327685852615D-01
 -0.269360731874D-01 -0.612041524202D-01 -0.296999784430D-01  0.568355042959D-01
  0.493772427078D+00  0.114512187338D-01 -0.773396507997D-02  0.307339767127D-01
  0.776941084273D-04 -0.149068206163D-01 -0.119759935093D-01 -0.555513352182D-02
 -0.457737394469D-01 -0.892038008049D-01  0.175503747586D-01 -0.388513842981D-02
  0.431063695036D-02  0.130129859361D+00  0.636968808317D-01  0.246000886650D+00
 -0.152422267388D-02 -0.133386679241D-01 -0.153515006513D-01 -0.321924129317D-01
  0.808657171616D-03 -0.111061640136D-01 -0.251581430288D-01 -0.129154393841D+00
 -0.161091193207D-02 -0.284911975707D-01  0.598924395677D-01 -0.114676302446D-01
 -0.738856635276D-01  0.488847698362D-01 -0.182557483142D-01  0.455380295455D+00
 -0.290572080927D-02 -0.183127751605D-01 -0.183505700656D-02  0.112739928744D-01
 -0.155044284628D-01 -0.155256586738D-01 -0.156364021348D-01  0.235576201446D-01
 -0.954234719449D-02  0.165802901903D-01 -0.119106588470D-01 -0.107361032408D-01
  0.146965742404D-01 -0.856164240382D-01  0.171459018730D-01 -0.143039984225D-01
  0.528528857278D+00  0.197358692860D-01  0.865927514003D-02 -0.200971917415D-02
 -0.959789002443D-02  0.331592437686D-02 -0.603897296693D-02  0.151414772943D-02
 -0.702590855811D-01 -0.248417434832D-01  0.102166379161D-01  0.250916292163D-01
 -0.300997704694D-01 -0.173240875687D-01  0.442627215541D-01 -0.551984845832D-01
 -0.116926571129D-01 -0.354872396732D-01  0.469474272302D+00 -0.216734231481D-01
  0.170575748930D-01  0.293476394766D-01  0.351906209835D-03 -0.241942210567D-02
  0.207462787528D-01 -0.147638618480D-01 -0.214726855355D-02 -0.578516444565D-02
 -0.544584689492D-02  0.113740246982D-02  0.717876114629D-03 -0.248890218238D-01
 -0.312754576644D-01 -0.282342349548D-01 -0.619353809848D-01  0.496814768144D-02
  0.992423615512D-02  0.505558467033D+00  0.190191807371D-01 -0.566148203932D-02
  0.624825043431D-02 -0.837010612009D-02 -0.208491725352D-02  0.194267691099D-02
  0.625485086990D-02  0.273156780201D-01  0.711472308864D-02  0.150679742730D-01
 -0.766024219183D-02  0.627565952802D-02 -0.192799055538D-01 -0.226854076675D-01
 -0.114413747895D-01 -0.105058309965D-01 -0.115293171152D+00 -0.440779389095D-02
  0.852306206171D-02  0.448631617863D+00  0.197944200370D-01  0.159642486351D-01
 -0.813728456693D-02  0.811222557530D-02 -0.102223607344D-01 -0.719437560513D-02
  0.145443994605D-01 -0.196601729104D-01 -0.170391136690D-01  0.967990827362D-02
  0.866314175815D-02 -0.375824481260D-01 -0.191426534323D-01 -0.123921927464D-01
 -0.210363046284D-01 -0.497556202074D-02 -0.101114662433D-01 -0.427555929020D-01
 -0.492639054355D-02 -0.423217555158D-01  0.503256633725D+00  0.703478393935D-02
 -0.106128367327D-01  0.234169835890D-03 -0.319448217999D-01  0.119769004530D-01
  0.321817519204D-01 -0.622827834568D-01 -0.160864222396D+00  0.705359496120D-02
 -0.100241843075D-01  0.486408056239D-01 -0.144416265644D-01 -0.410019949671D-01
  0.697507629504D-01 -0.581016973214D-02 -0.544277658460D-01 -0.463385589161D-01
  0.257560249868D-01  0.387248376479D-01  0.208909021934D-01  0.296270745992D-01
  0.670841980160D+00  0.367406756320D-02 -0.914226594245D-02  0.416771819560D-02
 -0.508990660724D-02 -0.812312254042D-02 -0.178109222298D-01 -0.151992324136D-01
  0.620990427840D-03 -0.109134800920D-01  0.146100268244D-01  0.101508399364D-01
  0.438816242077D-02 -0.478251254953D-02 -0.452163246607D-02 -0.177913280608D-01
 -0.333423744618D-02 -0.747767093180D-01  0.123232008237D-01  0.127266211032D-01
 -0.141290877155D-01 -0.192966814046D-01 -0.383477704378D-01  0.368956302868D+00
  0.296656038164D-01 -0.221337442547D-01 -0.382885957919D-01 -0.332599614874D-01
  0.388232139006D-02  0.379203827344D-01 -0.433850892453D-01 -0.207500258420D+00
  0.248802074528D-01 -0.982340653852D-02  0.852014033588D-01 -0.553367341609D-01
 -0.779032167214D-02  0.849797314192D-01 -0.205380297817D-01  0.878521702205D-01
 -0.299959077052D-01 -0.790459163925D-01  0.421658824458D-01  0.143639197094D-01
  0.264614258620D-02  0.233535328767D+00 -0.728874578458D-01  0.136158492581D+01
 -0.173718759219D-02 -0.369533633749D-02  0.331725407999D-01  0.767144760161D-02
 -0.159500996215D-02  0.390581633899D-02 -0.107859776149D-01  0.242076373664D-01
  0.109821792380D-01 -0.270215812441D-01 -0.254287444909D-01  0.268914382654D-01
 -0.115933587399D-01 -0.316685502731D-02  0.922969493606D-02 -0.134992849659D-01
  0.504485637404D-02  0.126165072202D-01 -0.448307184979D-02 -0.305506516508D-02
 -0.930600243460D-02 -0.124811422168D+00  0.487015122172D-02 -0.917620703284D-01
  0.184460978402D+00  0.131877090842D-01 -0.149589720310D-01  0.441936873963D-02
  0.117685815210D-01 -0.672744490054D-02  0.794267590601D-02  0.122889298550D-01
  0.284500017058D-02  0.277797206430D-02  0.127825539042D-01  0.256160166018D-02
 -0.419573168188D-02  0.781225495833D-03  0.297343521645D-02  0.763514184946D-02
  0.111943039984D-02  0.339891656037D-01 -0.748037159101D-02 -0.649229745469D-02
  0.175460601327D-01  0.314328875361D-02  0.895265366388D-02 -0.104314483663D+00
  0.427434957473D-01 -0.759012376394D-02  0.747461650761D-01 -0.349813581364D-01
  0.267735600959D-01  0.947042352704D-02  0.396774397910D-01 -0.748374372545D-02
 -0.470573705322D-01  0.448449114640D-01  0.178192036245D+00 -0.246347016601D-01
  0.417529964749D-01 -0.609947690068D-01  0.225075147965D-01 -0.465396803070D-02
 -0.705247918166D-01  0.244450829122D-01 -0.453522019245D-01  0.269796865118D-01
 -0.336294807765D-01 -0.151230457311D-01 -0.893336074616D-02 -0.292013802576D-01
 -0.211843325652D+00  0.607383587640D-01 -0.959978258279D+00  0.776362531333D-01
 -0.408916345792D-01  0.108959497759D+01 -0.230743778356D-01 -0.458327051338D-02
  0.102470387650D-01  0.386106061083D-02 -0.840734180536D-03  0.368936034788D-02
  0.101765049787D-01  0.105447919952D+00 -0.115091054781D-01 -0.141793108011D-03
 -0.386602272505D-01  0.316353187180D-01 -0.428544015446D-01 -0.581758083220D-01
 -0.173582719611D-01 -0.593989861560D-01  0.205503875379D-01 -0.246688542114D-01
 -0.167061183900D-01 -0.194526279572D-01 -0.321015757224D-01 -0.260710079035D+00
  0.299432464502D-01 -0.208575817287D+00 -0.233115935711D-02 -0.177880481164D-03
  0.630384942040D-01  0.533289026534D+00  0.933002109277D-03 -0.980859407636D-03
 -0.479911317113D-02  0.269305525249D-03  0.244447897966D-02 -0.908647202733D-02
 -0.265661144556D-02  0.665076863931D-02 -0.602795176115D-02 -0.119520306648D-01
 -0.150374492632D-01 -0.148084630272D-03  0.135297841069D-01  0.111868937492D-01
 -0.116580525080D-01  0.119686054980D-01  0.784661655703D-02 -0.100007337230D-01
 -0.895076382915D-02 -0.806898105062D-02  0.831266385134D-02  0.239291230952D-01
 -0.749287062942D-01  0.138910023863D-01  0.157635090926D-01  0.434550287322D-01
  0.147836681264D-01 -0.250332348374D-01  0.168082435470D+00 -0.710033702372D-02
  0.227777323155D-02  0.176769658913D-03  0.288091703919D-02  0.140185399412D-02
 -0.612551489346D-02  0.102572790237D-01  0.627876118426D-01 -0.981715421312D-02
  0.166060340004D-01 -0.206507200577D-01  0.103246995131D-01  0.635048231038D-02
 -0.308396358035D-01  0.170516361029D-01  0.105604313027D-01  0.823450032335D-02
 -0.710374897368D-03 -0.257627279362D-02  0.211193974975D-02 -0.988849943047D-02
 -0.962186288544D-01  0.102350630586D-01 -0.234030883347D+00 -0.727363882432D-01
  0.101030748516D-01  0.987373697114D-02  0.554803470730D-01 -0.142576060321D-01
  0.401498206799D+00 -0.109959177452D-01 -0.523238535531D-02 -0.297730412786D-02
  0.628595337672D-02 -0.231409277563D-02 -0.740558759216D-02  0.223073831427D-01
  0.368488831096D-01 -0.533558368282D-02 -0.229889503924D-01 -0.674281280629D-02
  0.251706971064D-01 -0.636243150241D-02 -0.157650468590D-01 -0.188304234348D-01
 -0.357181541844D-01  0.883665334189D-03 -0.123171441450D-01 -0.196984015024D-01
 -0.536705200077D-02 -0.225414654669D-01 -0.139288485503D+00  0.238975324133D-01
 -0.976767257304D-01  0.213144826601D-01 -0.801318458649D-02  0.678951481837D-01
 -0.236488440203D-01 -0.145954752045D-02  0.530341244333D-01  0.463468744415D+00
  0.673259161446D-03 -0.120709996413D-01 -0.492690322454D-02 -0.135988572793D-01
  0.107770919906D-02  0.297393226297D-02 -0.160349870379D-01  0.121763790302D-01
 -0.200295167317D-02  0.312284777786D-02 -0.173517779487D-01  0.537136353306D-02
  0.601106420906D-02 -0.602279136861D-02 -0.159004382086D-01  0.761539941839D-02
  0.487089485541D-02 -0.121072191099D-01 -0.168505592420D-02  0.208051004107D-02
  0.447264871888D-02  0.363096866742D-01 -0.835075514263D-02  0.288275429256D-01
 -0.897437718349D-02  0.756432122698D-03 -0.395827288991D-01  0.474407902223D-03
 -0.524809322117D-01 -0.165696604935D-02 -0.181556020749D-02  0.522300682111D+00
  0.117425982673D-01  0.641639952597D-02 -0.184937039960D-02 -0.101425377542D-01
 -0.119107017844D-01 -0.448241239400D-02 -0.908761920232D-02 -0.360760940497D-01
  0.639126230464D-02 -0.347339202997D-03  0.168293553252D-01 -0.153783352267D-01
  0.279696038482D-02  0.109612989988D-01  0.148228184161D-01  0.213986574378D-01
  0.127787102854D-01 -0.462385927537D-02 -0.317202699847D-02  0.385003900525D-02
  0.162897584390D-01  0.690867257078D-01 -0.196863161286D-01  0.108462074769D+00
 -0.297416764938D-01  0.106127814860D-01 -0.829299794060D-01 -0.458067699996D-02
 -0.405009340348D-02 -0.120665458746D+00 -0.170294002730D-01 -0.427990504967D-01
  0.511070274476D+00 -0.844719410659D-02  0.130114985427D-01  0.210775376823D-01
  0.300595504110D-03  0.920325069564D-03 -0.672117668451D-02  0.414037181958D-02
 -0.342632893029D-01 -0.197588766558D-02 -0.117025294692D-01  0.107696665829D-01
  0.495205457459D-02 -0.106766679031D-02  0.615287729550D-02 -0.330887627382D-02
  0.559992740135D-02  0.890602018374D-02 -0.133308452660D-01 -0.142632733196D-02
 -0.598340744007D-02  0.107721748362D-01  0.213937403595D-01  0.895006677264D-03
  0.324811536331D-01  0.733252278711D-02  0.405519524378D-03 -0.457821266304D-01
 -0.753610920362D-01 -0.991562282346D-02 -0.332891877968D-01 -0.819423420253D-01
  0.233479153421D-01 -0.198909773418D-01  0.462961975216D+00 -0.433671913243D-02
  0.168473846951D-01 -0.119693114301D-01 -0.152316637572D-01  0.434509525577D-02
 -0.178787761536D-02  0.127765029518D-01 -0.168176748408D-01  0.131223339648D-02
 -0.128129495920D-01  0.667554644528D-05 -0.158339639802D-01  0.568862011640D-02
  0.572044945135D-02 -0.924455888332D-02 -0.878875019268D-03 -0.240323474269D-01
  0.147887696368D-01  0.204734884398D-01 -0.178899781451D-01  0.285105146237D-01
 -0.641371544596D-03 -0.104142941094D-01  0.119361322674D-01 -0.160766919781D-01
 -0.192982320459D-01 -0.162885506195D-01  0.421006083683D-03 -0.729425432680D-02
  0.362265210612D-02 -0.142824289264D-01 -0.680431636293D-01 -0.857693345695D-02
 -0.192138293288D-01  0.505453785338D+00 -0.607054768881D-02 -0.204075183448D-01
  0.613441312626D-02  0.335854483412D-03  0.303913965197D-03  0.638353085693D-02
 -0.106596985429D-01 -0.105593171050D-01  0.213239375615D-02 -0.120116566281D-01
  0.105202921612D-01  0.847789962285D-02  0.102248226443D-02  0.563326089598D-02
 -0.158595411719D-01 -0.532048140582D-02 -0.848585819467D-02  0.765213191824D-02
  0.288898369948D-01  0.563193940480D-02 -0.876993905026D-02  0.714017482698D-02
  0.149339420314D-01  0.442418532883D-02  0.204814571885D-02  0.303680023800D-03
 -0.187366496614D-02  0.160546639703D-01  0.111047022316D-01  0.151165292752D-01
 -0.335089554258D-01  0.189673857601D-01 -0.112302935134D+00 -0.510133328879D-01
 -0.660496626750D-03  0.479703758088D+00  0.875523201754D-03  0.165004442587D-01
  0.705580668503D-02 -0.117118244462D-01 -0.899583631787D-02  0.611286319360D-02
 -0.210221975002D-01  0.677624324213D-01  0.319748509086D-02 -0.481804342424D-02
 -0.225073280556D-01  0.607149063933D-02 -0.264160352110D-01 -0.586630391349D-01
 -0.204927546321D-01 -0.262649992805D-01 -0.750543254653D-02 -0.204323430054D-01
  0.306792104131D-01  0.271258700270D-01  0.175345757051D-01  0.580559070984D-01
 -0.482210738822D-01  0.100048671452D+00  0.801745011114D-03 -0.421915509723D-02
 -0.473222682561D-01 -0.616907947299D-01  0.232668106190D-01 -0.225261578375D-01
 -0.104203478042D+00  0.376678506474D-02  0.104308830436D-01  0.665827042352D-02
 -0.820101744060D-02 -0.226888724096D-02  0.770824979692D+00  0.290474096006D-02
  0.141868526082D-01  0.292248470438D-03  0.628665848474D-02 -0.599511991035D-02
  0.801813978019D-02 -0.326828171314D-01  0.499304334609D-01 -0.621229904531D-03
  0.116967155016D-01 -0.332720269465D-01  0.136174163957D-01 -0.383307603841D-02
 -0.214590906055D-01 -0.103329807593D-01 -0.965585806307D-03 -0.223925379281D-02
 -0.113468678598D-01  0.916838007925D-02  0.101871977110D-01 -0.776586623374D-02
  0.546116952875D-01 -0.102114521564D-01  0.447656651420D-01  0.292587433865D-02
  0.905112207567D-02 -0.452815182439D-01 -0.955113173242D-02  0.985697869532D-02
 -0.228208566395D-01 -0.693003347150D-02 -0.115367399934D+00  0.153810121935D-01
 -0.167035984951D-02 -0.305335502784D-02 -0.590564912971D-02  0.525857091941D-01
  0.611880147445D+00  0.121036074279D-01  0.122163698024D-01 -0.952191424532D-02
  0.147134641004D-01  0.320268058041D-01 -0.126361904602D-01  0.174931908692D-01
 -0.473286753438D-01 -0.157657532394D-01 -0.938747671293D-02  0.604467192101D-02
 -0.400818831639D-02 -0.668897744557D-02  0.414619055462D-01  0.252156669718D-01
 -0.709042803187D-03  0.856185793205D-02  0.264294043033D-01 -0.398147790423D-02
 -0.353206084663D-01  0.589030933073D-02 -0.494100317740D-01  0.258759603385D-01
 -0.811557472280D-01  0.158045465401D-01 -0.157760490578D-01  0.402729959896D-01
  0.427979029897D-01 -0.186631585428D-01  0.111422377601D-01  0.386886254803D-01
 -0.228353197646D-01 -0.105038652531D+00 -0.203481622449D-01 -0.100362157185D-01
 -0.360771655224D-01 -0.482897409819D+00  0.473410434779D-01  0.905350172762D+00
 -0.170582806050D-01  0.192551267788D-01 -0.183366207813D-01  0.367582681450D-02
  0.193807903704D-01  0.786342790586D-03 -0.182778654442D-01 -0.353373857573D-02
  0.825937441928D-02 -0.251014434286D-01 -0.598758726255D-02  0.205975590778D-01
  0.773595405613D-02  0.144067491292D-01  0.909722022581D-02  0.101607936922D-01
 -0.702315417997D-02  0.114962776873D-01  0.363463412737D-02 -0.874715921713D-02
 -0.239802848437D-01 -0.144920480531D-01 -0.273448794316D-02 -0.110120598030D-01
  0.218647621159D-02 -0.227646420047D-01  0.999140632995D-02  0.541426331699D-02
 -0.126677544478D-01  0.343803946907D-01  0.960270514585D-02 -0.141685934326D-01
  0.131007167697D-01 -0.269772226214D-01  0.910551499214D-02  0.977490042669D-02
 -0.400401894353D+00  0.485425074258D-01  0.387546668130D+00  0.509156942359D+00
  0.177459689525D-02 -0.118718933185D-01  0.141081605435D-01 -0.420828512814D-02
  0.565955917074D-03  0.299224324083D-02  0.171846033387D-02 -0.104720260921D-01
  0.869994489645D-02 -0.138577117375D-01  0.102365858702D-01  0.246986788143D-01
 -0.168786349873D-01  0.206539626442D-02 -0.665252547076D-04 -0.112661862721D-01
 -0.308188671979D-02 -0.712002709543D-02  0.108802616836D-04  0.883276303878D-02
 -0.204864807093D-01 -0.184696050032D-01  0.982619381505D-03 -0.433877954343D-01
  0.334771752846D-01  0.950373653507D-03  0.314603905823D-02  0.222588911077D-01
 -0.246968715383D-01 -0.125335493399D-01  0.322796099190D-01 -0.143441058250D-01
 -0.498138758991D-01  0.132879081880D-01 -0.168318204371D-01 -0.104981453346D-01
  0.676001116145D-01 -0.147728541712D+00 -0.837238659300D-01 -0.649069368369D-01
  0.168703421407D+00 -0.123555782061D-01 -0.450654034480D-02  0.204981515466D-01
 -0.123347637774D-01 -0.129263238845D-01  0.903933712525D-02 -0.210269405400D-02
  0.360912701333D-01  0.144137983100D-01 -0.129685706227D-02 -0.956358213362D-02
  0.984397600410D-02 -0.118660445561D-01 -0.360547259551D-01  0.979377336028D-03
 -0.111537661749D-01 -0.129994200745D-01 -0.177197429699D-01  0.268652097034D-02
  0.142396412576D-01 -0.119277423587D-01  0.214894992524D-02 -0.326548973768D-01
 -0.112208388242D-01  0.746732726093D-02 -0.322652466108D-02 -0.987828040939D-02
  0.246813685468D-02 -0.385963849975D-01 -0.306853424263D-01  0.938848576285D-02
 -0.161488811687D-01 -0.523787082512D-02  0.250246102768D-01  0.508061641394D-02
 -0.105575992423D-01  0.389900060872D+00 -0.718543505748D-01 -0.565377801514D+00
 -0.446835716536D+00  0.116744410155D+00  0.606130089058D+00 -0.239680045919D-01
  0.564373726975D-02 -0.733874770424D-02 -0.259809555708D-01  0.182548659075D-01
 -0.653962781568D-02 -0.798659000136D-02 -0.468869357819D-01  0.690076441839D-02
 -0.400410613209D-01  0.949283392003D-02  0.963158291826D-02  0.941535336672D-02
  0.296015776692D-01  0.882627309088D-02  0.202415646230D-01 -0.129432810524D-01
  0.152048660281D-02 -0.145354890693D-02 -0.246382039595D-01 -0.162539558985D-01
 -0.117774986964D-01  0.702723914815D-03 -0.478992108351D-01  0.328552226510D-02
 -0.262621754550D-01  0.776818813130D-02  0.223522807170D-01 -0.175480681372D-02
  0.888233332273D-02  0.144089624470D-01 -0.110512902955D-02  0.170580474515D-02
 -0.563981910900D-04  0.129211243155D-01  0.462650417301D-02 -0.189855780626D+00
 -0.770376871804D-01  0.108988945129D+00  0.104672789109D-01 -0.403773403600D-01
  0.517962015442D-01  0.303177926093D+00  0.470510044332D-02 -0.193168623539D-01
 -0.712001355778D-02 -0.803838725296D-02  0.521515294472D-02 -0.862836830922D-02
  0.107231391177D-01 -0.294212566266D-01  0.446791470744D-02 -0.407866461921D-02
  0.977835555498D-02 -0.505118299831D-02  0.100559623435D-01  0.186857669198D-01
  0.291498262722D-02  0.154699755252D-01 -0.945499083276D-03 -0.151007376365D-02
 -0.190057203051D-01 -0.519336846330D-02  0.991844525879D-02 -0.190927609171D-01
  0.255452203344D-01 -0.281726313273D-01  0.732369392999D-02  0.477238035006D-02
  0.195763171983D-01  0.171997732675D-01  0.127160178181D-01 -0.452687470399D-03
 -0.513777991830D-02 -0.365943671872D-01  0.115319345651D-01 -0.116718450059D-01
 -0.201935166588D-01  0.365502100756D-02 -0.120298200281D+00 -0.196618290455D+00
  0.510316399881D-01 -0.444415680525D-01  0.662317637780D-02  0.140027317504D-01
  0.849388883461D-01  0.506172879776D+00 -0.426831367091D-02  0.115109408909D-01
 -0.857258368933D-02 -0.293330215359D-03  0.596142145619D-03 -0.176287471979D-03
 -0.148447602367D-01  0.112373209704D-03 -0.312828528888D-02 -0.162041057377D-01
 -0.581767534172D-02  0.161165652127D-03  0.283527539058D-02 -0.158305085887D-01
 -0.207979736803D-01  0.288645930394D-02 -0.203907368409D-01 -0.189945675250D-01
 -0.551523470697D-02 -0.150456676524D-01  0.450194107546D-02  0.272150803101D-01
  0.107251165856D-02  0.106149440684D-01  0.130543448807D-01 -0.721481065092D-02
 -0.308985097147D-01  0.115828583494D-01  0.304946820449D-01 -0.102950299295D-01
 -0.545971532872D-02 -0.905235928349D-02  0.150865879270D-02  0.325125244374D-02
  0.881173464858D-02 -0.547937602842D-03  0.803397993030D-01  0.443084897490D-01
 -0.161897506601D+00  0.304013064028D-01  0.308894378648D-01  0.228038185040D-02
 -0.167332877016D+00  0.102308875090D+00  0.347510609176D+00  0.482975652602D-01
 -0.162941396868D-01  0.529955789351D-01 -0.558043297394D-01  0.104726378534D-01
 -0.286816224811D-01  0.438590346560D-02  0.415296660766D-01  0.341231425545D-02
  0.497797088933D-01  0.191730690926D-01 -0.763491917168D-01 -0.405976504035D-01
 -0.390885445789D-01  0.580194317134D-01 -0.184078181248D-01  0.224882515868D-01
  0.350554803959D-01  0.273999499033D-01  0.427435573827D-02  0.412568778775D-01
 -0.319397718971D-01  0.950540675087D-02  0.389324174599D-01 -0.300446235400D-01
  0.127640214281D-01  0.310585341476D-01  0.154329897154D-02 -0.100792949746D-01
  0.197119113488D-01 -0.278316910285D-01 -0.995469422517D-02  0.252655632800D-01
 -0.213657449808D-01  0.483428266809D-02  0.133551469414D-02  0.669843675499D-02
 -0.363045355332D-01  0.311891884422D-02 -0.214092916954D-01 -0.336301452870D-01
  0.134559072251D-01 -0.235206826612D-01  0.128038839261D-02 -0.399257168964D-01
  0.689233859294D+00  0.578571550269D-02 -0.562263285147D-01  0.551854852581D-01
  0.943688186536D-01 -0.201840145397D+00  0.320418302665D-01  0.183354752238D-01
 -0.318743502412D-01  0.365111842954D-02  0.763179905871D-01  0.264854357081D-02
 -0.488560022228D-01 -0.159795199626D-01 -0.100941552475D-01  0.336546911509D-01
 -0.913931879664D-02  0.846278233581D-02  0.285394660218D-01  0.163603308330D-01
  0.674127062427D-02  0.204473889074D-01  0.473880850749D-03  0.248067301578D-02
  0.742218233320D-01 -0.342171308251D-01  0.135912755082D-01  0.530271547881D-02
 -0.820404554202D-02 -0.177605768159D-01 -0.459235506477D-03 -0.359092656309D-01
 -0.501911777472D-02  0.175954327587D-01 -0.231961664349D-01  0.326649260479D-02
  0.135029812524D-01  0.637054560921D-02 -0.137044724668D-01 -0.400728204295D-01
 -0.322140544340D-01 -0.424507253719D-01  0.128987874782D-01 -0.474193243607D-01
  0.708980642848D-02 -0.249199438407D-01  0.333562685775D+00  0.746457624156D+00
  0.520260260430D-02  0.488960394441D-02 -0.166387517163D-01  0.301088016878D-02
 -0.492177390672D-02 -0.679542852224D-01  0.103057889620D-01  0.203738769290D-01
 -0.162561613522D-01  0.337699684014D-01  0.804206565780D-02 -0.163993568565D-01
  0.647816541158D-02  0.178517891158D-01  0.265529666224D-02  0.146269143508D-02
  0.293809753373D-01  0.132576629412D-01 -0.120690182825D-01  0.104150383133D-01
  0.212697816999D-01 -0.132101758479D-01  0.267837081521D-01  0.374610840904D-02
 -0.276812659663D-01  0.185477738153D-01  0.227148426246D-01 -0.133090803368D-01
 -0.489393165090D-02  0.617821956252D-02 -0.433209714059D-02 -0.299935979355D-02
  0.341978236941D-02 -0.507439691620D-03 -0.160529705524D-01 -0.417925076088D-03
 -0.195135601404D-01 -0.784818589991D-02  0.127301374255D-01 -0.196453210676D-01
 -0.823754400031D-02 -0.225485580134D-01 -0.281897541538D-01  0.121247632621D-01
 -0.274247890463D-01 -0.609123046259D-02 -0.162798893081D-01  0.120925844923D+00
 -0.538424035033D-01  0.543944130982D-01 -0.260300152007D-01  0.181134671959D-01
 -0.264768788516D-01 -0.981544493133D-02  0.226137589465D-01  0.192667616813D-01
 -0.622825302093D-02  0.366654468267D-01  0.135608079494D-03 -0.130493492634D-01
  0.142296286264D-01  0.477205361324D-02 -0.765942423060D-03  0.191687717362D-03
  0.141594081983D-01  0.873479725855D-02 -0.616726006719D-02  0.942334632824D-02
  0.970002678133D-02 -0.180008612517D-01  0.475876857875D-03  0.350087553686D-02
 -0.321740457841D-01  0.166517497241D-01  0.157612649302D-01 -0.420524767513D-02
 -0.840353113994D-02  0.624798609272D-02 -0.469553050633D-02 -0.472750073717D-02
  0.144527301275D-02  0.368347656787D-03 -0.430077688393D-02  0.937192613729D-03
 -0.188842785636D-01  0.152461359211D-02 -0.134187945428D-01 -0.159634364014D-01
 -0.441711120114D-02 -0.102547568932D-01 -0.287885402896D-01  0.521665836702D-02
 -0.188322865550D-01 -0.708994393940D-02  0.222705717218D-01  0.434253541611D-01
  0.135420037860D+00  0.387134137619D-01 -0.238735714043D+00  0.256330538060D-01
 -0.310563660743D-02 -0.156762523065D-01  0.373493295217D-02  0.167138805159D-01
 -0.323084341323D-01 -0.135687558792D-02 -0.903025562201D-02  0.296570154181D-01
 -0.665601944382D-02 -0.802805906439D-02 -0.872852397699D-02  0.152898200565D-01
  0.758605696145D-03  0.195580876115D-02 -0.162154139286D-02 -0.130768785748D-01
 -0.307948952779D-02 -0.185430798106D-01 -0.224429956560D-02 -0.583683436467D-02
  0.156669889173D-01 -0.644957779104D-02 -0.142949295950D-01  0.111868088995D-01
 -0.939335827673D-03 -0.115217246110D-01  0.455420081550D-02  0.965237268102D-02
  0.740111283138D-02 -0.715353133356D-02 -0.122358634990D-01  0.857347837580D-02
  0.604480416764D-02  0.410264164282D-02 -0.129424151861D-01 -0.371129820158D-02
  0.266408695831D-02 -0.336496030716D-02  0.129782107628D-01  0.188461777721D-02
 -0.872661906428D-02  0.204890469079D-02  0.301969856892D-01 -0.276134001874D-02
 -0.147629582249D-01 -0.931316476286D-01  0.328652141765D+00 -0.181464325631D-01
  0.166543200178D-01 -0.689664042207D-01 -0.839731828742D-02  0.131472517743D-01
 -0.127992168357D-01 -0.230693898824D-02  0.188651719865D-01 -0.329337496527D-02
 -0.130766852344D-02 -0.159927143841D-02  0.472521926705D-02  0.346552768697D-02
 -0.197942877606D-02 -0.481003978607D-02 -0.493315765013D-03 -0.334723543224D-02
  0.479134278691D-02 -0.244942317392D-02  0.778243460851D-02 -0.163875345968D-01
 -0.108692265100D-01 -0.705210332255D-03 -0.227149445896D-02 -0.749234955057D-02
 -0.394403029277D-02  0.294768220300D-01  0.103753662259D-01  0.765118613844D-02
  0.113835538628D-01  0.862847056201D-03 -0.338994872929D-02 -0.415916812779D-02
 -0.108944762243D-01  0.201135008707D-02  0.735449106876D-02 -0.582455694365D-02
  0.718093177898D-03 -0.298369150050D-02  0.215428834202D-01 -0.434151945943D-02
 -0.140285109913D-01  0.112527524321D-01 -0.350617624052D-02 -0.130915411343D-02
  0.603944418353D-02 -0.217953727566D-01 -0.365901939682D-02  0.670987534234D-02
 -0.356233528197D-02  0.828262576234D-01 -0.602141346389D-01  0.182101226494D-01
  0.543379221629D-01 -0.144538524136D-01  0.135831900952D-02  0.144976334286D-01
  0.192086237269D-01 -0.609506795789D-02 -0.490752254825D-02  0.329458200302D-01
  0.108396408179D-01 -0.195242807230D-01 -0.113107250315D-01 -0.904319044235D-02
  0.104987957787D-01 -0.486252074351D-02  0.107244225691D-01  0.944673305534D-02
  0.282899641722D-02  0.659324950696D-02  0.252360643754D-02 -0.600567608007D-02
  0.752712826727D-02  0.621954028619D-02 -0.164379597688D-01  0.143647705295D-01
  0.322838029048D-01  0.903511365478D-02  0.694658898689D-02  0.703573842484D-02
 -0.243040696029D-02 -0.269346984533D-02 -0.145643093380D-02 -0.161633347291D-02
 -0.327878510451D-02 -0.194047177283D-02 -0.176148057409D-01 -0.123322507117D-01
 -0.952258136844D-03 -0.285253473613D-01 -0.854599226546D-02 -0.288734801129D-02
 -0.148707312141D-01  0.329068718272D-02 -0.117248217190D-01  0.710633209130D-01
  0.524457902129D-01  0.165500907842D-01 -0.231852253748D-02  0.300661816809D-01
  0.233150320204D-01  0.129620732562D+00  0.295942358677D-01 -0.586263688023D-01
 -0.625651435583D-01 -0.947790259094D-02  0.155694522280D-01  0.260051599521D-01
 -0.325285815864D-02 -0.174052555884D-01 -0.477849936325D-02 -0.731192103268D-02
  0.115300451246D-02 -0.100475009642D-01  0.329200297448D-02  0.477249823352D-02
 -0.935744208422D-03  0.483959947528D-02 -0.891697794651D-02 -0.150445583732D-02
  0.884242221593D-03 -0.226872193117D-01  0.213349139583D-01  0.838060005236D-02
 -0.231961222749D-01  0.162058301201D-01 -0.111329201609D-01 -0.148023499006D-01
 -0.354891699615D-01 -0.699194129636D-02 -0.153061759519D-01 -0.100505276701D-01
 -0.277516610967D-02  0.269475251812D-02  0.341428559557D-03  0.292168110720D-02
  0.255837461862D-01 -0.114877891506D-01  0.154306599412D-01 -0.893353835434D-02
  0.995794746339D-02 -0.966011452325D-03  0.182588483376D-02  0.198300977399D-01
  0.148327267274D-01 -0.738577872518D-02  0.788731414028D-02 -0.101820199358D-01
 -0.159347608996D-02 -0.128817697785D-01  0.620978125104D-02 -0.371333505979D-02
 -0.454647111827D-01 -0.342796036128D-01  0.109299527837D+00  0.343551417876D-01
 -0.665516434166D-01 -0.270514173968D+00  0.101442110101D-01  0.124219599911D-01
  0.443138788048D-02 -0.411805664960D-02 -0.213183909464D-01 -0.142567335977D-02
  0.170525579912D-02  0.502850913065D-02  0.131649706225D-02  0.217036685586D-01
  0.106749192449D-01 -0.248781304808D-01  0.127234961247D-01 -0.537100270687D-02
 -0.664489800299D-02 -0.106761680688D-01 -0.551264918740D-02 -0.806227477373D-02
  0.233481301882D-02 -0.866029064422D-02  0.216723839169D-01 -0.285111941784D-01
  0.268439804222D-02 -0.577133892289D-02  0.122514431519D-01  0.713251123699D-02
  0.443552408304D-03  0.102591462303D-01  0.122515852351D-01 -0.919761256202D-02
 -0.538945693502D-03  0.385656072814D-02 -0.292816830797D-02 -0.276529396312D-01
  0.154611768626D-02  0.142814341216D-01  0.584184742297D-02 -0.156506628189D-02
 -0.184226525033D-01 -0.392820653591D-02  0.130109808412D-01  0.227075954300D-01
 -0.276099308065D-01  0.111443214519D-01  0.663224640669D-02  0.312412974254D-01
 -0.929865433232D-02  0.717117884260D-02 -0.739261761022D-01  0.664761084199D-01
  0.321385249080D+00 -0.155499186295D+00  0.280913525354D-02 -0.810508048874D-01
 -0.311274117402D-01 -0.148455259866D-01 -0.109425775504D-01 -0.705690760672D-02
  0.986766849371D-02  0.349664348760D-02  0.115163447093D-01 -0.161886738505D-02
 -0.133856811629D-02 -0.957857566757D-02 -0.362042118533D-02  0.179048418871D-01
 -0.410071144672D-02  0.121237325340D-01  0.550754599275D-02 -0.261820470846D-02
  0.101370436294D-01  0.368813202864D-03  0.390002613397D-02  0.113174369499D-01
  0.165884025430D-02  0.166013568489D-01  0.104927233870D-01 -0.168873847754D-01
 -0.123996392969D-01 -0.127881846843D-01 -0.670355230933D-04 -0.113922806928D-01
 -0.745703130251D-02  0.174644143963D-01 -0.412014855432D-02 -0.158955531111D-01
 -0.584096816702D-02  0.185095989542D-01  0.786827927616D-02 -0.258775123378D-01
 -0.251746438895D-01  0.125098791703D-01  0.237937667618D-01 -0.145558362209D-01
  0.863320637432D-02 -0.878806990549D-02  0.289980222087D-01  0.179391089295D-01
  0.923339188419D-03 -0.115012339360D-01  0.105948374707D-02 -0.171029314613D-01
  0.766925575391D-02 -0.131518233513D-01 -0.191183493894D-01  0.247582670781D+00
  0.207448373151D-02 -0.257318872219D-01  0.348385693561D-02 -0.109493806405D-01
  0.369002210923D-02 -0.261867808161D-01  0.210115685839D-02  0.208126169425D-02
 -0.518750165721D-02 -0.297800322507D-02 -0.617369478102D-02 -0.121425196179D-01
  0.673228811759D-02 -0.105084703096D-01  0.808680825751D-02  0.552658585327D-02
 -0.151960052644D-01  0.492138873533D-02 -0.738087018457D-02 -0.186397769476D-01
  0.725519309018D-03 -0.105833307380D-01 -0.121130275138D-01 -0.111461937948D-01
 -0.841613903028D-02 -0.169319585998D-01  0.480699722471D-02  0.859598795004D-02
  0.485430158171D-02  0.326775228668D-02 -0.155117560468D-02 -0.146495051468D-02
 -0.553688968236D-02 -0.290139846984D-02  0.232614167744D-01 -0.617175619314D-02
  0.617997356816D-02 -0.581957317704D-02  0.406843367574D-02  0.687953541094D-02
 -0.127772250147D-01  0.108676521021D-01  0.100842008571D-01 -0.150571861668D-02
  0.284720745796D-01  0.391845372314D-01  0.274494974494D-01 -0.163392051633D-01
  0.166995772002D-01  0.619823771643D-02  0.155984553707D-01 -0.159527874510D-01
  0.210715568355D-01  0.300934629129D-02 -0.200088261423D-01  0.100497565658D+00
 -0.891423239738D-01  0.126473823848D-01 -0.126364480888D+00 -0.565281195327D-03
 -0.120633635188D-01  0.728870843869D-02 -0.135461129141D-01  0.172729909795D-01
 -0.620173840838D-03 -0.438835509385D-02 -0.135527271001D-01 -0.344596492726D-02
  0.105613589758D-01  0.603258789871D-02  0.138859709237D-02 -0.108772154518D-02
  0.587497347900D-02  0.140530831567D-02 -0.135090525719D-01 -0.858003229623D-02
  0.236606605724D-01  0.475717852871D-02  0.134862054745D-01 -0.111574022568D-01
  0.233973137926D-01 -0.330768145698D-02 -0.310104924720D-01 -0.221058296467D-01
  0.168219452667D-02 -0.797980492381D-02 -0.712145891633D-02  0.939081464332D-03
  0.100722393120D-01 -0.361633140662D-02 -0.116360212215D-02 -0.124030958490D-01
  0.199501273011D-01  0.107904037214D-01 -0.556926801243D-02 -0.195667623983D-01
  0.806569351508D-05  0.961617626081D-02 -0.585234166122D-03  0.328560569914D-02
  0.715729315848D-02 -0.343797772542D-01 -0.371849653425D-01 -0.363259032152D-02
 -0.105016459878D-01 -0.218578914620D-01 -0.175898853396D-01 -0.455202748064D-01
  0.874504530885D-02 -0.517829034323D-01  0.150121252368D+00 -0.727714078519D-02
  0.204329581906D+00 -0.175022015479D-01 -0.193509022065D-02  0.188879774358D-01
 -0.574659848939D-01  0.333515257841D-02  0.515579856098D-01  0.207243017584D-01
 -0.235337261640D-01 -0.350048516180D-01  0.116828803931D-01  0.169036321964D-01
 -0.796046300357D-02 -0.163470518071D-02  0.164783220130D-02  0.154055303957D-02
 -0.598115386593D-03  0.400653760773D-02  0.871743281975D-02  0.572279082857D-02
  0.101252933473D-01  0.185713200472D-02  0.484146856482D-02  0.289350605423D-02
  0.174346643465D-01 -0.178050014453D-01  0.801443812054D-02 -0.413172257842D-02
 -0.628014972277D-02 -0.135750078169D-01  0.752583374365D-02 -0.113115293311D-01
  0.350173103013D-02 -0.491575977437D-03 -0.814803546223D-03 -0.183080681617D-02
  0.265555030100D-02  0.234585598923D-03  0.540059737794D-03 -0.788041046326D-02
 -0.578262069316D-02 -0.871128137018D-02 -0.148770651390D-02 -0.127657508181D-01
 -0.701622783086D-03 -0.117307732272D-01  0.486388408398D-02  0.581506798249D-01
  0.343965156229D-01  0.223777452307D-01 -0.615588645139D-02 -0.522055472717D-02
 -0.890852479221D-03 -0.602890017530D-02  0.192043853128D-01  0.127685764042D-02
 -0.294882904940D-02 -0.830346370235D-02  0.102112620738D+00  0.197613183045D-02
  0.823436578424D-02  0.358262477030D-01  0.181037630030D-01 -0.641195080601D-01
 -0.492268390815D-01 -0.103664408299D-01  0.442038333176D-03 -0.573390255399D-02
 -0.167902674105D-01 -0.729958178130D-02  0.204914724211D-01 -0.201905744792D-01
 -0.133704726020D-02  0.144348061963D-01 -0.656309424728D-02  0.279282075714D-03
 -0.535689636922D-02  0.339847687448D-02  0.802674971474D-02 -0.310312503158D-02
  0.371307269217D-03 -0.538025009359D-02 -0.220121026919D-01  0.314790655325D-01
  0.423257505943D-02 -0.111921953574D-01  0.204496248647D-02 -0.244192947379D-02
 -0.194073806440D-02  0.617122830160D-02 -0.638035005063D-02  0.573144519586D-02
  0.103472069720D-01 -0.830199126226D-02 -0.729026858041D-02  0.326671379653D-02
  0.659609634909D-02  0.120018419550D-02  0.748713731412D-02  0.254117489859D-01
  0.150991498969D-01  0.144131028333D-01 -0.853973839566D-02  0.140665940091D-02
 -0.227732775683D-03 -0.752584377543D-01 -0.516719556406D-01 -0.277309021633D-01
 -0.659394495666D-02  0.440808698783D-02 -0.125743531020D-01 -0.753011339810D-02
 -0.190164738858D-01  0.136141454931D-01 -0.116595348041D-01  0.107185659648D-01
 -0.382639351476D-01  0.132037374226D+00  0.506339262265D-02  0.172938373232D-01
 -0.108849451904D-01  0.257261130294D-01 -0.395199724534D-01 -0.241266487869D+00
  0.992487589893D-02  0.302456902049D-01 -0.631988599323D-01  0.177895232762D-02
 -0.249007718063D-01  0.287852645086D-01 -0.186902837680D-01 -0.462181673955D-02
 -0.127318355607D-01 -0.795719651307D-02  0.536955091925D-02 -0.592823677702D-02
 -0.114600118946D-01  0.742903260903D-02  0.798240270125D-02 -0.134901260298D-01
 -0.477187751512D-02 -0.777036887825D-02 -0.711267243846D-03  0.389717643723D-02
  0.141954667223D-01 -0.106943084123D-02  0.482518327967D-03 -0.576937928150D-02
  0.167249781800D-01  0.902757194461D-03  0.769573349981D-02  0.862123230247D-02
 -0.972103900699D-03  0.230988032426D-02  0.227572943519D-01 -0.376707957139D-03
 -0.139821602903D-01 -0.106485722565D-01  0.766896715302D-02  0.101548356920D-01
 -0.354799063962D-02 -0.571309422240D-02 -0.632643774322D-02 -0.737275140070D-02
 -0.787516165753D-01  0.122578868475D-01 -0.986423609581D-03 -0.278826599519D-02
  0.128686186915D-01  0.189892777599D-01  0.217855827978D-02 -0.227183535034D-01
 -0.123297950453D-01 -0.115714485611D-01 -0.778683715768D-02 -0.739880825986D-01
  0.817684677905D-01  0.320193461969D+00 -0.982415979384D-02  0.809843383850D-04
 -0.217512387365D-01  0.147450787227D-02 -0.354813805885D-02  0.105862210447D-02
  0.370759409813D-02  0.397905049608D-01 -0.107807112129D-01 -0.327635700578D-02
 -0.106729615385D-01  0.120894407163D-01 -0.150685379723D-01  0.111885017865D-01
 -0.578764368389D-01 -0.620406665572D-01 -0.229960317597D-02 -0.142347309727D-02
 -0.687988719242D-02  0.242870489304D-02 -0.494887940958D-02 -0.457135381186D-02
 -0.163282376001D-01  0.158475618325D-01 -0.963024171463D-02  0.581309266226D-02
  0.966324906336D-02  0.117387485676D-01  0.203135923928D-01 -0.220000485981D-02
  0.119210239718D-01  0.347531088250D-02 -0.998644438577D-02 -0.575641374193D-02
  0.676231273063D-03  0.109755493459D-01  0.362019756238D-02  0.224318137802D-02
 -0.108233866493D-01 -0.326336417623D-02 -0.975391817364D-02 -0.720507629797D-02
 -0.552969509491D-02  0.197654620631D-02  0.141959572393D-01 -0.373889532628D-01
 -0.177474463169D-01  0.967529790696D-02  0.437187552504D-02 -0.465809487239D-02
  0.114809770701D-02 -0.594293580842D-02 -0.495213184507D-02  0.133900121708D-01
 -0.910655455572D-02  0.371053134668D-02  0.356634737862D-02  0.403577465385D-02
 -0.143915482401D-01  0.345960579723D-02  0.993771348746D-01  0.970115980803D-02
 -0.895621744387D-02  0.171524514889D-01 -0.121604141124D-01  0.196661593693D-02
  0.110645715595D-01  0.598930196160D-02 -0.561322898409D-01  0.997524311373D-02
 -0.187134687666D-01  0.307443959188D-01  0.273710643795D-03  0.192763004375D-01
  0.216872403094D-01  0.165812278513D-01  0.277801722515D-01 -0.185864940253D+00
  0.882257817450D-01  0.211754120295D-02 -0.223701158153D-01  0.102556117895D-01
  0.140715018399D-01 -0.160796750970D-01  0.229035661479D-01 -0.521703013195D-02
  0.199119852293D-01 -0.236318995245D-01 -0.536990102067D-02 -0.419934082178D-02
  0.244973557874D-02 -0.254367876584D-02 -0.431411298366D-02  0.513199908875D-02
 -0.237530476518D-02 -0.359435826590D-02  0.128263363362D-01 -0.196294794026D-01
 -0.573066090467D-02  0.942011304612D-02 -0.284622566079D-02  0.107714479312D-01
 -0.637054086735D-02  0.300867717191D-02  0.126026498703D-01 -0.289460565558D-01
 -0.104378272953D-01 -0.359839383042D-02  0.110156056186D-01  0.200463604156D-01
 -0.199732402671D-01 -0.655819043052D-02  0.116093969584D-02 -0.507137572541D-02
 -0.250769519317D-02  0.350796812490D-06 -0.202910870371D-01 -0.142795910279D-01
  0.215432597485D-02  0.124750549444D-02  0.209141974369D-02 -0.187400899055D-01
  0.278375023466D+00  0.298271554849D-01 -0.459057034487D-02  0.102109682207D-02
  0.271220281028D-01 -0.509511101241D-02 -0.912213763537D-02  0.718984151480D-02
  0.461805322081D-01 -0.605385545758D-02  0.399868943319D-01 -0.264458634087D-02
 -0.198725977699D-01 -0.317417554708D-01 -0.298018742310D-02  0.537319747545D-02
 -0.211314003776D-01  0.119978719180D+00 -0.872618542167D-01 -0.870721094486D-02
 -0.944037331563D-02  0.246987602768D-01 -0.267435845946D-01  0.394039657655D-01
 -0.344674611817D-01 -0.174969496722D-02 -0.495741316096D-02  0.165924951448D-02
 -0.951099129388D-02 -0.379671480624D-01  0.750296810763D-02 -0.405963683116D-02
 -0.232615447474D-01  0.119534172544D-01 -0.219057501493D-02 -0.502974031406D-02
 -0.141736220878D-01 -0.103558589643D-02 -0.804119511741D-02  0.568208561975D-02
  0.113033175900D-01  0.609706750033D-02  0.507343987014D-02 -0.254438032110D-01
 -0.170913466548D-01 -0.245787191525D-01  0.604767440154D-01  0.376787806314D-01
  0.202444673138D-01  0.194505342845D-01  0.767369506285D-03 -0.598679711026D-02
 -0.168729905980D-02  0.900024948884D-02 -0.608367970542D-02  0.217328782977D-01
  0.658848119515D-02  0.963312596805D-02  0.106175928835D-01  0.792791375011D-04
 -0.235602762360D-02 -0.270681709278D-02 -0.137070774649D+00  0.221823966885D+00
 -0.228781520342D-01  0.185436989750D-01 -0.162218502187D-01 -0.180880011341D-02
 -0.509871593076D-02 -0.262508104424D-02  0.246163545919D-02 -0.752877615180D-03
  0.173162203333D-01  0.220645283586D-01 -0.971853426287D-02  0.399120843557D-02
 -0.119299224113D-04 -0.197355298098D-01  0.451823296761D-02 -0.370646530874D-02
  0.881724112714D-02  0.176433354413D-01 -0.170891399825D+00  0.622743975224D-02
  0.746480909515D-01 -0.138425502637D-01 -0.739672698182D-03  0.128032134007D-01
 -0.141208692128D-01 -0.188276994980D-02  0.140011318431D-01  0.105967158836D-01
 -0.210732773785D-01  0.528895151057D-02  0.258465792300D-02 -0.635912693899D-02
  0.346325631944D-02  0.460125654897D-02 -0.466904186433D-02 -0.170101596186D-01
 -0.343859627559D-02 -0.845751486130D-02 -0.507207340155D-02  0.822077337236D-02
 -0.546127003995D-02  0.249169893672D-01 -0.160193670098D-02  0.686596639327D-03
 -0.856263381844D-02  0.485322202207D-01  0.570742561587D-01  0.402946855400D-02
 -0.635834530049D-02  0.324889591006D-01 -0.865234601643D-03  0.237091145662D-01
 -0.110917338453D-01  0.877792582847D-02 -0.704854099586D-02  0.178654324424D-01
 -0.262893254639D-01  0.571856177396D-02 -0.100264446157D-01 -0.757749902413D-03
  0.253450183996D-02 -0.808389997450D-02  0.401373952370D-02  0.296783492899D+00
  0.773244505078D-02 -0.196499666464D-01  0.446371524021D-02  0.357578577840D-02
 -0.222914152107D-02  0.140237111803D-01  0.464569621236D-02 -0.129296814792D-01
  0.533995106307D-02  0.474290859536D-02  0.239775176733D-01  0.121919117411D-02
 -0.118824273350D-02  0.188926042931D-01  0.192687936498D-01  0.264251552501D-01
  0.612351959375D-03 -0.163589278816D-01  0.792594104670D-02 -0.267284282548D-01
 -0.916136030212D-02 -0.200774852649D-02 -0.180287197149D-01  0.113976876001D-01
 -0.612634905830D-02  0.985183633310D-02 -0.604054045755D-02 -0.108533769601D-01
 -0.363034958094D-01  0.220908930052D-02 -0.142589477318D-01 -0.160792438907D-01
  0.104200729675D-01 -0.351824471603D-02 -0.113532885267D-01  0.542078019743D-02
 -0.293213450262D-02  0.141438354074D-02 -0.111580826508D-01  0.159526471947D-01
  0.167385041295D-01  0.783499471274D-03 -0.690053980589D-02 -0.356558384191D-02
 -0.408021408300D-01 -0.181809704956D-01 -0.281928308401D-02  0.854263356759D-02
  0.313063034561D-01 -0.107696528946D-01  0.951310678178D-02 -0.826287137848D-02
 -0.259738040668D-02 -0.614738297372D-02  0.167157347878D-01 -0.383426925250D-01
 -0.303781407737D-02  0.836607581062D-02  0.527238115195D-02  0.272398057339D-02
 -0.185358207911D-01  0.339904795921D-01  0.192765822654D-01 -0.283144791314D-01
  0.130449676712D+00  0.179893328621D-02  0.937588270530D-02  0.125723399663D-01
  0.106680276993D-01 -0.534271572930D-02  0.665058467997D-02  0.130824169217D-01
 -0.137232460546D-01 -0.364261932907D-02  0.197302522339D-01  0.591029954830D-02
 -0.231989711480D-01  0.821490599766D-02 -0.107727201118D-01  0.191038177369D-01
  0.202675033789D-01 -0.114691701981D-01 -0.207794879314D-01  0.983606729150D-01
 -0.678083715575D-03 -0.109118051654D+00  0.245475899909D-02 -0.441542026327D-02
  0.271539657431D-02 -0.128320584782D-01  0.958926041339D-02 -0.363281550714D-02
 -0.122576344719D-01  0.194143611148D-02  0.507351222649D-02 -0.105930986229D-01
 -0.124335778124D-02  0.229432112723D-03  0.301948071936D-02  0.390435611812D-02
 -0.282051228252D-02 -0.501498925548D-02 -0.117737168256D-01  0.132397131155D-01
 -0.176341271985D-01 -0.181280279035D-01  0.562400828733D-02 -0.153016220676D-01
  0.357071657226D-02  0.468540984802D-02  0.640770117063D-01  0.675931418518D-01
  0.184772695652D-01 -0.569601634513D-02  0.477967379786D-02 -0.273872965246D-01
  0.244249761691D-01  0.646493059445D-02 -0.927652313190D-02 -0.670168132718D-02
  0.344083512731D-01 -0.542407751712D-02  0.103966007131D-01 -0.151973543492D-01
 -0.994107479792D-02  0.414955508088D-02 -0.108642014432D-02  0.125332876932D-01
 -0.810894055671D-01 -0.454676605867D-01  0.243220708557D+00  0.237488262293D-01
 -0.592198054195D-02 -0.247037413694D-01 -0.321366547299D-02  0.784208208571D-02
 -0.953571135411D-02  0.803226961557D-04  0.466813616003D-02 -0.146568765457D-01
 -0.108567266013D-01 -0.733811949405D-02 -0.807994503619D-03 -0.492763998586D-02
 -0.901171998514D-02 -0.628687367783D-02 -0.124819286964D-01 -0.384604687187D-02
 -0.158931555893D-01 -0.202851431304D+00 -0.766375563555D-02 -0.554618272812D-01
 -0.549288461492D-02  0.299826411971D-02  0.235396143959D-02 -0.616862513694D-03
 -0.502570597398D-02 -0.850454418585D-02 -0.684944375621D-02  0.398503013367D-02
 -0.726552339385D-02  0.108775753895D-01 -0.443130752132D-02  0.951917583343D-02
 -0.586819446318D-02 -0.152264314955D-02 -0.657526268660D-02  0.173586211382D-01
 -0.762183120589D-02  0.231267119287D-02  0.162545376082D-01 -0.100247790821D-01
 -0.472781244506D-03  0.552959745660D-03  0.218440252298D-02  0.188845031359D-02
 -0.190886658657D-03 -0.290075060716D-01  0.117437994772D-01 -0.174216414005D-01
  0.227564061424D-03 -0.115066270465D-01 -0.180832988740D-01  0.148808862702D-01
 -0.714545677641D-02 -0.329119719817D-02  0.147806881149D-01  0.219732303389D-01
 -0.285003877615D-02  0.691917277877D-02  0.203167096203D-01  0.674301682469D-02
 -0.119326636011D-01  0.207400063364D-01 -0.421385319624D-01 -0.244306893935D-01
  0.173096617089D-01  0.316137302135D+00  0.112896079839D-01 -0.914495456920D-02
 -0.334664491904D-02  0.165263276156D-02 -0.643610082251D-02  0.293363944794D-02
  0.805661692717D-02 -0.917135864208D-02  0.477553908309D-02  0.763214640077D-02
  0.242615026865D-02  0.449458641080D-03 -0.638459505337D-02  0.949928344422D-03
  0.415695522134D-03 -0.218896537841D-01  0.192289476097D-01 -0.111013606821D-01
 -0.100141415991D-01 -0.321983186324D-01  0.111618650810D-01  0.699531342035D-03
  0.232142647610D-01  0.215307506407D-01  0.193934135819D-03  0.206934435064D-01
 -0.100996313028D-01 -0.151618217091D-01 -0.352157459496D-02 -0.435824480128D-02
 -0.156465394416D-02 -0.810085094572D-02  0.120188711273D-01  0.438884990401D-03
 -0.195783110611D-01  0.154308523085D-01 -0.368648882861D-02 -0.905947566176D-02
  0.528433216137D-02  0.151925945867D-02 -0.693228564526D-02 -0.338474074690D-02
 -0.884663500232D-02  0.145593734346D-01 -0.348359511817D-01  0.379636366885D-01
  0.192791257961D-01  0.417663028652D-01  0.496167436592D-03 -0.185983534439D-01
 -0.195643801011D-01  0.732508343268D-02 -0.135553926263D-01 -0.174603780012D-01
  0.422669272003D-02 -0.117907811575D-01 -0.531166546991D-03  0.961513721961D-02
  0.582214414704D-02  0.151580190670D-01  0.437134221322D-02  0.216192896738D-01
  0.154035391576D-01  0.301176826225D-01 -0.101247514287D-01  0.490770071616D-01
  0.527062748211D-01  0.151870549187D+00 -0.780860955732D-02 -0.697158661124D-02
 -0.492744169682D-02 -0.124538505341D-01  0.498006869285D-03  0.995069678846D-02
 -0.157681261238D-01 -0.305256851538D-02 -0.621213806467D-02  0.159822102738D-01
  0.471007426663D-02 -0.384010546253D-02 -0.996955989586D-02 -0.541280245603D-02
 -0.215230238680D-01 -0.200395277496D-01 -0.129568707247D-01 -0.320761622204D-01
 -0.825094516755D-01 -0.559286407026D-02 -0.999767951334D-01  0.317567924540D-02
 -0.134973109308D-01  0.210085669214D-01 -0.778537352866D-02 -0.371859171034D-02
 -0.139498619405D-01  0.939711467471D-02 -0.113696917153D-01  0.153975302641D-02
 -0.153761647311D-02  0.804154809867D-02 -0.634619621760D-02  0.545822141998D-02
 -0.299182745900D-02 -0.191509743491D-01 -0.856115482636D-02  0.657136250510D-02
 -0.189677286589D-01 -0.255169781680D-01  0.135818402544D-01  0.672975679173D-02
 -0.619200669055D-02 -0.559766294605D-02  0.126496294475D-01 -0.498832036305D-01
 -0.166644287397D-01 -0.150748959327D-01  0.156622586778D-01  0.182442712629D-01
  0.182881670350D-01  0.139832306401D-01  0.342010431457D-02  0.140326761798D-01
  0.124452442548D-01 -0.272205895511D-01  0.282156174623D-02 -0.120514372726D-03
 -0.107476910079D-01 -0.538324965025D-02 -0.140450842933D-01  0.197425507965D-03
 -0.125906507857D-01 -0.208708535746D-01  0.389023077758D-01 -0.453407150845D-01
  0.695921275747D-01 -0.746426662053D-01  0.251697456939D+00  0.147421902958D-01
 -0.545605874163D-02  0.192833424861D-02 -0.953203153159D-03  0.323656183884D-02
 -0.789250412378D-02 -0.778980820248D-03  0.126879888636D-01 -0.362151195221D-02
  0.633358744835D-02  0.121282913473D-01 -0.177055294909D-01 -0.638098480399D-02
  0.165285708159D-01  0.375319305775D-02 -0.139135331644D-01  0.189718978443D-02
  0.148560895660D-01 -0.318102853608D-01  0.369638919521D-02  0.115769813421D-01
 -0.195719275841D-01 -0.402885357162D-02 -0.775458850305D-03 -0.110193007649D-01
 -0.191651227409D-01  0.243565177899D-01 -0.107894381594D-01 -0.208385701156D-01
  0.111316835246D-01 -0.892243945716D-02 -0.882193356199D-02 -0.504583496332D-02
 -0.197138226990D-01  0.998828373372D-02 -0.681307473661D-03  0.279647808984D-02
 -0.128525939419D-01 -0.649777039207D-03  0.203960517544D-01  0.375097964313D-02
 -0.164853541703D-01  0.187455669652D-01 -0.136956388001D-01 -0.299505222649D-01
 -0.222089311507D-01 -0.124394292154D-01 -0.923528166303D-02  0.247939168301D-01
 -0.535637468956D-02  0.300099715448D-01 -0.101632946373D-01  0.134625129666D-01
 -0.781700098207D-02  0.111945385006D-01 -0.324795101780D-01  0.745079509237D-02
 -0.956938193708D-03 -0.331443534649D-02  0.548901488483D-03 -0.202841261573D-01
  0.371562880239D-02  0.156393884614D-01 -0.804865583392D-01  0.564273318487D-01
 -0.721053073144D-01 -0.376090078957D-01 -0.442785565816D-01  0.762499167527D-01
  0.233679186779D+00  0.786497020612D-03 -0.305676163128D-03 -0.179854227466D-01
  0.138888500479D-01 -0.871668813382D-02  0.390981188880D-02  0.829909077914D-03
  0.175366509929D-01 -0.558004114480D-02  0.255396456430D-01  0.195671968461D-02
 -0.270216182405D-02  0.122249510793D-02 -0.697259807546D-02  0.144923838240D-01
 -0.750200330091D-02 -0.293204928366D-01  0.776024553362D-02  0.300170536478D-02
 -0.133672683485D+00  0.757238045113D-01  0.104518499849D-01 -0.363997677172D-02
  0.283580691665D-01 -0.966758470483D-02  0.152292125430D-01  0.912250037856D-02
 -0.133216378929D-01 -0.121235556150D-02  0.376154744313D-02 -0.134398340777D-01
  0.991384507164D-03  0.103284460663D-01 -0.175751852192D-02 -0.675322594272D-02
 -0.115885793201D-04  0.713296307564D-02  0.122273295646D-01 -0.271916897142D-01
 -0.557498466203D-02  0.197822613954D-02  0.228263320693D-03 -0.282373599706D-01
 -0.776359475168D-02 -0.303063243217D-02  0.212016983878D-01  0.912762011570D-02
  0.109611350105D-01  0.167734871951D-01  0.643328731461D-02  0.145285049774D-01
  0.123441105972D-01 -0.211514908527D-01  0.148668552054D-01  0.126193404414D-01
 -0.116989201579D-01 -0.785009589854D-02  0.805844777790D-02  0.384912632787D-02
  0.805155294167D-03  0.279890300301D-03 -0.229531317740D-01  0.166994782888D-01
  0.106808989686D-01  0.560090381151D-02 -0.873207435063D-02  0.825762465105D-03
 -0.666905173936D-02  0.189916023275D-01 -0.179850224354D-01  0.259669657169D+00
  0.136576157430D-01 -0.572137890437D-02  0.827298793403D-02  0.591316712099D-03
  0.587408631925D-02 -0.918642342087D-02  0.136279253091D-01 -0.362729571958D-02
 -0.882108919898D-02 -0.813846305427D-02  0.428285721993D-02 -0.141452994841D-01
  0.993229886395D-02  0.272815744956D-02  0.236906381643D-02  0.680856185422D-02
 -0.163710504024D-01  0.156947313943D-01 -0.135613842104D-01  0.650389764846D-01
 -0.987967019022D-01 -0.174771925560D-01  0.109697923916D-01 -0.264257173974D-01
  0.342682635019D-02 -0.524560939391D-02  0.162514456695D-01  0.175989033474D-01
  0.229811782430D-01 -0.202244343006D-02  0.118731339040D-01  0.429171971985D-02
 -0.104669360972D-01 -0.360913934247D-02  0.774125275354D-02 -0.364259923695D-02
 -0.248262981271D-01  0.122270351831D-03  0.179770223226D-01 -0.173423812202D-01
 -0.118024276310D-01 -0.113597784435D-01  0.925396792440D-02  0.106092288759D-01
  0.210400524790D-01  0.703403489037D-02  0.129816197564D-02 -0.881248965257D-02
 -0.484000309825D-02 -0.229505073184D-02 -0.185370271407D-02 -0.632243140603D-03
  0.992385950379D-02  0.142117135076D-02 -0.802678587774D-02  0.181995686785D-01
  0.103441575416D-01 -0.648807307999D-02 -0.631300347150D-02 -0.897581117739D-02
  0.305949553954D-02 -0.109804262936D-01 -0.116502186699D-01 -0.177303445231D-01
  0.140458167960D-02 -0.231401299380D-01 -0.174407696604D-01 -0.793583915728D-02
 -0.165379844460D-01  0.185348325497D-01 -0.128365852162D+00  0.181238035699D+00
 -0.103006921612D-01 -0.850396807046D-02  0.185311743193D-02 -0.139413067340D-01
 -0.114906594820D-02  0.163030644032D-01 -0.136526595494D-01 -0.365320872915D-01
  0.851351723300D-02 -0.230693781137D-01  0.893811961547D-02  0.248283185768D-01
  0.689148168128D-02  0.733925063698D-02 -0.167212337295D-01  0.159700262518D-01
 -0.447003247809D-02 -0.218917065881D-01 -0.146719821738D-02  0.116616717135D-02
 -0.172123553486D-01  0.315856296127D-01 -0.145735594866D-02  0.922608280710D-02
  0.305932577976D-01  0.901049463898D-02 -0.435217682566D-01 -0.205415101930D-01
 -0.150398433317D-01  0.118320624887D-01 -0.436281879478D-01  0.236449661592D-01
 -0.199011926429D-02  0.171206510038D-01  0.575287996585D-02 -0.245332686135D-01
 -0.577333585641D-02  0.177844233803D-01 -0.112450796652D-01 -0.234929965083D-01
  0.241592764710D-01  0.153541901960D-01 -0.247581670804D-02  0.279503139193D-02
  0.196349889352D-01 -0.619837244087D-01 -0.476011357968D-01 -0.111752722996D-01
 -0.869756803946D-02 -0.861002322934D-02 -0.835971426901D-02 -0.115424287774D-01
 -0.835550242491D-02  0.457838464173D-02  0.408753907532D-02 -0.780133777109D-02
  0.114764859166D-01 -0.666281897870D-02  0.145246703842D-01 -0.315973449604D-02
  0.356855971004D-02  0.130110973825D-01 -0.275994273370D-01  0.241712956464D-02
 -0.100648222795D-01 -0.257484698074D-02 -0.141231374345D-01 -0.320586696307D-02
  0.723552528919D-02 -0.440530592137D-01  0.141486034556D-02 -0.305110388323D-02
  0.121446220520D+00 -0.195123916950D-01  0.111401470919D-02 -0.172350035306D-01
 -0.515891031465D-03 -0.416927325283D-02  0.476196964027D-02 -0.597290134697D-02
 -0.453774818744D-02 -0.389248818743D-02 -0.128566254427D-01 -0.951203783286D-03
  0.199003317481D-01  0.290179033218D-02  0.905905674624D-02 -0.253441411513D-01
  0.349414187574D-02 -0.586586520917D-03 -0.158541725817D-01  0.367465155194D-02
 -0.176925035927D-02 -0.161840444383D-01 -0.423400254371D-02  0.131636318356D-01
  0.963805356763D-03  0.105167345621D-01  0.334666606363D-02 -0.147707256473D-02
  0.370148401161D-02  0.154340386706D-01  0.102307656256D-01  0.222674802235D-01
 -0.159362395860D+00  0.895541876722D-01  0.111613207848D-02 -0.628638197242D-02
 -0.889657031124D-02 -0.479388071033D-02 -0.342893682636D-01  0.583555696861D-01
  0.338428532110D-02  0.813172084333D-02 -0.341736235823D-01 -0.978444915236D-02
  0.446716788864D-02  0.705894706271D-02 -0.497393395002D-01 -0.309540300608D-01
  0.561644257525D-02 -0.664657970926D-02 -0.439052896126D-02  0.512616329009D-02
  0.183895834171D-02 -0.158721112077D-01  0.561644795351D-02  0.446756466975D-03
 -0.170022462126D-01  0.497016695575D-02 -0.388106039506D-02 -0.318519370641D-02
  0.777239792868D-02  0.132879603357D-01  0.313794894699D-02 -0.259941748567D-01
 -0.766295591142D-02 -0.283560922999D-02 -0.425295527313D-02 -0.107633412737D-01
  0.110762908970D-02  0.112545950090D-01 -0.420050286835D-02 -0.503114610629D-02
 -0.153508665280D-02  0.946383369005D-02  0.228600438147D+00  0.134620969861D-01
 -0.666324851684D-02  0.281210669247D-02 -0.336585138321D-02  0.535908150150D-02
  0.426846031704D-02  0.747045591828D-02  0.673201885035D-02  0.448871899533D-02
  0.734136892098D-02 -0.697775131665D-02 -0.327459518652D-03 -0.480084480018D-02
  0.690424546401D-02  0.960855534342D-02 -0.766764611602D-02  0.104189784402D-01
  0.114942079546D-01 -0.393404406115D-02  0.139840327079D-01  0.938406819855D-02
 -0.155533152815D-01  0.572138504217D-02 -0.252800022787D-01  0.753463057091D-02
  0.645607524914D-02  0.235909408336D-01  0.202231360486D-01  0.765489822372D-02
 -0.345500322270D-01 -0.731231536804D-02  0.924883199580D-01 -0.147528798409D+00
 -0.658559059414D-02  0.399082754250D-02 -0.744657230563D-02 -0.904263287424D-02
 -0.177328302168D-01 -0.569511508438D-02 -0.144778194796D-02  0.128289706085D-01
  0.139450901208D-01  0.587164451648D-02  0.273851016941D-03 -0.258762889404D-01
  0.141270332525D-01 -0.316779748419D-02  0.102384580419D-01  0.100116931857D-01
 -0.152649585541D-01 -0.223645319009D-02  0.769500110135D-04 -0.120439268943D-02
 -0.752988695429D-02  0.665086567465D-02 -0.113074308236D-01 -0.505831596095D-03
  0.107881106469D-03  0.112515539962D-01  0.238705896448D-02 -0.717710963988D-02
  0.929771791902D-02  0.174581073629D-01 -0.183828952977D-02  0.139568331609D-01
 -0.486069085203D-02  0.118828497460D-01  0.212200633737D-01 -0.149038028736D-01
  0.340128996538D-02  0.296170552302D-02 -0.962142929132D-02 -0.416644913078D-02
 -0.140237157550D+00  0.215515486197D+00  0.412032935500D-02 -0.140032286028D-01
 -0.380011093644D-02 -0.847631369486D-02  0.210543920532D-02 -0.180596908876D-02
 -0.606074815039D-02 -0.422088223063D-01 -0.674337768814D-02 -0.140254502735D-01
  0.483006923179D-02  0.164834872220D-01  0.273211030214D-02  0.247302514035D-01
  0.361823558575D-02  0.820192966497D-02 -0.598702838385D-02  0.138638387654D-02
  0.196354442846D-02 -0.772201635063D-02 -0.765304051947D-02  0.687221091664D-02
 -0.539450785351D-03 -0.860940084736D-02  0.227319733961D-01 -0.146882908185D-02
 -0.271842355229D-01 -0.242481085967D-01 -0.645541952121D-02 -0.112122005594D-01
 -0.412319735138D-01 -0.401921918540D-02  0.993713585607D-02 -0.167830482837D+00
  0.212872172348D-01  0.778921008320D-01 -0.229430508355D-01 -0.401894334873D-02
  0.235926151047D-01 -0.117021203596D-01  0.255239564431D-01  0.135522185060D-01
  0.139995700799D-01  0.987128419060D-02  0.221746628057D-02 -0.312612123130D-01
 -0.450640938486D-01 -0.199888698327D-02 -0.101740108256D-01  0.781661852951D-02
 -0.109043158919D-01 -0.865119383321D-02  0.958755600566D-02  0.113051740722D-01
 -0.374078362387D-02 -0.406396774985D-02  0.595744576252D-02 -0.478988263562D-02
  0.240440233319D-01  0.116710746224D-01 -0.671932139058D-02  0.125327912122D-01
 -0.145640286249D-01  0.139965420817D-02 -0.336629804135D-02  0.236405551576D-02
 -0.124385436593D-01 -0.411355650177D-02  0.780724939412D-02 -0.193727992472D-01
 -0.627445781844D-02 -0.105228153959D-02  0.397759396333D-01  0.763400437252D-02
  0.231309262371D-03  0.290854261460D+00 -0.121890850934D-01  0.231845455724D-01
  0.114699365462D-01  0.100605803482D-01  0.520938223879D-02  0.324942179743D-02
 -0.121856648583D-01  0.307802697762D-01  0.135339209267D-01 -0.119136329626D-02
 -0.129699389392D-01  0.930630490778D-03 -0.822882553372D-02 -0.259833729601D-01
  0.194722073745D-01 -0.755757458378D-02 -0.116750617281D-01  0.216944560874D-02
  0.984714567206D-02 -0.638603444365D-02 -0.106185801386D-01 -0.180425808042D-01
 -0.335071569010D-01 -0.154688001523D-01 -0.267157656258D-02 -0.271162591830D-01
  0.184690395404D-01 -0.263596130842D-02 -0.362904264245D-01  0.651663012383D-02
 -0.392668490060D-02 -0.209151114549D-01  0.254587057299D-03  0.189239521772D-02
 -0.212716680550D-01 -0.149585228164D-01  0.277748263714D-01 -0.132388799960D-01
  0.973460293400D-02  0.524004161767D-01  0.231131121361D-02  0.243283484874D-01
  0.178393660841D-01 -0.248213904932D-01 -0.662032649222D-02  0.315987088174D-01
  0.297864982548D-01 -0.280973275501D-01 -0.221015003683D-01  0.228746890563D-01
 -0.530230130350D-02 -0.176986657373D-01  0.252430716125D-01 -0.167729491492D-01
 -0.322148190974D-02  0.309260173935D-01 -0.307158179109D-02  0.308489679939D-03
 -0.233446467038D-02 -0.112363460497D-01 -0.123303728383D-01 -0.185961451562D-01
  0.257515041853D-01  0.317111951952D-01  0.117530720156D-02  0.150070515304D-01
  0.148920642384D-01 -0.506835007516D-02 -0.220814625283D-01  0.238368119631D-02
 -0.117372531928D-01 -0.158106769047D-01 -0.279342109106D-01 -0.206460073077D-01
 -0.148229350033D-02 -0.252675768440D-01  0.134703223599D+00  0.238065847373D-02
 -0.624146185686D-02  0.154750617555D-01 -0.119810934409D-02  0.356899031006D-04
 -0.537997663117D-02 -0.235917039096D-01  0.311844463860D-01  0.916407828173D-02
 -0.118923034802D-01 -0.221936033775D-01  0.230264663863D-01 -0.864969148454D-02
 -0.727667868771D-02 -0.836346682507D-02 -0.196702156160D-02  0.848884438706D-02
 -0.175929037795D-01 -0.423568023994D-02  0.482464187620D-02 -0.132768442405D-01
 -0.261011439088D-02  0.177412145252D-01 -0.137330159422D-01  0.180894680467D-01
  0.154614933449D-02  0.141560610171D-01  0.163963835410D-01  0.235369118478D-01
  0.948519785069D-02  0.611975817386D-02  0.337373476366D-02  0.316272612255D-02
  0.789594169524D-01 -0.321877509914D-01 -0.797289903875D-01 -0.972737859501D-02
  0.108250087299D-01  0.523420794409D-02  0.292274303437D-01 -0.197080848009D-02
 -0.300234195512D-01  0.134201875472D-01  0.576781122038D-02  0.169897700624D-02
 -0.177218007200D-01 -0.101869709228D-01 -0.142032157991D-01 -0.209733362338D-01
 -0.940722209858D-02  0.970399016137D-02 -0.484998351770D-02 -0.219538171797D-01
 -0.208318184292D-01  0.594928560782D-02 -0.178147083885D-01  0.327710755807D-02
 -0.129099131072D-01  0.112225560191D-01  0.817217700246D-02  0.619272556255D-02
  0.338787895890D-02 -0.177373077082D-01 -0.165682875163D-01 -0.620040175902D-03
 -0.225424763760D-01  0.727026138385D-02  0.118783850001D-01 -0.148343439855D-01
  0.105332232227D-01 -0.530016117332D-02 -0.496988759145D-03 -0.491078848785D-02
  0.119040106801D-01  0.360132655449D-02 -0.135224873167D+00  0.117571627872D-02
  0.176253744822D+00 -0.943242502611D-02  0.521663204588D-02 -0.126629501606D-01
  0.394578692142D-02  0.284418442951D-02 -0.616631454172D-02 -0.553817404300D-02
  0.275359296264D-01 -0.452720314888D-02  0.669406379124D-05 -0.187165043498D-01
  0.379682206032D-02 -0.106979130848D-02 -0.811811663755D-02  0.223883837024D-06
 -0.418370921517D-02 -0.305526840704D-02  0.789145688961D-02  0.381564142832D-02
  0.493087610434D-03 -0.290951524909D-02 -0.182834305281D-01  0.966842758991D-02
 -0.156628975016D-02 -0.112982616862D-01 -0.157529675235D-01  0.377070099189D-01
  0.111324375689D-01  0.882699419835D-02  0.121496068063D-01 -0.641904225653D-02
  0.762023757817D-02 -0.299458170544D-01 -0.657432681838D-01  0.268888009791D-02
  0.206279394695D-01  0.486714551394D-02 -0.841135182158D-02  0.811574566046D-02
  0.454632515465D-01 -0.239766924802D-01 -0.230531635729D-01  0.189429134170D-01
 -0.436473568486D-03 -0.843911838688D-02  0.215440548396D-01  0.250133535996D-01
 -0.432679781997D-02 -0.176353528595D-01  0.994566307513D-02  0.127219495247D-01
  0.303467776204D-02 -0.373721353221D-02 -0.974849821592D-02 -0.127859142928D-01
  0.534360358315D-02 -0.992411778440D-02 -0.448465190172D-02 -0.496621882997D-02
  0.712157216270D-02  0.605019408718D-02 -0.843780858253D-02 -0.561581477980D-02
  0.803377586460D-02 -0.882264395898D-02  0.749229463610D-02  0.230926187549D-01
  0.196653202738D-01 -0.297188007425D-01  0.914849291125D-02 -0.990693694480D-02
 -0.308766121170D-02 -0.413063254280D-01 -0.594596448394D-03 -0.472823429198D-02
 -0.283340210869D-01 -0.578239060729D-03  0.500715798206D-01  0.107834233005D+00
 -0.101871489364D-01  0.178182419235D-01  0.242489782307D-02  0.429073429632D-02
  0.909850027089D-02  0.609797079831D-03  0.608170792798D-02 -0.295944800614D-01
 -0.160072533426D-01 -0.191870572548D-02  0.185188369178D-01 -0.161413866710D-01
  0.161267789061D-02 -0.729521240591D-02 -0.357953478347D-02 -0.276957965670D-02
 -0.129378778740D-01 -0.241247434236D-02  0.254400094902D-02 -0.265046551132D-01
  0.865793443320D-02  0.239626714071D-03 -0.278974008507D-01 -0.190649671398D-01
 -0.946529063500D-02 -0.193803126281D-01 -0.104772227913D-02  0.119047052506D-01
 -0.197301038350D-01 -0.721280477685D-02  0.191330355968D-01  0.129162680205D-01
 -0.118018326708D-01  0.138255413860D-01 -0.111230238966D+00  0.627536647537D-01
 -0.186463347633D-02 -0.711332051755D-02  0.179603045844D-01 -0.200979427186D-01
  0.538406490454D-02  0.213745046161D-01  0.105837754454D-01 -0.159234965622D-01
  0.287716356469D-01 -0.773874502274D-02 -0.224088900754D-02 -0.207161727130D-01
 -0.224204686633D-02  0.146798943646D-01 -0.107567798996D-01  0.307643867857D-02
  0.430499701478D-01  0.142842099375D-01 -0.174991472453D-01  0.283349278000D-01
 -0.139325651074D-02 -0.497887391159D-02 -0.634682435783D-02 -0.204081792489D-03
 -0.963001645454D-02 -0.189190641925D-01  0.472798347060D-02  0.346241351652D-02
 -0.157070084324D-01  0.119726770933D-01 -0.180754195760D-01 -0.535585361844D-01
  0.475887690758D-01  0.138165299880D-01 -0.186994974634D-01  0.201252722252D-01
  0.418552196770D-02 -0.991618478441D-02 -0.154268524234D-01  0.569675067159D-03
  0.230114784402D-01 -0.386199578621D-01 -0.257355333402D-01  0.263624419618D+00
 -0.201923833843D-01  0.153015889308D-02 -0.267153047354D-01 -0.415656494415D-02
 -0.435883178440D-02  0.537496269895D-02  0.114183826053D-02  0.192274745385D-01
  0.530927385317D-03  0.882391925743D-03 -0.790675982818D-02  0.867438613090D-02
  0.133491116175D-01 -0.256734977050D-02 -0.261382522840D-01  0.776778921368D-02
 -0.108417024267D-01 -0.714400454568D-02 -0.279251153439D-02 -0.253827593147D-02
 -0.119890314525D-01 -0.311436129060D-02  0.359675701489D-02  0.523823928076D-02
 -0.124320342539D-01 -0.363306673486D-02  0.728110678476D-02  0.845131927587D-02
  0.822202269284D-02 -0.364504091945D-02 -0.129160112467D-01  0.136643774510D-01
 -0.333873593071D-01 -0.242012092501D-02  0.975484926412D-01 -0.141283969372D+00
  0.103431498130D-01  0.578430367180D-02 -0.182582541150D-01 -0.132908525523D-01
 -0.332775017399D-02  0.454214169882D-02 -0.802674501614D-02  0.402867279809D-03
  0.961605848949D-02 -0.556058512441D-01 -0.232159057311D-01  0.722560137062D-02
  0.103340747680D-01 -0.361977530328D-03  0.447238536846D-02 -0.444024194618D-02
 -0.208733674344D-02  0.211585997745D-01 -0.110864157781D-01 -0.506947347310D-02
  0.622328618754D-03  0.703152809184D-02 -0.165956024156D-01 -0.355738583670D-02
  0.134933700790D-01 -0.374335860878D-02 -0.238155452605D-01 -0.200786879284D-02
  0.225193258101D-02 -0.925074704188D-02 -0.108033594762D-01 -0.162608405717D-01
  0.235342041325D-01  0.969635720720D-02 -0.430969692645D-03  0.954877786304D-03
 -0.336963158770D-02  0.230977116400D-01 -0.205242842480D-01  0.152405492512D-01
  0.218037226010D-02 -0.276416480909D-01  0.267405429945D-02 -0.118833752403D+00
  0.213505795329D+00  0.652444633038D-02 -0.188502788422D-01  0.111839349096D-01
  0.903699205956D-02 -0.122426288361D-01  0.251672310022D-02 -0.493293061045D-02
  0.272227935242D-01  0.913825197285D-02  0.245686042060D-02  0.147394106520D-04
  0.288425083249D-03  0.880686003651D-02 -0.159881717789D-01 -0.261346775901D-01
  0.441927303296D-02 -0.250086042646D-02 -0.190316376845D-01 -0.916794587511D-02
 -0.464971771909D-02 -0.104187374406D-01 -0.180320456058D-02  0.155360502813D-01
 -0.268429894142D-01  0.677268659165D-02  0.153423042755D-01  0.119955705249D-01
  0.257306428290D-01  0.408752003610D-01 -0.424864857232D-02  0.724614107663D-02
 -0.166417117013D-01 -0.315781710505D-01 -0.487835587758D-01  0.757315613573D-03
  0.848127149850D-02 -0.200808119327D-01  0.131190768034D-01 -0.185390144876D-01
 -0.329040384434D-01  0.108561262619D-04 -0.175374920798D-01 -0.292418603383D-01
  0.118826480653D-01  0.397447037742D-01 -0.294624272623D-01  0.586194940738D-02
 -0.134606334813D-02  0.127894984670D-01 -0.672168937373D-02 -0.498286767292D-02
 -0.110940330741D-02 -0.150809029084D-01  0.129160752168D-01  0.254379796340D-02
  0.281070805983D-02  0.112971638838D-01  0.113379177140D-02 -0.204611325199D-01
 -0.191467967794D-01  0.237670890302D-01 -0.189432871819D-02 -0.213787448083D-01
 -0.187909863473D-01 -0.181965639584D-01 -0.546731927070D-02 -0.232043715378D-01
 -0.234692493023D-01  0.154828114584D-01 -0.176825356674D-01  0.708104937213D-02
  0.239377493639D-01  0.226228197890D-01  0.167852760805D-01 -0.125945472261D-01
 -0.121549532174D-01 -0.865666250834D-02  0.263427580637D-01 -0.251705904694D-01
 -0.298434829617D-02  0.189113541728D-01  0.133981140404D+00 -0.967584337543D-02
  0.101711110048D-01 -0.454528112899D-02 -0.407604681465D-02  0.703970392376D-02
 -0.123730564178D-01 -0.143311342622D-02 -0.227450384374D-01 -0.155847253478D-01
 -0.149730260499D-01  0.241819760851D-02 -0.186742568279D-01  0.140717874827D-01
  0.934471774689D-02 -0.481794027289D-03  0.142077844480D-01 -0.744322672128D-02
 -0.231926194415D-03 -0.169001001961D-01 -0.271084412102D-01  0.181215581047D-01
  0.568463762762D-02  0.143630546656D-02  0.270123649829D-01 -0.100119264458D-01
 -0.274334045617D-01  0.358830048300D-02 -0.179771190502D-01  0.243101116505D-01
 -0.117138799461D-01 -0.279279250611D-01 -0.164707739305D-01 -0.133599952557D-02
  0.709168021180D-02 -0.190432627492D+00 -0.821814271433D-01  0.861955272985D-02
 -0.182501796676D-01 -0.275870986824D-01  0.665733563731D-02 -0.319109874536D-01
  0.100741372924D-02  0.191327760367D-01  0.129601115464D-01  0.201206385753D-01
  0.139203897926D-01  0.187097108435D-01 -0.173306556382D-01 -0.137072122732D-01
  0.159006906129D-01  0.691286764511D-02 -0.803461149534D-02  0.120363483370D-01
  0.732909442875D-02 -0.176759177589D-01  0.255259215703D-01  0.253257473495D-02
 -0.273151562163D-02 -0.194175305176D-01 -0.138561217807D-01  0.263649370426D-02
 -0.242998041081D-01 -0.102563995605D-01 -0.945168660823D-02 -0.174208185904D-01
 -0.943080483420D-02  0.210897856354D-01 -0.293530166134D-01  0.195255804996D-01
  0.329515344116D-01 -0.169823122821D-01  0.255956307915D-01 -0.193907085156D-01
 -0.237240741772D-02 -0.161636886162D-01 -0.432384375549D-02  0.871647296720D-03
 -0.453543404998D-02  0.285510488153D-01 -0.263798482767D-01  0.117590403475D-01
 -0.127085712180D-01  0.349192554047D+00 -0.113535067867D-01 -0.788852272337D-02
 -0.196651124188D-01 -0.603389511376D-02 -0.390367087128D-02  0.787279706743D-02
  0.172691839149D-01 -0.160980747140D-01  0.648088650038D-02 -0.835101859064D-02
  0.195670292914D-01  0.183482183399D-01  0.120064295174D-01  0.913988157703D-03
 -0.107545742616D-01  0.118494806912D-01  0.661898490387D-02 -0.112823661227D-01
 -0.150424131805D-01  0.172788778318D-01 -0.200682341233D-01  0.469026499633D-02
 -0.161300100353D-01  0.210006107128D-01 -0.147317921866D-01  0.999514886847D-02
 -0.141025610332D-01 -0.983346840145D-02 -0.279353659710D-01 -0.187847851761D-01
 -0.291183095612D-02 -0.326804500204D-01 -0.226190626999D-02  0.136401934900D-01
 -0.827870377687D-01 -0.828295782765D-01  0.158828630964D-01 -0.864677598676D-02
 -0.387484816381D-01 -0.864263659364D-02  0.177608555683D-01  0.380930533589D-01
 -0.154655157338D-01 -0.492079740676D-02 -0.296045138517D-01 -0.394747664560D-01
 -0.263830769138D-01  0.244430174336D-01  0.311020776976D-01 -0.100937632563D-01
 -0.786780107784D-02 -0.155722678321D-01 -0.579243664174D-03  0.243440331371D-01
 -0.129680479857D-01 -0.103682358068D-01 -0.178853143448D-01  0.153859143328D-01
 -0.205384112387D-02  0.130561139036D-01  0.875995753130D-02  0.210732410517D-01
  0.115981943522D-01  0.379051688931D-01  0.239280785829D-01  0.237940749538D-02
  0.103764334961D-01  0.314208523753D-01 -0.163209429978D-01 -0.381091246036D-01
  0.132352254566D-01 -0.323674441342D-01  0.214042411988D-01  0.396333077375D-02
  0.922116058263D-02  0.107303890156D-01 -0.144541532071D-01 -0.309977032719D-01
 -0.176992426964D-01  0.188247924305D-01  0.200296753825D-01 -0.714939670581D-02
  0.643887068247D-01  0.180533329994D+00 -0.208347732694D-01  0.163512573176D-01
  0.141698042790D-02 -0.382050942361D-02  0.764834045606D-02  0.578723700270D-02
 -0.137811158068D-01 -0.383100058562D-02  0.440790794767D-02 -0.233437635485D-01
 -0.924120248716D-02  0.138525577846D-01 -0.336572640416D-02 -0.505057416936D-02
 -0.110951839589D-02  0.972202049171D-03 -0.205522556295D-01 -0.326005411375D-02
  0.128043628757D-01 -0.918917262881D-02 -0.130711982189D-01  0.150362654823D-03
 -0.263423463175D-01  0.769594655764D-02  0.528104672886D-02 -0.289217013033D-01
  0.102326317359D-02 -0.102624524092D-02 -0.229551765868D-01 -0.364592492272D-02
  0.286213579250D-02 -0.163057080689D-01  0.150932428958D-02 -0.560497593630D-02
  0.205259286251D-01 -0.128984101134D-02  0.375923764778D-01 -0.346957423323D-01
 -0.226978475070D-01  0.345837930001D-01  0.106940700047D-01  0.200471369224D-01
 -0.222220944599D-01  0.360949348690D-01  0.531934049417D-01 -0.611064174850D-02
  0.523830363031D-02 -0.388404450239D-01 -0.226050135163D-01  0.175576478367D-01
  0.380047910871D-02 -0.181544312170D-01  0.204488543743D-01 -0.150410622407D-02
 -0.947506171190D-02  0.172589202281D-01 -0.104067250455D-01 -0.981100904329D-02
  0.481292710664D-02  0.152736545477D-02 -0.107253187175D-01 -0.851838829237D-02
 -0.107908844585D-02  0.156681953614D-01  0.759004874350D-02 -0.101893055336D-01
  0.317144858021D-02 -0.203616795513D-01  0.469628399277D-02  0.163209970880D-01
 -0.133604057608D-01 -0.104459250874D-01 -0.102451496746D-01 -0.818997197854D-02
 -0.628838857697D-02 -0.649905352644D-03  0.524846663210D-01 -0.214686086773D-02
  0.181062698044D-01  0.219773733968D-01 -0.229185985223D-02 -0.315725915396D-01
  0.191284289755D-01  0.251892400191D-02  0.909832117830D-01  0.461868629941D-02
 -0.921666680168D-02  0.155400459854D-01  0.435407268800D-02 -0.788178410193D-02
  0.893283740074D-02  0.979809916558D-02 -0.117260149220D-01  0.301610679056D-02
 -0.644364792906D-02  0.157500414017D-01 -0.290199144166D-02 -0.122990364895D-02
  0.971967120368D-02  0.683804763467D-02 -0.562362013254D-02  0.966036453719D-02
  0.898938717547D-02  0.758382097881D-03  0.510001874572D-02 -0.163646376145D-01
 -0.647730667928D-02  0.172539568100D-01 -0.280161232088D-01  0.853072734733D-02
  0.120529393757D-01  0.145141145985D-01  0.894304324512D-03  0.978754547636D-02
  0.146918588754D-01 -0.502495695382D-02 -0.125763577183D-01 -0.243610332532D-01
 -0.280793903331D-02 -0.146302878364D-01  0.510491396890D-02 -0.305962342222D-01
 -0.710187245004D-01 -0.135567531849D-01  0.123295296545D-01  0.270477153297D-01
 -0.139804947430D-01  0.293317004594D-01 -0.251761741351D+00 -0.147024622712D+00
  0.539517076655D-02 -0.923435725461D-02  0.375249073509D-02 -0.209571428931D-02
 -0.666114110065D-02  0.335531914494D-02  0.118167782339D-01 -0.187207274829D-01
 -0.222626309157D-01  0.359168103819D-02 -0.126895237725D-01  0.503345973445D-02
 -0.218776708368D-02  0.138074802319D-01 -0.425485183028D-02  0.687233991264D-02
  0.777268161280D-02  0.460867961969D-02 -0.998687832655D-02 -0.284641411905D-02
  0.271299487847D-02 -0.109205194797D-02  0.107906864261D-01 -0.972093725480D-02
 -0.702887442650D-02  0.483668494562D-02  0.543699780335D-02  0.889309205810D-02
 -0.706787248273D-02  0.192103138460D-01  0.166302617690D-03 -0.215212082262D-01
  0.132304281766D-01 -0.341043145898D-03 -0.205065161871D-01 -0.789964391577D-02
  0.114781281473D-01 -0.141215690656D-01 -0.411749995911D-02 -0.454352738048D-01
  0.353193139101D+00 -0.123245472932D-01  0.158554539627D-01  0.802744095031D-02
 -0.102028977042D-02 -0.200693108709D-02 -0.452436781114D-02 -0.925448561457D-03
 -0.178639112161D-01 -0.138670741291D-01 -0.826287240625D-02 -0.257222966381D-02
 -0.153654181745D-01  0.879955634035D-02 -0.327721308032D-03 -0.135058446805D-01
  0.162226325843D-02 -0.108848781545D-01 -0.284140659906D-03 -0.160493824343D-02
 -0.295471587035D-01  0.129911541702D-01  0.380285791474D-02  0.985859494051D-02
 -0.171387101310D-01  0.637548889223D-02 -0.107326945369D-01  0.462482255465D-02
  0.752723369212D-02  0.342550892075D-01 -0.677705058878D-03  0.895407620095D-02
  0.200962083915D-01 -0.185030541099D-01  0.108348335203D-01  0.188292951723D-01
 -0.147689060208D-01 -0.204795961887D-01  0.911979959530D-03  0.343434096984D-01
 -0.202840434883D-01 -0.128471523015D-01 -0.246334909412D-01  0.429842104619D-01
 -0.167390419038D+00 -0.984228812053D-01  0.688320611954D-02  0.107016982034D-01
 -0.159992908942D-01 -0.265007587701D-01  0.111884168631D-01 -0.104596010884D-01
  0.143980853410D-01  0.995890052664D-02 -0.801089967996D-02 -0.132244935839D-01
  0.313416740498D-01  0.177546187424D-01 -0.866073876589D-02 -0.101238772777D-01
 -0.116286814311D-01  0.104730108387D-01 -0.261413281712D-01 -0.228723904964D-01
 -0.407811249836D-02 -0.613053758914D-01  0.343746111522D-01  0.127034418256D-02
 -0.245101969152D-01  0.178194517448D-02 -0.306989310488D-01 -0.202027837214D-01
  0.380753548607D-01  0.109813519616D-01  0.311832339633D-02 -0.174896237535D-01
  0.474622974639D-02 -0.124108184576D-01 -0.838182400873D-02 -0.390179492828D-02
  0.363925529467D-01  0.922419780336D-02  0.274012515037D-01  0.357616783124D-01
 -0.400192105053D-01 -0.440882829994D-01  0.167635406788D+00  0.211733061138D+00
 -0.178343428237D-01 -0.247144617449D-02 -0.515849145026D-01 -0.331595408769D-01
  0.175815236962D-01  0.483449439458D-02 -0.316694702347D-02 -0.198454423806D-01
 -0.170930559697D-01 -0.498443745738D-01 -0.304567915892D-02  0.453754865957D-01
  0.268009053071D-01  0.389304774325D-01 -0.594755476481D-01  0.156539799061D-01
 -0.775307438968D-02 -0.311555944729D-01 -0.291557260820D-01 -0.168228965904D-01
 -0.709286325434D-02  0.268717973369D-01  0.159036651620D-01 -0.524431124677D-01
  0.303767136600D-01 -0.600364279768D-02 -0.251672323280D-01  0.738733522068D-02
  0.349911318130D-01 -0.162698067556D-01  0.298303212717D-01  0.192306519826D-01
 -0.243798414476D-01  0.237208610428D-01 -0.472412246246D-02 -0.140728424495D-01
 -0.244531491117D-01  0.255635395270D-01  0.153018314652D-01 -0.164266678823D-01
  0.254292387618D-01 -0.246714032956D-01  0.211028837812D-01  0.122697443285D-01
  0.494309318162D-01 -0.535721899994D+00 -0.437431019284D+00  0.304977275501D-01
 -0.541217448525D-02 -0.241050999569D-01 -0.412027405295D-02 -0.439168004891D-01
  0.400321319750D-02  0.956275148162D-02 -0.193071761365D-01 -0.378126543190D-01
  0.500510945338D-01 -0.223182084620D-01  0.228930443991D-01  0.310848673999D-01
  0.330976683357D-01  0.233436004199D-02 -0.611546620760D-01 -0.682025512420D-01
 -0.544533031211D-02 -0.503536952479D-01  0.649220370405D-02 -0.349930526078D-01
  0.556128381881D-01  0.185201598064D-01 -0.271057150836D-01  0.184133872606D-01
  0.608780393054D-01  0.488350007634D-01 -0.118901643435D-01  0.421533520029D-01
 -0.667755081998D-01  0.822470988400D-02 -0.333332292030D-01  0.178836737899D-01
  0.496299258488D-01  0.382301700826D-01 -0.274406784285D-02  0.981740194936D-02
 -0.251480755851D-01  0.754221681294D-02  0.290008485719D-01  0.546284473208D+00
 -0.335899895887D-01  0.509047260554D-03 -0.466129539439D-01 -0.666310251167D-01
 -0.255740160915D-01  0.846267079074D-02 -0.312014873589D-01 -0.928443569109D-02
  0.596849984724D-02 -0.626541836903D-01 -0.151698815506D-01  0.597634476982D-01
  0.127744498164D-01  0.201899219827D-01 -0.608512524912D-01  0.160012979634D-01
 -0.153383685712D-01 -0.348860679982D-01 -0.522999841285D-02 -0.146508171115D-01
 -0.291817438603D-01  0.225209291822D-01  0.786868093074D-03 -0.490661186350D-01
  0.286243700684D-01 -0.272983513040D-01 -0.182208135188D-01  0.144929795574D-01
  0.151505419722D-01 -0.950859704956D-02  0.308484056289D-01  0.140434327754D-01
 -0.166356501945D-01  0.161805298213D-01  0.424249179961D-02 -0.462356295634D-02
  0.462789396470D-02  0.107145977860D-01  0.164198931303D-01  0.287099190582D-01
  0.279024132140D-01 -0.911356620389D-02  0.495271731890D-01 -0.291123661468D-02
  0.336600710032D-01 -0.397487903425D+00 -0.387660841774D+00 -0.703050507863D-02
 -0.238413361043D-01 -0.136489223995D-01  0.954457966858D-02 -0.611375612889D-01
  0.476537642351D-02  0.111112818096D-01 -0.281896194269D-01 -0.235536529548D-01
  0.311316059160D-01 -0.201570361550D-01  0.208675726613D-01  0.177515483331D-01
  0.244431712244D-01 -0.288331046530D-02 -0.578216460412D-01 -0.491094047356D-01
  0.235521399728D-02 -0.645940515287D-01  0.970944791796D-02 -0.387000684009D-01
  0.407120646589D-01  0.252700027793D-01 -0.261567078253D-01 -0.619895041718D-03
  0.480322757003D-01  0.436632327362D-01 -0.150824707319D-01  0.281975632799D-01
 -0.159987124482D-01  0.181851871572D-01 -0.118257538916D-01  0.134448652922D-01
  0.404070867239D-01  0.122687225792D-01  0.222485469108D-02  0.200714073117D-01
  0.151388976118D-01 -0.459201827448D-02  0.296220372326D-02  0.403687269852D+00
  0.442560910792D+00 -0.515294034005D-01 -0.116526652658D-02 -0.883726356330D-03
 -0.273868696275D-01  0.142864128933D-01  0.160515695546D-01 -0.480601171292D-01
 -0.168626478688D-02  0.322015980819D-01 -0.898390598383D-01 -0.771057381494D-02
  0.707857567240D-01 -0.130000632912D-02 -0.901221034375D-02 -0.467433142726D-01
  0.121399920048D-01 -0.334799786799D-01 -0.455367822444D-01  0.190262123351D-01
 -0.917182523890D-02 -0.613634643045D-01  0.255974505341D-01 -0.220753377381D-01
 -0.807499223490D-02  0.458406458687D-01 -0.280732520735D-01 -0.415667936631D-01
  0.276657154221D-01  0.532712299943D-02 -0.111431242254D-01  0.248953500507D-01
  0.139252734729D-01 -0.107182728292D-01  0.793102983295D-02  0.363815330312D-02
  0.278944828756D-01  0.379934427220D-01  0.193551763364D-01 -0.221051784072D-01
  0.508364931270D-01  0.306258798780D-01  0.266580157030D-01  0.586154505259D-01
 -0.132992330263D-01  0.227187490825D-01 -0.991600812756D-01 -0.775197986750D-01
 -0.773952943170D-01 -0.463715548937D-01 -0.338203326036D-02  0.149871193003D-01
 -0.585597949546D-01  0.329965358123D-02  0.130809821270D-01 -0.166663096625D-01
 -0.450648565063D-02 -0.621334235194D-02 -0.229387036286D-01  0.239373919971D-01
  0.147231873423D-03  0.972680661959D-02  0.799264427646D-02 -0.576324996545D-01
 -0.117296632980D-01  0.505279701429D-02 -0.605233098937D-01 -0.114891778529D-01
 -0.318931318812D-01  0.392259918572D-02  0.110597012670D-02 -0.193512607763D-01
 -0.153157134601D-01  0.422611688578D-01  0.218113236862D-01 -0.136374746366D-01
  0.120196014634D-01  0.241427248994D-01  0.433548213230D-01  0.765107920319D-02
 -0.132501665063D-01  0.113653391745D-01  0.675905960440D-02  0.262710026166D-02
  0.161600312434D-01  0.508785602203D-01 -0.814218312311D-02 -0.163775014651D-01
  0.440867133721D-01  0.107697347502D+00  0.195902488068D+00
$end
