$dipgrad          cartesian dipole gradients
  0.51453399839321D-01  -.73837398456034D-01  0.72952137535630D-01
  -.31126234439095D-01  -.13711468666843D+00  0.20900320819705D+00
  0.47223405842315D-01  0.18599331414768D+00  -.11515062547501D+00
  0.11760566235485D+01  0.78161942728241D+00  0.30446874439089D+00
  0.76891846654534D+00  0.12090200231071D+01  -.25448438549111D+00
  0.50303792773534D+00  -.11707724954399D+00  0.93694439260710D+00
  -.87618098529729D+00  -.25672883208417D+00  -.28956295120254D+00
  -.18363098470964D+00  -.79169751096950D+00  0.14450465941507D+00
  -.48976597674377D+00  -.32090492783459D-01  -.88191812126160D+00
  -.85875485641574D+00  -.43656318007855D+00  0.11479479014094D-02
  -.60191727111408D+00  -.10342165755720D+01  0.67085155348685D-01
  -.57081983529918D-01  0.77727341527269D-01  -.43959371659968D+00
  0.16848414248530D-01  -.35896000987964D-01  -.74253863679760D-01
  0.20494620006485D+00  0.35783069331416D+00  -.11703847816586D+00
  -.15431827378746D+00  -.31464325104636D+00  0.30221991183409D+00
  0.65851777155768D+00  0.19013208070164D+00  0.55004237873864D-01
  0.16450302827755D+00  0.45557783317010D+00  0.58162457754701D-01
  0.18277592071378D+00  0.11360764663462D+00  0.34121019131622D+00
  -.24805604773901D-01  0.45210347206399D-01  0.52998357615662D-01
  -.90291328036423D-01  -.99278977021984D-01  -.10133385786976D+00
  -.11094332733458D+00  -.11568483210848D+00  -.68405303441896D-01
  0.74323346152807D+00  -.22470182026786D+00  -.10547652784702D+00
  -.16873959468722D+00  0.11821631019940D+01  -.11975934121218D+00
  -.28977737293891D-01  -.36823061851078D+00  0.57569646926618D+00
  -.82118541573660D+00  0.33057328732423D+00  -.26236709872516D-01
  0.19612695282582D+00  -.12111445417424D+01  -.22419889982776D+00
  -.27516817633902D-01  -.31174033307984D+00  -.54385007291771D+00
  0.32493639998303D+00  0.13765379449909D+00  0.23664567600973D-02
  0.27133696592426D-01  0.57186632717610D+00  0.25470656201578D+00
  -.24009373718278D-01  0.45504743525215D+00  0.36172791503576D+00
  0.26673659043015D+00  -.10048786772126D+00  -.36063465059217D-01
  -.11078482636841D+00  0.23418315891656D+00  -.18630201842146D+00
  0.10190970937320D-01  -.26901709208481D+00  0.45896253162794D+00
  0.32968420549164D+00  0.20894131895073D-01  0.13145541077902D-01
  0.10529183439152D+00  0.38843612476815D+00  0.20386456554188D+00
  -.63259551889085D-01  0.20571375697285D+00  0.48500521258307D+00
  0.26290599586970D+00  0.86851726795371D-01  -.56228908917635D-02
  -.19743004544903D-01  0.39822385676034D+00  0.19764363773619D+00
  -.85014353130926D-01  0.21142982765595D+00  0.64620547258699D+00
  -.44461320329370D+00  -.68466833651222D-01  0.89586347555705D-01
  -.22865870622789D-01  -.54805790020827D+00  -.24057612721066D+00
  0.15690149382356D+00  -.30023831323255D+00  -.76476111919158D+00
  -.63378741914790D+00  -.70221904426271D-01  0.16167653656194D-01
  -.12526250200710D+00  -.63510892468413D+00  -.22534350614429D+00
  0.10528991147492D-02  -.23012082368518D+00  -.61951351984410D+00
  -.76057915436186D+00  0.21426859943192D-01  0.54356580757798D-01
  0.88303908546495D-01  -.47185610095444D+00  0.19736045662427D+00
  0.18193656555322D-01  0.22594057715679D+00  -.64791450721464D+00
  0.63229447683169D+00  0.54138125095014D+00  -.37355893367741D+00
  0.56334719297591D+00  0.11268056306089D+01  -.71966084979012D-01
  -.30781070470230D+00  0.14995732153285D+00  0.12496694438800D+01
  -.56234883313398D+00  -.35156856963303D+00  0.12876252401272D+00
  -.38550766509613D+00  -.97022971257662D+00  0.24557217101340D-01
  -.30120614131795D-01  -.23401070009805D+00  -.66202540265953D+00
  -.43683168138111D+00  -.91440524595474D-01  0.25278044653854D+00
  -.87112020778397D-01  -.41774342292910D+00  0.11461271211780D+00
  0.36216227937543D+00  0.16808809950265D+00  -.10357409605716D+01
  -.46213052426512D+00  -.89382572849305D-01  0.14231397330547D+00
  0.96433115917090D-03  -.83255672726701D+00  0.95483541946304D-01
  0.79870448258903D-01  0.34852477712849D+00  -.63979932749479D+00
  -.95671914085253D+00  -.21436637541930D+00  -.13022412693462D+00
  -.19992370248305D+00  -.72672900064714D+00  0.34298442638269D-01
  -.12442765314614D+00  0.63899302834720D-02  -.46892128189095D+00
  -.43264627578612D-01  -.53665566017527D-03  0.49613366727809D-01
  0.26428510509253D-01  0.73318590414898D-01  0.41665918392825D-03
  0.35499301784548D-01  0.40237516208295D-01  0.32196877727910D-01
  0.86410545309641D-01  0.37731246583952D-01  -.68375886051270D-02
  0.72679756947916D-02  -.38488774155680D-01  -.18785369038214D-01
  0.11985404114928D-01  -.51445494873638D-01  0.24676252961583D-01
  -.14037700279353D-01  -.17343537207106D-01  -.10292664651598D+00
  -.49112317367797D-01  0.39057758646345D-01  -.31246883450791D-01
  -.66170165945446D-01  0.16253061575359D-01  -.26867240484713D-01
  0.44165556870147D+00  0.27530902098164D-02  -.17389359176281D-01
  0.15989182401422D-02  0.18490381533166D+00  0.26102324215109D-01
  0.75118494684172D-01  0.81906912846063D-01  0.16469027145522D+00
  0.51393938435600D-01  -.15484870685358D-01  0.55329478443191D-02
  -.21688265464212D-03  -.77468897980826D-01  -.67330295605489D-01
  0.69854848500964D-01  0.20066147861484D-01  -.59179231004913D-01
  -.15040635256930D-01  -.10272428694222D-01  0.52820891208869D-01
  -.47785213689676D-01  -.43912678080733D-01  0.44949874056402D-01
  0.87702611952420D-01  0.58800491837875D-01  -.10594633158621D+00
  0.39796754863751D-01  -.23272360368842D-01  0.13244887185909D-01
  -.27298725308167D-01  0.63026405724878D-01  0.62565350682396D-01
  0.25759610972977D-01  0.35931539112753D-01  -.26524537497440D-01
  0.31511134849575D-02  0.73255183780515D-01  0.81219903458968D-03
  0.68587339657051D-01  -.58879647979097D-01  0.84041979438729D-03
  -.24165930184694D-01  0.17579833404483D-01  0.68833917722433D-01
  0.15919537577178D-01  -.51176271916736D-01  0.25143065694349D-01
  -.36470449925543D-01  -.16646494163697D-01  0.57445021740290D-01
  0.39488278595568D-01  -.40288705622256D-01  -.73754753616045D-01
  0.84448274714032D-01  -.11283972958328D-01  -.43905266599201D-01
  -.19431244194149D-01  -.35589945561228D-01  -.55840510059197D-01
  -.39403632858634D-01  -.16494603919837D-03  -.19501622240521D-01
  0.16513982968188D-01  0.31557570780010D-02  -.15631662521121D-01
  0.17001328772167D-02  -.47573866918080D-01  0.77861362946827D-01
  -.13969026975741D-01  0.44455710819274D-01  -.10721772448372D+00
  -.16446675254544D+00  -.62372948635981D-01  -.23728685194606D-01
  -.71683247205224D-01  -.19489028697311D-01  -.41472224451343D-01
  0.24660573153881D-01  -.34117884560481D-01  0.29455815595385D-02
  0.66283235586537D-01  -.31918930172192D-01  0.14579689168953D-01
  0.27214909814721D-01  -.59390149549172D-01  0.67549158444496D-01
  -.57407167875967D-02  0.42210719196769D-01  -.11482262940326D+00
  0.23498506933121D+00  0.71835923860861D-01  -.38949914692759D-01
  0.56006663596171D-01  0.25215488230809D+00  0.58156232956916D-02
  -.70758439216640D-01  0.24792235713819D-01  0.28036802632041D+00
  0.44024950647778D+00  -.55991910851343D-02  -.36015238398790D-02
  0.32394122340605D-01  0.27659366785266D+00  0.23844766008415D-01
  0.11125145333110D-01  0.16934161388896D-01  0.21472038968878D+00
  0.35297217012227D+00  -.35396005969654D-02  -.35521049615951D-01
  -.16706510751458D-02  0.25329159131336D+00  -.64182910233734D-01
  0.67683826248868D-02  -.23485271824801D-01  0.28071738988854D+00
  0.28418611661779D+00  -.75077187488147D-01  -.45205356240962D-01
  -.56662356068253D-01  0.23654047832654D+00  -.35242984289194D-01
  -.18885061349258D-01  0.88279544870256D-02  0.35201537100845D+00
  0.21835258317539D+00  -.10900797498183D-01  -.25981467188926D-01
  -.12056910432378D-01  0.36148181782827D+00  0.38850718364135D-01
  -.62570846595304D-01  -.17086216732581D-01  0.37055530286689D+00
  0.27576079762983D+00  -.12033474973098D-01  0.52879993508879D-01
  0.85588186994536D-02  0.60869780676756D+00  -.15242001871939D+00
  0.55538532881514D-01  -.96974086420657D-01  0.27204710694712D+00
$end
