$coord
   -4.29353511385072      0.38897734861467      0.66044823346759  c
   -2.30616320256531      1.84469541576643     -0.80544954437707  c
    0.21856817225849      1.01742502495278     -0.15715244470030  o
    1.15783757086468     -0.96464355029735     -1.45221612309301  c
    0.03152858734690     -2.05013932824563     -3.11778968831918  o
    3.73718279063141     -1.69979073510136     -0.64056012523114  c
    5.05312447605985     -0.58814240352844      1.18637686858023  c
   -3.97211558782574      0.54913657074241      2.69118321401868  h
   -4.28006756949157     -1.60339793078428      0.13799307979101  h
   -6.16538580666677      1.15335106779058      0.24245804232433  h
   -2.57187756552101      1.63737740438930     -2.83664205590139  h
   -2.32760906462186      3.84436436213189     -0.31443838158726  h
    4.49031731262818     -3.28389300906106     -1.69513439204886  h
    6.93046089414736     -1.23895427861684      1.67585459656145  h
    4.29773410660625      0.99363404124589      2.23892015600912  h
$user-defined bonds
$end
