$grad          cartesian gradients
  cycle =      1    SCF energy =      -95.8346670667   |dE/dxyz| =  0.017742
   -1.08540766337968      0.00716584146458      0.02987090085196      c
    1.58822788034623      0.31208071057745      0.56581234760482      n
   -1.98839439477086     -1.10936183173543      1.51587215676043      h
   -1.35939338501079     -0.95273377162195     -1.77986122719228      h
   -2.01198006653231      1.85244560763915     -0.05152716224017      h
    2.43930950427231     -1.41556171461305      0.58004576477551      h
    2.41763812507510      1.30596515828925     -0.86021467028640      h
  0.25012259937511D-02  0.25781279457678D-02  0.48802170738469D-02
  -.11675977067335D-01  -.10344331554716D-02  -.17592113588144D-02
  -.43630692448954D-03  -.15972366147403D-02  0.85063812673595D-03
  0.90568777158698D-02  0.11796810520962D-02  0.20464265202741D-02
  -.46389002307596D-03  0.15754535010579D-02  -.85658006991336D-03
  0.52020328448155D-03  -.45194202179988D-02  -.90933720809644D-03
  0.49352838427051D-03  0.18137860380289D-02  -.42436550687889D-02
  cycle =      2    SCF energy =      -95.8349829527   |dE/dxyz| =  0.012928
   -1.09041155301223      0.00200522881409      0.02010646701159      c
    1.61157434903842      0.31414990082417      0.56934430075685      n
   -1.98752893795916     -1.10618206650957      1.51415562780466      h
   -1.37749510532684     -0.95508873780958     -1.78396476214865      h
   -2.01105841584717      1.84928817280633     -0.04981381275269      h
    2.43826837404454     -1.40652023758040      0.58187394982216      h
    2.41665128906243      1.30234773945498     -0.85170366022005      h
  -.44443032348393D-02  0.86147775854404D-04  0.24119384906870D-03
  0.49695527730884D-02  -.20673323372676D-02  -.39909584337011D-02
  -.51167115527469D-03  -.10834206300054D-02  0.83796083629723D-03
  0.74653139643751D-02  0.15990965922995D-02  0.28769436602295D-02
  -.52687518560827D-03  0.12679441764714D-02  -.43231898701482D-03
  -.35005374413741D-02  0.17791257621146D-02  -.66719122965830D-03
  -.34588602396350D-02  -.15866107361951D-02  0.11414368584334D-02
  cycle =      3    SCF energy =      -95.8352495824   |dE/dxyz| =  0.007999
   -1.08414270711244     -0.00097340219433      0.01431693014969      c
    1.61418574095820      0.31945263506591      0.57934317130076      n
   -1.98603301277358     -1.10228184916849      1.51151428283533      h
   -1.40239734155347     -0.95959560177791     -1.79201919824542      h
   -2.00950044554668      1.84500456573013     -0.04801068343717      h
    2.44477945388841     -1.40520963770651      0.58422416214407      h
    2.42310831213955      1.30360329005121     -0.84937055447339      h
  -.19107801948186D-02  -.37096974321474D-04  -.40720888731576D-04
  0.37900738265729D-02  -.91287369026711D-04  -.23288281258960D-03
  -.78028253265117D-03  -.79105663433295D-03  0.91816427854234D-03
  0.49485827483019D-02  0.59433163498438D-03  0.10316115996995D-02
  -.79758409378564D-03  0.11786355414307D-02  -.13654382492246D-03
  -.26347062618936D-02  0.10971589501920D-04  -.10117395162200D-02
  -.26219834604433D-02  -.87046901289242D-03  -.52048449517017D-03
  cycle =      4    SCF energy =      -95.8354753156   |dE/dxyz| =  0.005911
   -1.07648752063343     -0.00544756921485      0.00567028216456      c
    1.61379663823482      0.32329495361196      0.58664308884103      n
   -1.98136649351450     -1.09509971692919      1.50514248317732      h
   -1.44651512637488     -0.96559703704808     -1.80257294298540      h
   -2.00469180192088      1.83587499852357     -0.04555800088795      h
    2.45848751886043     -1.39863073180865      0.59097428224194      h
    2.43677678534843      1.30560510286523     -0.84030108227763      h
  0.11655020901914D-02  0.55908259614849D-03  0.10337594918217D-02
  0.16742510729855D-02  0.17402382925357D-02  0.32794832855991D-02
  -.52393769956237D-03  0.28614559686294D-03  -.56567537462467D-04
  0.12697149256502D-02  -.73757355889298D-03  -.14055082522289D-02
  -.53065291485081D-03  -.20566445376859D-03  0.21536841271198D-03
  -.15267837155532D-02  -.92630855296737D-03  -.14825921484238D-02
  -.15336997339404D-02  -.72244685966777D-03  -.15764623245173D-02
  cycle =      5    SCF energy =      -95.8355809680   |dE/dxyz| =  0.005125
   -1.07632924298124     -0.00959414794092     -0.00218486861942      c
    1.60900477613107      0.32026829866127      0.58097429999267      n
   -1.97795914952483     -1.09298856466492      1.50289178554960      h
   -1.47056324618468     -0.96616795105588     -1.80327332136855      h
   -2.00120408330184      1.83288997561422     -0.04504007451839      h
    2.46938363939246     -1.39348542821300      0.59854368302027      h
    2.44766730646904      1.30907781759920     -0.83191339378231      h
  0.19831598443066D-02  -.27961294860877D-03  -.57276968305533D-03
  -.15311914400244D-04  0.17855043134991D-02  0.33710893296116D-02
  -.30829607891413D-03  0.58898443763130D-03  -.21668426692271D-03
  0.29725326715057D-03  -.11938719978750D-03  -.21371018217844D-03
  -.30762317786891D-03  -.50276089321170D-03  0.37961576379023D-03
  -.82120867787759D-03  -.62852558213106D-03  -.14341499958436D-02
  -.83286415208004D-03  -.84983437038709D-03  -.13061425545554D-02
  cycle =      6    SCF energy =      -95.8356804288   |dE/dxyz| =  0.003063
   -1.08216202925349     -0.01263607650481     -0.00779812469856      c
    1.60198585949343      0.31117789699516      0.56391304134198      n
   -1.97347348491386     -1.09319957137242      1.50162812171795      h
   -1.49692500106224     -0.96668545551764     -1.80390959706134      h
   -1.99664285112091      1.83199291376051     -0.04591765873198      h
    2.48445738846719     -1.38734022443623      0.61170535014566      h
    2.46276011838984      1.31669051707537     -0.81962302243984      h
  0.50846304002186D-03  0.22634705166537D-04  0.20417716013469D-04
  -.11334450183347D-02  0.62220865200001D-03  0.12197951039477D-02
  0.35327596280374D-03  0.89024958860362D-03  -.90158724792390D-03
  -.31071116441726D-04  0.22984429188171D-03  0.45260437926459D-03
  0.36838328074232D-03  -.12325391654828D-02  0.24070231036407D-03
  -.39068282007141D-04  0.52310038333710D-03  -.92516450694906D-03
  -.30326633801948D-04  -.10586374933810D-02  -.99373403328378D-04
  cycle =      7    SCF energy =      -95.8357074365   |dE/dxyz| =  0.001059
   -1.08528146140487     -0.01361513912226     -0.00951331635635      c
    1.60235832984116      0.30577792817132      0.55360122771721      n
   -1.97345423933333     -1.09698586176604      1.50491588421171      h
   -1.50535822449519     -0.96776532411473     -1.80590884730767      h
   -1.99666428187280      1.83678639345757     -0.04723691779954      h
    2.49006885744110     -1.38812041455069      0.61984540484670      h
    2.46833101982388      1.32392241792475     -0.81570532503818      h
  0.22724211431706D-03  -.74819372472628D-04  -.12223801524749D-03
  -.16867529516018D-03  -.58408579721696D-05  -.81569514289620D-04
  -.10641397333454D-03  0.11820294367037D-04  0.49066951696703D-04
  0.14313861985522D-04  0.34066073732447D-04  0.71649845164339D-04
  -.10352499709199D-03  0.42933892732268D-04  0.48793688084493D-04
  0.70210925739148D-04  0.60899436982762D-03  -.30683648783452D-03
  0.63662268999964D-04  -.61863287006426D-03  0.34867062476740D-03
  cycle =      8    SCF energy =      -95.8357093581   |dE/dxyz| =  0.000502
   -1.08621007146674     -0.01350270655897     -0.00932293809283      c
    1.60291286577638      0.30521461551146      0.55268083525769      n
   -1.97333177933502     -1.09753855842404      1.50526636420638      h
   -1.50534927858166     -0.96783292134700     -1.80605644821856      h
   -1.99655806160774      1.83735212817614     -0.04752759641464      h
    2.49013258834537     -1.38968007534024      0.62121845007023      h
    2.46840373686937      1.32598751798256     -0.81626055653439      h
  -.23759789240032D-03  0.47841714192317D-05  -.13994288290466D-04
  -.39619289980591D-04  -.33265506587011D-04  0.24354914990896D-04
  -.80471493739423D-04  -.46493996506974D-04  0.65272295953262D-04
  0.83709283702830D-04  -.59451012850515D-05  -.59775012666298D-05
  -.76813633184683D-04  0.70764532531025D-04  0.76164716749076D-05
  0.16459181675899D-03  0.20596085081447D-03  -.12554034146636D-03
  0.18294710599573D-03  -.19709819596672D-03  0.55814897156957D-04
  cycle =      9    SCF energy =      -95.8357099137   |dE/dxyz| =  0.000328
   -1.08577439589017     -0.01347362186688     -0.00920457599523      c
    1.60334259014898      0.30523960759492      0.55251993788017      n
   -1.97313810837500     -1.09754844353174      1.50517797440587      h
   -1.50546979942691     -0.96787795281485     -1.80615132248806      h
   -1.99638107794594      1.83729585346996     -0.04761573170196      h
    2.48959973154885     -1.39053213011116      0.62180066656582      h
    2.46782105994015      1.32689668725966     -0.81652883839273      h
  -.13114026549804D-03  0.19398591153851D-04  0.83974969433812D-04
  0.22352223935275D-04  0.79769946082533D-04  0.54888095789233D-05
  -.92049842708830D-04  -.46510948890179D-04  0.44273828435228D-04
  0.37837237610323D-04  -.44686996665897D-04  -.84701304060758D-04
  -.91594921070984D-04  0.74257640513160D-04  -.58674946168323D-05
  0.14003515252356D-03  -.13843070369046D-04  -.43825624385657D-04
  0.11132117806932D-03  -.69615028597314D-04  0.81688170809055D-05
$end
