$hessapprox
  0.489175545305D+00 -0.532621141101D-02  0.421759052932D+00  0.253364667364D-02
  0.182973152621D-01  0.457301421090D+00 -0.190404422527D+00 -0.247968674102D-01
 -0.387974415385D-01  0.550684330758D+00  0.959267742274D-02 -0.438357523310D-01
  0.215495389142D-01 -0.342896243420D-01  0.378469204986D+00 -0.247595752822D-01
  0.603858934810D-02 -0.390937750913D-01 -0.878834099210D-01 -0.521989959321D-01
  0.297604022300D+00 -0.104873192810D+00  0.218029768570D-01 -0.163748673018D-01
 -0.769820927036D-01 -0.294113753553D-01  0.370672323383D-01  0.367405756585D+00
 -0.324877764120D-01 -0.954945079112D-01  0.934770864203D-02 -0.508402455901D-02
 -0.773574731193D-01 -0.279520680084D-01  0.223506258983D-01  0.280743097957D+00
  0.397478081482D-01 -0.117467745659D-01 -0.124370768370D+00 -0.246320872454D-01
  0.173799292853D-02  0.204741814149D-01 -0.327378421564D-01 -0.354538934286D-01
  0.318089298758D+00 -0.633707746061D-01 -0.153235546968D-01 -0.338854988130D-01
 -0.246698931329D-01 -0.383063056519D-01 -0.576355222813D-01 -0.594818931234D-02
  0.613611403428D-01  0.227488905531D-01  0.975345708569D-01 -0.815300696347D-03
 -0.104958598261D+00 -0.250715609752D-01  0.189578966239D-01 -0.123810421341D-01
 -0.100174422120D-01  0.224839112558D-01 -0.263389026498D-01  0.590296057544D-01
 -0.397232058505D-02  0.296343752984D+00 -0.298729063319D-02 -0.203792260610D-01
 -0.141841531557D+00  0.357808142500D-01 -0.252397508929D-01 -0.185300260375D-01
 -0.289273837855D-01 -0.426431552833D-01 -0.145118111279D+00 -0.433144450735D-02
  0.509503965090D-01  0.366949727483D+00 -0.104602671241D+00 -0.217266460675D-01
  0.686927098495D-02 -0.768461720812D-01  0.338830659868D-01  0.279092382567D-02
 -0.556856558755D-01 -0.588442757030D-01  0.814396128819D-02 -0.494495297502D-02
 -0.361562263013D-01  0.240459372353D-02  0.369805817007D+00  0.557202475144D-01
 -0.113594201528D+00 -0.212837912685D-01 -0.161349503125D-01  0.681924307769D-02
  0.530736809622D-01  0.395673242054D-01 -0.990480498800D-01 -0.246651849012D-01
 -0.155440629612D-01 -0.117507964724D+00 -0.378375502199D-02 -0.409363625524D-01
  0.339851948862D+00 -0.287291099314D-02 -0.218630890684D-02 -0.105758973082D+00
 -0.171828506320D-01  0.221000123785D-01 -0.574883177067D-01 -0.440376590979D-01
  0.764972170610D-01 -0.631825108882D-01  0.642309910894D-01 -0.101997422729D+00
 -0.568453737523D-01  0.223256940846D-03  0.374258703238D-02  0.258920604359D+00
 -0.882411648545D-02  0.431440295127D-01  0.325481646642D-01 -0.894323368201D-01
  0.446912113147D-02  0.799679832425D-01 -0.989625501817D-01  0.434869049993D-01
 -0.256360235785D-01 -0.761090771425D-03  0.254993935256D-01 -0.183668260175D-01
 -0.308642207235D-01  0.270155185481D-01 -0.210790963426D-01  0.332902306005D+00
 -0.129491379719D-01 -0.419150306677D-01 -0.325379389601D-01  0.119994300099D+00
 -0.199918553314D+00 -0.544943338566D-01 -0.468477717462D-02 -0.340440448668D-01
 -0.175248946544D-01  0.223101314770D-02  0.371508700698D-01  0.272184590913D-01
  0.937645738668D-01 -0.612150949915D-02  0.308035718567D-01 -0.151346473990D+00
  0.342240926528D+00 -0.101232808044D-01  0.104599718649D-01 -0.101530701602D-01
  0.176537693246D-01  0.207298305378D-01 -0.474583743660D-01  0.282220705577D-01
 -0.481547277802D-01 -0.488083110436D-01  0.700524587286D-02  0.827142899003D-01
 -0.537288886155D-01 -0.252459968649D-01 -0.433161575557D-02  0.964348534451D-01
  0.178295127701D-01  0.113460297477D-01  0.182815364224D+00 -0.171003676346D-01
  0.222627321578D-02  0.471067253305D-01 -0.923494134927D-01  0.540624408082D-01
  0.504523680780D-01 -0.249540757018D-01 -0.307825945664D-01  0.123652929908D-01
  0.216032994079D-02 -0.259973538226D-01  0.164275369699D-01 -0.968621441115D-01
 -0.496877144419D-01  0.207182690354D-01 -0.104057991023D+00 -0.470094979766D-01
 -0.353413208559D-01  0.333163662023D+00 -0.137344984459D-01 -0.219609622330D-01
  0.296987283855D-01 -0.586467300990D-01 -0.517956271650D-01  0.855505696989D-01
 -0.721086856868D-01  0.515398804700D-01  0.286231488671D-01  0.955409040444D-02
 -0.723081152852D-01  0.138770316590D-01  0.300158707705D-01 -0.103994663085D-01
 -0.289596566929D-01  0.773150627323D-02 -0.973926582499D-01 -0.727637785151D-01
  0.971884467836D-01  0.202316948772D+00 -0.153839710895D-02 -0.483566941299D-03
 -0.360833028292D-01  0.115061205762D+00  0.113213720660D-01 -0.155507710514D+00
  0.567884494456D-01  0.683589187974D-01  0.429162214083D-01  0.186733808632D-02
 -0.556078662477D-01  0.491142037587D-01  0.481399010170D-02 -0.275192104735D-02
 -0.720802823746D-01 -0.652637147382D-01  0.351891067755D-01 -0.119101573484D+00
 -0.111728871549D+00 -0.560260434025D-01  0.290742444035D+00
$end
