$coord
    0.56366025099447     -8.35713919059218      3.87075165477962  c
    2.44503989453923     -6.25339964071868      3.99233275049540  c
    4.30768535814176     -6.16591216543250      5.17405959647351  o
    1.76815590950840     -4.09612823342428      2.41322188945433  n
    3.28360170003334     -2.27212338525182      2.00755006194636  c
    2.52165020639397      0.00156453489841      0.46930819957376  c
    4.55077137354653      0.51243012275810     -1.55365840815630  c
    4.66382112128563      3.19677819468778     -2.74734826708707  c
    6.44214460119370      4.64856354465280     -1.21407238734242  o
    8.66404099256659      3.84658471335753     -1.18155257843418  c
   10.08210099197663      4.39647584008297      0.63957584362595  o
    2.27657905580209      4.73833414271301     -3.01285761735947  c
    1.21761650000417      5.13283751405274     -0.67523364951903  o
    6.90215363153832      0.10682277144113     -0.45169219516867  o
    8.99412907489055     -2.02537962164712     -1.59525092857216  s
    8.75058933966358     -1.64143744253065     -4.26487569583821  o
   11.23315878449683     -0.97667742891808     -0.48053534254844  o
    8.05220551947406     -4.34727608569915     -0.60068669641499  o
    0.24554041367013     -0.37730540079275     -0.74044015065937  o
   -2.00118024995459      0.31893909794103      0.44938166652261  c
   -3.88922390391985      1.35187473308892     -1.47724966202639  c
   -5.62134859607968     -0.76016163693207     -2.36970090397687  c
   -7.19163905968300     -1.67620591750338     -0.13009535288835  c
   -5.49929899668391     -1.98090028007761      2.21896750090921  c
   -2.91351767647687     -1.89447488039941      1.60001124411059  o
   -6.01365597621765     -0.18088894022020      4.40594917979408  c
   -4.40033935756326      0.78102493189057      5.61334854393534  o
   -8.43571929838982      0.04763671924029      4.88678315655367  o
   -8.26631333779459     -4.02545737014917     -0.65813772799998  o
   -7.16089067026352     -0.13770135687994     -4.38449592674330  o
   -5.29010985544534      3.21181071267736     -0.21824499020394  o
   -5.82587314542596      5.91923328706123     -1.64692636057192  s
   -7.11037177242373      5.15033267296984     -3.92545841757892  o
   -3.29303611412997      6.86652666947404     -2.12554065045938  o
   -7.25963402682770      7.27029110346998      0.17207857325832  o
   -1.29670969142284     -7.67387506092611      4.43808029642296  h
    0.43094618736031     -9.06066623948157      1.93731935946870  h
    1.16878537033719     -9.86459716751500      5.12287459781581  h
   -0.01851849825977     -3.96126943130810      1.71012796680713  h
    5.14474286235901     -2.38615337495674      2.84569228318937  h
    2.45010637124882      1.57698182433331      1.80539815221341  h
    4.21370190687281     -0.80814150555897     -3.09616465771713  h
    5.53430380643732      2.97332775396731     -4.59857649486255  h
    9.44151985923688      2.85487876417767     -2.79683914463666  h
   11.59659172927974      3.40024651917315      0.59899292356900  h
    1.02886850710044      3.71213936347464     -4.30084558618487  h
    2.78027996970889      6.51002478729272     -3.94832684577903  h
   -0.37165561173492      6.00008671477662     -0.88903151142996  h
   -1.63559607176027      1.74885987977084      1.86973985849455  h
   -2.86245554014577      2.15394926204679     -3.06190748691839  h
   -4.42853323065302     -2.33384740353454     -2.97035507739405  h
   -8.65718444764702     -0.28557416191991      0.24549331274115  h
   -5.85101914266049     -3.87007778459235      2.95206557022722  h
   -8.67696680348990      1.22022238932164      6.22669417479201  h
   -9.24869802959925     -3.86798715379413     -2.14568621942967  h
   -7.53499651584494      1.63197969594023     -4.40400764379148  h
$user-defined bonds
$end
