$energy      SCF               SCFKIN            SCFPOT
     1 -476.1114660398      473.9750037631     -950.0864698028
     2 -476.1119587715      474.1119652300     -950.2239240015
     3 -476.1133197420      474.0649536850     -950.1782734270
     4 -476.1135200080      474.1054004895     -950.2189204974
     5 -476.1137200110      474.1027683632     -950.2164883741
     6 -476.1138030841      474.1174961998     -950.2312992838
     7 -476.1138828522      474.1239883636     -950.2378712157
     8 -476.1139357046      474.1290974972     -950.2430332018
     9 -476.1139501706      474.1219887651     -950.2359389357
    10 -476.1139650383      474.1116458134     -950.2256108516
    11 -476.1139722887      474.1053512201     -950.2193235087
    12 -476.1139783975      474.1038896732     -950.2178680707
    13 -476.1139844278      474.1048600212     -950.2188444490
    14 -476.1139881604      474.1087447398     -950.2227329001
    15 -476.1139903923      474.1118120843     -950.2258024766
    16 -476.1139925707      474.1143543179     -950.2283468886
    17 -476.1139950027      474.1161180845     -950.2301130871
    18 -476.1139972942      474.1167619238     -950.2307592180
    19 -476.1139986374      474.1153870943     -950.2293857317
    20 -476.1139998027      474.1135867753     -950.2275865780
    21 -476.1140009137      474.1117576043     -950.2257585180
    22 -476.1140015640      474.1104539168     -950.2244554808
    23 -476.1140019429      474.1101291411     -950.2241310840
$end
