$hessapprox
  0.657118947790D+00  0.777279887647D-02  0.543411757296D+00  0.283048253540D-02
  0.456370550845D-01  0.368633463431D+00 -0.211357083046D+00  0.323566095959D-01
  0.136436098263D-01  0.668868158567D+00 -0.290527134194D-01 -0.729096715835D-01
  0.368934465935D-02  0.287502324586D-01  0.573317622392D+00 -0.212920476933D-01
  0.538884054611D-02 -0.571320590768D-01  0.166011461735D-01  0.703480135860D-01
  0.405226126645D+00 -0.330417199693D-01  0.141452299926D-01 -0.453671654763D-02
 -0.121017522766D+00  0.985720355136D-01  0.146477021511D-01  0.686134950334D+00
  0.457523419114D-01  0.242526135591D-01  0.168815793420D-01 -0.622959245494D-02
 -0.107493566743D+00 -0.213893985881D-01 -0.240203559745D-01  0.555100290848D+00
  0.277702732349D-01  0.444613571909D-01 -0.346817980426D-01 -0.538551654356D-02
 -0.389234998316D-01 -0.406593953272D-01  0.155795722250D-01  0.761183716890D-01
  0.349523647524D+00 -0.153806495715D+00 -0.465341384245D-02 -0.753929014781D-02
  0.140319340730D+00 -0.364512407397D-02  0.156445040669D-01 -0.142861564379D+00
  0.156162205219D-01 -0.141195229964D-01  0.697534079989D+00  0.524420013201D-04
 -0.914976569229D-01 -0.282442291794D-01 -0.678357397324D-02 -0.619265146744D-01
  0.530964015271D-03 -0.405144103753D-01 -0.114330019483D+00 -0.206211861303D-01
 -0.258565364013D-01  0.589712203649D+00 -0.117374941079D-01 -0.158039739701D-01
 -0.226494456919D-01  0.545822318590D-02  0.525058095856D-02 -0.690998361674D-01
 -0.346646643359D-01 -0.255066548569D-01 -0.350403894468D-01  0.671906736577D-02
  0.678756424153D-01  0.401165502280D+00  0.133594943912D+00  0.225638211203D-01
  0.181310139412D-02 -0.165455413500D+00 -0.114735768321D-01 -0.861457190235D-02
  0.738768409709D-02 -0.276366414528D-01 -0.866398162174D-02 -0.235831127288D+00
  0.164718920935D-01 -0.223410167994D-03  0.679152241107D+00  0.131016081147D-01
  0.816623227495D-02  0.630599411828D-01 -0.430789975375D-02 -0.855649941066D-01
 -0.461093521239D-01 -0.114171052601D-01  0.423302942506D-01  0.334614678979D-01
 -0.291788810593D-01 -0.626814658180D-01 -0.201877099463D-01  0.331248595040D-01
  0.534994373567D+00  0.461277695955D-02  0.175078050612D-01 -0.804615025288D-01
  0.762413931869D-03 -0.177158344684D-01 -0.258654651853D-01 -0.150549661195D-01
  0.219970390059D-01 -0.386326287153D-01 -0.162146261153D-01 -0.348388058429D-02
 -0.764731229454D-01  0.330979802777D-02  0.907326380674D-01  0.389584096366D+00
 -0.122384120660D+00 -0.555428627953D-01 -0.284292210436D-01 -0.998317871317D-02
 -0.246288153975D-01 -0.138027531786D-01 -0.275495826309D-02 -0.383773050061D-02
 -0.205574001182D-01 -0.181553605430D-01  0.392981698779D-01  0.799974183525D-02
 -0.122225267771D+00  0.416177095893D-01  0.498718753403D-02  0.641896736765D+00
 -0.907617667931D-02 -0.130058224813D+00 -0.889051849981D-02 -0.395264723702D-01
  0.317707946695D-01  0.271006397534D-02  0.846136369841D-02 -0.101011453222D+00
 -0.181249723246D-01  0.229542036532D-01  0.555720765996D-01  0.112672756439D-01
 -0.104151206892D-01 -0.126915462433D+00 -0.648008465894D-02  0.922201198897D-02
  0.556644617789D+00  0.969416925725D-02  0.427099278871D-02 -0.790097351676D-01
  0.626461422058D-02  0.137545172968D-01 -0.125382849885D-02  0.118872808479D-02
 -0.272270544233D-01 -0.383676566132D-01  0.197731276304D-01  0.583481922211D-02
 -0.950243616944D-02  0.156860964302D-02 -0.339229109549D-01 -0.974521544343D-01
  0.103224954447D-01  0.930950301982D-01  0.329665132080D+00 -0.462929521732D-01
  0.319735535400D-01 -0.716322217965D-03  0.174137029783D-01  0.236077630461D-01
  0.198773674306D-01 -0.566723602851D-01  0.508394367867D-02 -0.270530840450D-01
  0.339302212325D-01 -0.279034576676D-01  0.171715531648D-02 -0.645085350347D-01
 -0.184672303932D-01 -0.192816766906D-01 -0.129312421186D+00 -0.116621879782D-01
 -0.993387582092D-02  0.762036206322D+00 -0.635134907345D-01 -0.315649056953D-02
 -0.136657955730D-02  0.181296566897D-01 -0.376931860744D-01  0.125043659105D-01
 -0.442759394101D-01  0.210478492189D-01 -0.175561734441D-01  0.403089182613D-01
 -0.516015424301D-01  0.105058555122D-01 -0.276838568552D-01  0.185454638772D-01
  0.689458191992D-02  0.213979131449D-02 -0.106514686357D+00  0.133884541623D-01
  0.251130957656D+00  0.850511873813D+00 -0.183533892856D-01  0.155203130407D-01
  0.135446998130D-01  0.120617117152D-01 -0.115052342023D-01  0.103462186495D-01
 -0.136325833794D-01  0.525472058942D-02  0.196862298952D-01  0.289817705273D-01
 -0.239432546853D-01 -0.278731593138D-02 -0.350840434960D-02 -0.227086039621D-01
 -0.975323190190D-02  0.103664157641D-01 -0.682717183203D-02 -0.886793573205D-01
  0.950865337978D-01  0.170172046581D+00  0.428864181663D+00 -0.119820379157D-01
  0.248958840329D-01  0.675199958867D-02 -0.574210168098D-01  0.260543895605D-01
 -0.465658122747D-01 -0.255203916995D-01  0.686581913668D-02 -0.312212246799D-01
 -0.795499752312D-01  0.164181894993D-01 -0.519658245819D-01 -0.723594465416D-02
 -0.436453964649D-03 -0.449327052738D-02 -0.240914792638D-01  0.408716628861D-03
  0.377112496755D-01 -0.225988013503D+00 -0.248529233876D+00 -0.666860479267D-01
  0.537668355247D+00  0.219347089462D-01 -0.603974583252D-02 -0.239918059133D-01
 -0.497711224073D-01  0.866521281249D-03  0.170670284381D-01  0.396048218472D-02
 -0.182905481953D-01  0.627243065186D-02 -0.352820278883D-01 -0.214089400148D-01
  0.263365527409D-01  0.551731385740D-01 -0.396906827750D-01 -0.182162937166D-01
 -0.783830962833D-03 -0.224978506523D-02 -0.107303520349D-01 -0.254777257440D+00
 -0.478005569457D+00 -0.126270230093D+00  0.253200691409D+00  0.723104105184D+00
  0.648719533613D-02 -0.223332716007D-01 -0.417271261807D-02 -0.252532874122D-01
 -0.121035235905D-01  0.214167530611D-01  0.104470039443D-01 -0.103375998054D-01
  0.923663780904D-02 -0.215984423136D-01  0.147236883474D-01 -0.228094862258D-01
  0.194527338547D-01  0.166435191777D-01 -0.434786362266D-01  0.505221709778D-03
  0.163642556491D-03 -0.783582777881D-02 -0.880450276442D-01 -0.143832317361D+00
 -0.122604055230D+00  0.828154745544D-01  0.131151202647D+00  0.409220243636D+00
 -0.214949548422D-01  0.308827666757D-02 -0.905442595960D-02 -0.355109238525D-01
 -0.232191490799D-01 -0.622794477340D-04 -0.218991839667D-01  0.736132024249D-02
  0.167128789370D-01 -0.257156870446D-01  0.280255428023D-02  0.109840791960D-01
 -0.738146172973D-02 -0.195655131956D-01 -0.148653038955D-01 -0.185365909539D-01
  0.224374735141D-01 -0.379959044948D-01 -0.119370089792D+00  0.580997355961D-01
 -0.411604640295D-02  0.333762149398D-01 -0.135702613503D-01  0.107976862599D-01
  0.745270293340D+00 -0.316016058514D-01 -0.148193291257D-01  0.416507679993D-02
 -0.928399077729D-02 -0.168464952005D-02  0.236631479794D-01 -0.447415099943D-02
 -0.105925975008D-01 -0.117175949690D-01  0.237082728473D-01 -0.216907312197D-01
  0.289402891475D-02 -0.242039221244D-02 -0.543252736883D-01 -0.240528882588D-01
 -0.657586719744D-02 -0.276394576654D-01  0.342024813665D-03 -0.686336290265D-02
 -0.110151118155D+00 -0.820870295814D-02  0.239913838756D-01 -0.703658650720D-01
  0.478962971688D-02  0.272527299905D-01  0.431090663499D+00 -0.164781934679D-01
  0.699848135599D-02 -0.433211328303D-01 -0.112163009501D-01 -0.131050025323D-02
 -0.632165066971D-03 -0.241665227611D-02 -0.331722728699D-02  0.325178667164D-02
 -0.393047310953D-03 -0.752642357373D-02  0.372768924442D-01 -0.541322522002D-02
 -0.258519058327D-03 -0.671639806881D-02 -0.790331436112D-02 -0.521825825452D-02
 -0.591350386202D-02  0.144714481247D-02 -0.299550593537D-01 -0.779633127878D-01
  0.162195154374D-02 -0.516345403466D-02 -0.976686129846D-01  0.365868595006D-01
  0.159262442697D-01  0.350167065456D+00 -0.775420270140D-03 -0.101158163393D-01
 -0.238564390508D-01 -0.357455180453D-01  0.136858551609D-01 -0.371542596163D-02
 -0.188964265149D+00 -0.101150319219D-02  0.375086768739D-01 -0.296826220596D-02
 -0.262840461245D-01 -0.182081377960D-01 -0.265581523539D-01  0.166401148239D-01
 -0.157491029359D-01 -0.559576928763D-01 -0.108924258486D-02  0.950600511941D-02
 -0.578728331731D-02  0.664636151110D-03  0.124947560308D-01 -0.379106623063D-01
 -0.298236286761D-01 -0.938884185945D-02 -0.250735423936D-01 -0.671680325963D-03
 -0.266255437597D-02  0.655626335468D+00 -0.649765398675D-01 -0.105707801742D-01
  0.140979653263D-02  0.809802778970D-01  0.422779808641D-01  0.642114144907D-02
 -0.255645510210D-02 -0.152928922068D+00 -0.597292210346D-01 -0.947466311405D-01
  0.130989245310D-01 -0.880106982156D-02  0.548658693116D-01 -0.254747808065D-01
 -0.115005723201D-01  0.629645534242D-02 -0.158990617905D-01 -0.133556628126D-01
 -0.362323537839D-01 -0.242968074248D-01 -0.151405690025D-01 -0.202319966638D-01
  0.438514668913D-01  0.178601505150D-01  0.485933395177D-02  0.792869317695D-02
  0.917234100896D-02  0.243787015031D-01  0.667672989289D+00 -0.330900143314D-01
  0.288022350096D-02 -0.160347887816D-01  0.318620977577D-01  0.961896896239D-02
  0.124890976761D-01  0.110548579643D-01 -0.605197022687D-01 -0.160239907518D-03
 -0.325740079136D-01  0.529652653232D-02  0.123100988724D-01  0.152267841841D-01
  0.838033748787D-02 -0.140198887997D-01  0.127658221733D-01  0.121884041553D-02
 -0.167366353712D-01  0.431487603864D-02 -0.214519834613D-01 -0.105489016279D-01
  0.545389291316D-01 -0.478077772452D-01  0.445393268346D-02  0.211452947905D-02
 -0.177956485255D-01 -0.109724214269D-01 -0.769130359399D-01  0.109659081925D+00
  0.353291987097D+00 -0.727744077528D-01  0.358541067564D-01  0.171247111711D-01
 -0.138829504007D-01  0.218400017943D-01  0.383182392433D-01 -0.243878666067D-01
  0.203955848044D-01 -0.103994925301D-01 -0.110830817003D-01 -0.258059143077D-01
  0.221657190690D-01 -0.400823028532D-01 -0.106178583949D-01  0.713392722618D-03
 -0.245511477256D-01 -0.134124052940D-01 -0.214303272740D-01 -0.270290210734D-01
 -0.376915676465D-01 -0.187228797927D-01 -0.140558150123D-01 -0.573712273071D-01
 -0.108652113887D-01 -0.288754713098D-01 -0.375722896021D-01 -0.119807938054D-01
 -0.330581603141D-01  0.380754751673D-01 -0.973238209671D-02  0.430932571824D+00
  0.367566133164D-01 -0.999972617901D-01 -0.396942108660D-01 -0.250218090051D-01
 -0.606823083445D-01 -0.476238464351D-02 -0.119112578792D-02 -0.494098773022D-01
  0.281037110065D-01  0.926669466856D-03  0.159747797350D-01 -0.738343504557D-02
  0.223073508769D-01 -0.658698447711D-02 -0.347467188690D-01  0.118993452314D-01
 -0.157009891406D-02 -0.122641607340D-01 -0.634038517228D-03 -0.111288755464D-01
  0.172121456980D-01  0.494901639272D-01 -0.244505652308D-01 -0.452888389545D-02
 -0.416319929256D-01 -0.352847461808D-01  0.277645362348D-01 -0.281274707520D-02
 -0.155855464206D-01 -0.147130184892D-01  0.100537445095D-01  0.404485428189D+00
  0.547242008727D-02 -0.159158901832D-01 -0.325758529043D-01 -0.165067617919D-01
 -0.896482368676D-02 -0.400640466803D-01 -0.998395495475D-03 -0.859058966956D-02
  0.306502428931D-02 -0.366554222818D-02 -0.318126575640D-02  0.469196845968D-01
  0.503602582470D-02 -0.238817329313D-01  0.496317576216D-01  0.204173748321D-02
 -0.138785115120D-01  0.345126979005D-01  0.822294252996D-02 -0.109715475234D-01
 -0.347410835046D-01  0.189950279693D-01 -0.124794000155D-01 -0.352701984639D-01
  0.123888446017D-01  0.150593021293D-01 -0.105403560255D+00  0.431189647736D-03
  0.156825525357D-01 -0.531585963247D-01 -0.903356309782D-02  0.291911851846D-01
  0.355207071318D+00 -0.358427959358D-02 -0.341064237449D-01  0.297475933019D-02
 -0.639497836829D-01 -0.425406774590D-01 -0.152555442543D-01 -0.156501977696D-01
  0.203077285378D-01  0.139356652647D-01 -0.367921708963D-01  0.350587669502D-01
  0.145591077221D-01  0.162205972232D-02  0.245319642753D-02  0.194571992012D-01
 -0.187594086821D-01 -0.174245371035D-01  0.155169800303D-01 -0.325586346866D-01
  0.169120728363D-02  0.188210910100D-02  0.162973897775D-02  0.177425434945D-02
 -0.124804538774D-01 -0.444419822731D-01 -0.103903713797D-01 -0.482305954290D-02
 -0.234843422382D-01  0.161230678223D-01  0.186538876684D-01 -0.330721313289D-01
 -0.309705229366D-01 -0.153013944880D-01  0.431829668858D+00  0.422746262952D-01
 -0.376262545009D-01 -0.167866348233D-01 -0.142391449337D-01 -0.129753774126D+00
  0.494860515365D-02 -0.230057871546D-01 -0.237887696146D-01  0.885874764917D-02
 -0.265087653253D-01  0.853525769755D-02  0.209792589382D-01  0.485393115264D-02
  0.140231639069D-01 -0.313862408878D-01  0.224348612996D-02 -0.314056631408D-01
  0.322832158502D-02 -0.537540731317D-02  0.126352610055D-01  0.171912085620D-01
 -0.432790203032D-02  0.372593119231D-02 -0.429644395772D-01  0.250883754796D-01
  0.717684460679D-02 -0.158708694682D-01 -0.279485590700D-02 -0.715397124571D-01
 -0.188070624526D-02  0.290364873468D-01 -0.560053397099D-01  0.247295805184D-01
  0.143950059852D-01  0.449129508152D+00  0.172206653507D-01 -0.611870059382D-02
 -0.518873314906D-01 -0.939134198512D-02 -0.976139561776D-02 -0.972490800322D-01
 -0.271797688422D-02  0.607407304585D-02 -0.407105189726D-01 -0.111166232556D-01
  0.274147168494D-02 -0.358983827759D-02  0.625777608116D-02 -0.128459713732D-01
  0.361875138750D-01  0.692261190275D-02 -0.251110454185D-01  0.374758658310D-01
 -0.553727389618D-02 -0.726565266071D-02  0.443968715139D-01  0.181268942978D-01
 -0.163533480718D-01  0.477565163402D-01 -0.257835024028D-02  0.193018597839D-02
  0.603888536755D-02 -0.629721980771D-02  0.127462243015D-02 -0.497905556190D-01
 -0.368002697814D-02  0.959090534570D-02 -0.107894646546D+00 -0.946289184951D-02
  0.780875040940D-01  0.269060810360D+00 -0.394502368442D-02 -0.126633962510D-01
  0.731793815146D-02 -0.429204976527D-01 -0.379561685036D-01 -0.124213866914D-01
 -0.210382454809D-01 -0.242209629934D-01 -0.626420166684D-02 -0.751534548257D-01
  0.306214877541D-01  0.107229368010D-01 -0.169427521630D-01  0.343139878217D-02
  0.118875125865D-01 -0.257033053765D-01  0.990792444988D-03  0.411997982497D-01
 -0.364132726706D-01  0.207322802810D-01  0.169970357619D-01 -0.466017661157D-01
  0.456950612071D-01 -0.604697187023D-02 -0.314188899779D-02  0.395722862681D-01
 -0.371532384392D-02 -0.373649500081D-01 -0.113629035660D-01  0.723655742139D-02
 -0.222647947629D-02  0.898759235330D-02 -0.899539606077D-02 -0.136247220978D-01
 -0.741132066675D-02  0.203902998047D-02  0.452110689428D+00 -0.140622683783D-01
  0.342078977342D-02  0.103391584449D-01  0.280355612980D-01  0.194781502669D-01
  0.689603059358D-03  0.661264081302D-02 -0.206862270176D-01  0.106180947931D-01
  0.274048270819D-01 -0.101461659250D+00 -0.128425191357D-01 -0.313035009212D-01
 -0.407287406930D-01  0.231974165012D-01 -0.703195090389D-02 -0.263547368115D-01
 -0.380872619634D-01  0.783845884242D-02 -0.612890911663D-02 -0.350723864860D-01
 -0.193173152192D-01 -0.199263158850D-01  0.193463189560D-01 -0.738358161004D-02
 -0.141261273495D-01 -0.182264200526D-01  0.184149421148D-01 -0.673031496398D-01
 -0.123272893527D-01  0.983616135715D-02  0.305865958401D-04 -0.147981123680D-01
  0.148650344860D-01 -0.546397519639D-01  0.111854365639D-01 -0.263260781643D-01
  0.457980519334D+00 -0.629367496664D-03 -0.242792603213D-01  0.411047804776D-01
  0.648381180026D-02  0.814895507293D-02 -0.125247519907D-01  0.836674170828D-02
  0.307099742168D-02 -0.396416298080D-01  0.614712189751D-02 -0.643755056097D-02
 -0.107784428836D+00 -0.724247582772D-02 -0.164454707824D-02 -0.392772822285D-01
  0.370836359751D-02 -0.224686434767D-01  0.156736490513D-01 -0.141382892006D-02
 -0.731558412695D-02  0.867283414866D-02  0.124492274798D-01  0.121214527100D-01
 -0.246193843015D-01 -0.137019457184D-01 -0.280410279460D-01  0.778387832785D-01
  0.152085218790D-02 -0.603771123122D-02 -0.489604936708D-01 -0.735650025743D-02
 -0.254273800842D-01  0.278075079233D-01 -0.831383875491D-02  0.175774857547D-01
 -0.973535527506D-01 -0.758676613234D-02  0.675534545869D-01  0.258456852411D+00
 -0.467152436939D-01  0.919033083088D-02  0.263811603458D-01 -0.485840062400D-02
  0.183805688187D-02  0.421091650849D-01 -0.266544732815D-01 -0.212799345206D-01
 -0.754864896520D-02 -0.168118614583D-01 -0.283725741217D-01  0.298534286488D-01
 -0.753820661114D-01 -0.307355592069D-01  0.103759813477D-01 -0.225639781587D-01
  0.234880596771D-01  0.185981717999D-01 -0.210630978499D-01  0.714462298139D-02
 -0.662423157559D-02 -0.341909799469D-01  0.197372385395D-02 -0.827823060787D-02
 -0.844086155000D-02  0.257039983535D-01 -0.550076663920D-02 -0.253392753840D-01
 -0.288818978341D-01 -0.474849957201D-01 -0.300374537659D-01  0.278839504383D-01
 -0.168955920501D-01 -0.331008072010D-02 -0.222553139580D-02 -0.752629147896D-02
 -0.483451711268D-01 -0.172235345330D-01 -0.150118132334D-01  0.433207141540D+00
 -0.274690029868D-01 -0.210875789913D-01 -0.158131707853D-01  0.138131673424D-01
  0.287403137234D-01 -0.165071726648D-01  0.188982405613D-01 -0.289586314451D-01
 -0.479709569493D-01  0.368750296106D-01 -0.338775556894D-01 -0.701005405088D-02
 -0.233401971146D-01 -0.884812116120D-01 -0.794101486324D-02  0.554774399719D-02
  0.112796590356D-01 -0.356423905825D-01 -0.168039141539D-02 -0.420414312213D-01
 -0.132979662392D-01 -0.165655854474D-01 -0.367192477228D-01  0.453536629175D-01
 -0.178353476060D-01 -0.360317897485D-01  0.254909824640D-01  0.176443532090D-01
 -0.395865450959D-01  0.409281508536D-01 -0.106372316658D-01 -0.826221261591D-02
  0.137105569100D-01 -0.535953429137D-02 -0.688758314330D-02 -0.258805719901D-01
  0.156947495226D-01 -0.400600698193D-01  0.186538353838D-01  0.283201234055D-01
  0.428758993322D+00 -0.145609740899D-01 -0.193902835299D-01  0.579513641836D-01
 -0.146546622628D-02 -0.127355911455D-01  0.429943284981D-01  0.653930893128D-02
 -0.523388459779D-02 -0.226696626136D-01  0.750098376665D-02  0.747855868372D-02
 -0.435347650189D-01 -0.115378681794D-01 -0.219937091636D-01 -0.363765493738D-01
 -0.139255216838D-03 -0.725327327277D-02  0.145427579119D-01  0.776548247576D-02
 -0.134631999184D-01 -0.643808125373D-01 -0.369531334410D-02  0.184765027177D-01
 -0.111663440334D+00  0.202364457980D-01 -0.750060103770D-02 -0.344124781713D-01
  0.846256159733D-02 -0.179627474346D-02 -0.302641438668D-01 -0.135720931935D-01
  0.479020160823D-02 -0.162835092251D-03 -0.474633492412D-02 -0.175492991128D-01
  0.395921095762D-01 -0.882519562602D-02  0.214026029133D-01 -0.114267963276D+00
 -0.190053542380D-01  0.467911608778D-01  0.348906305967D+00 -0.194759564622D-01
 -0.268938369672D-01 -0.171927670330D-01 -0.249751201207D-01  0.116915653042D-01
 -0.419478699834D-02 -0.247798946238D-01 -0.106830198924D-01  0.247972142855D-01
 -0.186560834551D-01 -0.215742803673D-02 -0.867315272815D-02 -0.202764694235D-01
  0.176112107635D-01  0.218524316407D-03 -0.227467385713D-02  0.106607841176D-01
 -0.726654549417D-01  0.158012962938D-01 -0.278699802123D-01 -0.321000585255D-01
  0.809582584408D-02  0.385112519708D-02  0.311885374302D-01 -0.318387885605D+00
 -0.471588417500D-01  0.146485275534D-01 -0.344312740768D-01  0.261549979809D-01
 -0.100023633436D-01 -0.450958311812D-01 -0.203336356336D-01  0.170512305558D-01
 -0.435057964499D-01 -0.579197742664D-02 -0.840852563166D-02 -0.148774459868D-01
  0.152535495877D-01  0.375916620727D-03 -0.248072443910D-01 -0.172536658963D-01
  0.177049762779D-01  0.639746704726D+00 -0.144580921175D-01 -0.541235822135D-01
  0.124289867743D-01 -0.222521027430D-01 -0.859936142807D-02 -0.371986610319D-01
  0.100215560683D-01  0.962640547056D-02 -0.220472415868D-01  0.193088022643D-01
  0.133437322067D-01 -0.377328864503D-01  0.252352053734D-01 -0.328318486153D-01
  0.116369575836D-01 -0.649619611389D-02 -0.699032149175D-01  0.328027515892D-01
  0.284599759418D-01 -0.591828939571D-01  0.114581885384D-01 -0.350494179850D-01
 -0.466745044803D-01 -0.674259190231D-02 -0.657639607443D-01 -0.773519419374D-01
 -0.614149363878D-02  0.118318823116D-01  0.157708849672D-01  0.559429680965D-01
 -0.245628315850D-02 -0.430029301390D-01  0.113108436551D-01 -0.521459971686D-01
 -0.364174550076D-01  0.317286667027D-01  0.118664622855D-01  0.266531508238D-02
  0.282663707715D-01  0.584043629738D-01 -0.489939058921D-01 -0.711313508318D-02
  0.692092617366D-01  0.344072596341D+00 -0.102443760154D-02 -0.138760591015D-01
 -0.430212867018D-01 -0.792991306375D-02  0.139895982007D-01 -0.611512124389D-01
  0.124972644206D-01 -0.579002629180D-03 -0.273419222777D-03  0.842546318856D-02
  0.820886328368D-02 -0.300855227911D-01  0.147262737158D-01 -0.116547282430D-01
 -0.829283850530D-02  0.452390998666D-02 -0.747194277837D-02 -0.436099035741D-01
  0.436261723778D-02  0.202961467127D-01 -0.749322211756D-01 -0.758833353418D-02
  0.306524144854D-01 -0.664962943341D-01 -0.418233285358D-01  0.117319482619D-01
 -0.808871376795D-01  0.667551915814D-02 -0.848425498655D-02  0.854319925565D-01
  0.354506805866D-02  0.237680969023D-02 -0.650417037592D-01 -0.314854708488D-01
  0.905451590239D-02 -0.557220964539D-01  0.469414023671D-02  0.275898561135D-02
 -0.160736962484D-02  0.288009306750D-01 -0.260723371025D-01 -0.181354203349D-01
  0.150950708467D-01 -0.788877423449D-02  0.339451889347D+00 -0.270155669017D-01
 -0.252584664450D-01  0.133430127991D-01 -0.786724251998D-03 -0.311466476060D-01
 -0.124793695313D-01  0.143529107686D-01 -0.249076412874D-01 -0.750236011108D-02
 -0.471317004436D-01  0.328862900720D-01  0.116123860353D-01 -0.824300912727D-02
  0.354405858097D-02  0.258890699264D-01 -0.216419535864D-01 -0.472214007702D-02
 -0.301409128170D-02 -0.360619525888D-01  0.371890606511D-01 -0.362437815135D-02
 -0.250743917796D-02  0.567016205308D-01  0.115431742559D-01 -0.508662077754D-01
  0.266899335762D-01  0.930335560757D-02 -0.596137000648D-01  0.435504905344D-01
  0.435645248352D-01  0.489288050549D-02 -0.341850075826D-01 -0.766612658471D-02
 -0.595543274811D-01 -0.328093001648D-01  0.389228148985D-02 -0.444344108876D-01
 -0.530156238622D-02  0.114754083297D-01 -0.289127870415D-01 -0.528972557221D-03
  0.150472441245D-02 -0.283612720320D-01 -0.150539112743D-01 -0.649672470945D-02
  0.438562059809D+00  0.603583468309D-01 -0.252670015764D-01 -0.270021096979D-02
 -0.101038051089D-01 -0.772275978221D-01  0.134971471650D-01 -0.908818011359D-02
 -0.149679055215D-01  0.311792658755D-03  0.111063901466D-01 -0.861377730755D-01
  0.289960269237D-01 -0.418522467455D-01 -0.448673275224D-01  0.104322395429D-01
 -0.119918461358D-01 -0.858585764037D-03 -0.226872799886D-02  0.137475402982D-01
  0.219373703746D-01  0.828522166483D-02  0.566807877012D-02  0.238303651384D-02
  0.929757991723D-03  0.433217940963D-02  0.285032438251D-01  0.717958021344D-02
  0.604821293790D-01 -0.153869036890D+00 -0.453821937807D-01  0.142405031256D-01
 -0.186770701685D-01 -0.205976977791D-01  0.228037903763D-01 -0.245702715580D-01
 -0.481302899666D-01 -0.307750159002D-01 -0.391271221641D-01 -0.217927319529D-01
 -0.317395119384D-01 -0.173946252169D-01  0.115532412344D-01 -0.153339134850D-01
  0.563844315912D-01 -0.194761765594D-01 -0.527610438462D-01  0.432779384926D+00
  0.390664657805D-01 -0.202907599619D-01  0.870512739823D-02 -0.184948009207D-01
 -0.249857158741D-01 -0.213794460092D-01 -0.752917883308D-02  0.318763207867D-01
 -0.471018179512D-01  0.178230321791D-01 -0.193002552660D-01 -0.468328237001D-01
 -0.205624769463D-01 -0.966112440355D-02 -0.145175516456D-01 -0.485596992918D-03
  0.113531413145D-01 -0.242816241552D-01  0.107966227832D-01  0.161061372389D-01
 -0.210104509515D-01 -0.408185450498D-02  0.119161897012D-01  0.374106473308D-02
  0.497242859191D-02  0.788556142316D-02  0.113124568235D-01  0.653938863229D-01
 -0.505162888168D-01 -0.126588253469D+00  0.138194465858D-01  0.603743065479D-03
  0.296207293928D-02  0.555262540619D-02 -0.342189123129D-01  0.322805676710D-01
 -0.261360159511D-01 -0.312530331495D-02 -0.732951774594D-02 -0.113151437466D-01
  0.140220618531D-01 -0.441899149699D-01  0.816619180835D-02 -0.336520912904D-01
  0.699156982037D-01 -0.640892626037D-01  0.558941779835D-01  0.367667225601D+00
 -0.160686290221D-01 -0.126063950279D-01 -0.855593141751D-03 -0.387370688080D-01
 -0.223770273486D-01 -0.879414621652D-02 -0.263290095860D-02  0.224444234353D-01
  0.241115245697D-02 -0.726681676456D-02  0.100681484796D-01  0.368083854241D-02
 -0.316344268268D-01 -0.679765535773D-02  0.344508973012D-02 -0.230011991482D-01
  0.870487705314D-02 -0.263042953424D-01 -0.281237926672D-01  0.123332018689D-01
 -0.105023133088D-01 -0.137146133723D-01 -0.288545022041D-02  0.871943962832D-02
 -0.495097761938D-01 -0.990605191279D-02  0.889539277582D-02 -0.625938344642D-01
 -0.362958915529D-01  0.846393269160D-02 -0.356133318283D-01 -0.115245506558D-01
  0.942335309733D-02 -0.427936096577D-01  0.659807992859D-02  0.122572629047D-01
 -0.193773028775D-01 -0.311383464961D-03  0.107290927192D-01 -0.157741664363D-01
 -0.161234786678D-01  0.783337177894D-02 -0.437388791986D-01 -0.206615476503D-01
 -0.699804923103D-02 -0.426767997231D-01  0.109066049373D-01 -0.128963689588D-01
  0.473257147947D+00  0.262064037421D-01 -0.120978148093D-01 -0.201235782263D-01
 -0.145459917542D-01 -0.529157587741D-01 -0.318019522256D-01 -0.128038654399D-03
 -0.989893523314D-02  0.284848727329D-01  0.216620458773D-01 -0.496231158403D-01
 -0.388369187703D-01 -0.584705351832D-01 -0.991075532954D-02 -0.268751490551D-01
 -0.137561346432D-02 -0.148867171996D-01  0.678160984834D-02  0.175349440895D-02
  0.522369201961D-02  0.178802747862D-01 -0.625354116548D-01 -0.101092913320D-01
 -0.811894509235D-02  0.336478273798D-01 -0.635817945213D-03  0.456059427941D-03
 -0.891390944282D-01 -0.213546596952D+00 -0.120467784054D-01  0.162327125151D-01
  0.101530223198D-01  0.235755504922D-01  0.634660118652D-01 -0.225913913381D-01
  0.885410984675D-02 -0.268762648535D-01 -0.530325513421D-01 -0.119481149230D-01
 -0.234886858460D-01 -0.203965778671D-01  0.353698356998D-02  0.190438046126D-01
  0.352182729292D-01 -0.356600651340D-02  0.261132392813D-01 -0.390231499519D-01
  0.460931178740D-01  0.684340961562D-01  0.458073486646D+00  0.401146953259D-02
 -0.465686930656D-02 -0.249917894695D-01  0.250576028233D-02  0.132061399333D-01
 -0.654612380556D-01  0.122995444164D-02  0.142801224531D-02 -0.468241695685D-01
 -0.379396834081D-02  0.475115515596D-04 -0.274827669916D-01 -0.162468851014D-02
 -0.740899457542D-02  0.159138826964D-01  0.717403348001D-02  0.191642792414D-02
 -0.192274398292D-01 -0.160965318780D-02  0.331050936942D-02 -0.181102927150D-01
 -0.167130728669D-01  0.701888703374D-02  0.407935002347D-01  0.940383233098D-02
  0.892931340803D-02 -0.219951469089D-01  0.147973107893D-01  0.138819383732D-01
 -0.907421900196D-01  0.210866935640D-01  0.238869547933D-01 -0.457932930593D-01
  0.933665481591D-02 -0.239981257301D-01 -0.859152039249D-02 -0.221036913465D-01
 -0.326117787567D-01  0.638119669425D-01 -0.109277696471D-01 -0.881477603209D-02
  0.160711194521D-01  0.239909195070D-01 -0.370588584932D-01  0.544568464889D-01
 -0.272556247183D-01  0.232688436290D-01 -0.143352812772D+00 -0.950816012612D-02
  0.176548646331D-01  0.321525343966D+00
$end
