$vibrational normal modes
 1  1  -0.1525250004  -0.0156328268  -0.0551973172  -0.0171383530   0.1615915770
 1  2  -0.0196935174  -0.0136567606   0.0109010950   0.0314304169   0.1128134265
 1  3   0.1511333680  -0.0398158467  -0.0344029078   0.0125369557   0.0155545965
 1  4  -0.0130421086   0.0167767537  -0.1290891169   0.0087124312  -0.1475658089
 1  5   0.0374475642   0.0151580616  -0.1043110581   0.0126348007  -0.0164001059
 1  6  -0.0008770713  -0.0763271460  -0.1219005426  -0.0636126631  -0.0248215497
 1  7  -0.0038560501  -0.0053892358   0.0406357283  -0.0052486042   0.0431076739
 1  8  -0.0527672060  -0.0471660713   0.1194989346   0.1327653613  -0.0658821550
 1  9  -0.0814224758   0.0695813584   0.1694503144   0.0082283598   0.0055075983
 1 10   0.0039164088   0.0329569674   0.0002661157   0.0379703849  -0.0548731444
 1 11  -0.0540480452   0.0052610490   0.0254038711   0.0219775534   0.0317795113
 1 12   0.0350588959   0.0097597139   0.0669569680  -0.0528618168   0.0129213995
 1 13  -0.0291931795  -0.0003290781  -0.0002067738  -0.0414107117  -0.0038369732
 1 14   0.0036624846   0.0034773343  -0.0015841551   0.0176304708   0.0000029640
 1 15   0.0000068759  -0.0000144234  -0.0001780593  -0.0000299636   0.0000427961
 2  1  -0.1155635321   0.0046991762  -0.2302651853  -0.0999154018  -0.0363758614
 2  2   0.0061085129  -0.0670010775   0.0432964932   0.0299247114   0.1692170916
 2  3   0.1667903253  -0.1240257579   0.0494594060  -0.0417327521   0.0079581146
 2  4  -0.0016117100   0.0248678453   0.0600685874  -0.0285238362   0.1241845330
 2  5  -0.0325121579  -0.0584929830   0.0733363308   0.0081980780   0.0444006172
 2  6   0.0057741687   0.0701409999   0.0731265878   0.0405127672   0.0709293425
 2  7   0.1103254191  -0.0392017936  -0.0391618965  -0.0569230362  -0.0312670542
 2  8  -0.0533786454  -0.0847851402  -0.0586422076   0.0255600831   0.0933053114
 2  9  -0.0011972966   0.0129633459   0.0233513302  -0.0227615105  -0.0052951943
 2 10  -0.0039703057   0.0236299098   0.0018039872   0.0249680701  -0.0026130181
 2 11  -0.0323164154   0.0028029279  -0.0080889127  -0.0035343253  -0.0056231050
 2 12   0.0000241327  -0.0083703479  -0.0592972895   0.0843728454  -0.0094667010
 2 13   0.0231665060   0.0002615532  -0.0000741657  -0.0304770908  -0.0015013856
 2 14  -0.0006615358  -0.0016527555   0.0011667452   0.0828215318  -0.0000061759
 2 15  -0.0000032152   0.0000237175   0.0021989579   0.0000453248  -0.0000849704
 3  1  -0.0256205233  -0.3013962495   0.0309992074   0.0602600671  -0.0499780219
 3  2   0.0249418213   0.1069725910  -0.0075239723   0.0261197563  -0.0542722713
 3  3  -0.0090436844   0.0179100719  -0.0192340609   0.0090718931   0.0002270316
 3  4   0.0056378721   0.0656506764  -0.0830232684  -0.0660560519   0.0361851852
 3  5  -0.0513316333  -0.0879288449   0.1293927259  -0.0023658946  -0.0170205458
 3  6  -0.0022482547   0.0831282828   0.0623991721   0.0451512750   0.0229016096
 3  7   0.0114131781   0.0072119218   0.0124924256  -0.0449374851  -0.1033890798
 3  8   0.0046416869   0.0984873428   0.0888170263   0.2656530951  -0.0619296966
 3  9   0.0279878623  -0.0002906305  -0.0991794959   0.0434197600   0.0213664875
 3 10  -0.0053305136   0.0171348793  -0.0002958363   0.0041641124  -0.0180440851
 3 11  -0.0301928773   0.0134340805   0.0290565789   0.0146883837   0.0358067579
 3 12   0.0387379347   0.0136510981   0.0080396824   0.0149632941   0.0024530524
 3 13   0.0736652887   0.0000013154  -0.0001137452   0.0536490027   0.0066847946
 3 14  -0.0082022060  -0.0073575661   0.0034598396   0.0215367125   0.0000129539
 3 15  -0.0000106627  -0.0000009863   0.0011739117   0.0000457606  -0.0000735221
 4  1  -0.1412398538   0.0000938449  -0.0174247789   0.0050552121   0.1385679975
 4  2  -0.0501488221  -0.0041556843   0.0211807825   0.0312753444   0.0581951707
 4  3   0.0350804283   0.0218382657  -0.0444472813   0.0350464025   0.0056648620
 4  4  -0.0074104747  -0.0366224209  -0.0137531943   0.0077601386  -0.1706904640
 4  5   0.0050049582   0.1092094639  -0.0689394553   0.0042590134   0.0506743326
 4  6   0.0170922362  -0.0991447022   0.0104056795  -0.0039501705   0.0336583045
 4  7   0.0627528292  -0.0080967074   0.1016427000  -0.1075871222  -0.0805801318
 4  8   0.0326631127   0.0703217368  -0.0174034678  -0.0255058029  -0.0302704300
 4  9   0.1444883512   0.0323319657  -0.2094009787  -0.0113883120  -0.0155001672
 4 10  -0.0097956416  -0.0651017864   0.0040179460  -0.0053707064  -0.0934352506
 4 11   0.0008034911   0.0243795994  -0.0189271165  -0.0074852372  -0.0264560730
 4 12  -0.0617694578  -0.0532532420  -0.0204372618   0.0517985621  -0.0172312454
 4 13  -0.0057183227   0.0007532699  -0.0000238304   0.0074558459  -0.0153739361
 4 14   0.0303624576   0.0163548163  -0.0087098503   0.0042897324   0.0000101297
 4 15   0.0000012538   0.0000720209   0.0001186841  -0.0000582668   0.0000079918
 5  1  -0.0764156969  -0.0032212169  -0.1620677536  -0.0277313058  -0.0796263975
 5  2  -0.0560037895  -0.0215222140   0.0947185443   0.0403130216   0.0326941282
 5  3  -0.0339821270   0.0281991512  -0.0129552289   0.0300311583  -0.0058270358
 5  4   0.0077180869  -0.0242279757   0.1175049381  -0.0839274480  -0.0912173156
 5  5  -0.1121343138   0.0623602303   0.1903579526   0.0069586651   0.0320818921
 5  6   0.0226766990   0.0347578689   0.0000655560   0.0231420352   0.0562987116
 5  7   0.0702191820  -0.0125222664  -0.0054438654   0.0804710894   0.0142654796
 5  8   0.0331641316   0.0662487923   0.0313899513  -0.0949598825  -0.1529501249
 5  9  -0.0537749620   0.0121192107   0.0929767746   0.0386468017   0.0094667669
 5 10   0.0408980749  -0.0863104896  -0.0014438995  -0.0349286422  -0.0189986976
 5 11   0.0612674616  -0.0198863147   0.0301160857  -0.0005097045   0.0300768996
 5 12   0.0195235053   0.0770521465  -0.0375827601  -0.0732523939   0.0003278834
 5 13   0.0128722646  -0.0004300232   0.0003196434   0.0064704385  -0.0161589174
 5 14   0.0335499023   0.0181575762  -0.0088197729   0.0049804391   0.0000361072
 5 15   0.0000113007   0.0000619258  -0.0003911466  -0.0000294312  -0.0003127729
 6  1  -0.0646087837  -0.1901184639   0.0670629226  -0.0036785765  -0.0675013622
 6  2   0.0147538217   0.0519586315  -0.1074479015  -0.0105940785   0.0659447294
 6  3  -0.1221350794  -0.0073516689   0.0208136176  -0.0349559294  -0.0008367517
 6  4   0.0145277053   0.0320275130   0.0118229400  -0.0275632483   0.1255442201
 6  5  -0.0184317273  -0.0334748715  -0.0387688281  -0.0293456689   0.1228525377
 6  6   0.0176441687  -0.0614160344   0.0378048703  -0.0327071722  -0.0428570743
 6  7  -0.0006550617  -0.0039562652   0.2234528811  -0.1373648707   0.0739870743
 6  8  -0.0293282701  -0.0949453484   0.0641060296  -0.1023728349  -0.0663097493
 6  9   0.0723367081   0.1587610258   0.0808241680  -0.0080857600  -0.0148347772
 6 10  -0.0080665165   0.0336104693   0.0002754996  -0.0033359077  -0.0234997981
 6 11   0.0543844825  -0.0303005962  -0.0100494017   0.0006271414  -0.0155192502
 6 12  -0.0420766562   0.0280782193  -0.0433238727  -0.0297657197  -0.0004317459
 6 13   0.0085934107  -0.0004156104   0.0000868987  -0.0097924942   0.0216775052
 6 14  -0.0452932680  -0.0253575744   0.0110050641  -0.0049122062  -0.0000859086
 6 15   0.0000031807  -0.0000058611  -0.0002910933  -0.0002481038   0.0000271114
 7  1  -0.1053695189   0.0226287966   0.0648161483   0.0576664675   0.0910420458
 7  2  -0.1232117965   0.0137500924   0.0134935909   0.0298782323  -0.0260154166
 7  3  -0.0012601665   0.0266267525  -0.0251139378   0.0426894183   0.0050067525
 7  4  -0.0034515070  -0.0507305368   0.0780824966  -0.0193947154  -0.0940764444
 7  5  -0.0331381893  -0.0302351340  -0.1102890482  -0.0235112427   0.1220061263
 7  6   0.0053849809   0.2127130981   0.1053208425   0.0355042832  -0.0780572435
 7  7  -0.0557817631  -0.0211193992  -0.0250032772  -0.1267152441  -0.1079867070
 7  8  -0.0067327627   0.0457712550  -0.2321900990   0.0420951589   0.0005971082
 7  9  -0.0104737774   0.0485500278   0.0767059667   0.0142203499   0.0279564678
 7 10   0.0209234577   0.0182026189   0.0238333388   0.0542227069   0.0060008914
 7 11   0.0353542834  -0.0428948031  -0.0345168794   0.0276828000   0.0060224824
 7 12   0.0434820084   0.0582280915   0.0214671101   0.0213732187   0.0166991588
 7 13   0.0028674493  -0.0003902613  -0.0014761082   0.0022909745   0.0040034584
 7 14  -0.0247962819   0.0417693493  -0.0162941667   0.0016808968   0.0000462440
 7 15  -0.0000307769   0.0000618473  -0.0002927834  -0.0000003132   0.0000882260
 8  1  -0.0937229162  -0.0094976341  -0.1600454032   0.0046932514  -0.0941268351
 8  2  -0.0406963082   0.0109065384   0.0774371744   0.0427258352   0.0456408592
 8  3  -0.0421398872   0.0639162435  -0.0236496033   0.0230329839  -0.0022954006
 8  4   0.0112115922  -0.0344436909   0.1121768878  -0.0636977481  -0.0809717290
 8  5  -0.0892536760   0.0647987292   0.1364010410   0.0036399670  -0.0554899232
 8  6  -0.0013810950   0.0138826811  -0.0242755045  -0.0081761515  -0.0659556923
 8  7  -0.1204225288   0.0442559309   0.0372781739  -0.0227409696   0.1572115569
 8  8   0.0222881339  -0.1017788274   0.0421513168   0.0657375039   0.1184632262
 8  9  -0.0200098658   0.0236494413  -0.0309677056   0.0009777892  -0.0097852893
 8 10  -0.0441240188   0.0518943981  -0.0074603487  -0.0625384710  -0.0133996840
 8 11   0.0686038430   0.0174606965   0.0540378514   0.0304049022   0.0316916585
 8 12  -0.0231098733  -0.0621904134   0.0695121213   0.0844060225   0.0228060395
 8 13  -0.0131957587  -0.0027791755  -0.0016310811   0.0012728149   0.0035005842
 8 14  -0.0189611273   0.0313445995  -0.0124474112   0.0005751961   0.0000964441
 8 15   0.0000792016  -0.0003331617  -0.0002690225  -0.0000448649   0.0015997455
 9  1  -0.0010091828  -0.1689882530   0.0420846059  -0.1471538951   0.0015334101
 9  2  -0.0331053554  -0.0978559130  -0.0572843339  -0.0068863199   0.0327701680
 9  3  -0.0795083814  -0.0654848499   0.0492774412  -0.0141631521  -0.0271794618
 9  4  -0.0094062260  -0.0209021554   0.0210238292   0.0138580690   0.0290228392
 9  5  -0.0811742482  -0.0110255674  -0.1316415183   0.0117713518  -0.1287725325
 9  6  -0.0275234721  -0.0674482677  -0.0533760490  -0.0118367548   0.0393686027
 9  7   0.0367982404  -0.0136274749  -0.0163207363  -0.0447119452   0.2742572357
 9  8   0.1957805186   0.0963763797  -0.1474500819   0.0501652438  -0.0642179575
 9  9  -0.1154980160   0.0781183004  -0.0218660509   0.0106365727  -0.0136005275
 9 10   0.0447051666  -0.0202507917  -0.0177550012  -0.0032718102   0.0153596895
 9 11  -0.0104717298  -0.0031219155  -0.0293066123   0.0429973627   0.0126166339
 9 12   0.0181571881  -0.0163233872   0.0475213210   0.0625374507   0.0186214493
 9 13  -0.0053239127  -0.0008497408  -0.0012750880  -0.0023502628  -0.0042485292
 9 14   0.0249768797  -0.0435615826   0.0170924035  -0.0015806576  -0.0000452160
 9 15  -0.0000720374   0.0000316025  -0.0012523571   0.0000030513  -0.0007534561
10  1  -0.0773308219   0.0149343327   0.0942337221   0.0822592474   0.0775447382
10  2  -0.1584360092  -0.0211102346  -0.0140327439   0.0296577672  -0.0359379664
10  3   0.0349966799   0.0317126389  -0.0035459584   0.0136687101   0.0180274406
10  4   0.0005320981  -0.0461494927   0.0558620599   0.0065364618   0.0009138225
10  5   0.0357885787  -0.1042458267  -0.0544245646  -0.0143514332   0.0925938124
10  6   0.0043816121   0.1914032646   0.1062799241  -0.0785316540  -0.0185881148
10  7   0.0667329736  -0.0460833290  -0.0638284807   0.0283994217   0.2432177390
10  8   0.0769298766  -0.0033437601   0.1573371649  -0.0102813928   0.0203854360
10  9  -0.0477077578   0.0014272717  -0.0478126531  -0.0086396943  -0.0044477987
10 10  -0.0603032766  -0.0070681717   0.0034398016  -0.0070545775  -0.0009036303
10 11   0.0043863427   0.0272914775  -0.0394837613   0.0867277732   0.0223945712
10 12   0.0150915900  -0.0860109759  -0.0612787767  -0.0680203064  -0.0789609752
10 13   0.0037414587   0.0043489696   0.0145816133   0.0000586579   0.0016163925
10 14   0.0005122364   0.0007610384  -0.0006660855   0.0001384185  -0.0000829657
10 15  -0.0002382384  -0.0015716988   0.0000851930   0.0001336819   0.0000391170
11  1  -0.0411323785  -0.0117729268  -0.0959527257   0.0466255041  -0.1234666195
11  2  -0.1137409505  -0.0391379832   0.0380756649   0.0295107869   0.0255878023
11  3  -0.0119444627   0.1061089278   0.0210300250   0.0292118119  -0.0082830984
11  4   0.0384995528   0.0456665223   0.0456828272  -0.0455011802   0.0320308023
11  5   0.0497694321  -0.0303655972  -0.0325822086   0.0193494320  -0.1652772612
11  6  -0.0236603692  -0.0597280593   0.0170698441  -0.1815686362  -0.1026906049
11  7   0.0013163390  -0.0099987387  -0.0956253663  -0.1069786776  -0.0317424612
11  8  -0.1879527470  -0.0694650200  -0.0098575245  -0.0304239978  -0.1055929154
11  9  -0.0919496680  -0.0856923139  -0.0804285061   0.0015869741  -0.0327113424
11 10  -0.0367166364  -0.0212789242  -0.0246910198  -0.0309406102  -0.0231362095
11 11  -0.0465466708  -0.0185255416  -0.0906434965   0.0169712833  -0.0453567036
11 12   0.0259932150   0.0583729204  -0.0006580540  -0.0002521515  -0.0040434102
11 13   0.0035201954   0.0051339226  -0.0402434385   0.0003660720  -0.0042169025
11 14  -0.0021426334   0.0002437960  -0.0000439389  -0.0000464984  -0.0002269411
11 15  -0.0002294096   0.0010118108   0.0000274708   0.0000234889  -0.0002170269
12  1  -0.0387723086  -0.0557273685   0.0779304201  -0.2157833319  -0.0143455109
12  2  -0.0447167378   0.0594293975  -0.0077573369  -0.0709654412   0.0045710229
12  3  -0.0153626801  -0.0897359859   0.0140510846   0.0370949797  -0.0233627217
12  4  -0.0205021308  -0.0006704579   0.0264545713   0.0390437219  -0.0040690673
12  5   0.0035162154   0.0617881676   0.1157478311   0.0177401817  -0.1192380545
12  6  -0.0025018323   0.0089014034   0.0246849887  -0.2072875222  -0.1079973146
12  7   0.0063791824  -0.1248480510  -0.0707111626  -0.0484626869  -0.0744632562
12  8   0.0352526100   0.1346516633   0.0270660393  -0.0126389194   0.0690809663
12  9   0.1717279475   0.0209210377   0.0916785909  -0.0060366407   0.0582761415
12 10   0.0015048824   0.0025800364   0.0077634377  -0.0201365293  -0.0052984555
12 11   0.0002069593  -0.0118230343   0.0190392591  -0.0255483979   0.0393853531
12 12  -0.0087733993  -0.0572874784  -0.0315558270  -0.0290375891   0.0052669829
12 13  -0.0001992455  -0.0000941808  -0.0699558967   0.0003280045  -0.0094224511
12 14  -0.0029745042  -0.0019750608   0.0022365632  -0.0000307567   0.0000885822
12 15  -0.0001592410  -0.0013032553  -0.0000106205  -0.0000062004  -0.0002714923
13  1  -0.1016033319  -0.0008063981   0.0379057539   0.0463372793   0.1101640116
13  2  -0.1085708194   0.0015772911   0.0119326828   0.0623491420  -0.0231806686
13  3   0.0453756700   0.1073133158  -0.0098863666   0.0159665247  -0.0093322210
13  4   0.0022108013  -0.0594985504   0.0609161372   0.0409358749   0.1022086074
13  5  -0.0233138859  -0.0894422892   0.0439754122   0.0007894888  -0.0199348157
13  6  -0.0146575270  -0.0103920002  -0.0608979296  -0.1514389002   0.0847101036
13  7  -0.0207276456   0.0330601270   0.0099415954   0.0037135007   0.0891832894
13  8   0.0445930461  -0.0654067367  -0.0367653708   0.0572015432  -0.0599479825
13  9   0.2294181125  -0.2033531562   0.0672720777  -0.0128280306   0.0102008536
13 10   0.0481254545   0.0098693303  -0.0225650682   0.0336076669   0.0062207333
13 11   0.0168670018   0.1267300846   0.0098127597  -0.0098052848  -0.0181556238
13 12  -0.0407474971   0.0599387801   0.0058073664   0.0127515755   0.0578174495
13 13  -0.0005827135  -0.0146788242  -0.0001095216  -0.0002915987   0.0085884699
13 14   0.0036149015   0.0003200684  -0.0015395951   0.0001027534   0.0001854972
13 15   0.0004582592   0.0003430945  -0.0000303536  -0.0001598391   0.0000286054
14  1   0.0090778041  -0.0102719838  -0.0468470241   0.0624906747  -0.1388480438
14  2  -0.1789142552  -0.0557795598   0.0013589126  -0.0313594902   0.0164695871
14  3  -0.0038031556   0.0300644487   0.0159813380   0.0182042093   0.0075227454
14  4   0.0211094417   0.0588336489  -0.0362075926  -0.0078209545   0.0064790082
14  5   0.0580787812   0.0373553547  -0.0853324566   0.0086918938  -0.0483351933
14  6   0.0012610114   0.0753064864   0.0551516095  -0.2395054113   0.0802444274
14  7   0.0321743387   0.1506207818   0.0567201825   0.0462215775  -0.1039682520
14  8   0.0138440499   0.1056096211  -0.0190749195  -0.0228428942   0.0759248277
14  9  -0.0319919233   0.1615216095   0.0177369527  -0.0048522025   0.0266305546
14 10   0.0188898023   0.0069354317  -0.0110684428   0.0228352002   0.0234696279
14 11   0.0171714836   0.0178064478   0.0869210268   0.0355396852  -0.0351524180
14 12  -0.0268349979   0.0288131830   0.0312801774   0.0169984300  -0.1054529949
14 13  -0.0015710797  -0.0124836150  -0.0070394526  -0.0017345142   0.0420917812
14 14   0.0170837006   0.0016221593  -0.0106648997   0.0003710961   0.0019292615
14 15   0.0005149257  -0.0006302133  -0.0000747140   0.0000447909   0.0000945416
15  1  -0.1327432768   0.0081284359   0.1307182912  -0.1200393498  -0.0973696684
15  2  -0.0042536316  -0.0092875210   0.0033137980   0.0903301932  -0.0042765382
15  3  -0.0208715728  -0.0642625030  -0.0162026649   0.0734676889  -0.0098881626
15  4  -0.0043890032   0.0070043026   0.0588400714   0.0226931480  -0.0501209031
15  5   0.1875086878  -0.0686309880   0.1042298684   0.0173057800  -0.0749336409
15  6  -0.0247436016  -0.0213688288   0.0993204675   0.0917676052  -0.0624220371
15  7   0.0300484202  -0.0673689154   0.1532600052   0.1238646391   0.0172516266
15  8  -0.0361981281  -0.0507405316  -0.0748469291   0.0441202355  -0.0196333398
15  9  -0.0269016085  -0.0456942703  -0.0235577715   0.0008141089  -0.0199018073
15 10   0.0486908526   0.0173922298   0.0699014731  -0.0037098286   0.0081472687
15 11  -0.0048734206   0.0318551784   0.0503733064   0.0581095704  -0.0537114679
15 12  -0.0244637475   0.0385093738   0.0193387969   0.0102556381  -0.0798083438
15 13  -0.0004325571   0.0142246277   0.0079776898   0.0023724244  -0.0600702482
15 14  -0.0242807787  -0.0029075263   0.0148026032  -0.0005233806  -0.0021309218
15 15   0.0007269469   0.0004253020   0.0000265340   0.0001762398   0.0000259570
16  1  -0.0777545445  -0.0851738461  -0.0442856804   0.0164221132   0.1714110660
16  2  -0.0712324103   0.0261267058   0.0112727523   0.0214306360   0.0104056284
16  3  -0.0249552733   0.0616929056  -0.0081583111   0.0344501560  -0.0176594378
16  4   0.0066109130   0.0039456093   0.0000186232   0.0530493443   0.1125225462
16  5   0.0127426132   0.1090924225   0.0248110933   0.0072921145  -0.0007023112
16  6   0.0042699911  -0.1005552578   0.1615664665  -0.0106320351  -0.0063882694
16  7  -0.0314694030  -0.0142070222  -0.1236362652   0.1174499689  -0.1455331934
16  8   0.1946966338  -0.2262754039  -0.0346148410   0.0231580911  -0.0650136799
16  9   0.0469770251   0.2165145874  -0.0192915612   0.0224757956  -0.0193375236
16 10  -0.0131811541  -0.0040543073   0.0170880205  -0.0101824835   0.0111072009
16 11   0.0011976477  -0.0015254217   0.0002475893  -0.0150283250  -0.0190066180
16 12   0.0679234127  -0.0280225761   0.0041552072  -0.0015746464  -0.0294441760
16 13   0.0008326231  -0.0028631797  -0.0000177595   0.0000451536   0.0022314918
16 14   0.0023919782   0.0066302695   0.0135502736  -0.0000757569  -0.0001396423
16 15   0.0000740845   0.0001184642   0.0001587933   0.0003558957   0.0000400084
17  1   0.0451402338   0.0118158633  -0.0807059883  -0.0643542799  -0.0776536827
17  2  -0.1996122217   0.0108907490  -0.0145941260   0.0823910502  -0.0205320122
17  3  -0.0387636760  -0.0131362920   0.0208893821   0.0564778216  -0.0102427980
17  4   0.0035029418   0.0630626746  -0.0528381894   0.0714924155   0.0181071144
17  5   0.0368166934   0.0409975462   0.0056008522   0.0001811869   0.0344869819
17  6   0.0030637817   0.0999344383  -0.1698633157   0.0026915379  -0.0058750319
17  7   0.0161403045  -0.0114856707   0.0953074848  -0.0764218768  -0.1736941076
17  8   0.2672499882  -0.0840437815   0.0423974353  -0.0169656439   0.0152330589
17  9  -0.1566559618  -0.1463978460  -0.0100979336  -0.0157037206   0.0230467505
17 10  -0.0027966016   0.0016062945   0.0255096547  -0.0091619963  -0.0055852038
17 11  -0.0087790325  -0.0011868732   0.0114020397   0.0410438680  -0.0335258954
17 12   0.0037596191  -0.0231092858  -0.0387066952  -0.0208467874   0.1263174937
17 13   0.0007203098  -0.0044033936   0.0010934675   0.0001725117  -0.0041614214
17 14  -0.0032240954  -0.0143406051  -0.0326727841   0.0000968919   0.0000877533
17 15  -0.0003578686   0.0001412772  -0.0000829060  -0.0002139676   0.0000102902
18  1  -0.1533936181  -0.0325302517   0.1331830448  -0.0321305364  -0.1265309011
18  2   0.0220394583  -0.0466330561   0.0043065907  -0.0025424684   0.0416812111
18  3  -0.0179238838  -0.0307676899  -0.0000952481   0.0588395760  -0.0057171055
18  4   0.0005776600   0.0055969560   0.0542443327  -0.0102541650  -0.0659372448
18  5   0.1829811448  -0.0411933925   0.0310576813   0.0075726969   0.0122385699
18  6  -0.0183592712  -0.0790713357   0.0769670023   0.1038012575   0.1268157220
18  7  -0.0735389246   0.0584930638  -0.1588581418  -0.1019670682   0.0005289212
18  8   0.0442308540   0.0284714743   0.0590366071  -0.0356247653   0.0173315003
18  9   0.0415821371   0.0271157953   0.0400045319   0.0211663678  -0.0211404952
18 10  -0.0326326073  -0.0142241573  -0.0661639695   0.0188720568   0.0103870131
18 11  -0.0141044300  -0.0496768838   0.0393248159   0.0609259611  -0.0288451968
18 12  -0.0226200795  -0.0008650372  -0.0284138682  -0.0220338855   0.0986557180
18 13   0.0003384900  -0.0068720773  -0.0001359033  -0.0008468521   0.0116134156
18 14   0.0066759904   0.0289676500   0.0670870306  -0.0003801834   0.0001772169
18 15  -0.0000024442  -0.0000492525  -0.0000653308  -0.0018697238  -0.0000719083
19  1  -0.0876256487  -0.0886020428  -0.0630969736   0.0037554990   0.1818980691
19  2  -0.0535244724   0.0031657592   0.0554803928   0.0146021568  -0.0138115551
19  3  -0.0342335448   0.0326481905  -0.0180095216   0.0147471560  -0.0168648676
19  4  -0.0050135594  -0.0046191427  -0.0547098728   0.0187490756   0.0583817917
19  5  -0.0242520017   0.0682825413   0.0070974709  -0.0015798087   0.0041891831
19  6   0.0007343545  -0.1531638482   0.3191302107   0.0349172883  -0.0077496805
19  7   0.0047301308   0.0332410632   0.0560793766  -0.0298358618   0.0250781296
19  8  -0.0256903680   0.1118674357   0.0333465396  -0.0410543289   0.0711841539
19  9  -0.1364745077  -0.1961791550   0.0554190365  -0.0183250207   0.0145394054
19 10   0.0028629603   0.0063689717  -0.0097816491  -0.0014755046   0.0194913568
19 11   0.0094745691   0.0010897294   0.0050711329  -0.0153181091  -0.0143190723
19 12   0.0236567450  -0.0046306550   0.0030170709  -0.0022883972   0.0049537096
19 13  -0.0013929819   0.0009705531   0.0000002075  -0.0006180592   0.0011579493
19 14  -0.0008772359   0.0002327014   0.0021668432  -0.0002907145   0.0000200493
19 15   0.0000282663  -0.0001323368  -0.0002680379   0.0003457103  -0.0000656338
20  1  -0.0009523225   0.0165329186  -0.1458385731  -0.1190214743  -0.0425764640
20  2  -0.1322087646  -0.1074546392   0.1927936678   0.0180903208  -0.1244706208
20  3  -0.1337948829  -0.1019996689   0.0406550606   0.0328385502  -0.0297900058
20  4  -0.0426565836   0.0095460828  -0.0919489066  -0.0309061299  -0.0574704106
20  5  -0.0271411488  -0.1671379082  -0.0270746147  -0.0421996558   0.1853891734
20  6   0.0170158776  -0.1499523395  -0.0186806717  -0.0600572408  -0.0093176639
20  7  -0.0154306173  -0.0061672927  -0.0441141688   0.0341076349  -0.0101713675
20  8  -0.0378472459  -0.0171535315  -0.0051683125   0.0243821858   0.0043709388
20  9   0.0499858739   0.0170076492  -0.0198275871  -0.0051831465  -0.0069140897
20 10  -0.0060288796   0.0095427756   0.0022520855   0.0017582628   0.0119620086
20 11  -0.0142922502   0.0060667006  -0.0038107679  -0.0005875039   0.0110892473
20 12  -0.0065759977   0.0002492468   0.0080000546   0.0053972946  -0.0110746745
20 13  -0.0007718720   0.0004936916   0.0000035921   0.0001416832  -0.0002350936
20 14  -0.0000682904  -0.0000072693   0.0000800803  -0.0002547744   0.0000013654
20 15   0.0000263870  -0.0000025910   0.0002007888   0.0001492496  -0.0000021615
21  1  -0.1036128403  -0.1383301567   0.0931967094   0.0051475841  -0.0969150370
21  2   0.0235039628   0.0521893803  -0.1376673339   0.0030643208   0.1251171418
21  3  -0.0706308862   0.0011005220  -0.0004542465  -0.0144801578   0.0114598888
21  4   0.0304562199   0.0168617324   0.0989094733  -0.0399763715   0.0158123639
21  5   0.0428223460   0.0776700648  -0.0726287405  -0.0233031262   0.2068238056
21  6   0.0347564454  -0.0829986719  -0.1373130316  -0.0687092091  -0.0192051492
21  7  -0.0010583900  -0.0112616138  -0.0987269229   0.1070726476  -0.0266045633
21  8  -0.0141687099   0.0390944926  -0.0260237847   0.0618677665   0.0435898877
21  9  -0.0707928261  -0.1362713301  -0.0108236641  -0.0036747794   0.0201803211
21 10   0.0133982615  -0.0020306998   0.0003174285   0.0064340302  -0.0330347764
21 11   0.0166590197   0.0216413356  -0.0052192295  -0.0347086414  -0.0198265616
21 12   0.0240464216  -0.0164350728   0.0072680984   0.0115820721  -0.0231929648
21 13  -0.0022152815   0.0017430951   0.0001032604  -0.0005078627   0.0003532708
21 14  -0.0009213357  -0.0000694730   0.0000108465  -0.0001761417   0.0000018986
21 15  -0.0000232830   0.0000022537   0.0000384954   0.0001321143  -0.0000236761
22  1  -0.1242409943  -0.0729753643  -0.0938276036  -0.0247160027   0.1943106839
22  2  -0.0123498643  -0.0768103420   0.2031291573  -0.0415629108  -0.0920399546
22  3  -0.1175170042  -0.0273175605  -0.0248111307  -0.0281005433   0.0065504587
22  4   0.0299238646   0.0458585504   0.0009407344  -0.0187596747   0.1284619374
22  5   0.1403546764   0.1538172625  -0.0094275447   0.0166882240  -0.0082238331
22  6   0.0114520572   0.1424343325  -0.1728237481   0.0716616904  -0.0043497533
22  7   0.0019178942  -0.0081370510   0.0010411649   0.0149855893   0.0838573979
22  8  -0.1173317987   0.0400742338  -0.0177546899   0.0109657078  -0.0063848174
22  9   0.0343784965   0.0311263235  -0.0116412479  -0.0075537697   0.0170061138
22 10  -0.0056004577  -0.0042000729  -0.0211093595   0.0062921678  -0.0041377902
22 11   0.0002305678  -0.0070652835   0.0120237390   0.0144803397  -0.0121074233
22 12  -0.0073511723  -0.0011145534  -0.0060301658  -0.0029357084   0.0178482476
22 13  -0.0000540543   0.0005473109  -0.0000444260  -0.0000754788   0.0000216413
22 14  -0.0004004529  -0.0005323097  -0.0006592695  -0.0000299892   0.0000071510
22 15   0.0000101919  -0.0000702932  -0.0000531446   0.0077469066   0.0002256602
23  1   0.0697170501   0.0073544620  -0.0395732519  -0.0223996071  -0.1030491552
23  2  -0.2379709580   0.0701997938  -0.1386555132   0.1167429727   0.0476679475
23  3   0.0347608740   0.0583737786   0.0294624630   0.1042656210  -0.0299353653
23  4  -0.0127632429   0.0434040125  -0.0840303561   0.1453737812   0.0403893000
23  5  -0.0494987936   0.0788134867   0.0339220700  -0.0031989289   0.0482073096
23  6   0.0087340714   0.0105953810  -0.0344279700   0.1357642970   0.0029555987
23  7  -0.0133574665  -0.0034827373  -0.0455757112   0.0130012611   0.1317717635
23  8  -0.1783354664   0.0681475103  -0.0135155460   0.0060252342  -0.0045848578
23  9   0.0706107423   0.0547043234   0.0014172496   0.0089311616  -0.0158278073
23 10   0.0009902935  -0.0007517828  -0.0026669946   0.0006611491  -0.0036522994
23 11   0.0044108773  -0.0020573718   0.0041706017  -0.0020886350  -0.0136800185
23 12   0.0143963620  -0.0084968753  -0.0009397407  -0.0006012367  -0.0028841844
23 13  -0.0001644831   0.0011042105  -0.0000811527   0.0000106509  -0.0003535501
23 14  -0.0003163670  -0.0004905983  -0.0009049464  -0.0000549902   0.0000304556
23 15  -0.0000023389  -0.0000947599   0.0000719798  -0.0373608621  -0.0011695849
24  1  -0.2386570712   0.0079170460   0.1781577496   0.0761278694  -0.2053532407
24  2   0.0643185034  -0.2072247374   0.1800463494  -0.1698601223  -0.0043752727
24  3   0.0670803903   0.0797897968   0.0406544180   0.0589785319  -0.0243482107
24  4  -0.0307049251  -0.0166728359  -0.1049146384   0.0478495258   0.0654377654
24  5  -0.0691192284   0.0713152205   0.0098241659  -0.0021438966   0.0247316891
24  6   0.0076881734   0.0230213783  -0.0420722668   0.0336631508  -0.0137257255
24  7   0.0032205587  -0.0076719896   0.0098068440  -0.0212939259  -0.0222034608
24  8   0.0466511266  -0.0142626057   0.0139806707  -0.0063774164   0.0026077459
24  9  -0.0226470149  -0.0327109415   0.0068706583   0.0061958490  -0.0169946291
24 10   0.0050867339   0.0048925849   0.0256864528  -0.0092866062   0.0003132946
24 11  -0.0010730194   0.0085260906  -0.0281523256  -0.0242402215   0.0332715375
24 12  -0.0056002838   0.0091468662   0.0116559148   0.0060589246  -0.0362666058
24 13   0.0000931783   0.0020855058  -0.0000674117   0.0000330785   0.0000768323
24 14   0.0001419580  -0.0001480621  -0.0006893546   0.0000250287  -0.0000265205
24 15  -0.0000896315  -0.0000619800   0.0000857495  -0.0491169316  -0.0015117867
25  1  -0.0626545878  -0.0233695095   0.0624106796   0.0727428699   0.1025120060
25  2  -0.1472321237  -0.0131872581  -0.0184175925  -0.0282911303  -0.0095535349
25  3   0.0430217187  -0.0184408784  -0.1174825362   0.0123275118  -0.0005702450
25  4  -0.0067110833  -0.1141488753   0.0904337997   0.0457137409   0.1124278482
25  5  -0.0139758569  -0.1478978489   0.1518019162  -0.0001657204  -0.0154852493
25  6  -0.0241923008  -0.1326215372  -0.2092845478   0.0181971789   0.0000432218
25  7  -0.0018929895   0.0024599598   0.0414202573  -0.0004915812  -0.1102335151
25  8  -0.0522903147   0.0850698586  -0.0008208029  -0.0339624917   0.0509602401
25  9  -0.1229381720   0.1112497529  -0.0211103232   0.0077708185  -0.0049323051
25 10  -0.0169937121  -0.0046866434  -0.0020431699  -0.0064376083  -0.0015815165
25 11  -0.0045521826  -0.0274032558  -0.0078358700  -0.0031200833   0.0046491931
25 12   0.0093473159  -0.0072163145   0.0006025540  -0.0009345766  -0.0082466145
25 13   0.0002335642  -0.0725039931   0.0000199053   0.0000326016  -0.0011131140
25 14  -0.0004745278  -0.0001121447   0.0002762258  -0.0000360434   0.0507013908
25 15   0.0196992182   0.0007543734   0.0000244775  -0.0001197421  -0.0000408492
26  1   0.0649028924  -0.0085713936   0.0076454413   0.0799207808  -0.1558401997
26  2  -0.2513362408  -0.0701237860  -0.0390680824  -0.1232453849   0.0026124059
26  3   0.0067090995  -0.1794766796  -0.1846283041  -0.0440468118   0.0753493215
26  4   0.0228298582  -0.0276994458  -0.0661197248  -0.0431532234   0.0134502455
26  5  -0.0060710567   0.0790446452  -0.0305586690   0.0080737394  -0.0326028096
26  6   0.0136791070  -0.0033176990   0.0966802223  -0.0137986062   0.0666178931
26  7  -0.0529617808  -0.0829564379   0.0540034045   0.0406611254   0.0393873815
26  8  -0.0021481083  -0.0527751622  -0.0408965389   0.0395969205  -0.0223713432
26  9   0.0578478984  -0.0897964114   0.0122184312   0.0155973036  -0.0249939871
26 10  -0.0140892987  -0.0072873621  -0.0128977183  -0.0034674332  -0.0058368990
26 11  -0.0084281587  -0.0342680092  -0.0157309012  -0.0120644159   0.0096531742
26 12   0.0088249821  -0.0111901829  -0.0033011135  -0.0015000485   0.0114463027
26 13   0.0002019286   0.0160366385  -0.0001193873  -0.0000265411   0.0009334141
26 14   0.0002526257  -0.0000427245  -0.0000917471  -0.0000380961   0.0042285177
26 15   0.0514986128   0.0004224709   0.0000291177  -0.0000294971  -0.0000005632
27  1  -0.1624062402   0.1119553597   0.1613574602  -0.1921171032  -0.1068763999
27  2  -0.0181025584   0.0229632469   0.0267519551   0.2827971075  -0.1103001662
27  3   0.0341733699   0.0335282949  -0.0296024334  -0.1080803029   0.0841061093
27  4   0.0283113450  -0.0076604320  -0.0545256107  -0.0305249775   0.0500274556
27  5  -0.0438321497   0.0273246503  -0.0231898727   0.0017189344  -0.0405307423
27  6   0.0461805288  -0.0360192665   0.0027794225   0.0194804963  -0.0447673437
27  7   0.0405059311   0.0773802844  -0.0004726192   0.0207267571  -0.0281132585
27  8   0.0186807764   0.0257179301  -0.0135888224   0.0032703153   0.0288318223
27  9   0.0026465669   0.0586250190   0.0210385972   0.0176101562  -0.0106181215
27 10  -0.0410408844  -0.0123482073  -0.0305231353   0.0007886215  -0.0014327299
27 11   0.0022347524   0.0193446258  -0.0323723039  -0.0222985869   0.0144346439
27 12   0.0123348243   0.0014289992  -0.0037912096  -0.0022211171   0.0284838744
27 13   0.0003591778   0.0053263165   0.0000413439   0.0000074739   0.0004512939
27 14   0.0003575388  -0.0000043320  -0.0005777290  -0.0000046922  -0.0248902120
27 15   0.0591362725  -0.0000735871   0.0000127168  -0.0000622708  -0.0000095129
28  1   0.0059243370  -0.0626547387   0.1061676024   0.1195256447   0.0886250141
28  2  -0.2156877957  -0.1165933910  -0.0789014588  -0.0146431428  -0.0281652888
28  3   0.0309784677  -0.0305569398   0.2157144582  -0.1485237464   0.0249984807
28  4  -0.0487647269   0.0128737474   0.0311351090  -0.0189713017  -0.0773588772
28  5   0.0327065050   0.0353844879   0.1382116547   0.0039065486  -0.0210863635
28  6   0.0338795938  -0.0278259213  -0.0033641053   0.0307087364  -0.0179121460
28  7  -0.0055415317  -0.0103296088  -0.0017782790   0.0043737353   0.0110471315
28  8   0.0034165226  -0.0069241321   0.0188755609   0.0004052563   0.0047004606
28  9   0.0072989186  -0.0023964952  -0.0034821538  -0.0042343009   0.0048559461
28 10  -0.0246412044  -0.0072633291   0.0253158516  -0.0010155755  -0.0022727224
28 11  -0.0073991422  -0.0175702545   0.0149744383  -0.0297316922  -0.0213864692
28 12  -0.0044531310   0.0396783294   0.0223831735   0.0224715244   0.0182324515
28 13  -0.0010173979  -0.0005216566   0.0005727036  -0.0000234035  -0.0003562443
28 14  -0.0000311751  -0.0002959337   0.0000760734  -0.0000195842   0.0005711446
28 15   0.0000985804  -0.0580761825   0.0003680314   0.0000489640  -0.0001161571
29  1  -0.0006813087   0.0066083273  -0.1128922212  -0.0535810231  -0.0768127985
29  2  -0.1449050858   0.0934088643   0.0653817098  -0.1445499285   0.0031367720
29  3   0.0648901556   0.2564848040   0.0041018699  -0.0611183073   0.0014909372
29  4   0.0441794481   0.0253431904   0.0174085644  -0.0637114975   0.0037659937
29  5   0.0639070234  -0.1003008909  -0.1478306172   0.0013670809  -0.0401411045
29  6   0.0150584807  -0.0881443704  -0.0181999781   0.1478052426  -0.0189604035
29  7   0.0170905086  -0.0899500124   0.0119911036   0.0285013834   0.0098902995
29  8   0.0912638409   0.0643900747   0.0138989437   0.0046972353   0.0379311386
29  9   0.0625072367   0.0250686286   0.0347819365  -0.0028180460   0.0154342913
29 10  -0.0030189996  -0.0008193215   0.0185808255   0.0032674680   0.0020381503
29 11   0.0012631294  -0.0048006498   0.0166053225  -0.0142519586  -0.0015168607
29 12  -0.0047379710   0.0060785732   0.0045147046   0.0055404358   0.0080824483
29 13  -0.0003618133  -0.0005178048   0.0023958690   0.0000292834  -0.0000734066
29 14   0.0000332130  -0.0001377932   0.0000570600   0.0000000938  -0.0001555472
29 15  -0.0000845504   0.0106831757  -0.0000649570  -0.0000155999   0.0000583942
30  1   0.0021790144  -0.0404398960   0.0621280012  -0.3102224273   0.0304411872
30  2  -0.0760680448   0.1822929294   0.0166857202  -0.2426420250  -0.0194428191
30  3   0.0591621955   0.0484255704  -0.0058823536  -0.0450958257  -0.0064588213
30  4  -0.0243234472  -0.0317072855   0.0044583787   0.0358241493  -0.0383901046
30  5   0.0104206986   0.0107293933   0.0732333205  -0.0056107123   0.0348517984
30  6   0.0520221953   0.0626768359   0.0219714943  -0.0400195639   0.0331219196
30  7  -0.0179079109   0.0854035081   0.0077391696  -0.0122950749   0.0108078675
30  8  -0.0871926233  -0.0847374232  -0.0235541164   0.0001544493  -0.0523976616
30  9  -0.0996791763  -0.0287584900  -0.0564316439   0.0035526937  -0.0315816975
30 10  -0.0006255498  -0.0033576183  -0.0084919695   0.0339709915   0.0081080951
30 11   0.0126538765   0.0104545844  -0.0003197257   0.0028864820   0.0111064276
30 12  -0.0000524967  -0.0104767001  -0.0046578390  -0.0055796999  -0.0026641929
30 13   0.0000970967  -0.0003399906  -0.0012742285  -0.0000410092   0.0002126787
30 14  -0.0000085545   0.0000826354  -0.0005191431  -0.0000074119   0.0002019891
30 15   0.0000907649  -0.0177369400   0.0001597721   0.0000495141  -0.0000532355
31  1  -0.1640580324   0.1179514620   0.1123755177   0.0579344645   0.0452630902
31  2  -0.1179878878   0.2412483810   0.0528086437  -0.0534546911  -0.0229785877
31  3  -0.0204298684  -0.1616881702   0.0651597225   0.0602398665  -0.0269129211
31  4  -0.0329451325   0.0897553536   0.0999826072  -0.0700783926   0.0296842849
31  5  -0.1262407914   0.0083232795  -0.1684653119  -0.0248465773  -0.1104931630
31  6  -0.0335424382  -0.0092629373  -0.0327966779   0.0726807738   0.0312036530
31  7   0.0067505370   0.0179446185   0.0029298551   0.0426562425  -0.0464638079
31  8  -0.0328443717  -0.0225192736   0.0459773643  -0.0161820181  -0.0033105100
31  9   0.0026063063  -0.0208557943  -0.0073732907  -0.0077097099  -0.0092268787
31 10  -0.0068715819   0.0091408877  -0.0048158504  -0.0095249851  -0.0004611193
31 11  -0.0010647666   0.0051023935   0.0082545790  -0.0071021079  -0.0024864189
31 12  -0.0068365994  -0.0033612215  -0.0014820517  -0.0024085582  -0.0003470038
31 13  -0.0002982817  -0.0002106266  -0.0002245878  -0.0000750536  -0.0000497664
31 14   0.0004958484  -0.0007415781   0.0002803312  -0.0000853220  -0.0000068576
31 15   0.0000006637   0.0000348491   0.0012367506  -0.0004560570   0.0152473189
32  1  -0.1673461072  -0.0312656758  -0.1676675776   0.1101778540  -0.1388544038
32  2   0.0305488033   0.1831933411   0.0491745941   0.0185877454   0.0540376734
32  3  -0.1539670509  -0.0212014306   0.0267714365  -0.1166144032   0.0128721598
32  4  -0.0517410998  -0.1403769801  -0.0544592609   0.1236825476  -0.0380310067
32  5   0.0320612598  -0.0214293859  -0.0410706242  -0.0175435942  -0.0713940737
32  6  -0.0090745278   0.0551464985   0.0068803257   0.0037894231  -0.0018807774
32  7  -0.0037542659   0.0005519180  -0.0085699436   0.0024447238   0.0041063828
32  8   0.0016230281  -0.0088880866   0.0035896535   0.0112370597   0.0240898655
32  9  -0.0023628000   0.0050742412  -0.0096877507   0.0150002419   0.0100283485
32 10   0.0239142548  -0.0229188481  -0.0006337498   0.0128869921   0.0092768285
32 11  -0.0382059145   0.0005988793  -0.0024462271  -0.0224121653  -0.0091577647
32 12   0.0017762269   0.0093838453  -0.0196460678  -0.0265874324  -0.0072672732
32 13   0.0026026266   0.0004819019   0.0005172565   0.0000897150  -0.0001382291
32 14   0.0005772428  -0.0007988779   0.0003935607  -0.0000053147   0.0000066761
32 15  -0.0000237077  -0.0000623628   0.0038240059  -0.0017952272   0.0589926666
33  1   0.0298024952  -0.2099759624   0.0214270797  -0.1540321033   0.0247536977
33  2  -0.0399931334  -0.2112058185  -0.0757890927   0.0311327763   0.0273439929
33  3  -0.0575975379   0.0215235118   0.0092921377  -0.0098984148  -0.0205621354
33  4   0.0213386714  -0.0956987326   0.0334841692   0.0216303815  -0.0432708165
33  5  -0.0798517787  -0.0299585231  -0.1763436974   0.0201947373  -0.0794882815
33  6  -0.0355119626   0.0945652603   0.0011526302   0.0884297308   0.0185211414
33  7   0.0013459886   0.0163659146  -0.0036942630   0.0731556135  -0.1744243353
33  8  -0.1123252659  -0.0508392584   0.1107048794  -0.0438606323   0.0128112675
33  9   0.0563998584  -0.0560936991   0.0133798429  -0.0078643735   0.0031297154
33 10  -0.0230695393  -0.0000477984   0.0099956551   0.0025345123  -0.0037294271
33 11   0.0305655015  -0.0001791472  -0.0026182015   0.0187824460   0.0064596986
33 12   0.0047912096  -0.0022618704   0.0098838008   0.0145227186   0.0021842757
33 13  -0.0012075685  -0.0001939130   0.0007724377  -0.0000667065   0.0000010332
33 14   0.0007001001  -0.0003074441   0.0000898463   0.0000389700   0.0000056505
33 15   0.0000119157   0.0000294076   0.0014050702  -0.0003821760   0.0132762419
34  1  -0.2154724014   0.0726855884  -0.0233658434  -0.0259443352   0.1255006391
34  2  -0.0020515212  -0.0491775701  -0.2644559057  -0.0637891896   0.0625860319
34  3  -0.1063938734   0.0521090633  -0.0416874326   0.0017268526  -0.0009382512
34  4   0.0217333962   0.0722453056  -0.2043982262  -0.0695107208  -0.0470449063
34  5  -0.0314582306  -0.0950581085   0.1160493046  -0.0520251886  -0.0731640410
34  6  -0.0088687136   0.0709591850  -0.0462383180   0.0053506989   0.0014549374
34  7  -0.0099572701  -0.0000129805  -0.0359172914   0.0410862661   0.0199571573
34  8   0.0174911102  -0.0124966480  -0.0500942945  -0.1173623410   0.0242049992
34  9   0.0103725442  -0.0279975402  -0.0218325374   0.0143630638   0.0076823377
34 10  -0.0023236246   0.0086511137   0.0004711352   0.0013566888   0.0056694865
34 11  -0.0031187067   0.0008518536   0.0011096567  -0.0012893524   0.0019361610
34 12   0.0052367332   0.0025937671  -0.0185631043   0.0194358850  -0.0028445155
34 13   0.0026198049   0.0001087416   0.0000532602   0.0016920296   0.0002203391
34 14  -0.0002420346  -0.0002534957   0.0001913034   0.0004957882   0.0000001635
34 15  -0.0000056991  -0.0000180612  -0.0042439777   0.0000213845   0.0002461336
35  1  -0.1901372198  -0.0147977849  -0.2463829179  -0.0098612703  -0.0729055025
35  2   0.0814452341  -0.0446097658  -0.3051361269  -0.0644114587  -0.2243505229
35  3   0.1312019111  -0.0614168804   0.0273213459   0.0179303605  -0.0073562486
35  4   0.0055989353  -0.0152084103   0.0673577918   0.0186230563   0.0211593718
35  5   0.0144639769   0.0269258887  -0.0437149766  -0.0066799487   0.0198529464
35  6   0.0013107240  -0.0153693415   0.0139345248  -0.0009098321  -0.0068783434
35  7  -0.0092940035   0.0037862568   0.0110722436  -0.0060646241  -0.0095279240
35  8   0.0090500053   0.0233597574   0.0092169317   0.0251809434  -0.0208323946
35  9   0.0052131023   0.0023519873  -0.0146377919   0.0077156071   0.0034590220
35 10   0.0004697318  -0.0016340105   0.0009430811  -0.0072975028   0.0165816590
35 11   0.0238539914  -0.0058035796  -0.0185232442  -0.0065033097  -0.0210799478
35 12  -0.0228429787  -0.0148950170   0.0435645635  -0.0444619581   0.0051239840
35 13  -0.0013287442  -0.0000757538  -0.0000885522  -0.0006284363  -0.0000506724
35 14   0.0001117327  -0.0000586971  -0.0000372379  -0.0020088798  -0.0000089943
35 15   0.0000125573   0.0002850772   0.0511825704   0.0001531481  -0.0030651587
36  1   0.0016161571  -0.3576842253   0.0093884098   0.0787016025  -0.0334551388
36  2   0.0252344721   0.1298760844   0.1108940605   0.0732976929  -0.0807128195
36  3   0.1476831284  -0.0287092872  -0.0234364086   0.0260435091   0.0089419103
36  4  -0.0143003805   0.0305961984  -0.0683398307  -0.0216655326  -0.0723104567
36  5  -0.0054212694  -0.0312694670  -0.0018614668   0.0249179023  -0.0108133771
36  6  -0.0015078252   0.0145983313  -0.0649465788  -0.0137776181  -0.0034105204
36  7  -0.0038533267  -0.0056147604  -0.0318442951   0.0400222576   0.0543623598
36  8   0.0114426641  -0.0557729011  -0.0908775395  -0.2153831269   0.0590791258
36  9   0.0092314050  -0.0221943897   0.0093769343  -0.0172168473  -0.0083131571
36 10  -0.0012048665  -0.0053646831   0.0003650728   0.0054927088  -0.0158905257
36 11  -0.0096268716   0.0036107352   0.0030430075   0.0012634475   0.0019440405
36 12   0.0019440510  -0.0039685478   0.0091206400  -0.0038634451   0.0007678459
36 13   0.0076705922   0.0000507256   0.0000177081   0.0015803447  -0.0000611929
36 14   0.0003233738   0.0000474392  -0.0000147460   0.0001606967  -0.0000057901
36 15   0.0000065679   0.0002085400   0.0348749333   0.0001245893  -0.0020556157
37  1  -0.0966689804  -0.0702817202  -0.0507648568   0.0061691910   0.1714497558
37  2  -0.0558603895   0.0210038082   0.2251644394   0.1029694662   0.1333402835
37  3   0.2264110350  -0.0259780509  -0.0630042392   0.0448514307   0.0204337039
37  4  -0.0259091522  -0.0185023469  -0.1034247018   0.0042684233  -0.3148850087
37  5   0.0246890020   0.1023419011  -0.0877289078   0.0462232560  -0.0429223103
37  6   0.0065675687  -0.1288329134  -0.2342669597  -0.0913392523   0.0625952875
37  7   0.1386231239  -0.0554567080  -0.0546643603   0.0423559164   0.0835527846
37  8  -0.0898563132  -0.0991984043   0.1079261851   0.1096640044  -0.1029969406
37  9  -0.1454749317   0.0215777027   0.1511565501   0.3311506450   0.1846095828
37 10  -0.0106617664   0.2567800832   0.0133455146  -0.0056254020   0.4146926132
37 11   0.2164869342  -0.1138865885  -0.2585656788  -0.1227212574  -0.2717359106
37 12  -0.2502332725  -0.1017903208  -0.2083983581   0.1748031051  -0.0345330212
37 13  -0.0072710674   0.0004908433   0.0007441161   0.5021006841   0.0498844427
37 14  -0.0536408496  -0.0519035371   0.0239357410  -0.0958980913  -0.0000956590
37 15  -0.0000382135  -0.0001424139  -0.0000415705   0.0000943829  -0.0001936572
38  1  -0.1061088983   0.0191395613  -0.2676014495  -0.1900827267   0.0094088833
38  2   0.0114318392  -0.1138063727   0.1528446464   0.0607828742   0.4320906914
38  3   0.3516040074  -0.2943548467   0.1186167290  -0.1273515602   0.0249528826
38  4  -0.0057512629   0.0760018410   0.0024710686   0.0030812344   0.3666370137
38  5   0.0307226961  -0.2410825378  -0.0439707422  -0.0322804681   0.1014141043
38  6  -0.0098272055   0.2044698410   0.1615657706   0.0619135444  -0.1598989105
38  7  -0.2850104341   0.1022101090   0.0702477117   0.0802705576  -0.0631852968
38  8   0.1614600021   0.2440328110  -0.0176931234  -0.1693577000  -0.1041364002
38  9   0.1284703727  -0.0696956511  -0.2193616294  -0.0473206307  -0.0381625414
38 10   0.0068462426  -0.1066651460  -0.0043077000  -0.0206330704  -0.1389476049
38 11  -0.0426365068   0.0339766719   0.0895918600   0.0449083996   0.1043091626
38 12   0.1057180969   0.0778521165   0.0753401679  -0.1514024397   0.0102082535
38 13  -0.5433374382  -0.0006009305   0.0005365315   0.5427179531   0.0543180856
38 14  -0.0575137665  -0.0501342208   0.0228534506  -0.0849383883   0.0000029368
38 15  -0.0000172061   0.0000138967   0.0044952674   0.0000860055  -0.0002885334
39  1   0.0252501675  -0.3313597627   0.0031918957   0.0027998228  -0.0041142626
39  2   0.0015723077   0.0943310510   0.2496958115   0.1077306731   0.1830463443
39  3   0.2033709735  -0.1135968527   0.0157838194  -0.0381138516   0.0189379853
39  4  -0.0087878830   0.0820359638  -0.1144524218  -0.0430659871   0.1071734036
39  5  -0.0084852959  -0.1755930829   0.0441618933  -0.0110272660   0.0084498278
39  6  -0.0096795738   0.1556130135   0.0422150008   0.0397560164  -0.0999831813
39  7  -0.2037383293   0.0831261637   0.0283279644   0.1065393736  -0.0900117049
39  8   0.1567509182   0.3200084827   0.0966700307   0.0509559540  -0.2426288850
39  9   0.0962308124  -0.1082423409  -0.3259866650   0.2778146550   0.1360739673
39 10  -0.0100084153   0.0968246587   0.0051859055  -0.0657068874   0.2476525871
39 11   0.1790723832  -0.0582152804  -0.1234612947  -0.0621715701  -0.1202026194
39 12  -0.1014844435  -0.0016265303  -0.1000440909  -0.0080434493  -0.0200501178
39 13  -0.4288731032   0.0000636243  -0.0005265123  -0.6158423760  -0.0602173256
39 14   0.0622708756   0.0591200785  -0.0268213033   0.1185607391   0.0000355808
39 15   0.0000447928   0.0000866716  -0.0066543537  -0.0001122393   0.0006469956
40  1  -0.1673197237  -0.0447292309  -0.1163977519  -0.0517722231   0.1996990134
40  2   0.0275654055  -0.0346882720   0.0074833456   0.0388723142   0.1730040297
40  3   0.3944145677  -0.1961203325   0.0133243927  -0.0384044919   0.0351619811
40  4  -0.0323347678   0.0578269095  -0.2185783912   0.0709539575  -0.0066206150
40  5   0.1257618961  -0.1596975114  -0.2828167859   0.0119792049  -0.0014415537
40  6  -0.0255160813   0.0607633987  -0.1227108983  -0.0602367405  -0.2614804194
40  7  -0.4154854188   0.1229742868   0.0104958054   0.1501751487   0.0058211722
40  8   0.1168663090   0.1862386571   0.0910998044   0.2753481789  -0.1105906658
40  9  -0.0786075103   0.0392440464   0.1057927999  -0.3353810437  -0.1956630540
40 10   0.0696827139  -0.3739433559  -0.0228563692  -0.2294538278   0.1777415933
40 11   0.2348563857  -0.0378008027   0.0392332627  -0.0413226467   0.0082936234
40 12  -0.0376764735   0.1077140246  -0.4144128741   0.2421539786  -0.0512913898
40 13   0.3422763272   0.0002523461   0.0004542910  -0.0370277490  -0.0077412473
40 14   0.0134602849   0.0108706787  -0.0058756481  -0.1251435950  -0.0000320787
40 15   0.0000329562   0.0000804056  -0.0037660913  -0.0000851092   0.0001446423
41  1  -0.0928349282   0.0120628286  -0.2300294797  -0.1367143586  -0.0203550317
41  2  -0.0150861557  -0.0797370804   0.1542391129   0.0599749277   0.3099777230
41  3   0.2031372501  -0.1659480154   0.0679573440  -0.0687931042   0.0117499470
41  4   0.0009245413   0.0361545038   0.0606483482  -0.0350569918   0.1904895731
41  5  -0.0329963621  -0.0943059752   0.0812166196  -0.0063925977   0.0655173086
41  6   0.0056179071   0.1020791346   0.1155653662   0.0533400452   0.0352207121
41  7   0.0450267797  -0.0082974297   0.0095034134  -0.0222367036  -0.0427121869
41  8   0.0057576091   0.0306905661  -0.0212571640  -0.1043197076  -0.0134790221
41  9   0.0572854816  -0.0408270992  -0.1064749386   0.1474374501   0.0827275327
41 10  -0.0260743166   0.1264213150   0.0089113490   0.0787213593  -0.0624364334
41 11  -0.0864966439   0.0191578546  -0.0114932472   0.0130270664  -0.0059303218
41 12   0.0010454725  -0.0609421913   0.1542541369  -0.0450490963   0.0193988093
41 13   0.2328896419   0.0001939353  -0.0006615824  -0.1669422454  -0.0397349535
41 14   0.0698997103   0.0711043141  -0.0364201639  -0.8914796257   0.0000458894
41 15  -0.0000159524  -0.0005076296  -0.0153250518  -0.0001707701   0.0006650649
42  1  -0.0724784062  -0.3084942565   0.0508171337   0.1556115705  -0.0991497174
42  2   0.0575078182   0.1437402709  -0.2570259357  -0.0436932536  -0.3898718403
42  3  -0.1716035273   0.1642128373  -0.0771197695   0.0856090706  -0.0141186800
42  4   0.0037001218   0.0268525888  -0.0551398344  -0.0739083477  -0.1586144763
42  5  -0.0820755178   0.0455501647   0.1710701382   0.0374811451  -0.0661797577
42  6   0.0060606600  -0.0250178243  -0.0331718383   0.0167137009   0.1801460446
42  7   0.2926123520  -0.1050270169  -0.0872670245  -0.1707521361  -0.0624356485
42  8  -0.1780515543  -0.2382334758  -0.0010057303   0.4787894068   0.1950506360
42  9  -0.0993241841   0.1308734102   0.2141597886  -0.2382574309  -0.1170528382
42 10   0.0264747217  -0.0961397395  -0.0088798131  -0.0319030327   0.0305506254
42 11  -0.0025213750  -0.0085787216   0.0386872686  -0.0008961166   0.0513851283
42 12   0.0666592893   0.1130359130  -0.3502054062   0.2260733208  -0.0474144243
42 13  -0.5770698188   0.0000406126  -0.0002292598  -0.0552625345  -0.0159354626
42 14   0.0285273267   0.0309016890  -0.0157064811  -0.3780542894  -0.0000023656
42 15   0.0000130470  -0.0001683080  -0.0078119134  -0.0000195693   0.0005100395
43  1  -0.1991244754   0.0605513559  -0.0167502592  -0.0166011245   0.1247782919
43  2  -0.0159751906  -0.0094757302  -0.0384918674   0.0430802467   0.1920510266
43  3   0.1190557768   0.0028999600  -0.0443110270   0.0171792766   0.0229532694
43  4   0.0029449867  -0.0547240724   0.0683851198   0.0170425949  -0.2263542995
43  5   0.0535392314   0.2224437568  -0.1688456059   0.0303093185   0.1281643975
43  6   0.0375802362  -0.1987660051  -0.2153824890  -0.0880060568   0.0826651180
43  7   0.2208068248  -0.0813763230   0.1014344421  -0.1613836442  -0.0229665761
43  8  -0.0993112416  -0.0470949293  -0.0973437070  -0.0878756551   0.0896928332
43  9   0.2655207827  -0.1189512159  -0.4125948448  -0.0109868402   0.0007632166
43 10  -0.0781470594   0.0194002969  -0.0129163347  -0.2429189438   0.5377919220
43 11  -0.0124816821   0.0337429286   0.2167135073   0.0981970871   0.2824404205
43 12   0.3406663896   0.2452483758   0.0656716440  -0.1745497514   0.0688839493
43 13   0.0392519414  -0.0028355118   0.0013082191  -0.0823945803   0.1731836897
43 14  -0.3593339496  -0.1924066928   0.0909400317  -0.0411890029  -0.0003023030
43 15  -0.0000684187  -0.0001453372   0.0008347213  -0.0001972498  -0.0003637145
44  1  -0.0915825740  -0.0189308556  -0.1267037238   0.0678589429  -0.1274384010
44  2  -0.0552778009   0.0465578352   0.0650092468   0.0514314483   0.0057873175
44  3  -0.0679638784   0.1274780804  -0.0640676364   0.0607272365   0.0058162303
44  4   0.0324833058  -0.0252918152   0.2049645587  -0.1490041880  -0.1442993287
44  5  -0.1522373308   0.1127406957   0.3384937030  -0.0074885709   0.1181723852
44  6   0.0422032270   0.2224137864   0.0550046197   0.0776635652  -0.0460184806
44  7  -0.1034791431   0.0464148225   0.0718543176   0.1929489667  -0.2099317428
44  8   0.0665557978   0.3003273277   0.1490396199  -0.1640266789  -0.3579561447
44  9   0.0223243707   0.0522383765   0.2636171569  -0.1878985650  -0.0720690374
44 10   0.0127731164  -0.1601982053   0.0292762604   0.1842723305   0.1877910653
44 11  -0.4775407707   0.0761871627  -0.1742748619   0.0162053181  -0.1272392421
44 12  -0.1296214082  -0.3643546430   0.1259056433   0.2718822189  -0.0012984769
44 13  -0.0551653872   0.0024931394   0.0006669908  -0.0945676003   0.1911480600
44 14  -0.3944438627  -0.2163237798   0.1023843650  -0.0434775111  -0.0004312165
44 15  -0.0000644615  -0.0003615365  -0.0003115346  -0.0001896552  -0.0011941732
45  1  -0.1102238920  -0.1642126017   0.0918366912   0.0490215559  -0.1088188440
45  2   0.0360150662   0.0953140400  -0.1655655740   0.0036811733   0.1303845411
45  3  -0.0947585670   0.0492322693  -0.0156400222  -0.0233517548   0.0169871948
45  4   0.0405392845   0.0196655558   0.1238068853  -0.0677081623   0.0509440776
45  5  -0.0131824412   0.0808638287   0.0051129664  -0.0254484557   0.2290801124
45  6   0.0442116429   0.0033722883  -0.0673929712  -0.0454663690  -0.0801704593
45  7  -0.0229115980  -0.0085589886   0.2710981874  -0.0860030179  -0.0405840893
45  8  -0.0874875428   0.0142839662   0.0969063594  -0.1802039110  -0.1326399041
45  9   0.1885277099   0.0727665906   0.0688444788  -0.1669904536  -0.0597240458
45 10  -0.0713267817   0.0432177669   0.0087242671  -0.0000091190   0.5308159177
45 11  -0.3366052134   0.0443997109  -0.0037941120   0.0802623842   0.0684191624
45 12   0.1101559264  -0.0932533259   0.1310495370   0.0703986900   0.0583543875
45 13  -0.0093279416  -0.0010854900  -0.0018982628   0.1321978837  -0.2713826069
45 14   0.5614239989   0.2993584070  -0.1411183462   0.0602585873   0.0006270887
45 15  -0.0000480018   0.0002658149  -0.0003275674   0.0003994279   0.0001132323
46  1  -0.0529343918  -0.0322692521   0.0640229294   0.0771976010   0.1036571276
46  2  -0.1540538128  -0.1269727187  -0.0196471931   0.0754404894  -0.0389713966
46  3   0.0222152391   0.1261031824  -0.0484950567   0.0441715754   0.0160174667
46  4   0.0351684229  -0.0900318874   0.0928109122  -0.0311722505  -0.0788462460
46  5  -0.0161791174  -0.1188092462  -0.1908946683  -0.0260006475   0.1820694733
46  6  -0.0084023730   0.3390161964   0.1737595462   0.0879087656  -0.1050251965
46  7  -0.0438753986  -0.0243075169  -0.0896647996  -0.1717044835  -0.1352614800
46  8  -0.1577892011  -0.0834721505  -0.3127283024   0.0301786384  -0.1476071582
46  9  -0.2489270365   0.0085956297   0.1195535580   0.1010759337  -0.0446871144
46 10  -0.1076621594   0.1193618491  -0.0957300000  -0.3509788969  -0.0270884543
46 11  -0.2032640464   0.1447200964   0.4383644851  -0.3564058479  -0.0023095937
46 12  -0.2293822512  -0.1463736862  -0.0781747005  -0.0965492196  -0.0095888302
46 13  -0.0161936519  -0.0038801839   0.0054221941  -0.0237009402  -0.0488046459
46 14   0.2900462127  -0.4807979149   0.1878787987  -0.0168178020  -0.0000540877
46 15   0.0000595328   0.0005166681  -0.0003255225   0.0000611842  -0.0034795433
47  1  -0.0868798629   0.0052911072  -0.2013388555  -0.0891050438  -0.0460758064
47  2  -0.0314531563  -0.0576194888   0.1089486182   0.0497698750   0.0615007834
47  3  -0.0026659327   0.0671146698  -0.0583974326   0.0692501438  -0.0108793319
47  4   0.0020151985  -0.0543880402   0.1642988606  -0.0899701549  -0.2562069427
47  5  -0.1644271211   0.2247158809   0.2480892033   0.0352174409  -0.1094952991
47  6   0.0123930134  -0.0002957316  -0.0995026682   0.0393311551  -0.0159004376
47  7  -0.1711906312   0.0977347154   0.0627653188   0.1555664079   0.0456025756
47  8   0.2831277426   0.2096019727   0.0560982253   0.1072186022   0.1566254594
47  9   0.1934832062   0.0650932900  -0.2214790843  -0.3455612240  -0.1296332671
47 10  -0.0082373757   0.4739858651  -0.0108620534   0.2874821376  -0.0317128869
47 11   0.0007094332  -0.1448809849  -0.2717718744  -0.0094943418  -0.1180368282
47 12   0.1236293774   0.2720060770  -0.2021626050  -0.2697185685  -0.0741231029
47 13   0.0467216882   0.0063348234   0.0059987669  -0.0135285595  -0.0365692174
47 14   0.2207750213  -0.3723366661   0.1455164763  -0.0148939783  -0.0004791355
47 15  -0.0003427269   0.0005110376  -0.0006381076   0.0001283847  -0.0033884033
48  1   0.0494350254  -0.2067918747   0.0131588639  -0.1942394636   0.0453976188
48  2  -0.0537045128  -0.2673384568  -0.0643641309   0.0374138305   0.0318939497
48  3  -0.0313406289   0.0201810858   0.0074578533   0.0176502833  -0.0254048087
48  4   0.0215531692  -0.0721401252   0.0698251874  -0.0147807099  -0.0801242028
48  5  -0.1205967831   0.0227352128  -0.1231338067   0.0297807280  -0.1162648592
48  6  -0.0293763608   0.0355517122  -0.0468746051   0.0742855060   0.0517919939
48  7   0.0100302443   0.0221966178  -0.0480110205   0.0461514196   0.1629468750
48  8   0.2368431023   0.1911376980  -0.1945382568   0.0637721811  -0.1634871797
48  9  -0.1694631058   0.0727812331  -0.1086351985  -0.1524938044  -0.1602647223
48 10  -0.0407405968   0.3650870661  -0.1287330652  -0.1251403277  -0.0205601477
48 11  -0.2820058694   0.0544841213   0.1732627175  -0.3396096156  -0.1037385638
48 12  -0.1330039363   0.0272564940  -0.2385991948  -0.2952271374  -0.0735467850
48 13   0.0247791648   0.0019900670  -0.0078246076   0.0257274260   0.0542724600
48 14  -0.3211887677   0.5280989650  -0.2057674025   0.0185942131   0.0003991872
48 15   0.0003380355  -0.0006811155   0.0024627668   0.0000935458  -0.0011859281
49  1  -0.1061396843   0.0847016057   0.1492319268   0.0973981616   0.0336016521
49  2  -0.1757403061   0.0068270622  -0.0046727393   0.0503171215  -0.0562739957
49  3   0.0574278348   0.0311913873  -0.0375202818   0.0748852022   0.0161169595
49  4   0.0256275794  -0.0257942389   0.0048522058   0.0432828254  -0.0337763979
49  5   0.2075174175  -0.1245945699  -0.0614994904  -0.0079748739   0.1946964470
49  6   0.0062864228   0.3384682424   0.3108373874  -0.1403959412  -0.1004929884
49  7   0.1922417422  -0.1383623999   0.0039392805   0.2386192828   0.0238583412
49  8  -0.0163418630  -0.0314246952   0.4494662316  -0.1803043250   0.0523806232
49  9  -0.1068408791   0.2426751235  -0.2684376915  -0.0373323294  -0.1836660035
49 10   0.5923810142   0.1713685537  -0.3493484395  -0.0542020631  -0.0188886805
49 11   0.0464801003  -0.1782098402  -0.0392753049  -0.2602627222   0.1139406472
49 12   0.0038391628   0.0704536812   0.2083593556   0.2576721218   0.3822036429
49 13  -0.0148729536  -0.0194555262  -0.1671230248   0.0006050309  -0.0164098502
49 14  -0.0066203720  -0.0044757133   0.0036838252  -0.0006392562   0.0007712461
49 15  -0.0010866038  -0.0021849286  -0.0006047338  -0.0002533785   0.0011796301
50  1  -0.0737304214  -0.0296245394  -0.0723032156   0.1473730879  -0.1715121722
50  2  -0.0924036258  -0.1727497402   0.0074981226   0.1859425395   0.0459256405
50  3  -0.0728921836   0.0034499520   0.0526016888   0.0811475155  -0.0189507336
50  4   0.0328068392   0.0863870423   0.0615588826  -0.0476632657   0.0415351035
50  5   0.0944567591  -0.0102573663  -0.0209106338   0.0363881076  -0.2939365298
50  6  -0.0563335041  -0.1320308973   0.0443124192  -0.2169148551  -0.1963294936
50  7   0.0410372344  -0.1483974138  -0.0779509500  -0.0789761686  -0.0278424004
50  8  -0.1667283435  -0.0043095152  -0.0415474768  -0.0348388925  -0.1488513691
50  9  -0.1679540678  -0.0187151706  -0.2005559552  -0.0102733827  -0.1536027487
50 10  -0.0073728700  -0.0591206923   0.0843130514   0.5930331127   0.1415899536
50 11   0.2532001967  -0.0057418142   0.2701192978  -0.2754952039   0.3076246585
50 12  -0.0784608374  -0.2545212180  -0.0926759352  -0.0732788749   0.1566856096
50 13  -0.0036772882  -0.0065758638   0.4457817451  -0.0021603875   0.0528522538
50 14   0.0199439096   0.0104637102  -0.0084838796   0.0005944758   0.0003919741
50 15   0.0002184489   0.0000043454   0.0009187400   0.0001088006  -0.0003824124
51  1  -0.0283335823  -0.0333888399   0.0769827536  -0.2624043384   0.0007518728
51  2  -0.0585759980   0.1293646312   0.0092575137  -0.1443962399  -0.0095601550
51  3   0.0190932702  -0.0394865008  -0.0118890891   0.0239154854  -0.0174436587
51  4  -0.0171453775  -0.0142230322   0.0124966117   0.0464712251  -0.0142385680
51  5   0.0102089599   0.0493413090   0.1093073496   0.0083731960  -0.0357723257
51  6   0.0128807628   0.0763118781   0.0507055455  -0.2119792545  -0.0750374240
51  7   0.0095108580  -0.0587614066  -0.0664313032  -0.0287416528  -0.1088261930
51  8  -0.0083687247   0.0899484891   0.0874828690  -0.0410038112   0.0855577992
51  9   0.1782370222   0.0360545919   0.1006372724  -0.0067861924   0.0823325764
51 10   0.1109806249   0.0594682117  -0.1141645199  -0.3524177544  -0.0946165453
51 11  -0.1471893971  -0.0638241695  -0.1674798366   0.0607744305  -0.1262493576
51 12   0.0443451091   0.1357586135   0.0745215416   0.0790146402   0.0073365891
51 13  -0.0005518672   0.0077329356   0.8659634920  -0.0043609028   0.1019133873
51 14   0.0384333120   0.0174272643  -0.0172135875   0.0008720447  -0.0003103233
51 15   0.0006538815   0.0093853116   0.0014453710   0.0001235913   0.0009625687
52  1  -0.1662364569   0.0651692154   0.0365505996   0.0211565140   0.0961967906
52  2  -0.0690896261   0.0057773252   0.0451253273   0.2301470380  -0.0641394528
52  3   0.0764793099   0.2670990158   0.0623318519  -0.0566725633  -0.0056192626
52  4   0.0173600748  -0.0253786688   0.0581834464   0.0258973790   0.1268521486
52  5  -0.0419829102  -0.1389869874  -0.0220858677  -0.0033026466  -0.0256381825
52  6   0.0056645351  -0.0717812180  -0.2083228232  -0.1498928611   0.0722860226
52  7   0.0837904282   0.3522289531   0.0565832692   0.0047511653   0.1025887043
52  8   0.0259308617  -0.1671050127  -0.1568517930   0.1324930264  -0.1395386194
52  9   0.3602157048  -0.5307182609   0.0307986594  -0.0563134902   0.0502088564
52 10   0.1862444826   0.0342407284   0.1089873678  -0.0835603072  -0.0485358901
52 11  -0.1011842195  -0.8308103773   0.1839751692   0.0306952020   0.0951015933
52 12   0.0325420850  -0.3337123058  -0.0160141217  -0.0205237602  -0.2224945090
52 13  -0.0039878897   0.0560486935   0.0066513836   0.0035168984  -0.0826787433
52 14  -0.0319665473  -0.0033841637   0.0214233682  -0.0005887437  -0.0041934440
52 15  -0.0001860012  -0.0036360530   0.0000427984  -0.0001039157  -0.0000301406
53  1  -0.0236179786  -0.0261688484  -0.0297343773   0.1503263616  -0.1801322571
53  2  -0.1550170336  -0.1040910337   0.0075489925  -0.0716383422   0.0468277353
53  3  -0.0058629687   0.0403082568   0.0110021716   0.0300741264  -0.0006405548
53  4   0.0272252487   0.0595674988   0.0197351933  -0.0554183132  -0.0509016742
53  5   0.1929992495  -0.0544842892  -0.1026102394   0.0148231949  -0.0693003687
53  6  -0.0312545756   0.0118809605   0.2046295438  -0.1496003953   0.2742031027
53  7  -0.0530866544   0.3139781086   0.0234591467   0.0724151656   0.0962305720
53  8  -0.2366659727   0.0507256840  -0.0907721143  -0.0259727843  -0.0459530505
53  9  -0.0793268999   0.3735276874  -0.0317236021  -0.1805369239   0.3497649643
53 10   0.0426618643   0.0563498091   0.3134114269  -0.1643586119  -0.0550490881
53 11   0.0170110277   0.1591176461  -0.2557639485  -0.2034890349   0.2170318314
53 12   0.0948573888  -0.1541870246  -0.0998685344  -0.0543109655   0.3428996919
53 13   0.0021829919  -0.0245956048   0.0729701747   0.0206770315  -0.5232545582
53 14  -0.2116277653  -0.0262025057   0.1242232012  -0.0044763191  -0.0031391695
53 15   0.0019211827   0.0027235120   0.0001415116  -0.0002366535  -0.0000568721
54  1  -0.1628247397   0.0024067453   0.1432462572  -0.0574019640  -0.1291690649
54  2   0.0170234969  -0.0451445032   0.0095685613   0.0765503387   0.0156762502
54  3  -0.0178721742  -0.0396506477  -0.0101008528   0.0699559994  -0.0180522403
54  4   0.0006210930   0.0112287484   0.1001040750  -0.0157734816  -0.0915382064
54  5   0.2857298619  -0.1404238650   0.0843821543   0.0212071575  -0.0901676603
54  6  -0.0491806806  -0.0826864844   0.1873362936   0.1552898428   0.0771482537
54  7  -0.0181333822   0.0902174313   0.1295049035   0.1410034457   0.1578545443
54  8  -0.2260835233  -0.0862230075  -0.1418076520   0.0465760869  -0.1092003370
54  9  -0.0435243727   0.0911175462  -0.0610796271  -0.1298099977   0.2188788063
54 10   0.0820970752   0.0568019781   0.3234447572  -0.1536634878  -0.0535770696
54 11  -0.0191228589   0.0244491191  -0.1769932815  -0.1077927475   0.1424155640
54 12   0.0709826633  -0.1426827518  -0.0812602991  -0.0476795735   0.2075047063
54 13   0.0022218493   0.0218967968  -0.1035957329  -0.0283978683   0.7179574271
54 14   0.2903509024   0.0326065665  -0.1776395481   0.0061604673   0.0081662380
54 15  -0.0037953697  -0.0029887867  -0.0002388784   0.0019289931   0.0000650490
55  1  -0.0149566024  -0.1554928635  -0.0515334865   0.0368272181   0.1907913762
55  2  -0.1042165492   0.1452543826  -0.1748083308   0.0728964870   0.1029047819
55  3  -0.0326910490   0.0733954613  -0.0251377507   0.0166316866   0.0055229829
55  4   0.0369270302   0.0294982407   0.0160523380   0.0700071357   0.1202852966
55  5  -0.0102422002   0.2137043814  -0.0418908343  -0.0028455181   0.0842661467
55  6   0.0257964101  -0.1512627974   0.2009702752   0.0074929728  -0.0438234977
55  7  -0.0116593563   0.0148351358  -0.2247189458   0.2413769773  -0.1115836454
55  8   0.0451640462  -0.0419870121  -0.0806077797   0.0937680823   0.1014076332
55  9  -0.1305794316   0.0193206687  -0.0618057957   0.0237006708   0.0035194763
55 10  -0.0475986785   0.0137513194   0.0771243233  -0.0120856698   0.0329676629
55 11  -0.2106484070  -0.1360532240  -0.1491483412   0.2835173504   0.5076769633
55 12  -0.7261710452   0.3441498189  -0.0135491179  -0.0501511905   0.0827848164
55 13   0.0011017776  -0.0093987492   0.0026976742   0.0005784496  -0.0303247741
55 14  -0.0188228062  -0.0738603824  -0.1684101061   0.0005623682   0.0002395138
55 15   0.0002357316   0.0006208846  -0.0005067539   0.0021597288   0.0000891991
56  1   0.0906837743   0.0280928136  -0.0852404130  -0.1481042409  -0.0403189283
56  2  -0.2401908978   0.0988587021  -0.1019555598   0.2096829864  -0.0178602890
56  3  -0.0583643473  -0.0672426056   0.0028565274   0.0997658765  -0.0198096576
56  4   0.0034339731   0.0703037665   0.0152536958   0.0953488398  -0.0319396516
56  5   0.2058000550  -0.0267736137   0.1051288225   0.0171129604  -0.0208925627
56  6  -0.0454669787   0.1014251308  -0.1498654473   0.2572409997   0.0520244565
56  7  -0.0409919375  -0.0710996680   0.1477882622  -0.1565241951  -0.0399712479
56  8   0.2804250750  -0.2394821355   0.0506990524  -0.0435854800  -0.1357120212
56  9  -0.1601826355  -0.1756731593  -0.0192720481  -0.2034527316   0.3961566095
56 10  -0.1244453111  -0.0508515947  -0.3409315434   0.0560231449   0.0166032325
56 11   0.0430923656   0.0001066295  -0.1755786956  -0.2875842037   0.3101361187
56 12  -0.0788857877   0.1281575340   0.1714764463   0.0997357936  -0.4964433178
56 13  -0.0022959479   0.0094285245  -0.0066179839  -0.0034227388   0.0759710826
56 14   0.0454975113   0.1803646569   0.4099633033  -0.0014708802  -0.0004483327
56 15   0.0002795571  -0.0003552798   0.0003039903   0.0018760006   0.0000256965
57  1  -0.1423923813  -0.0082594260   0.1323060059  -0.0821545671  -0.1104745474
57  2   0.0072015631  -0.0260701772  -0.0017089655   0.0566882538   0.0219292180
57  3  -0.0264225680  -0.0633702486  -0.0068354667   0.0855392117  -0.0193211155
57  4  -0.0079512039   0.0032997015   0.0842838810  -0.0017310092  -0.0946480406
57  5   0.2777849261  -0.1006424314   0.1006113552   0.0184454778  -0.0347602712
57  6  -0.0536315842  -0.0723197132   0.0907791866   0.2341195303   0.1646161367
57  7  -0.1082996970   0.0191921207  -0.1088162218  -0.1717409900   0.0574833282
57  8   0.0968854847  -0.0933627580   0.0749606777  -0.0644520055  -0.0934834217
57  9   0.0694485333   0.0335276658   0.0495579312  -0.0788796379   0.1730058442
57 10  -0.0904064012  -0.0458284037  -0.2785545710   0.0564481473   0.0205081565
57 11   0.0571526665  -0.0236876357  -0.0219924262  -0.1732676353   0.0349428164
57 12   0.1058256487  -0.0026452933   0.0847917257   0.0506522784  -0.2458118857
57 13  -0.0014429965  -0.0025068237   0.0118925141   0.0070127223  -0.1377248781
57 14  -0.0827154345  -0.3402533606  -0.7795198022   0.0030232384   0.0008614046
57 15  -0.0022510513   0.0002675439  -0.0002833681   0.0040134379   0.0000803722
58  1  -0.1079402116  -0.1277816336  -0.1460666985  -0.0432954854   0.2335012460
58  2   0.0106984543  -0.0510559891   0.2076589664  -0.0745953384  -0.0860403730
58  3  -0.2431096657  -0.1442248280  -0.0975323392  -0.1557673492   0.2898811352
58  4   0.3544008307   0.5610804978   0.4412447278   0.5966803931  -0.3256965138
58  5  -0.0388947910  -0.2382403167   0.0783616713  -0.0021211629  -0.0039217422
58  6  -0.0472649989   0.0090885153  -0.0563797648   0.0211432893   0.1494283998
58  7  -0.0591997487   0.0860750151  -0.1079166877  -0.2569175868  -0.0496635878
58  8   0.1538461382   0.1160577236   0.1551972482  -0.0988315865   0.0805944054
58  9   0.0696362074  -0.1220951122   0.1475185421   0.1510241380  -0.3223046626
58 10   0.0832589349   0.0515787402   0.2547077767  -0.0698111843   0.0063295792
58 11   0.0111771863   0.0736240502  -0.1489984655  -0.1707937361   0.1428209541
58 12   0.0418843635   0.0275701052   0.0743875714   0.0398166571  -0.2283796678
58 13  -0.0002056570   0.0114500421  -0.0000437434   0.0002769864  -0.0016063704
58 14  -0.0001212943  -0.0016976322  -0.0048327322  -0.0002881037  -0.0004183011
58 15  -0.0002723605  -0.0000301836   0.0004261171  -0.1333891293  -0.0040805019
59  1   0.0958933387   0.0214781050  -0.0578688314  -0.1019102266  -0.0651948133
59  2  -0.2553673957   0.1137067541  -0.1710258756   0.2181916249   0.0271687915
59  3   0.0058114385   0.0047419378   0.0360183901   0.1445989580  -0.1675047711
59  4  -0.1676218441  -0.2298868695  -0.2018872479  -0.3264566354   0.2107139031
59  5   0.3461569605   0.2119878708  -0.0270843056   0.0266487511  -0.0054516956
59  6   0.0135773968   0.1405332002  -0.2031008112   0.1073412895   0.1273853542
59  7  -0.0505510720   0.1050731232  -0.1160573871  -0.2910459275  -0.0336565030
59  8   0.1432571420   0.1301481935   0.1737148931  -0.1048033378   0.0813223914
59  9   0.0732144332  -0.1202571699   0.1557305032   0.1632113369  -0.3568689379
59 10   0.0938793624   0.0569360293   0.2881084103  -0.0810698711   0.0021767352
59 11   0.0105361391   0.0782561825  -0.1660776322  -0.1794235456   0.1583364095
59 12   0.0355267415   0.0318957285   0.0785644713   0.0444380959  -0.2506984371
59 13   0.0011057371   0.0118066910   0.0001433784  -0.0000717025  -0.0028693590
59 14  -0.0010960873  -0.0003916598  -0.0002612458   0.0000559848   0.0003273084
59 15   0.0010941416   0.0004254478  -0.0008586548   0.5902281308   0.0181603328
60  1  -0.2547924957  -0.0123622032   0.1820028806   0.1307682547  -0.2258453418
60  2   0.0812071728  -0.2340021786   0.2040414917  -0.2492767591   0.0119511249
60  3   0.0655370705   0.0983407925   0.0230818565   0.0067033304   0.1261426777
60  4   0.1399646385   0.2744506355   0.0594711018   0.5012856708  -0.1387626709
60  5  -0.3887403259  -0.0938510105   0.0698030409  -0.0270644737   0.0654516979
60  6  -0.0061737327  -0.0943596311   0.0986206174   0.0476508983  -0.0773227570
60  7   0.0192361307  -0.0711154348   0.0411276002   0.1552101653   0.0803604013
60  8  -0.1493174122  -0.0444346882  -0.0947666908   0.0564597227  -0.0464411298
60  9  -0.0147525883   0.0740223448  -0.0800178346  -0.0805969585   0.1774296082
60 10  -0.0489891915  -0.0291077649  -0.1457725180   0.0393735370  -0.0025775989
60 11  -0.0036245167  -0.0390052280   0.0744779213   0.0799300356  -0.0727198064
60 12  -0.0130347537  -0.0169445707  -0.0358356435  -0.0214944111   0.1132766447
60 13  -0.0008318294  -0.0052420386  -0.0003337341  -0.0002022140   0.0010318389
60 14   0.0000334437   0.0013501866   0.0038607920  -0.0003844029   0.0006279774
60 15   0.0015533530   0.0007788131  -0.0011037681   0.7930850254   0.0243883547
61  1  -0.0889138159   0.0378002428   0.1092033925   0.0849592902   0.0647223119
61  2  -0.1609096217  -0.0459956287  -0.0124150765   0.0866786221  -0.0704429996
61  3   0.1244324407   0.0151331322  -0.3556854746  -0.3609125079  -0.2494832728
61  4  -0.0399340866   0.0166417365   0.0887312026   0.0600554755   0.0958171177
61  5  -0.1571983167  -0.0156130349   0.1048938183  -0.0126244010   0.0892414594
61  6  -0.0893480415  -0.1493535194  -0.1989728090   0.0252937037   0.0683240726
61  7  -0.1172250365  -0.1082774881  -0.3254036372  -0.2784130231  -0.1064972175
61  8  -0.0755303895   0.0349311471   0.2183804079  -0.1907510945  -0.0729098177
61  9  -0.2314080553   0.1939134584  -0.1424324396  -0.1359103270   0.1525208041
61 10   0.2234119779   0.0764085782   0.1467792620   0.0161113382   0.0334598777
61 11   0.0310941507   0.0768257539   0.1739291840   0.1061586067  -0.0793553439
61 12  -0.0741489531   0.0458671041   0.0312945098   0.0212220565  -0.0920100079
61 13  -0.0027334130   0.6308555979  -0.0048661103   0.0001752938  -0.0034998228
61 14  -0.0013334101  -0.0012673895  -0.0018665484   0.0001420616  -0.2727684266
61 15   0.2497094797  -0.0018473442  -0.0002399006  -0.0000334731   0.0001436802
62  1   0.0443280575  -0.0248023422   0.0389038170   0.1761686554  -0.2032321689
62  2  -0.2440376490  -0.1551386584  -0.0509408243  -0.1369175553   0.0339423195
62  3   0.0612111850  -0.1897573234  -0.4747358578  -0.3627780236  -0.4521046980
62  4  -0.0751575276   0.2094885820   0.1284101222   0.0703612860  -0.1584309924
62  5   0.1146760793   0.0215546510   0.0694977871  -0.0010590132   0.0686700402
62  6  -0.1336501993   0.0131913322   0.0488899942   0.1884617392  -0.4257524305
62  7   0.3539374255   0.4833502838  -0.0025638360   0.1040514702   0.0747503698
62  8   0.2095888594  -0.0403661067  -0.0967777276   0.1083380466   0.0361289178
62  9   0.2829398442  -0.0559342099   0.1424621529   0.0765566366  -0.0676339245
62 10  -0.1375026157  -0.0469745261  -0.1244838886   0.0159170929  -0.0073366416
62 11   0.0069931369   0.0565631861  -0.0902150574  -0.0699857813   0.0425224712
62 12   0.0238932280   0.0088330447  -0.0157930796  -0.0063582534   0.1183054711
62 13   0.0006611684   0.2116799592   0.0002840376   0.0002121640  -0.0061283612
62 14  -0.0022516330   0.0007391543   0.0036045071  -0.0000240899   0.3198361658
62 15  -0.2444499957   0.0029743317   0.0000443592   0.0003613185  -0.0001315152
63  1  -0.1649814264   0.1473346341   0.1684214473  -0.2306107117  -0.1024391007
63  2  -0.0276936486   0.0466890235   0.0352557863   0.3410719967  -0.1526695452
63  3   0.0470412800   0.0532875060  -0.0079813945  -0.1354311655   0.2093941582
63  4   0.0574501792  -0.0552453920  -0.1452623442  -0.0759963312   0.1207998728
63  5  -0.1658314346   0.1185202040  -0.0911005530   0.0003649535  -0.0371977600
63  6   0.0803370904  -0.0481423005   0.0363910241  -0.0799257609   0.2328583995
63  7  -0.2165419507  -0.2639846762  -0.1313448460  -0.1313080918  -0.0385574770
63  8  -0.0995626949  -0.0081188532   0.1098478559  -0.0980424726  -0.0591757311
63  9  -0.1556968280   0.0693224938  -0.0994558929  -0.0762390596   0.0781873917
63 10   0.1278027071   0.0434959805   0.0952656352   0.0006756533   0.0143986753
63 11   0.0089408935   0.0161909809   0.0877002796   0.0571450469  -0.0417129108
63 12  -0.0333362923   0.0163125552   0.0167467356   0.0104911231  -0.0668736850
63 13  -0.0011838811   0.2036342094   0.0003793719   0.0002769533  -0.0088198170
63 14  -0.0040687837  -0.0009282669   0.0023861260  -0.0000966296   0.6346654488
63 15  -0.5384697621   0.0053064421   0.0001605383   0.0006043372  -0.0001056057
64  1  -0.0676099016  -0.0491978628   0.0197556766   0.0506375280   0.1303054851
64  2  -0.1174953106   0.0185005483  -0.0095186829  -0.0418768087   0.0222365375
64  3  -0.0028526174   0.0484056353   0.1029275793   0.2433781817   0.1327963657
64  4   0.0138619851  -0.1601785548   0.0764510368   0.0406406234   0.1233043941
64  5   0.0637942845  -0.1993808726   0.1205719754   0.0062478171  -0.0670147025
64  6   0.0191018265  -0.0396057131  -0.1592891841  -0.1771549590   0.1498274589
64  7  -0.0318439274  -0.0339270855   0.3741799104   0.2392178039  -0.1376047328
64  8  -0.0376957763   0.1447001425  -0.1630568736   0.0802435198   0.1739466672
64  9  -0.0682061223   0.1071389053   0.0744768789   0.1281571244  -0.1298389016
64 10  -0.2297848758  -0.0755675399  -0.1465838795  -0.0099237426  -0.0207566678
64 11  -0.0201174590  -0.0797851408  -0.1327177229  -0.1015883575   0.0717736435
64 12   0.0584652768  -0.0210531991  -0.0126225758  -0.0048038903   0.1264789286
64 13   0.0005852749   0.4841831643  -0.0010674582   0.0001290517  -0.0005957662
64 14  -0.0001446734   0.0003217811  -0.0012997933  -0.0000988524  -0.4278885129
64 15  -0.5245846884  -0.0057775496   0.0002635382   0.0017008014  -0.0002163230
65  1   0.1048194670  -0.0037032906   0.0345926326   0.0683536411  -0.1554323294
65  2  -0.2985811444  -0.0617633296  -0.0605768282  -0.1794002857  -0.0174251754
65  3   0.0011334665  -0.3281618917  -0.2867453878  -0.0292493729   0.2518591570
65  4   0.0568695344  -0.1486267519  -0.1069570540  -0.0829080353   0.0805477944
65  5  -0.0797816815   0.0551451379   0.0290692078   0.0083375860  -0.0839265566
65  6   0.0841472925  -0.2111937941  -0.0384631194   0.3904129458  -0.3461614941
65  7   0.1672808267   0.2658304311  -0.4222801095  -0.2601525748   0.0474461107
65  8   0.0818261298  -0.1103946329   0.1406257338  -0.0879323002  -0.1462421034
65  9   0.0879843305  -0.0385815844  -0.0415418303  -0.1228764906   0.1389444240
65 10   0.2320415473   0.0755920482   0.1092815414   0.0153230116   0.0252507210
65 11   0.0297295461   0.1093260927   0.1181882487   0.0898226866  -0.0578031274
65 12  -0.0505538179   0.0140945936   0.0094094867   0.0023669281  -0.0980359784
65 13  -0.0006581057  -0.2958954154   0.0008090868  -0.0002111960   0.0036690034
65 14   0.0018815123   0.0005613304  -0.0005880995   0.0001340274  -0.3981495783
65 15  -0.4740880924  -0.0036528082  -0.0000349478   0.0009961161  -0.0000443420
66  1  -0.2208394782   0.1511492137   0.1940964244  -0.1319540108  -0.1586050846
66  2   0.0072215571  -0.0489815886   0.0464724846   0.4026140698  -0.1346610507
66  3   0.1282208695   0.1615991135  -0.2646470215  -0.5567783469  -0.4576318258
66  4  -0.0662084570   0.2791120560   0.0416171349   0.0475545717  -0.0806978371
66  5  -0.0634368177   0.1557192353  -0.0625806336  -0.0107829619   0.1378399142
66  6  -0.1484858227   0.1318402759   0.1245764653  -0.2790678655   0.3257957944
66  7  -0.2345197711  -0.3679335921   0.1578238512   0.0751287448   0.0009761659
66  8  -0.1294542780   0.0226940759  -0.0153326851   0.0027924787   0.0172725918
66  9  -0.1323168686   0.0062788271  -0.0532086151   0.0264624520  -0.0474925119
66 10  -0.0603835237  -0.0196460705   0.0233139375  -0.0192266000  -0.0145193214
66 11  -0.0264613357  -0.0975972101  -0.0224701002  -0.0126767151   0.0039827332
66 12   0.0160100276  -0.0084968466   0.0004045090  -0.0005046794  -0.0270950732
66 13   0.0008304753  -0.4266186618   0.0008076354  -0.0001517418   0.0042731029
66 14   0.0015374322   0.0019396164   0.0023077865   0.0000837924  -0.2747085400
66 15  -0.2853317006  -0.0065237838  -0.0000583810   0.0003293260  -0.0000122323
67  1   0.0230394087  -0.0816850137   0.1043777109   0.1251748136   0.0937811692
67  2  -0.2247937589  -0.1345889236  -0.0890442053  -0.0338021471  -0.0240800640
67  3   0.0347368320  -0.0285379004   0.2604153687  -0.1988070845  -0.0057009971
67  4  -0.0667765454   0.0429505938   0.0425194771  -0.0158666709  -0.1133807124
67  5   0.0418641796   0.0529358559   0.1806771050   0.0062658937  -0.0748532464
67  6   0.1153685287  -0.0688933757  -0.0243289183   0.0677767285   0.0002046083
67  7  -0.0593175847   0.0189972401   0.0510100515  -0.0167248309  -0.1526891047
67  8  -0.0980719571  -0.0479946171  -0.0894621579   0.0078956846  -0.0064563017
67  9  -0.0301770258  -0.0307138498   0.0159671269   0.0267143147  -0.0327930262
67 10   0.1161326097   0.0389474145  -0.1116188970  -0.0184558763   0.0039371768
67 11   0.0241560557   0.0751749218  -0.0519248085   0.0972957340   0.0673208464
67 12   0.0088868301  -0.1207150606  -0.0609148590  -0.0620570078  -0.0478249232
67 13   0.0019580441   0.0018032724  -0.0077908895  -0.0000879100   0.0020005782
67 14   0.0003889485   0.0002026734  -0.0003279932  -0.0004034182  -0.0095280102
67 15  -0.0029608516   0.9385843216  -0.0052901067  -0.0009061625   0.0010842572
68  1   0.0426474118   0.0086801501  -0.0730718000  -0.0449999972  -0.0874158702
68  2  -0.2001810266   0.0536212559   0.0196837152  -0.0894960280  -0.0424485975
68  3   0.0593721476   0.1842237170   0.2869555957  -0.1991206584   0.2033643907
68  4   0.0285621000  -0.0018488348  -0.1423233180  -0.1623358015  -0.0536910280
68  5   0.0271620305   0.2643816639   0.1889882373   0.0187200672   0.2845393651
68  6  -0.6805677226  -0.2154058865  -0.0815942257   0.1258483686  -0.0436644760
68  7  -0.0420218768   0.0125267312   0.1020290503  -0.0189260375  -0.3191437334
68  8  -0.1302934286  -0.0073352865  -0.2336978828   0.0227738065  -0.0074469334
68  9   0.0224724858  -0.0103487195   0.0781634730   0.0648824535  -0.0672775649
68 10   0.2793377327   0.0898558150  -0.2558914446  -0.0470107779   0.0059646329
68 11   0.0561861712   0.1832045629  -0.1340951545   0.2533392278   0.1602375809
68 12   0.0278515031  -0.2990408904  -0.1650287282  -0.1631639717  -0.1180452538
68 13   0.0062893099   0.0147882674   0.0040195696   0.0001829473  -0.0035873678
68 14  -0.0006989165   0.0003249039   0.0026743376   0.0003222770   0.0023625408
68 15   0.0007029637  -0.1787923605   0.0006902339  -0.0000409124  -0.0000005641
69  1  -0.0357254779   0.0297473495   0.0908422432  -0.3259258326   0.0058205966
69  2  -0.0738831387   0.2206021612   0.0283521369  -0.1348448388  -0.0628871136
69  3   0.0446418647   0.0096984955   0.0160301729   0.0368042864   0.2116963596
69  4   0.0275268572  -0.1448987035  -0.1310019947  -0.0347998434   0.0458549023
69  5  -0.0416211975   0.1728232052   0.1276869864  -0.0033774653   0.4207774911
69  6  -0.6483475630   0.1344507775   0.0589250161  -0.1825360769  -0.0367229588
69  7   0.1254325897   0.0441290695  -0.1048317678   0.0349605685   0.3603563582
69  8   0.1215354038   0.0183374980   0.1879924156  -0.0110097919  -0.0305169543
69  9   0.0038874287   0.0464456655  -0.0902047189  -0.0557652896   0.0405473203
69 10  -0.2842502443  -0.0972571908   0.2686151880   0.0681879298  -0.0061457809
69 11  -0.0499574766  -0.1857311321   0.1352806130  -0.2446089972  -0.1656883017
69 12  -0.0239553965   0.2988607507   0.1559768386   0.1578192371   0.1249774922
69 13  -0.0056174038  -0.0011411534  -0.0056497317  -0.0000279176   0.0017581488
69 14  -0.0006418143   0.0020747463   0.0006904411  -0.0000691637  -0.0038128679
69 15  -0.0000842943   0.2880905723  -0.0016570176  -0.0003246157   0.0001467016
70  1  -0.1398509692   0.1287409106   0.1617889131   0.0905531760   0.0173192075
70  2  -0.1634735978   0.2591749857   0.0885311742  -0.0399362918  -0.0208979665
70  3   0.0211845883  -0.3812334737   0.3394611358  -0.0116064822  -0.3592128408
70  4   0.7564502303  -0.3458819621  -0.2922085668  -0.0760246947  -0.1111735577
70  5  -0.1364018898  -0.0404470377   0.0977026747   0.2721637832   0.1178473616
70  6   0.0268001402  -0.0087192038  -0.0039962436   0.0347967691  -0.0408953032
70  7  -0.0993968356   0.0561733157   0.0802059405  -0.0591023854   0.1453571326
70  8   0.0027311446  -0.1514025626   0.0315061756   0.0839420509   0.2066591213
70  9  -0.0029039070   0.0657328793  -0.0692029378   0.0881089100   0.0572261416
70 10   0.1198380700  -0.1566697383   0.0107347448   0.0620657879   0.0426534716
70 11  -0.1304075450   0.0011817150  -0.0219399027  -0.0784325404  -0.0468001616
70 12  -0.0050119265   0.0300212766  -0.0577873589  -0.1118137830  -0.0325720764
70 13   0.0055052568   0.0009392408   0.0054593591  -0.0006020904  -0.0001960954
70 14   0.0024479837  -0.0027331550   0.0011242298   0.0000415938   0.0000297513
70 15   0.0000732324  -0.0001426434  -0.0139896967   0.0073299536  -0.2391445919
71  1  -0.1827626303  -0.0338935539  -0.1756148582   0.1195651637  -0.1415829686
71  2   0.0478663746   0.2094586767   0.0391708404   0.0104756357   0.0546926643
71  3  -0.1781715882  -0.0036690974  -0.0062692013  -0.1285274774   0.0681859765
71  4  -0.1903951883  -0.0887929587  -0.0185782194   0.1580302330  -0.0073478752
71  5   0.0495120724  -0.0317803274  -0.1192574663  -0.0597536079  -0.1249239758
71  6  -0.0224933401   0.0694104269   0.0053006310   0.0214179543   0.0396182282
71  7   0.0621293619  -0.0247529341  -0.0637160226   0.0683088975  -0.1426187877
71  8  -0.0276798362   0.0799788655   0.0017319104  -0.0541532554  -0.1267159010
71  9   0.0089502735  -0.0573408646   0.0399972677  -0.0593615963  -0.0381925173
71 10  -0.0812668963   0.0983575173  -0.0031751759  -0.0341931637  -0.0234620823
71 11   0.0737252750   0.0017830532   0.0149992786   0.0434262538   0.0251927818
71 12   0.0025095926  -0.0196240494   0.0315696395   0.0596195667   0.0142814799
71 13  -0.0038993097  -0.0006071485  -0.0002780246   0.0001307428   0.0004607518
71 14  -0.0022437713   0.0041610234  -0.0016180590   0.0004913943  -0.0000444650
71 15   0.0002641997   0.0009078324  -0.0563079357   0.0290365963  -0.9463813634
72  1   0.0776664443  -0.2101439957  -0.0000555110  -0.2423606087   0.0735004010
72  2  -0.0708979972  -0.3683309754  -0.0727901495   0.0547519838   0.0199527931
72  3   0.0126627767   0.2101651824  -0.1679681567   0.1403161906   0.1166782732
72  4  -0.2679862354   0.1884086315   0.3454610416  -0.1437040314  -0.0215172528
72  5  -0.1583043314   0.0780676523  -0.1288656942  -0.1330623307  -0.0974666425
72  6  -0.0460221155   0.0310806717  -0.0268601356   0.0561131695  -0.0971023448
72  7  -0.1969499720   0.0977016947   0.1754449225  -0.1126010070   0.2878455670
72  8  -0.0313586985  -0.3476296005   0.1639471856   0.1465315775   0.5030337753
72  9   0.0202902374   0.1350335622  -0.1527409992   0.2381105360   0.1575819699
72 10   0.3263562593  -0.3809511963   0.0042005548   0.1358423656   0.0968119123
72 11  -0.3341788815   0.0005655978  -0.0463569202  -0.1985456489  -0.0984576807
72 12  -0.0000667886   0.0912332846  -0.1562499059  -0.2470777939  -0.0583244183
72 13   0.0201263762   0.0030156574   0.0019436425   0.0004019981  -0.0013805322
72 14   0.0043989116  -0.0026096950   0.0011585676  -0.0000126216   0.0000440958
72 15   0.0000211992  -0.0000327980  -0.0104534368   0.0060561060  -0.1968795355
73  1  -0.2108824502   0.1082723893   0.0322114858   0.0021491635   0.0888572155
73  2  -0.0396814651   0.0702314628  -0.1148570057  -0.0506746476   0.2213229105
73  3  -0.3297700324   0.1130055370  -0.0950079194  -0.0437214352   0.0923596030
73  4  -0.2545446395   0.2212521982  -0.1351190475  -0.0870337122   0.0636708011
73  5  -0.1924366306  -0.3244042623   0.0468515245   0.7559045128   0.2288898173
73  6   0.0197041850   0.1429674696   0.0394316485   0.0410867574   0.0368161474
73  7   0.0518512003  -0.0260557758  -0.0879639381  -0.0560483025  -0.0902802267
73  8  -0.0320078505  -0.0461829027  -0.0979170912   0.1922645309   0.1172634811
73  9   0.0030106697   0.0249184335  -0.0134527612  -0.1534267232  -0.0768225550
73 10   0.0224946428  -0.1310082774   0.0024480228  -0.0720503610   0.0974163963
73 11   0.1525640903  -0.0279325607  -0.1136830373  -0.0626658712  -0.1453341913
73 12  -0.1598067118  -0.1045140988   0.2858532622  -0.3109331991   0.0274402926
73 13  -0.0121103894  -0.0003306798   0.0003053533   0.0012419633  -0.0004991074
73 14   0.0013278774   0.0019929053  -0.0011896577  -0.0034982569   0.0000402870
73 15   0.0000168530   0.0002136281   0.0714975285   0.0000812438  -0.0041278018
74  1  -0.2079186804  -0.0242521136  -0.2344148159   0.0432300815  -0.0981390830
74  2   0.0934363341   0.0322633385  -0.3252022675  -0.0804530150  -0.3102077276
74  3   0.0828790072  -0.0373613917  -0.0000258034   0.0295699762   0.0267798799
74  4  -0.1102275767   0.0287950883   0.1074433545   0.0397010989   0.0025142080
74  5  -0.0207191329  -0.0135194218  -0.1676607861   0.3606495023   0.1544106753
74  6   0.0148946353  -0.0725431932  -0.0241049090  -0.0337788766  -0.0721233686
74  7  -0.1021744518   0.0404485601   0.0532951225   0.0716113824   0.0827808354
74  8   0.0380333589   0.0330294261   0.0328140761  -0.2543046582  -0.0559799597
74  9   0.0120076779  -0.0495349603  -0.0328932981   0.1382206888   0.0697960554
74 10  -0.0144991907   0.0910767745  -0.0009333160   0.0553609724  -0.0742385417
74 11  -0.1106180618   0.0225202298   0.0706121551   0.0311228552   0.0844608156
74 12   0.0930015216   0.0563332888  -0.1660454532   0.1803254022  -0.0182002887
74 13   0.0127516914   0.0002908270   0.0013157626   0.0081720516   0.0012551400
74 14  -0.0025709169   0.0004333448   0.0004217014   0.0184378772   0.0001297539
74 15  -0.0001647976  -0.0046054065  -0.8267201635  -0.0027240951   0.0499793437
75  1   0.0303495908  -0.3367844636   0.0000000000   0.0000000000   0.0000000000
75  2   0.0000000000   0.0294162366   0.1665890701   0.0999182115   0.0769735790
75  3   0.1898639792  -0.0588587462   0.0117219959   0.0008557174  -0.0295664802
75  4   0.1231372478  -0.0154905113  -0.1205712208  -0.0557427486  -0.0270938109
75  5   0.0250474247  -0.0056220570   0.1762782113  -0.4221083381  -0.1745714421
75  6  -0.0182175833   0.1150264014   0.0045003799   0.0433146285   0.1014437397
75  7   0.1466684566  -0.0651058289  -0.1051524212  -0.0870256094  -0.1101416706
75  8  -0.0467911637  -0.0824815866  -0.1305550718   0.2410144082   0.1309217787
75  9   0.0048120136   0.0595971188   0.0338861696  -0.2373584371  -0.1200797276
75 10   0.0221611044  -0.1624688342   0.0038495781  -0.0963804737   0.1275738509
75 11   0.2050306040  -0.0400824498  -0.1419858354  -0.0658730497  -0.1737072756
75 12  -0.1903443455  -0.1244607813   0.3616303882  -0.3866491819   0.0377475132
75 13  -0.0117677664  -0.0003250494   0.0012883244   0.0060026641   0.0010910690
75 14  -0.0020093109  -0.0008326057   0.0007237460   0.0023445394   0.0001003620
75 15  -0.0001287753  -0.0033023876  -0.5510411351  -0.0018500335   0.0318296863
$end
