$energy      SCF               SCFKIN            SCFPOT
     1 -304.2824584620      302.9949727635     -607.2774312255
     2 -304.2817097261      303.2321903904     -607.5139001165
     3 -304.2827614162      303.1897384635     -607.4724998797
     4 -304.2838197942      303.1102894047     -607.3941091989
     5 -304.2840601874      303.1081650494     -607.3922252368
     6 -304.2842836580      303.0940438079     -607.3783274658
     7 -304.2844438309      303.1041595489     -607.3886033798
     8 -304.2845158006      303.1181499101     -607.4026657106
     9 -304.2845512988      303.1218387212     -607.4063900201
    10 -304.2846317822      303.1219645429     -607.4065963251
    11 -304.2846989008      303.1138569731     -607.3985558739
    12 -304.2847608936      303.1096237499     -607.3943846435
    13 -304.2848022032      303.1135962292     -607.3983984324
    14 -304.2848554212      303.1222000596     -607.4070554807
    15 -304.2849113737      303.1286665354     -607.4135779091
    16 -304.2849783058      303.1294956231     -607.4144739289
    17 -304.2850023800      303.1221784405     -607.4071808205
    18 -304.2850196834      303.1194783790     -607.4044980624
    19 -304.2850531335      303.1110596706     -607.3961128041
    20 -304.2850835232      303.1080082302     -607.3930917535
    21 -304.2851061330      303.1122127520     -607.3973188850
    22 -304.2851181215      303.1123791777     -607.3974972992
    23 -304.2851250349      303.1169528576     -607.4020778924
    24 -304.2851333530      303.1171025491     -607.4022359021
    25 -304.2851459331      303.1146148075     -607.3997607406
    26 -304.2851511495      303.1140164632     -607.3991676128
    27 -304.2851539059      303.1152413598     -607.4003952657
    28 -304.2851574718      303.1185391784     -607.4036966502
    29 -304.2851607274      303.1218434441     -607.4070041715
    30 -304.2851636725      303.1215569667     -607.4067206392
    31 -304.2851680503      303.1187809128     -607.4039489631
    32 -304.2851718324      303.1158973318     -607.4010691642
    33 -304.2851799098      303.1117897970     -607.3969697068
    34 -304.2852054287      303.1089316038     -607.3941370325
    35 -304.2852123812      303.1136094444     -607.3988218256
    36 -304.2852126865      303.1139636377     -607.3991763242
    37 -304.2852140336      303.1164075043     -607.4016215379
    38 -304.2852151253      303.1194833678     -607.4046984931
    39 -304.2852156332      303.1188880713     -607.4041037045
    40 -304.2852162441      303.1194956745     -607.4047119187
    41 -304.2852164066      303.1180309116     -607.4032473183
    42 -304.2852164208      303.1177212288     -607.4029376496
$end
