$grad          cartesian gradients
  cycle =      1    SCF energy =     -304.2824584620   |dE/dxyz| =  0.043645
   -1.50932047628635     -0.46004626613565     -0.35884387325744      c
    1.26065141554685      0.04312355016396      0.19208688111596      c
    2.09872983400938      1.88928770816486      1.29621039203393      o
    2.80936512262715     -1.75472786973475     -0.72416950712234      o
   -3.13703607373276      1.26987138930890      0.89978553533606      o
   -1.99644462806176     -2.36513208470237      0.27418414287420      h
   -1.82705524742868     -0.28769946411753     -2.39306223682434      h
    4.50697035106672     -1.19073532838794     -0.24020308770118      h
   -2.20585840801441      2.85605836544053      1.05400986381902      h
  0.70703764564965D-02  -.11164366621491D-01  -.80468669709905D-02
  -.12774762740633D-01  -.17356709457212D-01  -.94748039746450D-02
  0.16704677041959D-01  0.16475448743496D-01  0.10986605833166D-01
  -.34163091162912D-02  -.30436240730310D-02  -.35773765728899D-02
  -.12798194776901D-01  -.29815270946931D-02  0.68141014686248D-03
  -.83248541259413D-03  -.59298594122319D-03  0.31232077600820D-02
  -.42631701641326D-02  0.61402803222372D-02  0.35513826746842D-02
  0.56123044294131D-02  0.51227764792262D-02  0.42896811258836D-02
  0.46508708139878D-02  0.73335160508550D-02  -.15460232637011D-02
  cycle =      2    SCF energy =     -304.2817097261   |dE/dxyz| =  0.083826
   -1.52347265882019     -0.43772864277128     -0.34275344917421      c
    1.28619080049477      0.07781926087642      0.21103272423281      c
    2.06531427569156      1.85631348978259      1.27423981248762      o
    2.81618390454929     -1.74865729607324     -0.71702679397199      o
   -3.11144723156962      1.27582110671388      0.89842748661743      o
   -1.99479361566158     -2.36395887809312      0.26792748966554      h
   -1.81854181801911     -0.29998277421022     -2.40016737233330      h
    4.49573323527845     -1.20100216414578     -0.24879378268636      h
   -2.21516500221744      2.84137589792076      1.05711199543633      h
  -.59976026347714D-02  0.31241553584341D-04  0.26387647708129D-02
  0.27141440580842D-01  0.45404214066385D-01  0.27987454146421D-01
  -.14469572982364D-01  -.46912749745341D-01  -.26994277414069D-01
  0.50705260408350D-02  0.64649249486483D-04  -.54937371619065D-03
  0.35946702975380D-02  0.50833667140121D-02  -.31542467859477D-02
  -.10738253198083D-02  -.38758912115880D-02  0.21682648759036D-02
  -.42732900380101D-02  0.46915880495595D-02  -.13103795909751D-02
  -.62609890518758D-02  0.28265746773308D-02  0.17926256789080D-02
  -.37886102578022D-02  -.73790233929722D-02  -.25975486009331D-02
  cycle =      3    SCF energy =     -304.2827614162   |dE/dxyz| =  0.055494
   -1.52244431249666     -0.43760391899916     -0.34314861712692      c
    1.28130325368088      0.06959587900657      0.20594983862029      c
    2.06780209346850      1.86482307624931      1.27911983713605      o
    2.81528143497170     -1.74863520142602     -0.71688428823548      o
   -3.11196435678075      1.27491171417577      0.89900548237692      o
   -1.99458620401519     -2.36323374924289      0.26748742241453      h
   -1.81770033358048     -0.30092596844626     -2.39996619563205      h
    4.49682748302513     -1.20158934280477     -0.24917870162398      h
   -2.21451716854701      2.84265751148746      1.05761333234453      h
  -.49166227426751D-02  0.25861845022065D-03  0.24908398147951D-02
  0.18731121383269D-01  0.28845594875407D-01  0.17988860310228D-01
  -.75070924306505D-02  -.31149128055933D-01  -.17525603004245D-01
  0.46987561530965D-02  0.48445405752039D-03  -.34395883917048D-03
  0.26255454153812D-02  0.41680105776713D-02  -.29680676563156D-02
  -.94683698925835D-03  -.36392348391600D-02  0.21956183383706D-02
  -.41276209019308D-02  0.46322878134290D-02  -.10631709278649D-02
  -.53199986922299D-02  0.26135833284515D-02  0.17536416496113D-02
  -.32886476810278D-02  -.62695310158296D-02  -.25390389161798D-02
  cycle =      4    SCF energy =     -304.2838197942   |dE/dxyz| =  0.012987
   -1.51648743092386     -0.43810535751488     -0.34691818650944      c
    1.26812859193989      0.05778680751296      0.19774906562649      c
    2.06399732090722      1.88268892656975      1.28767814113021      o
    2.80783860135262     -1.75038043188617     -0.71659896428576      o
   -3.11381094240874      1.26970764709491      0.90388986181503      o
   -1.99315670443056     -2.35721496535964      0.26331715627816      h
   -1.81042428800282     -0.30941413534122     -2.39879877518340      h
    4.50390998542175     -1.20604477461930     -0.25245354850247      h
   -2.20999324412936      2.85097628354359      1.06213335990508      h
  -.94202471283554D-03  -.70736134822308D-03  0.34556363655229D-03
  0.36924959545487D-02  0.38188212536943D-02  0.27286746094998D-02
  0.27761192221690D-02  -.67526177430343D-02  -.28886123872316D-02
  -.58389168216492D-04  -.66207545756697D-03  -.13721166331767D-02
  -.21793574875670D-02  -.15296057169400D-02  -.19986473544065D-02
  -.70955668404171D-03  -.17274017090355D-02  0.18212558126074D-02
  -.34435914985063D-02  0.38629409971926D-02  0.64324011864773D-03
  0.62039328149832D-03  0.33368960887392D-02  0.26500369124260D-02
  0.20053975671557D-03  0.31280875756105D-03  -.19369919346873D-02
  cycle =      5    SCF energy =     -304.2840601874   |dE/dxyz| =  0.012665
   -1.51495311190166     -0.43401966755758     -0.34663187137575      c
    1.26167000066467      0.05453027068058      0.19431488766685      c
    2.05067545015564      1.89479458729033      1.29139362337096      o
    2.80755710489503     -1.74846908113082     -0.71235330573508      o
   -3.10551718526574      1.27361720191396      0.90960263172899      o
   -1.99098721415369     -2.35175085838699      0.25728455509856      h
   -1.79956886956544     -0.32199375489550     -2.40108233437676      h
    4.50202109889251     -1.21637135405893     -0.26068565966802      h
   -2.21089538399519      2.84966265614496      1.06815558356415      h
  -.71391622281155D-03  -.51758290156446D-04  0.97610952772668D-03
  -.18110012671341D-02  -.57422629716466D-02  -.33366836867387D-02
  0.53632649014805D-02  0.20542230978396D-02  0.23949093273539D-02
  0.39191592386208D-02  0.95717275710599D-03  0.80225106990826D-04
  0.87755814631151D-03  0.27783404892880D-02  -.72594480632112D-03
  -.18317942650607D-03  -.72266845994873D-03  0.97180134732611D-03
  -.25680353584639D-02  0.26785110131665D-02  0.58612398487869D-03
  -.24413884877493D-02  0.14212518847276D-02  0.11971835526744D-02
  -.24817015510146D-02  -.34229749997162D-02  -.21539030753842D-02
  cycle =      6    SCF energy =     -304.2842836580   |dE/dxyz| =  0.014863
   -1.51148697687737     -0.42980431865504     -0.34861325540152      c
    1.25625411201414      0.05721381561015      0.19430573252151      c
    2.02909982036994      1.90851516089868      1.29363029981246      o
    2.79733218897496     -1.74889948347149     -0.70866450802034      o
   -3.10066940637240      1.26952364412327      0.91643099602513      o
   -1.98856669564229     -2.34506194221128      0.24952900681123      h
   -1.78353450389845     -0.33984288730739     -2.40450194046031      h
    4.50688924897849     -1.22916179317182     -0.27096759270947      h
   -2.20531589782090      2.85751780418492      1.07884937169521      h
  -.39637839219035D-04  0.10138028927901D-02  0.58734384034845D-03
  -.29090537186045D-02  -.91903196237621D-02  -.54847285224039D-02
  0.44951859968917D-02  0.56593135889448D-02  0.44310840884169D-02
  -.31810175158095D-03  -.26038177143295D-03  -.77403849006626D-03
  -.91477666805095D-03  -.23987326347242D-02  -.10889578661998D-03
  -.40172965494139D-04  0.64705632275671D-03  0.15902881364069D-03
  -.15176212296477D-02  0.10285385429757D-02  0.10329334531709D-02
  0.12476660936045D-02  0.18352829019396D-02  0.16288575220640D-02
  -.35328896691031D-04  0.16222569140861D-02  -.14859714107062D-02
  cycle =      7    SCF energy =     -304.2844438309   |dE/dxyz| =  0.009264
   -1.50795111695600     -0.42894430032657     -0.35137359132846      c
    1.25116530284315      0.06596615587059      0.19819103442380      c
    2.00935854520099      1.91915386038448      1.29324863671600      o
    2.79128508297584     -1.74789852634086     -0.70371214333195      o
   -3.09525575240925      1.27250861049920      0.92173349848070      o
   -1.98657450890757     -2.34162049372047      0.24357869265984      h
   -1.76827408543177     -0.35515794616067     -2.40922549765441      h
    4.50762651571710     -1.24318312553924     -0.28248750610223      h
   -2.20137809330638      2.85917576533356      1.09004498641062      h
  0.10748851617523D-02  -.18716558009147D-03  -.51783566508015D-03
  -.30078736808166D-02  -.50924553490968D-02  -.32226008062876D-02
  0.19208298463745D-02  0.32475670353851D-02  0.28823091854662D-02
  0.38863931385205D-03  -.10366610272479D-02  -.10109509443569D-02
  -.18084929035400D-03  -.59867450870675D-03  0.16598782156558D-02
  0.90346916649815D-04  0.14836488000487D-02  -.58525028495163D-03
  -.65377272374586D-03  -.25403704549839D-03  0.96340459897440D-03
  0.10201053212852D-02  0.10749155404539D-02  0.10620982734347D-02
  -.67510218299367D-03  0.13245047700905D-02  -.12474473609328D-02
  cycle =      8    SCF energy =     -304.2845158006   |dE/dxyz| =  0.003751
   -1.50812659588130     -0.42765303095558     -0.35151530012156      c
    1.25128207409989      0.07314643954496      0.20214658621089      c
    1.99871041504569      1.92489868219835      1.29136106005142      o
    2.78674107270934     -1.74503357008786     -0.69907528748307      o
   -3.09283835714583      1.27401667960394      0.92068074419572      o
   -1.98572557197308     -2.34294499064772      0.24189504584841      h
   -1.75927812637708     -0.36225617166004     -2.41344484185433      h
    4.50669571825264     -1.25234948755002     -0.29034737531964      h
   -2.19745873900418      2.85817544955400      1.09829747874607      h
  0.31149199982826D-03  0.57897611921473D-03  -.73434133255227D-04
  0.14522675156890D-03  -.36637920373768D-03  -.33955145770417D-03
  -.78505858611667D-03  -.11529394959547D-02  0.18134110344324D-03
  0.76525460741611D-03  -.43563194920671D-03  -.58488270089216D-03
  0.78864634441146D-03  -.39928578866630D-03  0.18764296680247D-02
  -.28482127095120D-04  0.86875601162428D-03  -.67478184706085D-03
  -.30553474479062D-03  -.76112617483133D-03  0.14175885430657D-03
  0.33321240131969D-04  0.44301699109996D-03  0.56854006117571D-03
  -.94262687970858D-03  0.11908514303843D-02  -.11111886898472D-02
  cycle =      9    SCF energy =     -304.2845512988   |dE/dxyz| =  0.005032
   -1.50859550562853     -0.42857187389634     -0.35170273998002      c
    1.25083716513004      0.07765445214826      0.20490942573273      c
    1.99508905832655      1.92988152470693      1.28998087197065      o
    2.78283659205270     -1.74304451932566     -0.69580951045130      o
   -3.09349680587435      1.27559759464802      0.91647137638718      o
   -1.98523081753869     -2.34512182687604      0.24239935200610      h
   -1.75429472233203     -0.36416057907932     -2.41558159533336      h
    4.50641601311528     -1.25760120761891     -0.29524717345021      h
   -2.19355908752491      2.85536643529310      1.10457810339214      h
  -.30279100066918D-04  0.36889808674910D-03  0.28525009199046D-05
  0.13355445462396D-02  0.15168286351189D-02  0.83535217015733D-03
  -.15635342586739D-02  -.26757201592618D-02  -.77415366079898D-03
  0.37826479160110D-03  -.10507855903840D-03  -.42857231718259D-03
  0.12228579433016D-02  -.32260255004408D-04  0.18919198794081D-02
  -.89480032581680D-04  0.43935910756081D-03  -.60486864883450D-03
  -.20261563324944D-03  -.73474317075727D-03  -.27255746048998D-03
  0.49129074328435D-04  0.19909249485400D-03  0.40031531594082D-03
  -.11156835497432D-02  0.98973648638353D-03  -.10644410817472D-02
  cycle =     10    SCF energy =     -304.2846317822   |dE/dxyz| =  0.007542
   -1.50974366743021     -0.43131530167961     -0.35208599060139      c
    1.24801031413236      0.08837637365626      0.21173365867642      c
    1.98939369030520      1.94504052169657      1.28609993376238      o
    2.77364248102511     -1.73851131091436     -0.68688988323905      o
   -3.09926851202492      1.27917125702817      0.90025558252101      o
   -1.98382580162215     -2.35144069928511      0.24550743566791      h
   -1.74209917015131     -0.36633326686391     -2.41945235229827      h
    4.50447871647620     -1.27038121273138     -0.30802235821052      h
   -2.18058616098432      2.84539363909344      1.12285208399542      h
  -.42631774657203D-03  0.13920112561735D-03  0.37928003650944D-04
  0.20271743105999D-02  0.38661978443761D-02  0.23832272002218D-02
  -.19140887925388D-02  -.38240107234743D-02  -.16196545620429D-02
  0.69739283728632D-03  0.66878516396060D-03  -.15156386072960D-04
  0.12404755116856D-02  -.56580697158341D-03  0.14596130087233D-02
  -.32808618710695D-03  -.81892729246217D-03  -.19689330719283D-03
  -.83452935330760D-04  -.32125067937950D-03  -.91649357870366D-03
  -.54336256815457D-03  -.67338047210929D-03  -.21151496635597D-03
  -.68294727595230D-03  0.14909338245583D-02  -.92927002450972D-03
  cycle =     11    SCF energy =     -304.2846989008   |dE/dxyz| =  0.005632
   -1.51085832269164     -0.43413182106869     -0.35206725030165      c
    1.24507682185306      0.09614142097318      0.21681758179893      c
    1.98695594353558      1.96086514021012      1.28192314357016      o
    2.76383800649610     -1.73578852440721     -0.67856771953928      o
   -3.10787403121353      1.28403188754763      0.88032371309295      o
   -1.98196235774622     -2.35628370840816      0.24956911203136      h
   -1.73142511560827     -0.36632145353744     -2.42093134042924      h
    4.50305950181471     -1.27999712905467     -0.31902676334882      h
   -2.16680855671394      2.83148418774535      1.14195763339951      h
  -.48898947671907D-03  -.44906364778495D-03  -.16840132116947D-04
  0.16341627379612D-02  0.28378523990629D-02  0.19872071766870D-02
  -.94494763684216D-03  -.19202825158011D-02  -.70071047936648D-03
  -.48691560686584D-03  0.10387471118922D-02  0.53173483565340D-04
  0.84543434108226D-03  -.61057723736594D-03  0.96814953641438D-03
  -.40152387803300D-03  -.16120855543663D-02  0.14634329407787D-03
  -.52946268149640D-04  0.33001830326586D-03  -.10284367742739D-02
  0.21533806459693D-03  -.10282021655922D-02  -.43706339606303D-03
  -.33334597208646D-03  0.13725480320983D-02  -.97299431225109D-03
  cycle =     12    SCF energy =     -304.2847608936   |dE/dxyz| =  0.003241
   -1.51112145924791     -0.43427816651790     -0.35137293735818      c
    1.24174743578675      0.09798406302441      0.21725141012850      c
    1.98807216807629      1.97026681705706      1.27659524679023      o
    2.75958486140905     -1.73807701466294     -0.67322771152283      o
   -3.11794812213990      1.28935459629589      0.86060813394418      o
   -1.97943942239486     -2.35434627749911      0.25292840997649      h
   -1.72548530418781     -0.36562037349703     -2.41788651366840      h
    4.50026427361122     -1.28090405211814     -0.32382527904831      h
   -2.15567254118707      2.81562040791789      1.15892735103226      h
  -.98493255209307D-05  -.80835352191354D-03  0.17226005206884D-03
  -.51808604108962D-03  0.19963964115070D-04  0.32353908505348D-03
  0.68853278031076D-03  0.13496645084742D-02  0.10513493725697D-02
  -.34778313633898D-04  0.61669505766038D-03  -.10203851222069D-03
  0.11853475679223D-03  -.27610792685896D-03  0.44691748243352D-03
  -.15004907907488D-03  -.99202252219520D-03  0.60462832318680D-04
  -.97877803889751D-04  0.89286206926856D-03  -.52244772142871D-04
  0.19324718170506D-03  -.11483758308663D-02  -.58740743421346D-03
  -.20557872416214D-03  0.30517261148681D-03  -.13067518173112D-02
  cycle =     13    SCF energy =     -304.2848022032   |dE/dxyz| =  0.003918
   -1.51113150194375     -0.43136138501696     -0.35167104772303      c
    1.23981261156315      0.09812717630213      0.21567470281421      c
    1.98594181625958      1.97467389120238      1.27021539104899      o
    2.75657413423207     -1.74124486103060     -0.66846337641383      o
   -3.12490415868717      1.29391787511352      0.84549298036862      o
   -1.97712180683689     -2.34985067401949      0.25485341441482      h
   -1.71984081814343     -0.36934966114727     -2.41632599995557      h
    4.49740043184394     -1.27888418219868     -0.32620410007460      h
   -2.14672881856181      2.80397182079511      1.17642614579434      h
  0.22523936441988D-03  0.16995156517150D-03  0.46591296727062D-03
  -.71272476171082D-03  -.11231958107985D-02  -.33200445417869D-03
  0.75876959929630D-03  0.19787614529283D-02  0.13066547014607D-02
  -.10565170735946D-03  0.37934435261945D-03  -.10635695513650D-03
  -.73158625073053D-03  -.98837889636829D-03  -.30543793398120D-04
  0.68491498693256D-04  -.41646959028615D-03  -.99014456961854D-04
  0.39644992174216D-04  0.92377320941001D-03  0.83977469581649D-03
  0.19204499098428D-03  -.10328638281420D-02  -.62609705358522D-03
  0.25035429059303D-03  0.74878541477903D-04  -.14075073035525D-02
  cycle =     14    SCF energy =     -304.2848554212   |dE/dxyz| =  0.004071
   -1.51140549777766     -0.42831639931848     -0.35414388740348      c
    1.23653691667885      0.09784444519952      0.21171904818681      c
    1.98216783370891      1.97767343426208      1.25930051424315      o
    2.75336473977185     -1.74759354481954     -0.66180607413646      o
   -3.13196339352619      1.30335378206789      0.82524672657142      o
   -1.97417136519132     -2.34137747326315      0.25769593976455      h
   -1.71233122389322     -0.37834613501047     -2.41723884803416      h
    4.49299400368495     -1.27188111960701     -0.32680262715225      h
   -2.13519012373056      2.78864301048930      1.20602731823438      h
  0.53789154885543D-03  0.74076926305461D-04  0.80532434750759D-03
  -.63799057999879D-03  -.93034512231465D-03  -.36540554921374D-03
  0.26173886188628D-03  0.13097172296779D-02  0.84427497867597D-03
  -.43078187812611D-03  -.46308043443459D-03  -.29575431859756D-03
  -.14329268202008D-02  -.76199731449865D-03  -.93753708937726D-04
  0.60604606279205D-03  0.10570719901285D-02  -.57064807447893D-03
  0.35894167024073D-03  0.79335316534831D-03  0.16660045663143D-02
  0.45186786924043D-03  -.54881250138731D-03  -.52830834942061D-03
  0.27470314553194D-03  -.55130713749329D-03  -.14450797100009D-02
  cycle =     15    SCF energy =     -304.2849113737   |dE/dxyz| =  0.004269
   -1.51288057925199     -0.42447096869100     -0.35977226328413      c
    1.23288349343968      0.09792419069034      0.20689517661462      c
    1.97729945097774      1.98043726546948      1.24613324479231      o
    2.75075522818885     -1.75317862362847     -0.65320932873477      o
   -3.13573124730524      1.31511251202988      0.80293292801353      o
   -1.97281405886046     -2.33521848943200      0.26247493718682      h
   -1.70427179559053     -0.39177158782971     -2.42349353342630      h
    4.48694736481623     -1.26316553237487     -0.32642094810464      h
   -2.12218596668878      2.77433123376648      1.24445789721652      h
  0.46886562506731D-03  0.11895886917741D-02  0.78475439402457D-03
  -.34433915344246D-04  0.61030168394883D-05  0.27881893670385D-03
  -.53092954315563D-03  -.33302597258095D-03  -.23163174168604D-03
  0.14499644750203D-04  -.77393872301196D-03  -.13652787764020D-03
  -.20284954726765D-02  -.15255739011508D-02  -.28924654169572D-03
  0.85870441666555D-03  0.11903410936970D-02  -.54984514918627D-03
  0.79274052082683D-03  0.47907104782299D-03  0.17622210898512D-02
  -.20182155408745D-03  -.27199146421051D-03  -.62191835309825D-03
  0.65930154916699D-03  0.33863263071471D-04  -.97209479373635D-03
  cycle =     16    SCF energy =     -304.2849783058   |dE/dxyz| =  0.003727
   -1.51603662271094     -0.42382126796385     -0.36891645826419      c
    1.23073122798162      0.09618292727026      0.19986815050977      c
    1.97555916652892      1.97971983832065      1.23449814619417      o
    2.74998144571503     -1.75653780873374     -0.64642465115800      o
   -3.13034618610564      1.32956070795644      0.78588018523178      o
   -1.97582691738142     -2.33323670912704      0.26897444514143      h
   -1.70267108054659     -0.40679895925514     -2.43641666613815      h
    4.48255794305453     -1.25013909197049     -0.32008370400979      h
   -2.11394708681010      2.76507036350301      1.28261866276692      h
  -.33526794752718D-03  0.12560933200334D-02  0.25683301576910D-03
  0.11075523775526D-02  0.40943962709215D-03  0.73902065286419D-03
  -.78026965408802D-03  -.15541978670293D-02  -.99048267528867D-03
  -.95773981553930D-03  -.57340506740968D-03  0.20429690284085D-03
  0.42989828550799D-05  0.30186402376437D-03  0.54933311781886D-03
  0.88080088939255D-03  0.24177429567114D-03  -.10531115285548D-03
  0.11424605427973D-02  0.14956731125547D-03  0.49467185787205D-03
  -.82432585496242D-04  0.36823946453992D-03  -.46066345107734D-03
  -.97142780411361D-03  -.59576702252020D-03  -.65905980337411D-03
  cycle =     17    SCF energy =     -304.2850023800   |dE/dxyz| =  0.003661
   -1.51792546184963     -0.42606540082514     -0.37548543275555      c
    1.22741910100257      0.09775384027436      0.19545305999007      c
    1.97420184567955      1.98351962969782      1.22472941562127      o
    2.74866136658595     -1.75848027716259     -0.63966263680176      o
   -3.12993739833370      1.34144785051482      0.76617942623790      o
   -1.97834522616196     -2.33156546881428      0.27471188411815      h
   -1.70045597383393     -0.41802594469721     -2.44592047838726      h
    4.47870874203046     -1.24268035283575     -0.31725949779568      h
   -2.10232510539399      2.75409612384805      1.31725237004680      h
  -.32824885561319D-03  -.15622757585843D-03  0.20355295425398D-03
  0.68973292294134D-03  0.85851998168349D-03  0.91736224018041D-03
  -.33104600223800D-03  -.16641482663738D-02  -.10931014331313D-02
  -.77275251536038D-03  -.66436565425278D-03  0.38853363478059D-03
  -.73673608619966D-03  -.49868629042855D-03  0.30471892722909D-03
  0.91929959900315D-03  0.21969229043824D-03  0.31440731321911D-04
  0.12532493553317D-02  0.20287480877783D-03  -.51179611841937D-03
  -.42910280655221D-03  0.55123647636162D-03  -.51737667610836D-03
  -.25160611845268D-03  0.11604637668351D-02  0.31148722520505D-03
  cycle =     18    SCF energy =     -304.2850196834   |dE/dxyz| =  0.002488
   -1.51807726612606     -0.42661529387313     -0.37745514259300      c
    1.22725296812117      0.09781810724974      0.19368399138857      c
    1.97572329233916      1.98395772890079      1.22465063399306      o
    2.75109873199437     -1.75699558605064     -0.64038067331880      o
   -3.12746966077372      1.34357914960988      0.76289554791150      o
   -1.98196448932117     -2.33308664879758      0.27630762149999      h
   -1.70542155855435     -0.41931401034896     -2.44722037546094      h
    4.47928183533120     -1.24101792265014     -0.31364196624832      h
   -2.10042196328528      2.75167447596011      1.32115847310187      h
  -.80996521266457D-04  0.28951804824516D-03  -.22300647000031D-03
  -.23983894590392D-03  0.59839089129757D-04  0.45512022088234D-03
  0.44213060620221D-03  -.61120151737679D-03  -.50095973714043D-03
  -.71252216188847D-04  -.48296009149070D-03  0.48925598017852D-03
  0.66442127370141D-04  0.12295263670946D-05  0.38534309072288D-03
  0.53314515464211D-03  -.56150891711683D-03  0.33510045195615D-03
  0.10173071190868D-02  0.29641335438819D-03  -.48518175852823D-03
  -.85181677212628D-03  0.39422617162112D-03  -.57113837540294D-03
  -.80187294695318D-03  0.62325725347965D-03  0.15072742141381D-03
  cycle =     19    SCF energy =     -304.2850531335   |dE/dxyz| =  0.003521
   -1.51928475191161     -0.42898628028991     -0.38242499801941      c
    1.22709096373485      0.09971602856038      0.18763291323212      c
    1.97431850584925      1.98927455548424      1.22055751493737      o
    2.75356354250733     -1.75360786779263     -0.63947377104758      o
   -3.12428065664073      1.35393168661236      0.74451137055423      o
   -1.99056433628623     -2.33194332072969      0.28035721235980      h
   -1.71514528991538     -0.42837950063380     -2.45128628149858      h
    4.48167685339208     -1.23711880911519     -0.30520531852122      h
   -2.08737294100431      2.73711350790428      1.34532946827719      h
  0.15242378810924D-03  -.31018124211576D-03  -.21118986955870D-03
  -.71163153754047D-03  -.14273893778850D-02  -.58824094377481D-03
  0.15454080714934D-02  0.14124669929409D-02  0.60583534343196D-03
  -.81489686393978D-03  -.44872546900142D-03  0.53739195227691D-03
  0.41358607189805D-03  -.47809141767401D-04  0.52156277889327D-04
  0.82576219261392D-05  -.79139637153402D-03  0.33095746697150D-03
  0.51705936929373D-03  0.48442313490522D-03  -.54526982163404D-03
  -.20857022655951D-03  0.55039817062232D-03  -.41671147536086D-03
  -.88808838629137D-03  0.58939375925454D-03  0.27178398226967D-03
  cycle =     20    SCF energy =     -304.2850835232   |dE/dxyz| =  0.004539
   -1.52036627024268     -0.42954692629601     -0.38782235393602      c
    1.22639039871741      0.10256255597466      0.18050252407434      c
    1.96856387629740      1.99416518543266      1.21644891941108      o
    2.75941322559773     -1.74857389512207     -0.64030175219222      o
   -3.12114240636297      1.36535382668731      0.72552546405835      o
   -2.00009944063367     -2.32804316972049      0.28348551327062      h
   -1.72703902591008     -0.44089040304498     -2.45391875527869      h
    4.48503160727527     -1.23496405400578     -0.29475768685756      h
   -2.07075007501324      2.71993688009470      1.37083623772401      h
  0.66920503548453D-03  -.17018437395180D-03  -.22750931411336D-03
  -.13134468788530D-02  -.17066979204430D-02  -.10045910847528D-02
  0.19618599036767D-02  0.22924319430771D-02  0.10390919482611D-02
  0.20165869377030D-03  -.35022984852989D-03  0.65197870501460D-03
  0.35951587592706D-04  -.80340157493903D-03  -.47227107193146D-03
  -.57579648649992D-03  -.71658738482030D-03  0.95337767763405D-04
  0.10336900041600D-06  0.40606301710844D-03  -.83466772171456D-04
  -.60677890001389D-03  0.21773055598999D-03  -.48380800671065D-03
  -.35969189308135D-03  0.84289800331776D-03  0.52071108287706D-03
  cycle =     21    SCF energy =     -304.2851061330   |dE/dxyz| =  0.003445
   -1.52184061123980     -0.42983157081985     -0.39074505202643      c
    1.22717181253689      0.10400496082412      0.17505727511203      c
    1.96117190453736      1.99474689482929      1.21624854802037      o
    2.76494333584731     -1.74300868211238     -0.64497450098639      o
   -3.11696762833214      1.37293719072387      0.71879328913986      o
   -2.00656479554246     -2.32350552283551      0.28406171833815      h
   -1.73835203341023     -0.45026483669032     -2.45488218032638      h
    4.49070272430762     -1.23495938460572     -0.28463339870180      h
   -2.06026281897941      2.70988095068646      1.38107241170450      h
  0.58703240453537D-03  -.61691369639537D-03  0.69289358018986D-04
  -.47212881603549D-03  -.98143876415144D-03  -.76291371329006D-03
  0.13372458962815D-02  0.16737752635745D-02  0.67604012488538D-03
  -.24011891598737D-03  -.34949735136260D-03  0.53107923972013D-03
  0.93506311287619D-03  0.43386158630714D-03  0.15636193321999D-03
  -.74522212151468D-03  0.17400947454355D-04  -.45129671419640D-03
  -.32726726439814D-03  0.13664563385839D-03  0.17790412616056D-03
  0.14791090954580D-03  0.20101291127630D-03  -.26996434718209D-03
  -.12085986720224D-02  -.50383218125744D-03  -.95627921636307D-04
  cycle =     22    SCF energy =     -304.2851181215   |dE/dxyz| =  0.002024
   -1.52447970800091     -0.42823671494340     -0.39573285464949      c
    1.22581542565568      0.10611819532720      0.16937387476984      c
    1.95118114297487      1.99734943002968      1.21160954142794      o
    2.76839025737887     -1.73865067517768     -0.64641083398899      o
   -3.11542349467356      1.38451295304695      0.70388905592117      o
   -2.01076581126399     -2.31853507754170      0.28745571300536      h
   -1.74428455231092     -0.46347289913182     -2.45833947583024      h
    4.49368265361463     -1.23393377824210     -0.27627933835626      h
   -2.04411402364963      2.69484856663280      1.40443242797456      h
  0.48493309044812D-03  0.14183837165971D-04  0.45217250173503D-04
  0.44407917968228D-03  0.88342822068417D-04  -.15863608211031D-05
  0.39582285081495D-03  0.42050197180598D-03  -.22599208203925D-03
  -.26846495114256D-03  -.30778743894667D-03  0.48332098178998D-03
  -.36258734311007D-03  -.67146457901789D-03  -.27652794373049D-03
  -.82408746222674D-03  0.19683289230858D-03  -.69274321746140D-03
  -.35779869294474D-03  -.20470507619124D-03  0.38736362965328D-03
  0.51949065048206D-03  0.11082280577242D-03  -.18284902018949D-03
  -.16858230734375D-04  0.36701694979563D-03  0.49123460100954D-03
  cycle =     23    SCF energy =     -304.2851250349   |dE/dxyz| =  0.002026
   -1.52518501004089     -0.42785692152131     -0.39414087490233      c
    1.22574495170065      0.10540777278083      0.17080971099512      c
    1.95017238911753      1.99482760843982      1.21462143328988      o
    2.76880982678198     -1.73766703783885     -0.64933837621835      o
   -3.11560701136457      1.38170531728145      0.71068276088687      o
   -2.00770516414252     -2.31918996928264      0.28724112169148      h
   -1.74329967256438     -0.46034671930144     -2.45731841069927      h
    4.49384178156668     -1.23611091264662     -0.27681220947584      h
   -2.04677020132940      2.69923086208868      1.39425295470634      h
  0.55231276497329D-04  0.12323819248654D-03  0.16393834901288D-03
  0.67212813017849D-03  0.54862307839806D-03  0.38096001313081D-03
  0.95387076125953D-05  -.26378845329148D-03  -.61206459472919D-03
  0.15086175864395D-03  -.16882121733427D-03  0.46812754308161D-03
  0.40406882594291D-03  0.31591990052709D-03  0.30752270895968D-03
  -.56979370525099D-03  0.28177099112409D-03  -.66633947936594D-03
  -.21669375754465D-03  -.19541669096516D-03  0.29587931544278D-03
  0.28091996642016D-03  -.55153001534377D-04  -.22804785672399D-03
  -.77190806823496D-03  -.57542231997684D-03  -.83296212193275D-04
  cycle =     24    SCF energy =     -304.2851333530   |dE/dxyz| =  0.002142
   -1.52682012416219     -0.42800737781084     -0.39456209947077      c
    1.22422598765148      0.10506398018218      0.17018777212610      c
    1.94714967391795      1.99324256810488      1.21624630002020      o
    2.76891351989290     -1.73576053312733     -0.65264241547169      o
   -3.11577527286079      1.38316683406882      0.71075276971707      o
   -2.00457621095681     -2.31943935580692      0.29021991369820      h
   -1.74293827304052     -0.46032593021632     -2.45852810680344      h
    4.49339884070278     -1.23675652773910     -0.27483916605902      h
   -2.04357625141972      2.69881634234453      1.39316314251726      h
  -.24547346749669D-03  0.89591607672750D-04  0.21369558328800D-03
  0.62826189775573D-03  0.67243615368919D-03  0.57701937455750D-03
  -.20514405082602D-03  -.60757329053959D-03  -.85190384916405D-03
  0.34007775483703D-03  -.79420901280461D-04  0.41304355665694D-03
  0.22363742168654D-03  0.53103437419211D-03  0.45174218990681D-03
  -.28139558108198D-03  0.22133024404897D-03  -.49887989663405D-03
  -.38921581828274D-04  -.80411879456940D-04  0.42088125946257D-04
  0.26199109585383D-03  -.14469658928678D-03  -.20148113091517D-03
  -.66878329801111D-03  -.59282974363182D-03  -.12047288724645D-03
  cycle =     25    SCF energy =     -304.2851459331   |dE/dxyz| =  0.001420
   -1.52950820076476     -0.42886769742491     -0.39680698083145      c
    1.22100050063904      0.10451422206702      0.16667984242842      c
    1.94050681571466      1.98998529015775      1.22171464605771      o
    2.76967371747296     -1.73023599449586     -0.66196518918807      o
   -3.11395142039819      1.38686029265997      0.70772022139701      o
   -1.99969240287910     -2.32011562442260      0.29821618018796      h
   -1.74611851002441     -0.46165887059124     -2.46079390445826      h
    4.49210815408379     -1.23688920133733     -0.26740068368680      h
   -2.03401676411891      2.69640758338706      1.39263397836742      h
  -.53220069637578D-03  0.25941331798894D-03  0.50991300573499D-05
  0.41935287135589D-04  0.15252940633380D-04  0.25059145592323D-03
  -.18677430339999D-03  -.16098509847283D-03  -.63972735488700D-03
  0.48680048833326D-03  -.11014148070327D-04  0.24287543477512D-03
  -.37770748220665D-04  0.40047311292276D-03  0.39502923009248D-03
  0.42718854737263D-04  -.18338773998225D-03  0.97114580353336D-05
  0.16155702436492D-03  0.28293070233023D-03  -.12763806575275D-03
  0.30843272485281D-03  -.24338358179513D-03  -.49178369725226D-04
  -.27022224894035D-03  -.35205198538585D-03  -.67171438735906D-04
  cycle =     26    SCF energy =     -304.2851511495   |dE/dxyz| =  0.001041
   -1.52980080613879     -0.43014786768720     -0.39908224613234      c
    1.21953462840888      0.10463374916912      0.16266708821215      c
    1.93644334990600      1.98742172251716      1.22582675432776      o
    2.77055725148053     -1.72626905286649     -0.66861275976556      o
   -3.11088907955617      1.39041447118460      0.70309115735308      o
   -1.99876700883638     -2.31898287624231      0.30318004309472      h
   -1.75125092544027     -0.46575374126915     -2.46254430515028      h
    4.49058950335834     -1.23485120935400     -0.26042100407810      h
   -2.02641502345707      2.69353480454813      1.39589338241252      h
  -.22750793982484D-03  -.17017921400619D-03  0.56520026166010D-04
  -.24314704871324D-03  -.26613582072915D-03  -.18744951430475D-03
  -.14310182887318D-03  0.21086491701425D-03  -.34906647679478D-03
  0.29954401213444D-03  -.85901707453791D-04  0.13456542512178D-03
  -.16608460600282D-03  0.12683264974530D-03  0.23784184147929D-03
  0.72636099869844D-04  -.90906472614713D-04  0.11668878342914D-03
  0.82135629319929D-04  0.44993139022359D-03  -.21647881461104D-03
  0.30925514328747D-03  -.16478556297165D-03  0.12627691171411D-03
  0.32047101097609D-04  -.22616213713272D-05  0.96475375869437D-04
  cycle =     27    SCF energy =     -304.2851539059   |dE/dxyz| =  0.001072
   -1.52911304102831     -0.43053419177275     -0.40006884217106      c
    1.21923353522498      0.10496287497759      0.16108415165864      c
    1.93501816979494      1.98541358645664      1.22993350990658      o
    2.77030511454940     -1.72383664125846     -0.67302213971663      o
   -3.10875987420402      1.39107941645713      0.70143171041544      o
   -1.99810084932707     -2.31837793874003      0.30537273767281      h
   -1.75420144041027     -0.46832274368028     -2.46258556105016      h
    4.48884184413263     -1.23371706514168     -0.25726507370581      h
   -2.02322156900720      2.69333270270170      1.39511761726415      h
  0.56050812411398D-04  -.21459081240670D-03  -.48217271447797D-04
  -.23347644569896D-03  -.39298821783060D-03  -.44348280145690D-03
  -.14005347002792D-03  0.41901570886995D-03  -.13117184282214D-03
  0.73903841900186D-04  -.11224928405025D-03  0.67018312285285D-04
  -.46844364267309D-04  -.15173641317124D-03  0.10707005240852D-03
  0.25633529342252D-05  -.74818776010811D-04  0.15367296076736D-03
  -.16098652452217D-04  0.48607686613017D-03  -.62611551560864D-04
  0.18424690203894D-03  -.87061466768115D-04  0.23205289419796D-03
  0.13607193330191D-03  0.13636149139147D-03  0.13878680920191D-03
  cycle =     28    SCF energy =     -304.2851574718   |dE/dxyz| =  0.000842
   -1.52808031420829     -0.43015151835089     -0.39966680961390      c
    1.21936463513749      0.10577469085859      0.16222215817321      c
    1.93601256927204      1.98399845755221      1.23373545763976      o
    2.76861716572533     -1.72290599255947     -0.67502046452716      o
   -3.10817044326958      1.39030180369318      0.70146296878771      o
   -1.99701915407658     -2.31797213273070      0.30524432536363      h
   -1.75403187389192     -0.47053349680030     -2.46192425022208      h
    4.48673275340439     -1.23331177092449     -0.25835143296669      h
   -2.02342344836779      2.69479995926174      1.39229615763949      h
  0.19193375280185D-03  -.12244120591917D-03  0.89248915121500D-05
  -.68253325870360D-04  -.36962571173399D-04  -.24014480733095D-03
  -.18411347112420D-03  0.22808435246627D-03  -.21838397208285D-03
  -.44841585232110D-04  -.16421522128948D-03  0.47789842564821D-04
  0.10061864107334D-03  -.38331948585218D-03  0.26752698186704D-04
  -.29063435102527D-04  -.65831933022772D-05  0.32781754760993D-04
  -.84085824503728D-04  0.36305950214151D-03  0.18613123944213D-05
  -.43902191352620D-04  -.32072499267563D-04  0.23176427423138D-03
  0.17765294509673D-03  0.16300794448573D-03  0.12125225095061D-03
  cycle =     29    SCF energy =     -304.2851607274   |dE/dxyz| =  0.001096
   -1.52764476475887     -0.42953097592536     -0.40036011476178      c
    1.21894224694252      0.10702199845121      0.16275080777006      c
    1.93579043339544      1.98036772383734      1.24213454946214      o
    2.76654136695119     -1.71881997568977     -0.68136232349749      o
   -3.10692889478540      1.39234939792134      0.69856629826296      o
   -1.99481619934721     -2.31667191724036      0.30751813500635      h
   -1.75570145134472     -0.47740717349962     -2.46161451472555      h
    4.48354114622740     -1.23203750854144     -0.25760383212942      h
   -2.01972199355526      2.69472843068656      1.38996910488672      h
  0.29814524456167D-03  -.19735681741021D-04  -.15782474189136D-03
  0.25601989689590D-03  0.22554200352699D-03  -.47606080797323D-04
  -.20456835985158D-03  0.43483089593373D-04  -.26820036450147D-03
  -.40594761101715D-03  -.98165958877259D-04  -.40250382182655D-05
  0.13430098112042D-03  -.52277923539336D-03  0.52360551160822D-04
  0.69977762282625D-05  0.32790147667884D-04  -.12446081428253D-03
  -.15070290103484D-03  0.14280104744515D-03  0.18170418698423D-03
  -.24094224517013D-03  0.61281551906808D-04  0.31684760091540D-03
  0.32285817955259D-03  0.14439568122188D-03  0.61077148649579D-04
  cycle =     30    SCF energy =     -304.2851636725   |dE/dxyz| =  0.000994
   -1.52838468849853     -0.42882867397258     -0.40042402680760      c
    1.21823719265432      0.10762305411947      0.16363010307945      c
    1.93647143677501      1.97777494124519      1.24761420726925      o
    2.76572518345363     -1.71632289307189     -0.68482826996557      o
   -3.10722583221818      1.39532756927657      0.69524250011539      o
   -1.99356783031488     -2.31573812436010      0.30940560211281      h
   -1.75577991129532     -0.48285196770762     -2.46204681469840      h
    4.48232239644165     -1.23097624673435     -0.25861077040601      h
   -2.01779605727264      2.69399234120524      1.39001557957469      h
  0.13816984775752D-03  0.56007119003424D-04  -.15896708669437D-05
  0.14313492923725D-03  0.32802088574969D-03  0.57973234197664D-04
  -.21478289918664D-04  -.22567590681327D-04  -.27234310932524D-03
  -.32678177985397D-03  -.30752541721259D-04  0.19186796878770D-04
  0.54869230517870D-04  -.39682843454694D-03  0.15339398168506D-03
  0.12133905542014D-03  0.21128782963646D-04  -.26653657597771D-03
  -.14655434194778D-03  -.43036213375348D-04  0.19619900459413D-04
  -.33159424146482D-03  0.50881735532896D-04  0.30742666670114D-03
  0.38523597581286D-03  0.47178505114902D-04  -.85688428125623D-05
  cycle =     31    SCF energy =     -304.2851680503   |dE/dxyz| =  0.001047
   -1.52994889674710     -0.42796388014125     -0.40072542794202      c
    1.21762413410150      0.10762822417231      0.16515436526084      c
    1.93794893569937      1.97448201550832      1.25403375742035      o
    2.76559272150672     -1.71383289702545     -0.68796703798195      o
   -3.10873207494784      1.40069261091966      0.68910383269444      o
   -1.99321269574220     -2.31450583405798      0.31262424038614      h
   -1.75478758656239     -0.48970426646804     -2.46247654196245      h
    4.48249033737512     -1.22935319530711     -0.26193813532573      h
   -2.01697298495819      2.69255722239951      1.39218905772442      h
  -.22463757323589D-03  0.12562273732231D-03  -.10073706784781D-03
  -.57012012717752D-04  0.11451901321810D-03  0.61737605461637D-04
  0.35092079596873D-03  0.10549047152950D-03  -.18214282543379D-03
  -.18696644778002D-03  0.11555443367928D-03  0.11868129093980D-03
  -.15930373134196D-03  0.23041932892693D-04  0.39285390497273D-03
  0.26813619242710D-03  -.12932192961721D-03  -.36989885586555D-03
  -.71076856756435D-04  -.24009112644085D-03  -.66268712561512D-04
  -.27126119265553D-03  0.17670425994346D-04  0.25251797666701D-03
  0.36798214919804D-03  -.12178254470476D-03  -.99328867032267D-04
  cycle =     32    SCF energy =     -304.2851718324   |dE/dxyz| =  0.001453
   -1.53109423795636     -0.42732623092262     -0.40085927843868      c
    1.21708650140748      0.10739081105548      0.16626433296352      c
    1.93850536754963      1.97086795642530      1.26085778251828      o
    2.76616999044199     -1.71140679762386     -0.69159752109261      o
   -3.10968183500992      1.40636396495678      0.68160182194696      o
   -1.99371542547761     -2.31280471905117      0.31685537724070      h
   -1.75414196729213     -0.49651624911354     -2.46294931966563      h
    4.48333243972293     -1.22759897405379     -0.26540235887322      h
   -2.01645894366110      2.69103023832742      1.39522727367475      h
  -.45622532327045D-03  0.18538374398565D-03  0.32481567522611D-04
  -.35626962325890D-03  0.58409436103588D-06  0.25951411091815D-05
  0.62637302790322D-03  0.23081852256819D-03  -.67235646839147D-04
  -.83183444687101D-07  0.12239558406394D-03  0.16911948989207D-03
  -.30446371396205D-03  0.28760331284674D-03  0.49675302920852D-03
  0.35721796882018D-03  -.23775243131938D-03  -.44179895203955D-03
  -.48922876422872D-04  -.35764748057303D-03  -.24706449296891D-03
  -.15327834571070D-03  -.12531020383598D-04  0.20329917219793D-03
  0.35354214126909D-03  -.20665807869312D-03  -.14181498663219D-03
  cycle =     33    SCF energy =     -304.2851799098   |dE/dxyz| =  0.002151
   -1.53225498997196     -0.42655323787290     -0.40129911072982      c
    1.21661711531431      0.10638055822087      0.16836503968342      c
    1.93816391454258      1.96248502271797      1.27653131826722      o
    2.76758320951864     -1.70601213593298     -0.70054864610579      o
   -3.11056949530109      1.41749257214213      0.66516153052897      o
   -1.99533697546502     -2.30857993222119      0.32717405257265      h
   -1.75301284867198     -0.51006289901239     -2.46317395698883      h
    4.48502596922482     -1.22398330438694     -0.27292237049286      h
   -2.01621400946555      2.68883335634549      1.40071025353918      h
  -.69148327583149D-03  0.22527726436770D-03  0.14615438619797D-03
  -.65423844660588D-03  -.36815321760812D-03  -.23261902908021D-03
  0.95281905211365D-03  0.54853657469407D-03  0.21481549757946D-03
  0.19838977869019D-03  0.13839061963976D-03  0.25921317585164D-03
  -.53274944993156D-03  0.56253294057337D-03  0.54772469620227D-03
  0.45226418721178D-03  -.37652188166126D-03  -.49903398031866D-03
  -.48038468103661D-04  -.46808772953971D-03  -.40222858646279D-03
  -.92282956296000D-05  -.45008832402835D-04  0.11416292412636D-03
  0.35339172591886D-03  -.20055807367735D-03  -.14387131370880D-03
  cycle =     34    SCF energy =     -304.2852054287   |dE/dxyz| =  0.001783
   -1.53061387413906     -0.42635918908200     -0.40222810420070      c
    1.21679672556334      0.10277683642609      0.17405531866255      c
    1.93178493413760      1.93856041567495      1.31911831797182      o
    2.77221622474227     -1.69212068911497     -0.72743825374608      o
   -3.10875959687985      1.44174189063320      0.62270050346880      o
   -2.00196311086877     -2.29542921872465      0.35783245066047      h
   -1.74993802339397     -0.54013127901959     -2.46113382758381      h
    4.49028740197282     -1.21596363518060     -0.29325303323187      h
   -2.01980879140999      2.68692486838777      1.41034473827315      h
  -.21316316292194D-03  0.13529696089877D-03  0.35585689288002D-04
  -.85680252864908D-03  -.12201406584758D-03  -.20721448824002D-03
  0.58616749923333D-03  0.49712283417828D-03  0.39450194153698D-03
  0.30938895230802D-03  -.39228334080120D-03  0.54726345535418D-04
  -.58685629818415D-03  0.38372022157737D-03  0.19604482316160D-03
  0.32278122772206D-03  -.42063167374073D-03  -.27125860480241D-03
  -.21776434624090D-03  -.24643235956236D-03  -.22165638885406D-03
  0.38893479022644D-03  -.97175863380574D-05  -.82499507284458D-05
  0.29943325431549D-03  0.20196462111891D-03  0.30276803161768D-04
  cycle =     35    SCF energy =     -304.2852123812   |dE/dxyz| =  0.000949
   -1.52854091359886     -0.42692876619212     -0.40244797845738      c
    1.21813602884518      0.10018630237566      0.17667823619691      c
    1.92710838955724      1.92664383467706      1.33903705950761      o
    2.77404182115242     -1.68483642739580     -0.74078898393019      o
   -3.10610623881311      1.45107845167025      0.60297179520177      o
   -2.00594289599052     -2.28792062318938      0.37340664772769      h
   -1.74767989873754     -0.55260096019149     -2.45947667751584      h
    4.49190320276867     -1.21255237309779     -0.30298309561627      h
   -2.02291760545924      2.68693056134387      1.41360110716011      h
  0.12965501230971D-04  -.85684462506275D-07  -.91542183006664D-05
  -.31403708537894D-04  -.82177379893960D-04  -.13555816202644D-03
  -.63660918400399D-04  0.16694818523079D-03  0.23530923160681D-03
  0.97114187975786D-04  -.28152189329549D-03  0.93176074610404D-04
  -.30158751046543D-03  -.13066606242864D-03  -.15594051781270D-03
  0.19359644457674D-03  -.14695498896455D-03  -.98804501062006D-04
  -.30569493303907D-03  0.18923287496321D-04  -.18440700322368D-05
  0.21434953876414D-03  -.21852143535739D-04  -.95895657622383D-04
  0.22108762381907D-03  0.50929815489828D-03  0.17310579421733D-03
  cycle =     36    SCF energy =     -304.2852126865   |dE/dxyz| =  0.001056
   -1.52819502087273     -0.42695705778053     -0.40273055986738      c
    1.21802511281275      0.09991515309013      0.17708151997439      c
    1.92613550992740      1.92408769550616      1.34326552829146      o
    2.77434622170165     -1.68305567517961     -0.74400339749914      o
   -3.10550169656993      1.45360505382640      0.59832127760577      o
   -2.00678806531007     -2.28622548103072      0.37690825190007      h
   -1.74738925059460     -0.55594768906005     -2.45930632352228      h
    4.49210516905294     -1.21158681831439     -0.30447819528019      h
   -2.02273609042324      2.68616481894290      1.41494000867174      h
  0.14613861585801D-03  -.15889815456181D-05  -.52395574038047D-04
  -.40168843057875D-04  0.24297418190480D-04  -.62259136748806D-04
  -.14744032351966D-03  0.90356995447331D-04  0.19284045636873D-03
  0.43649374943660D-04  -.34423230660275D-03  0.36229414090096D-04
  -.33443445190711D-03  -.23228118883275D-03  -.22055251497403D-03
  0.15759122623419D-03  -.13123749190694D-03  -.56387338077190D-04
  -.32082794950956D-03  0.48678437141810D-04  0.32407895079946D-04
  0.25799784929863D-03  0.48060808767286D-06  -.82667872878576D-04
  0.27507725065448D-03  0.57770765866813D-03  0.21747240579452D-03
  cycle =     37    SCF energy =     -304.2852140336   |dE/dxyz| =  0.000858
   -1.52797229729351     -0.42686890936363     -0.40321382114401      c
    1.21773632961513      0.09918716584529      0.17818717372458      c
    1.92500128697719      1.91797375845198      1.35274307295568      o
    2.77448647969754     -1.67826812388756     -0.75145496312274      o
   -3.10413093925636      1.45962704527326      0.58775502336323      o
   -2.00887091971374     -2.28192252530975      0.38495999779784      h
   -1.74565392016663     -0.56424491670513     -2.45905820658897      h
    4.49172668623270     -1.20901200522154     -0.30785506637077      h
   -2.02232081636832      2.68352851091743      1.41793489965967      h
  0.18844801137090D-03  -.27753146609231D-04  -.84092870880552D-04
  0.70380045781162D-04  0.70392795406838D-04  0.53747683902665D-04
  -.21408305598754D-03  -.11808100641564D-03  0.56316179520775D-04
  -.78654253783279D-04  -.18162841925588D-03  0.56408086943506D-04
  -.20105962797066D-03  -.25227423215364D-03  -.19251270532009D-03
  0.13120216032166D-03  0.35458965163208D-05  -.88509183202038D-05
  -.27949809000401D-03  0.61725427488987D-04  0.50612778366925D-04
  0.20246547209001D-03  0.15357356536714D-04  -.79566661543401D-04
  0.21918983289000D-03  0.46046753139895D-03  0.15306856406835D-03
  cycle =     38    SCF energy =     -304.2852151253   |dE/dxyz| =  0.000729
   -1.52823601138677     -0.42675537208439     -0.40360908681194      c
    1.21742948269039      0.09892162923477      0.17856399905486      c
    1.92474308176638      1.91477831726435      1.35707745370969      o
    2.77436615568776     -1.67499649737265     -0.75585044164496      o
   -3.10292589443093      1.46394493159482      0.58042483005918      o
   -2.01126280964703     -2.27865218717568      0.39015335817900      h
   -1.74354949494683     -0.56997333442867     -2.45917942753058      h
    4.49092592740081     -1.20706586790509     -0.30926542840874      h
   -2.02148854740996      2.67979838087296      1.42168285366809      h
  0.62281384207016D-04  -.30936252249803D-04  -.55801241910123D-04
  0.20484763315128D-03  0.14769489557968D-03  0.17876638356739D-03
  -.21820497126585D-03  -.35909053929165D-03  -.13968802114075D-03
  -.11203271228511D-03  0.61062165209726D-04  0.13084133169842D-03
  0.14028485581897D-04  -.21274969871193D-03  -.96925624641566D-04
  0.93787002671492D-04  0.15745901277743D-03  0.80041909836535D-05
  -.18413303193760D-03  0.43390254314782D-04  0.29805835888199D-04
  0.63785701871274D-04  0.45304391323034D-05  -.84236633822832D-04
  0.11352650333162D-03  0.21907873991791D-03  0.34213347714485D-04
  cycle =     39    SCF energy =     -304.2852156332   |dE/dxyz| =  0.000417
   -1.52886558855136     -0.42658693724604     -0.40407502513690      c
    1.21699782782943      0.09913890880249      0.17829221630615      c
    1.92481865792661      1.91381748325268      1.35903824082257      o
    2.77429110226564     -1.67301837365050     -0.75866373935617      o
   -3.10232193385148      1.46838554866734      0.57394164550962      o
   -2.01372930726850     -2.27657723625994      0.39389131573911      h
   -1.74149783728568     -0.57487895927612     -2.45969017574675      h
    4.49023253001734     -1.20549983744713     -0.30971084484644      h
   -2.01992356135840      2.67521940315775      1.42697447698354      h
  -.26521345546053D-04  0.73323714985034D-05  -.87007509318441D-05
  0.11239093192696D-03  -.22313686106677D-04  0.50167104500075D-04
  -.37145161289749D-04  -.11698739522764D-03  -.11205618637796D-04
  -.60323900488772D-04  0.82656663924044D-04  0.98679086999486D-04
  -.10332569544410D-03  -.14948035372953D-03  -.69321154000919D-04
  0.28314499668908D-04  0.11386049498345D-03  0.42514217113003D-04
  -.65509591531962D-04  -.10418660847388D-04  -.69222857275445D-04
  -.13658115427991D-04  0.14870249871192D-04  -.68237922668482D-04
  0.20238408408021D-03  0.10867447761570D-03  0.39759056508167D-04
  cycle =     40    SCF energy =     -304.2852162441   |dE/dxyz| =  0.000654
   -1.52885364385398     -0.42670267534586     -0.40353721182719      c
    1.21700604523991      0.09964586053474      0.17773571197341      c
    1.92627970972298      1.91792500031923      1.35208962632414      o
    2.77378639913880     -1.67581213323141     -0.75458319699112      o
   -3.10274707736794      1.46518633890298      0.57946387630100      o
   -2.01415414535150     -2.27852141724203      0.38981268989641      h
   -1.74021142435444     -0.56990229582355     -2.45960350147582      h
    4.48990197186349     -1.20676845113014     -0.30776095331894      h
   -2.02100594531357      2.67494977301649      1.42638106939274      h
  -.43529043223206D-04  0.20687856758270D-04  -.83495584792290D-04
  -.49431849447652D-04  0.45328762855037D-04  0.55134587323602D-04
  0.35330365856492D-04  -.79986156410412D-04  -.52963532969388D-04
  -.12429885467056D-04  0.27662930006654D-04  0.70510789414608D-04
  0.30713286740647D-03  0.21620379838218D-03  0.24079872549062D-03
  -.37776429932216D-04  0.74247627546001D-04  0.59861473942377D-04
  0.11318181648494D-04  0.10334128999044D-04  0.22624551057997D-05
  0.20576433572395D-05  0.18997659527505D-04  -.49001554252331D-04
  -.17726024524829D-03  -.30523823285751D-03  -.23969584035385D-03
  cycle =     41    SCF energy =     -304.2852164066   |dE/dxyz| =  0.000193
   -1.52893225446213     -0.42669955695333     -0.40374395786866      c
    1.21705697621206      0.09966228526013      0.17744261961137      c
    1.92580565806999      1.91795407913856      1.35216960896834      o
    2.77407136714114     -1.67578417748200     -0.75454001616692      o
   -3.10280232719665      1.46605035000353      0.57808967115112      o
   -2.01417398609972     -2.27840836265840      0.39002196314494      h
   -1.74077790913237     -0.57077350196032     -2.45980032480458      h
    4.49014118393566     -1.20659518381131     -0.30769260230972      h
   -2.02038681874426      2.67459406846362      1.42805114854877      h
  -.17863208252679D-04  0.46021915394383D-06  -.15927203708953D-04
  0.72218152477023D-05  0.30908828505152D-04  0.25629011313912D-04
  0.58486545959227D-05  -.57929431710036D-04  -.24941713316745D-04
  0.75869799101231D-05  0.14994289841132D-05  0.70718181434990D-04
  -.36052990060891D-04  -.36468488787888D-04  0.13646472546695D-04
  -.28307372218748D-04  0.58676172022466D-04  0.32207977627605D-04
  -.17270114016932D-04  -.74090462002397D-06  -.36798776980759D-04
  0.26222962698299D-05  0.17873678388873D-04  -.55018942687287D-04
  0.11171096731089D-03  0.13801517047169D-04  -.59543719510403D-05
$end
