$dipgrad          cartesian dipole gradients
  0.83291388258514D+00  -.14395715222563D+00  0.28333419557622D-01
  -.14433350335366D-01  0.28929256817506D+00  -.23279890760587D-02
  -.48086006352113D-01  0.10637919753183D-01  0.28050985362341D+00
  -.13648492525411D+01  0.46185052539072D+00  -.15461493364003D+00
  0.49938955236944D+00  -.80637617263461D+00  0.24751378429794D+00
  -.17792103299050D+00  0.25177672661044D+00  -.40581601283433D+00
  0.17670042407095D+01  -.30903809624024D+00  0.32995715451466D-01
  -.43191884698451D+00  0.12394188331495D+01  -.47558543786313D+00
  0.10216686405618D+00  -.48702620958277D+00  0.58617958156667D+00
  -.80300379375759D+00  -.15218078699304D+00  0.13247025967909D+00
  -.41996489850301D-01  -.82290425357453D+00  0.28517067831688D+00
  0.71813291162463D-01  0.29425477204898D+00  -.49731627214957D+00
  -.46282933483000D+00  0.79590525660498D-01  -.18189507092258D-01
  0.14345899087442D+00  -.18360268992995D-01  -.10830601726012D+00
  -.53524573135675D-01  -.10258251872625D+00  -.12386997187932D+00
  0.68267099227671D-01  0.22906333592894D-01  -.39881291484522D-01
  -.91441662983946D-01  0.36240656108242D-02  -.11244371788423D+00
  0.26793713180332D-01  -.12353034953890D+00  -.14271696317939D+00
  -.83438159690325D-02  0.44594172770891D-01  -.16002512520417D-01
  0.91373742299293D-01  -.44771323624576D-01  0.64610958842004D-01
  -.42775391731714D-01  0.69074456234558D-01  0.50527685841128D-01
  -.44742806238137D-01  0.27707765732837D-01  -.11887696363638D-01
  -.80576361662452D-01  -.36735222639807D-01  -.79089212025947D-01
  -.16262459862798D-01  -.65456229122180D-01  0.25884816215714D-01
  -.36664647772656D-01  0.31333449432525D-01  -.24811688229307D-01
  -.17852697591039D-01  0.72542516137408D-01  0.59626140173653D-02
  0.69099455368410D-01  -.22724476746804D-01  -.91511215358570D-01
  0.31889438076750D-01  -.13132642865088D-01  0.18794453147338D-01
  -.26700313871743D-01  0.52392760226692D-02  0.83287470088535D-01
  0.26535121519522D-01  0.82261949958734D-01  0.99242573616229D-01
  -.55539535631364D-01  -.41912021049254D-02  0.20777324195781D-01
  -.33810869527950D-01  0.82203791396553D-01  0.32300746873561D-01
  0.38026599198023D-01  0.29347186149511D-01  0.11335753830784D+00
  0.75898526140063D-01  -.45482892151325D-01  0.32016457298840D-01
  0.45083072641679D-02  0.36826190974123D-01  0.58906121673247D-01
  0.41344195878526D-02  0.63966772961521D-01  0.10552838622988D+00
$end
