$coord
    8.37224547724995      2.73154398887037      1.42822617840179  c
    6.37826752201922      0.77527223973504      2.10164290576201  c
    4.02123546256815      1.06511821887979      0.45759138559349  c
    3.03198282073736      3.05093236754105     -0.02653160008431  o
    3.11841046043654     -1.20178741765762     -0.31858392198266  o
    0.75407797116726     -1.20416123831824     -1.63315925088802  c
    0.61066602567030     -3.63762577143054     -3.15995720514256  c
   -1.38771145005624     -0.98270260939408      0.29119019490547  c
   -1.14267634553278     -1.04867213223557      2.54411796188823  o
   -3.61733247038526     -0.73455046181729     -0.91395011255635  o
   -5.83349948650347     -0.47894250408362      0.64310289276962  c
   -8.11874841639971     -1.00299514181132     -1.02204103303290  c
   -6.03963270085431      2.12409741513399      1.86727948606319  c
   -7.50144911457561      2.55881649338168      3.55024521589466  o
   -4.50857244397548      3.85655987741866      0.82594363878692  o
    7.50062642763047     -1.64773070574768      1.96275768942289  o
    7.57899324815586      4.62724750048437      1.52234881347929  h
    9.08789920960556      2.39444871879042     -0.47593372903730  h
    9.94392906583634      2.58469194864914      2.75092809032782  h
    5.69439410435194      1.14482099438824      4.03195276071787  h
    0.65551337373819      0.44875906091448     -2.86135814582070  h
    2.18365722473109     -3.71482574701547     -4.48741727232582  h
   -1.15397180481007     -3.70448732372405     -4.21702217307648  h
    0.71289070586461     -5.28503068906062     -1.92461323321868  h
   -5.72753773216982     -1.82847492158175      2.19582243755209  h
   -9.83946896170401     -0.80545807802774      0.09088419885235  h
   -8.18768394328021      0.31460592154964     -2.60546144888297  h
   -8.01881237708872     -2.92251827420967     -1.76197388717804  h
   -4.75176201266336      5.42855547215125      1.73967253997338  h
    6.18407204999253     -2.90551098123334      2.02681431691981  h
$user-defined bonds
$end
