$coord
    9.33935223602712      1.06973778884607     -0.66479936990107  c
    8.52663908023205     -0.86805146425653      1.31361093439568  c
    6.28710484111697     -0.06299296865042      2.71071768097725  n
    3.87448338839111     -0.62325132673980      1.50862623767604  c
    1.67789614670883      0.33267363065247      3.13941475313075  c
   -0.85820045324639     -0.16099288932920      2.18676305891116  n
   -1.52169927462535      1.08084281500418     -0.18854424636670  c
   -4.37879947375895      1.12811712405693     -0.57169510836285  c
   -5.43301295046379     -1.42258664563496     -0.54340184449184  n
   -7.80279050922965     -1.87122457589508     -1.88065286871112  c
  -10.23446599425524     -0.79154404055909     -0.73476041367967  c
  -10.42885836445374      1.95751552836271     -1.01543602734308  n
   11.57137185143195      0.15525248400244     -2.02471419626697  n
    7.73427272311055      1.51214980031737     -1.90806399779987  h
    9.84120669380131      2.81914482745446      0.30794480547413  h
    8.24231858895227     -2.71396319345416      0.38140891862346  h
   10.08568033880596     -1.11133812313756      2.64289288358675  h
    6.31547442889707     -0.82614110822587      4.46479946073020  h
    3.82575145303504      0.31017614530533     -0.33197941981868  h
    3.61842520726252     -2.66587356163057      1.14541165516027  h
    1.82235802867637     -0.52691611076422      5.01858518205281  h
    1.89271433948024      2.36945909752382      3.41150792851308  h
   -1.13632090629368     -2.04818197453609      2.00906809372431  h
   -0.83510298178795      3.02976484722348     -0.09990341671303  h
   -0.64469500294433      0.18818196082953     -1.84835259710046  h
   -5.20048622861843      2.36674345488055      0.88440093121676  h
   -4.79513801511563      1.97694511843819     -2.40693629178055  h
   -5.55301688741005     -2.06312829325313      1.25632412749785  h
   -7.60169367548111     -1.14548102142977     -3.80485776388520  h
   -8.04064770857856     -3.92184576706891     -2.02914854557403  h
  -10.38291744026783     -1.44023330239367      1.23992914896768  h
  -11.83100402358967     -1.62735505040582     -1.74980836869634  h
   -9.19316176756749      2.85986475303111      0.13384650346124  h
  -12.17961381190605      2.56319262919521     -0.53149137696886  h
   11.12603372097371     -1.34257977306630     -3.13430875933504  h
   12.27054051291433      1.51392107501385     -3.17713003401593  h
$user-defined bonds
$end
