$dipgrad          cartesian dipole gradients
  0.54165511126074D+00  -.64836531368171D-01  -.11256040955223D+00
  -.72634225586397D-01  0.16234085127849D+00  0.92671017829666D-01
  -.11171303865621D+00  0.62727562973915D-01  0.29863445862719D+00
  0.50437739512231D+00  -.27772492771004D-01  -.14769691055673D+00
  -.48944301577571D-01  0.32899734156080D+00  0.98601104554368D-01
  -.29821388711084D+00  0.11084527368336D+00  0.30525516073456D+00
  -.86278493509301D+00  -.27164204170266D-01  0.91388791147343D-01
  0.13037421409419D-01  -.49727525927181D+00  -.21559329182516D+00
  0.10904646039654D+00  -.16473877922514D+00  -.33244109421583D+00
  0.35170940459476D+00  0.13048446661940D+00  0.67995172936714D-01
  0.90863444312363D-01  0.37304892827302D+00  0.17320377094208D-01
  0.27542685353596D+00  0.37572353452016D-01  0.79182042790110D-01
  0.71312618327020D+00  -.28555235203086D-01  0.10234951275957D+00
  0.66296677104839D-01  0.18085141881694D+00  0.64567087533764D-01
  0.16658409322833D+00  0.18231674151522D-01  0.36961027945843D+00
  -.95519596218988D+00  0.46813666397920D-01  -.23469042744322D-01
  0.21861729129287D-01  -.23399791471772D+00  0.67169299022515D-01
  -.14869209466728D+00  0.47907463459203D-01  -.60198620158826D+00
  0.24260687090884D+00  -.73568032988544D-01  0.47909679857075D-01
  -.18864176618288D+00  0.26082458138098D+00  -.10993377186423D+00
  0.14832804619373D+00  -.37380596821050D-01  0.47212490934513D+00
  0.37254433191327D+00  0.11124768411411D+00  -.19636324357590D-01
  0.19718117817052D+00  0.47776287865908D+00  0.11876799295270D+00
  -.12510078794363D+00  0.63087038717195D-01  0.20466288902346D+00
  -.94206009033686D+00  -.20303062695181D-01  -.84018645640648D-01
  -.11121431018550D+00  -.54881796177825D+00  -.13726729751013D+00
  -.18984502868941D+00  -.11630867991853D+00  -.24902234462406D+00
  0.71743196211864D+00  0.82069892805483D-01  0.98484190696777D-01
  0.77790036605593D-01  0.24003874207660D+00  0.56484292605235D-01
  0.26410592738246D+00  0.88711152826811D-01  0.29678971626946D+00
  0.45506152440868D-01  -.45804520525784D-01  -.14395577934923D-02
  -.57469408597505D-01  0.56566489302642D+00  -.10962239365989D+00
  -.39757197009335D-02  -.69861986972630D-01  0.28047781067035D+00
  -.33621876552832D+00  0.30224006728535D-01  0.28889414234640D-01
  0.11454051742573D+00  -.63265025916751D+00  0.11272141006561D+00
  -.71959384928105D-02  0.16646004079117D+00  -.43336128553595D+00
  -.76267547023457D+00  0.10418674654460D+00  0.11365540419374D+00
  0.18458129729958D+00  -.21942368767570D+00  -.18403429648450D-02
  0.10352485640197D+00  0.34935747485860D-01  -.42093184804044D+00
  -.23119437947099D+00  0.84471104790928D-01  -.45911394577004D-01
  0.74133559731911D-01  0.37986537829514D-02  0.15230679976811D-01
  -.10607147556883D+00  0.42712496877901D-01  -.61943290529579D-01
  0.20316292622336D-02  -.41067695269284D-01  0.14380133574066D-01
  -.20234457038272D-01  -.10420157414907D+00  -.60352207223343D-01
  -.12619176361606D-01  -.82467879440213D-01  -.42968190244876D-02
  -.26833591651267D-01  -.65211744546402D-01  -.68268076940252D-03
  0.44271502399948D-01  -.20850369147770D+00  -.98129217467216D-01
  0.10173107511509D+00  -.11696158433236D+00  -.63852610594753D-01
  -.12127442487631D+00  0.32488780706287D-01  -.71885694109624D-01
  0.15821017623792D-01  0.42597228771461D-01  0.81948752800829D-02
  -.72313573276335D-01  0.39378998112796D-01  -.49986568398311D-01
  0.63042088592420D-01  -.12667284856940D-01  0.54610300305700D-01
  -.92093688602150D-02  0.16617136101568D+00  0.15984195860682D+00
  0.81072990197445D-02  0.66203349423235D-01  0.61159269438815D-01
  0.61091936045867D-01  -.74060887894218D-03  0.87851897571127D-02
  -.64271466600338D-02  -.10198426642896D-01  0.64301690962452D-01
  -.29589985635497D-01  0.46591241189957D-01  -.10944080793402D+00
  -.99595266367410D-01  -.19652323605167D-01  -.36662071727786D-03
  -.11283924369617D+00  -.24268795710829D+00  -.84009670928659D-01
  -.51612008203801D-01  -.53011904323116D-01  0.31328955147623D-02
  -.56764746639512D-01  0.15020566350321D-01  -.54410368877555D-01
  0.55493642806197D-01  0.96558958306348D-02  0.11741300086226D+00
  -.54981334204447D-01  0.63257630113943D-01  -.16058784842064D+00
  -.10884635496511D-01  -.77293925571126D-02  -.18815209919460D-01
  -.24281970861935D-01  -.13368846496671D+00  -.56997713020263D-01
  0.24546760072133D-01  -.57757267066716D-03  0.43089039837698D-01
  0.25450798829488D+00  0.27997843392794D-01  -.51593102337035D-01
  -.15189496686072D-01  0.92925206267006D-02  0.73682359484190D-02
  -.10029696022236D+00  -.48305142932232D-01  0.14177736260080D+00
  -.86535300928436D-02  -.74408177581944D-01  -.23305388156552D-02
  -.82219765484073D-01  -.12288482791289D+00  0.92960379702632D-02
  -.49587938832390D-01  -.29530660936899D-01  0.23529519994932D-01
  -.55006617352496D-01  0.38487423599106D-01  0.65565906724287D-01
  0.10254247512453D+00  -.99171718949329D-02  -.63896679493624D-01
  0.27417442571304D-01  -.11448997093775D-01  -.19831541161641D+00
  -.84756877742886D-01  0.53571370118173D-01  0.60707533086008D-01
  -.20694358589143D-02  -.15670777996767D+00  -.90325495528451D-01
  0.11124415879635D+00  -.15035421381638D+00  -.69422123666795D-01
  0.14069661083307D-01  0.21132564570838D-01  -.45293605259465D-01
  -.16301339037008D-01  0.12911072243308D-01  0.27085006635665D-01
  -.67010938140005D-01  0.77987767894236D-01  -.92083188054019D-01
  0.23476339979567D+00  -.91673096323822D-01  0.26389999590717D-01
  -.10032805123437D+00  0.14394766153403D+00  -.74723034069865D-02
  -.21579482397904D-01  0.49954178725861D-01  0.16230518250001D-01
  -.23225050074174D-01  -.17817306432580D-01  0.28361837513311D-01
  0.54515919072501D-02  0.50361288058224D-01  0.96601664308304D-01
  -.12422463839600D-02  0.22648542325351D-01  -.11124296651971D+00
  -.59976899180844D-01  -.33785333926361D-01  -.26006243949289D-01
  -.74480555490008D-01  -.19062793179446D+00  -.56203803292204D-01
  -.13734932496782D-01  -.83721560632234D-02  0.58599682177444D-01
  0.29102054022228D-01  0.29877718268435D-01  -.70001063618660D-03
  0.21364241400634D-01  -.12004739102941D+00  0.92358815614718D-01
  0.41838396109718D-01  0.13686943737102D+00  -.20647840266226D+00
  -.15445280130998D+00  -.75294705396920D-01  -.76207549008365D-01
  -.39988811928901D-01  -.22896948316675D-01  -.34684019996815D-01
  -.11350870978558D+00  -.51994427508529D-01  0.30173807576174D-02
  0.20660166987332D+00  -.37496998958470D-01  -.85840907224133D-01
  -.28872163933913D-01  0.11298667446004D+00  -.29806927930872D-01
  -.12396984581886D+00  -.93342972163352D-01  0.11008465154836D+00
  0.26433022426549D-01  0.49702861482954D-01  0.54245032539431D-01
  -.53874407829010D-03  0.12478222850574D+00  -.43254825955860D-01
  0.13464288763632D+00  -.10082073556393D+00  0.22359387217305D+00
  0.16867468742593D+00  -.10834236316217D+00  -.32160304260843D-01
  -.50029329935552D-01  0.10889090099154D+00  -.91058197039831D-01
  0.33159258544211D-01  -.11006059993675D+00  0.10593571391895D+00
  0.24227849518306D+00  0.16114414728382D-01  0.37307022189615D-01
  -.23316439537881D-01  0.79602126982513D-01  0.64453611284537D-01
  0.15315158758519D+00  0.69456940143435D-01  0.68505638297590D-01
$end
