$hessapprox
  0.465470176276D+00 -0.102570097324D-02  0.492172671462D+00  0.258498432983D-01
  0.608338096318D-02  0.532501602216D+00 -0.520906781921D-01 -0.192829766661D-01
 -0.221972592147D-02  0.463880293095D+00 -0.384034248766D-01 -0.543775108696D-01
  0.139985974779D-01 -0.810910977279D-03  0.538225718607D+00  0.388844202099D-02
  0.231097777620D-01 -0.458995684312D-01 -0.403714161787D-02 -0.507506635399D-01
  0.491950105835D+00 -0.183975492818D-01  0.127653573864D-01  0.202938689071D-01
 -0.358302489871D-01 -0.143378814599D-01  0.254227593104D-02  0.495852483406D+00
 -0.988544751201D-02  0.365665225183D-02  0.556139697852D-02 -0.141592545618D-01
 -0.547570362179D-01 -0.370192645037D-02  0.146712364734D-01  0.472666150718D+00
  0.145367221972D-01  0.403093138738D-02  0.104288683167D-01 -0.499208770268D-02
 -0.117525408729D-01 -0.426399757670D-01  0.241823507977D-01 -0.693784906047D-02
  0.547348473622D+00 -0.100709353810D-01 -0.601022628695D-02 -0.218715824621D-02
 -0.674927725345D-02  0.172765299429D-01 -0.319012959351D-02 -0.437596010070D-01
 -0.988385216311D-03  0.180203132209D-02  0.416664786986D+00  0.244912492886D-02
 -0.119224970222D-01 -0.390734898440D-02  0.226993784570D-02 -0.452927599951D-01
 -0.665739606967D-02 -0.252125355057D-02 -0.596425701253D-01  0.900978417746D-02
  0.666206310138D-02  0.386479087146D+00  0.129683930217D-01 -0.220412552489D-02
 -0.168597201515D-01  0.111196027043D-01 -0.259239161216D-02 -0.561636645609D-02
 -0.105395185793D-01 -0.114745729808D-01 -0.736709068105D-01  0.618605566980D-02
 -0.758436231705D-01  0.384773235053D+00 -0.201042378778D-01  0.222310735881D-01
  0.604999947734D-02 -0.181648679559D-01  0.772024005664D-02  0.107442271383D-01
 -0.319159408766D-01 -0.218425064141D-01  0.126201190162D-01 -0.751717243748D-01
 -0.221949723610D-01 -0.242726405793D-01  0.427711694975D+00  0.154898142142D-02
 -0.407090675895D-01 -0.246277782905D-01  0.549221523006D-02 -0.696989475320D-02
  0.588261143214D-02 -0.215428411654D-01 -0.452000713482D-01  0.139332142156D-01
 -0.781602187721D-02 -0.412802848152D-01 -0.245528840522D-01 -0.220803084686D-01
  0.487531367173D+00 -0.530712509012D-02  0.485184676287D-02  0.209938660560D-01
  0.414220215508D-02 -0.138878364036D-01  0.414107390231D-02  0.190924951741D-01
  0.190988500354D-01 -0.183053624182D-01 -0.231828092525D-01  0.288039891258D-01
 -0.547991350849D-01  0.811890674480D-02  0.513632029367D-02  0.577623185577D+00
 -0.499955850761D-01 -0.804199873596D-02 -0.132049961378D-01 -0.306216437917D-01
 -0.309880006682D-01  0.262048803082D-02 -0.164827294043D-01 -0.163973385382D-01
  0.175817082694D-01 -0.269464198590D-01  0.142949076987D-02  0.102877339560D-01
 -0.474529457134D-01  0.129643786813D-01  0.222929666383D-02  0.447251750351D+00
 -0.835811286134D-03 -0.351724146046D-01  0.616412502058D-02 -0.828177285426D-02
 -0.316185282998D-02  0.288833076077D-02 -0.148125561637D-04 -0.966262654081D-02
 -0.196460697656D-02  0.808298657570D-02 -0.102259571326D-01  0.374000279418D-02
  0.675150015363D-02 -0.323518998516D-01 -0.277968928726D-01  0.766313530926D-02
  0.464403203355D+00 -0.828214885843D-02  0.271704597010D-02 -0.104915249672D+00
  0.499582474918D-02 -0.110991206801D-01  0.135745872843D-02  0.436675871825D-02
  0.124016103238D-01  0.976829614981D-02  0.172388607970D-01  0.342924325716D-02
  0.909957877364D-02  0.198382215645D-01 -0.692417896343D-03 -0.113881066185D+00
  0.833150011313D-02  0.801408183030D-02  0.523207765958D+00 -0.436814796490D-01
  0.189919155356D-01  0.148791620029D-01 -0.318056092493D-01 -0.324322937006D-01
 -0.737527608911D-03 -0.175950112985D-01 -0.282103810112D-02  0.627978726189D-02
 -0.271167082048D-01 -0.199786983563D-01  0.122001843078D-01 -0.314528857364D-01
 -0.819681209268D-02  0.245558370710D-02 -0.900833226599D-01  0.737727396132D-03
 -0.278265377237D-01  0.453378966132D+00 -0.336167748712D-01 -0.444275307568D-01
 -0.671213941912D-02 -0.480245521427D-02 -0.316012731572D-01 -0.143939534065D-02
 -0.112888943636D-01 -0.118404528515D-01 -0.506589752667D-03  0.500115715234D-02
 -0.307432875103D-02  0.482354981143D-02  0.109138159103D-01  0.512577230328D-02
  0.178770290037D-01 -0.312880420389D-01 -0.834391420386D-01  0.944579193274D-02
  0.993416269075D-01  0.550652616484D+00  0.606863881845D-02  0.582154590278D-02
 -0.192436368262D-01 -0.369939673749D-02  0.246520925235D-01 -0.210913674159D-01
  0.209830095458D-01  0.673856109345D-02  0.177712753920D-01 -0.209009307755D-01
  0.991580440093D-02  0.317410640460D-02 -0.122004170538D-01  0.104928669811D-02
 -0.168850657611D-01 -0.157560203035D-01  0.192885305992D-01 -0.481668299797D-01
 -0.318273209484D-01 -0.143222788537D+00  0.393621728988D+00 -0.149362315021D-01
  0.268480828467D-01 -0.190022094567D-02 -0.226873812669D-01  0.260256820696D-01
 -0.118035046161D-01 -0.259355279377D-01 -0.125089243385D-01 -0.196549962704D-01
 -0.185036050230D-01 -0.381169498422D-01 -0.169209211295D-01 -0.473694106901D-01
  0.316378869734D-01 -0.169025139092D-01 -0.100754382145D-01  0.190774165869D-01
  0.266130144080D-02  0.215180010875D-02 -0.119411716449D-01  0.153626737461D-01
  0.427973259788D+00 -0.118946690747D-02 -0.800133564502D-02  0.284473271179D-01
 -0.383115989339D-02 -0.336637683545D-01  0.244941738657D-02  0.710855153390D-02
 -0.230163951177D-01 -0.123075685684D-01 -0.648603149239D-02 -0.502004277474D-01
 -0.184426956958D-01  0.131118369665D-01 -0.986987091244D-01  0.563806243956D-01
  0.740764853282D-03 -0.312076597153D-01 -0.112305295394D-01 -0.664806784956D-02
  0.307282093823D-01  0.108209342088D-01 -0.120722494102D+00  0.601665333710D+00
  0.399261697975D-02 -0.478584576604D-02  0.146426471463D-01 -0.136676740180D-02
  0.909867291569D-02 -0.212864112206D-01  0.384351370187D-02  0.187784908872D-01
 -0.359757011288D-01  0.216825641731D-01  0.373807006257D-01 -0.131208351633D-01
  0.233338208060D-01  0.156224198039D-01 -0.106771788932D+00  0.815378502106D-02
 -0.550890993053D-02 -0.948079993149D-03 -0.221669821709D-03  0.228065023413D-01
 -0.195035859048D-01 -0.759146321168D-01  0.219326844121D-01  0.382554676105D+00
 -0.162740872922D-01  0.140352137424D-02  0.276436866046D-02 -0.398243536553D-01
  0.212865186282D-01  0.164564219784D-01 -0.680447662561D-01  0.195665302871D-01
 -0.261322268615D-02 -0.299264498270D-01  0.195073368052D-01  0.863814655441D-02
 -0.152441517243D-01 -0.999168804581D-03 -0.312119843468D-01 -0.289753034076D-01
 -0.419533796633D-02  0.177662383881D-01 -0.696361462347D-02 -0.204255441582D-01
  0.831834535511D-02  0.419846468909D-01 -0.573893764455D-01 -0.176726390642D-01
  0.100865127996D+01  0.463162185027D-02 -0.311528156253D-01 -0.898143183126D-02
  0.387308525209D-01 -0.144776089356D-02 -0.400027832218D-01  0.260964523473D-02
 -0.903047789976D-01 -0.140983317777D-02  0.195224682587D-01 -0.471469190010D-01
 -0.746118588393D-02 -0.953745994081D-02  0.233632437403D-02  0.386832894426D-01
  0.144352555733D-01 -0.322540924454D-02 -0.399183959344D-02 -0.123887549109D-01
  0.222103259051D-01 -0.925048573384D-02 -0.582508992670D-01 -0.141301315965D-02
  0.203724917260D-01 -0.322394979992D+00  0.813001455601D+00  0.284598910485D-02
  0.274758784604D-01 -0.967663730116D-03 -0.291043729914D-01 -0.708670504272D-02
  0.235677862219D-01 -0.211447575588D-01  0.554335605432D-01 -0.543266399279D-01
 -0.712123654274D-02  0.164823446423D-01 -0.149170855866D-01  0.346051439049D-02
 -0.339627104532D-01 -0.410176908540D-01 -0.284841669644D-01 -0.103440774622D-01
  0.159382579877D-01  0.226206236218D-01 -0.110873928679D-02 -0.314590575567D-02
  0.814419059665D-01 -0.377594120408D-01 -0.257958291030D-01  0.397581893457D+00
 -0.446404849699D+00  0.928421427561D+00  0.123206290862D-02 -0.134971705628D-01
  0.176143593978D-01  0.500362440788D-02 -0.185955900888D-01 -0.191611184333D-01
 -0.807289656463D-02 -0.124664680075D-01 -0.310791994184D-02  0.115047615713D-02
 -0.139217170530D-01 -0.863819762511D-02 -0.209989578387D-01  0.193859235685D-01
  0.913016177506D-02 -0.523257396968D-02  0.286867513333D-04 -0.229796178139D-01
 -0.343470591543D-01  0.476807754332D-01  0.623461242077D-02 -0.667941523733D-01
  0.602676454456D-01  0.125274812523D-01 -0.552762289596D+00  0.380361549219D+00
 -0.418052667769D+00  0.818545158308D+00  0.108767754295D-01 -0.413679903464D-02
  0.170147962523D-01 -0.323270807854D-02 -0.130311089598D-01  0.225854640789D-01
 -0.190851369710D-02  0.261753142830D-02  0.289890139732D-01  0.389796077046D-02
  0.104210438541D-01  0.317761366557D-01  0.191413750017D-01 -0.163999474984D-03
 -0.311956735149D-02 -0.284698452192D-02 -0.644717148774D-02  0.269547696645D-02
  0.115690312306D-01 -0.229661602531D-01 -0.753139256556D-01  0.280962733634D-01
 -0.174515753223D-01 -0.158772727974D-01  0.271242470372D+00 -0.320471130079D+00
  0.240096102941D+00 -0.305561786714D+00  0.438357431335D+00  0.656034528171D-02
  0.212713229559D-02  0.421947149093D-02  0.307239457236D-01  0.100764732774D-01
 -0.223574148251D-01 -0.561823112835D-02 -0.241411173129D-01 -0.196931086416D-01
 -0.912268233514D-02  0.440445608230D-02 -0.289154937572D-02 -0.658321354546D-02
  0.925112494604D-02  0.237201195396D-01  0.610569691030D-02  0.734940593863D-02
 -0.339872622313D-01 -0.378378730253D-01  0.435071697293D-01 -0.381009334868D-01
 -0.214415806714D-01  0.297951780994D-01  0.336947330780D-01 -0.386373145816D+00
  0.312732417244D+00 -0.475575014507D+00  0.403363256724D+00 -0.250236876293D+00
  0.586290943625D+00 -0.640898608537D-02 -0.105161318253D-01  0.116897064129D-01
 -0.266124075359D-01  0.152851168866D-01  0.157000640526D-02 -0.249678778667D-01
  0.331092080550D-02 -0.775701283645D-03 -0.118261081619D-01  0.145805003572D-01
 -0.128339204304D-01  0.149391916481D-01  0.127851114052D-01 -0.921837481820D-03
 -0.325462572620D-03  0.280330240868D-02  0.169646907288D-01  0.521779655893D-02
 -0.347919878199D-01  0.576908528937D-02  0.264114717748D-02 -0.890607489267D-02
  0.360984633958D-02 -0.624255777019D-01 -0.568687454383D-01  0.281587755014D-01
 -0.210815033665D-02  0.176653461293D-02 -0.363863820355D-01  0.619182002618D+00
  0.283098286929D-01 -0.122729525658D-01 -0.905843825696D-02  0.121363965804D-01
 -0.200979217819D-01 -0.367452382641D-02  0.207680652591D-02 -0.227887598362D-01
  0.138776231463D-02 -0.190230650440D-01 -0.237504094482D-01  0.829994699633D-02
  0.975719572141D-02 -0.221153310975D-01  0.116696203017D-01  0.259526512956D-01
  0.545149480613D-02  0.134012711201D-01  0.278131697682D-01  0.263746588987D-01
  0.657927597181D-02  0.218599629894D-01 -0.243350210517D-01  0.131385194238D-01
  0.428073622471D-01 -0.216850871607D+00  0.157989827521D+00 -0.793746615126D-01
 -0.356920821997D-01 -0.207514664590D-01  0.667064766764D-01  0.407818083037D+00
  0.909589756172D-02 -0.949976653494D-02 -0.211277418190D-01  0.103615546559D-01
  0.190076461295D-02 -0.388951431019D-01 -0.821107289367D-02 -0.164598512331D-01
 -0.250716337208D-01  0.723658024631D-02 -0.140873406481D-02 -0.278642472605D-01
 -0.164810811531D-01 -0.118270644675D-01  0.187642494800D-02  0.622684547115D-02
  0.447326439522D-02 -0.140626285217D-01 -0.259313834901D-01  0.320464523404D-01
  0.589467802808D-01  0.369665318386D-01 -0.129061502147D-01  0.126817071001D-01
 -0.728018858404D-01  0.140564696590D+00 -0.224878005337D+00  0.376705510039D-01
 -0.281072587097D-01 -0.775571118374D-02 -0.253268379101D-01 -0.850227163071D-01
  0.441868267184D+00 -0.241711747881D-01 -0.164104158524D-01 -0.172759895395D-01
 -0.409132023661D-01  0.803261740388D-02 -0.244537651636D-01 -0.106757581336D-02
  0.551659972412D-02  0.767994170530D-02 -0.184952065972D-02  0.632624770642D-02
  0.809499527702D-02 -0.259548206442D-01  0.153701262170D-01  0.108541225628D-01
 -0.310111713282D-01  0.584368594081D-02 -0.728025648412D-03 -0.275272492867D-01
 -0.852957330244D-01 -0.831820122053D-02 -0.350292900817D-01 -0.220439146588D-01
 -0.338282641675D-01 -0.193207028953D-01  0.364959342329D-01 -0.116000210839D-01
 -0.334162562500D-01  0.690383320531D-02  0.185747526393D-01 -0.286816282091D-02
  0.147584332297D-01  0.226854819374D-01  0.364598011631D+00 -0.379691213917D-03
  0.535374993423D-02 -0.170013164119D-01  0.288122137422D-01 -0.785921664651D-01
  0.411216907962D-01  0.123744379672D-01 -0.254361080632D-01 -0.122802585704D-01
  0.124884896427D-01 -0.356228807235D-01 -0.217668165340D-01  0.432852092315D-02
 -0.720320826423D-02 -0.306923756427D-02 -0.176820304806D-01 -0.481027742123D-02
 -0.115561869290D-02 -0.175983299506D-01  0.418142718319D-01 -0.125020254991D-01
 -0.389443542744D-01  0.375269748794D-01  0.416234515063D-02 -0.152945739711D-01
  0.744883010216D-03 -0.160399408274D-01  0.130268966797D-01 -0.131048756645D-01
  0.130750112730D-01 -0.295618033106D-01  0.712607880106D-02 -0.568497105600D-02
 -0.663955877022D-01  0.486067947483D+00 -0.243026569832D-01 -0.863412633970D-02
 -0.631224994414D-02 -0.215894201413D-01  0.144728251525D-01 -0.841686024953D-01
  0.368406665661D-02 -0.219026739865D-01 -0.269264675622D-01  0.266200551434D-01
 -0.868816201336D-02  0.226651334046D-02 -0.952541257635D-02  0.547827256403D-02
 -0.883487233671D-02 -0.774605903622D-02  0.392213214273D-02 -0.102712255314D-01
 -0.232522899148D-01 -0.314754373903D-01  0.546161827923D-02  0.200470523671D-01
 -0.330074756728D-01 -0.224466113374D-01  0.136656263325D-01 -0.232560391708D-01
 -0.176446507493D-01 -0.130394814601D-01  0.159246956773D-01 -0.100919204019D-01
  0.927188854084D-02 -0.229628274887D-01 -0.226900585428D-01  0.678759387881D-01
 -0.600921759735D-01  0.467550079573D+00 -0.360201570416D-01 -0.351369881189D-02
 -0.215634516218D-02 -0.346550445255D-01  0.588606223148D-02 -0.119934933374D-01
 -0.114496047250D-01  0.267571000575D-02  0.566162116502D-02 -0.150601124327D-01
  0.445401791505D-02  0.117788110421D-01 -0.548331709634D-02 -0.939822066077D-02
  0.735568733968D-02 -0.216691984659D-01 -0.611257253071D-03 -0.118807530270D-01
 -0.136894716803D-01 -0.751215491985D-02 -0.188883156746D-01 -0.209347786476D-02
 -0.545894542553D-02 -0.159602819066D-01  0.221856746435D-02 -0.106984179371D-01
  0.404667643149D-01 -0.191158918115D-01  0.385509449076D-01 -0.834479292040D-02
 -0.234168924729D-01  0.158009018472D-01  0.143173246325D-01 -0.123072260080D-01
 -0.508461013355D-02 -0.168633625074D-01  0.462821371656D+00  0.946954187945D-02
 -0.519279960870D-01 -0.166058559060D-01  0.321128107737D-02  0.153350665098D-01
 -0.451987381949D-02  0.155596671399D-02  0.198605330847D-02  0.161356331023D-01
  0.846390747009D-02  0.630505503795D-02 -0.368268825659D-02  0.150912502147D-01
 -0.246065178491D-01 -0.112444539091D-01  0.306712331839D-01 -0.449251209802D-01
 -0.229041505713D-02  0.298362334148D-01 -0.315665196174D-01 -0.141046749958D-01
  0.171798571357D-01 -0.215825333237D-01 -0.862706205117D-02 -0.270892192195D-01
  0.631190465506D-02 -0.225274442256D-01  0.113873881830D-01 -0.344224966946D-01
  0.247925586853D-01 -0.237207392917D-01 -0.256144256867D-01  0.743140193836D-02
 -0.815138525380D-02  0.566916546993D-02  0.754413419917D-02  0.538185549431D-02
  0.458909051784D+00 -0.269468831800D-02 -0.322186558523D-01 -0.992810391307D-01
  0.500940008564D-02 -0.662553611853D-02 -0.218768859631D-01  0.196647206785D-01
 -0.747757125909D-02 -0.335446392760D-02 -0.579569129227D-02  0.124058412317D-01
 -0.201390854176D-01 -0.668619453845D-02 -0.394160985540D-02 -0.573054823297D-02
 -0.396096993623D-02 -0.409153765615D-03 -0.329034357258D-01  0.298250845321D-02
 -0.750457512607D-02 -0.377006603963D-01  0.737933069561D-02  0.383727198503D-01
  0.247945909839D-01  0.891344818270D-03  0.150423232106D-01 -0.213638635859D-01
  0.568685203860D-01  0.382175509641D-01  0.515768809810D-01  0.969540614595D-02
 -0.194199866800D-01 -0.369744582748D-02 -0.116709189474D-02 -0.989589905332D-02
 -0.142148788975D-01  0.485900701208D-01  0.592297057238D-01  0.499557480714D+00
 -0.542422331587D-01 -0.518860067153D-02 -0.430401963967D-01 -0.326021533828D-01
  0.277594716671D-01 -0.116203344779D-01 -0.241363689403D-01  0.159002799358D-01
  0.225170096852D-01 -0.332747151628D-01  0.357930590638D-01  0.476970284287D-01
 -0.431170312057D-02 -0.652594374476D-03  0.592948439517D-02 -0.877832796790D-02
 -0.132022585025D-01  0.675914279425D-02 -0.721957101789D-02 -0.119002612020D-01
  0.327547122670D-01  0.285145666482D-01 -0.175689772539D-01 -0.656990818564D-02
 -0.216469237426D-01 -0.665785094133D-02  0.126552177645D-01  0.256999077812D-01
  0.193304236830D-02 -0.769662059413D-02 -0.459630437622D-01 -0.275654529369D-01
  0.127962437272D-02  0.165903044817D-01  0.831119480558D-02 -0.176153961006D-01
 -0.255730198887D-01 -0.139137630440D-01  0.201872761095D-01  0.356333957826D+00
  0.144794614576D-01 -0.335485694764D-01 -0.642615810047D-02 -0.333034993076D-02
 -0.724618620278D-02 -0.168045252343D-01 -0.603509135741D-02 -0.124734460133D-01
  0.122309350212D-01  0.105361169382D-01 -0.319964664545D-01 -0.576478300598D-02
  0.308736070087D-02 -0.274739415797D-01  0.793042839951D-02  0.195248542443D-01
 -0.244547393188D-01 -0.425549718314D-02  0.188773389322D-01 -0.251492823976D-01
 -0.726290334905D-02 -0.210599951394D-02 -0.255751087427D-01  0.228922948546D-01
 -0.226678719634D-01  0.234126459521D-02  0.184778638097D-01 -0.705798243666D-01
  0.154379353505D-02  0.239506180609D-01 -0.232133183990D-01 -0.225083028501D-01
 -0.195261558781D-01 -0.226788225655D-01  0.150886685539D-01 -0.183227105476D-01
 -0.327282276142D-02 -0.464624206665D-01  0.225975305640D-02  0.322308408775D-01
  0.363082331989D+00 -0.142020361067D-01 -0.620859837245D-02 -0.140785139476D+00
  0.819562094421D-02  0.671475106650D-02 -0.446672325952D-02  0.681676127265D-02
 -0.701053543079D-03  0.250740998969D-02 -0.128181739155D-02 -0.377661153591D-01
 -0.271319702367D-01 -0.800934880680D-02 -0.175713882573D-01 -0.240698347468D-02
  0.299033402192D-02 -0.101905291754D-01 -0.261969395802D-01 -0.112584804585D-02
 -0.139699509568D-01 -0.265402248612D-01  0.686443171827D-02 -0.152124078661D-01
  0.360622845570D-01  0.679572128638D-02  0.190477595967D-01 -0.613638150490D-02
  0.100508568914D-01  0.139976257758D-01 -0.180632506838D-02  0.791829050115D-02
 -0.560075956496D-02 -0.112245522387D-01 -0.219989317643D-01  0.732529180118D-02
  0.103755257044D-02  0.235701400496D-01  0.183977318673D-02 -0.611221422253D-01
  0.315203475035D-02 -0.117683997890D-01  0.405028421128D+00 -0.487777830266D-01
 -0.761238016939D-02  0.404013144468D-02 -0.537537699552D-01 -0.178223572410D-01
  0.673578777797D-03 -0.247219050178D-01  0.593624375671D-02 -0.505015216915D-02
  0.165350592877D-02  0.541379378439D-02  0.588346433415D-02  0.194796370848D-01
 -0.935623288742D-02  0.338497590492D-02 -0.685408969789D-02 -0.508028861827D-02
  0.188855861077D-02 -0.131239208391D-01  0.201326781512D-01  0.368662911248D-01
  0.281354647796D-01 -0.259949617721D-01 -0.101015153438D-01 -0.825781378940D-02
 -0.228746261333D-01  0.263635872485D-01 -0.191120366581D-01  0.300590619675D-02
  0.879626505127D-02 -0.256017223712D-01 -0.124736042466D-01 -0.605995196492D-02
 -0.195792314521D-01 -0.112181935512D-03 -0.133446340440D-01 -0.602046668327D-01
 -0.193385740820D-01  0.160619053667D-01 -0.846400875805D-01  0.258846090507D-01
  0.527792359965D-02  0.355312911174D+00 -0.104847289444D-01 -0.196972350682D-01
  0.186648141413D-01 -0.429596838634D-01 -0.149007703517D+00  0.789776157584D-01
 -0.198087557062D-01 -0.994094940048D-02 -0.188728589411D-01 -0.157373126054D-01
  0.719962706424D-02  0.610946568481D-02  0.598731113668D-02 -0.122843018371D-01
 -0.120120308689D-01 -0.203109524971D-01 -0.276435901272D-01  0.451515646845D-03
 -0.480134563757D-02  0.116267035408D-01  0.509221033665D-02  0.383931581548D-01
  0.811879109267D-02  0.104280545441D-01  0.333839397423D-02 -0.412053907574D-01
  0.494853979502D-01 -0.494255890870D-01 -0.244225175095D-01  0.835295701659D-02
  0.341084489428D-01 -0.280896932954D-02 -0.222067612545D-01  0.176895665127D-02
  0.221779674028D-01 -0.567442366005D-03  0.131953775111D-01  0.748026061615D-02
 -0.195723590311D-01  0.278992758078D-01 -0.246854901971D-01  0.101738033858D-01
 -0.429296273110D-02  0.364133458158D+00  0.156268311757D-01 -0.165971369331D-01
 -0.233405461057D-01  0.242292629086D-01  0.613516757215D-01 -0.910665944716D-01
  0.395072857263D-02  0.195630847576D-04 -0.171122409920D-01  0.207283093843D-02
  0.106624992226D-01 -0.176111579786D-01  0.352211994646D-02  0.799535452998D-02
 -0.255850609494D-01  0.981071550591D-02  0.251501095187D-02  0.746345306442D-03
 -0.952929698864D-04 -0.880947019019D-02  0.213312349168D-01 -0.281756681348D-02
  0.123400269277D-01 -0.169246505107D-01  0.600609666151D-02  0.148140550499D-02
 -0.802372346459D-02 -0.558643942831D-01 -0.154033948283D-01  0.134534669547D-01
 -0.270368433582D-03 -0.180864780750D-01 -0.171295363258D-01  0.798358414397D-02
  0.221053084282D-01 -0.467845916594D-01  0.784502872840D-02 -0.268066478050D-01
 -0.132535699527D-01 -0.214260906325D-01 -0.292212840035D-01 -0.141680070867D-01
 -0.610874784703D-01 -0.379960920997D-01  0.308998032084D+00 -0.230033658288D-01
  0.507664076046D-02  0.203806887753D-01 -0.872600306467D-02 -0.187580997979D-02
  0.463230981305D-02 -0.399176222283D-01 -0.185116488927D-01 -0.464902000560D-01
 -0.148414578928D-01 -0.394051986232D-02 -0.393648648114D-02 -0.134180835413D-01
  0.328546114761D-03  0.124654251797D-01 -0.122757628334D-01 -0.415168056167D-02
  0.202949574637D-01 -0.207369927858D-01  0.756475523139D-02  0.297891803037D-01
 -0.444120893766D-02  0.107484039327D-02  0.161549036207D-01 -0.641653850055D-02
 -0.208836586328D-01 -0.279307038425D-01  0.143932510654D-01  0.865407409468D-02
 -0.566685331886D-01 -0.344518706641D-01  0.811792716516D-02 -0.195504128846D-01
  0.444422483990D-01 -0.861707898760D-02 -0.112569050016D-01 -0.250800297843D-01
  0.128941109421D-01  0.910017601932D-02 -0.389773665310D-01  0.537056226469D-01
  0.314067989037D-01 -0.305372168886D-01  0.493481130926D-02  0.863389857045D-02
  0.390946453732D+00 -0.447117807045D-02 -0.162232511965D-01 -0.582810899398D-02
 -0.143659729973D-02 -0.124980970189D-01 -0.179049531115D-01 -0.138305910047D-01
 -0.248661270907D-01 -0.108780443990D-01 -0.215905877951D-01  0.270332633972D-01
  0.805826579924D-01 -0.116107180407D-01 -0.163004325050D-01  0.135795217417D-01
 -0.184598771833D-01 -0.235808633788D-01  0.819583338652D-02 -0.185286213861D-01
 -0.234085967142D-01  0.333543811069D-01 -0.141910834435D-01 -0.141498708466D-01
  0.890181450925D-02 -0.116054475120D-01  0.978565762820D-02 -0.316497577155D-01
  0.227748986081D-02 -0.788121539875D-03 -0.227084431348D-01  0.374927345680D-01
 -0.439312797747D-02 -0.260898554696D-01 -0.100727030114D-01 -0.168921814924D-01
 -0.117589506143D-01  0.144739897737D-01 -0.217575444877D-02 -0.789488977758D-02
 -0.237849360704D-01 -0.323778020995D-02 -0.995914305278D-03  0.167765171227D-01
 -0.353724845972D-01 -0.326030958523D-01 -0.136288417692D-01  0.341434237487D+00
  0.307197882487D-02 -0.797364724100D-02  0.354863471058D-02 -0.167222581049D-02
 -0.927377230228D-02  0.245693966578D-02 -0.403705519706D-01 -0.198049582484D-01
 -0.120892778293D+00  0.367082064051D-02 -0.264417466341D-01 -0.526835026877D-01
 -0.202683484609D-02 -0.330857324969D-02 -0.298205894420D-01  0.263513786364D-01
  0.861358053175D-02 -0.114590356012D-02  0.343275331383D-01  0.146825632123D-01
  0.391958912441D-02 -0.438114893529D-01  0.168712658278D-02 -0.320983848443D-01
  0.134768614199D-01 -0.403572822743D-02 -0.538123348172D-02  0.826113666023D-02
  0.227617460304D-01 -0.278087186121D-02 -0.106320029885D-01 -0.284334929655D-02
 -0.174186564410D-01 -0.340676440668D-02  0.545881908655D-02 -0.150715822936D-02
 -0.517800247564D-02  0.828040111412D-02 -0.284007269905D-01  0.323705070156D-01
  0.327190454316D-03  0.175313168938D-02 -0.625197899258D-02 -0.436102495061D-01
 -0.621963839912D-02 -0.624465837107D-02  0.296181760354D-01  0.429183160457D+00
  0.103329855992D-01 -0.627554859164D-02 -0.248829474308D-01  0.183110372822D-01
  0.532838941117D-02  0.785711310197D-02 -0.864853302199D-02  0.153560341845D-01
  0.279768149464D-02 -0.394940792218D-01  0.348205055363D-02 -0.298511524231D-01
 -0.473890526283D-01  0.932483576998D-02 -0.235198509805D-01 -0.205535936387D-01
  0.203594838375D-02 -0.200698802283D-02 -0.278505868263D-01 -0.756407529260D-02
  0.364737614075D-01 -0.301441105526D-02  0.204623072833D-01 -0.591281252806D-03
 -0.285707717916D-01  0.122321401830D-01 -0.142035785942D-01 -0.756737673473D-02
  0.258086362240D-01 -0.148997097066D-02 -0.511348677094D-01 -0.307835434032D-01
 -0.295643317359D-01  0.103877859632D-01  0.147387038583D-01  0.136812073855D-01
  0.403017718934D-01  0.481359572391D-02 -0.239189853585D-01 -0.195698913154D-01
 -0.271778283374D-01 -0.730910092218D-02  0.753342443471D-01 -0.973862521097D-02
  0.279658330404D-01 -0.248194068754D-01  0.322287486723D-01  0.121202242074D-01
  0.239011608704D+00  0.282377927563D-01 -0.249213053411D-01  0.767219003070D-02
  0.103813738939D-01 -0.113983906647D-02 -0.292189875940D-02  0.339210919606D-02
 -0.153873517094D-01 -0.300660477631D-01  0.317709395361D-02 -0.390580253490D-02
  0.271683057976D-02  0.701466505841D-02 -0.471204391719D-01 -0.125524282331D-01
  0.174699599875D-01 -0.154223986718D-01  0.208090340222D-01  0.400583653013D-02
  0.259232935295D-01  0.252169866643D-01 -0.126800596052D-01 -0.384017651654D-01
  0.345678834113D-02 -0.147383872997D-01  0.306098436550D-02 -0.692503545940D-01
  0.350349323929D-01  0.193989082638D-01 -0.189373364410D-01  0.576358991723D-02
 -0.336053343668D-01 -0.511387976427D-01 -0.549346928311D-01 -0.425794341152D-02
  0.174990266009D-01 -0.194193650031D-01 -0.351280231190D-01 -0.377520455068D-01
  0.603702786781D-01 -0.255271844459D-01  0.928152633989D-02  0.162762340767D-01
  0.227061171459D-02  0.928515057230D-02 -0.510892537697D-02 -0.571960697097D-01
 -0.209329405066D-01  0.831540049798D-02  0.311268239882D+00  0.934585952519D-02
 -0.391728513868D-02 -0.101836997183D-01 -0.250187569964D-02  0.138111431118D-01
 -0.292890987081D-02 -0.165642375193D-01  0.274043634968D-01 -0.231063411587D-01
 -0.416521086969D-01  0.218454358484D-01 -0.174481678842D-01 -0.266001450164D-01
 -0.123538373054D-01 -0.137624246438D+00 -0.585312475999D-02 -0.788418752721D-03
  0.138027068238D-01  0.817788637797D-02  0.145640638166D-04 -0.453279544269D-01
  0.276167666904D-02 -0.225050848451D-02 -0.374683221609D-01 -0.441481803052D-02
  0.235189549030D-01  0.669434332932D-02 -0.142276419554D-01 -0.285703324683D-02
 -0.219397685094D-02  0.221269323715D-01  0.193487027419D-01  0.789239418143D-02
  0.165656164326D-01 -0.820168717847D-02  0.164638031383D-01 -0.134978691584D-01
 -0.170817526215D-01 -0.150790311117D-01 -0.100588945917D-01  0.218007876490D-01
 -0.561441548290D-02 -0.130833386676D-01 -0.258621510234D-01 -0.395389414855D-01
  0.202319178125D-01  0.270461450026D-02 -0.235320901183D-01  0.361920251261D-01
  0.351176726010D-01  0.411227528987D+00 -0.141336482354D-01  0.132371404375D-01
 -0.189241253447D-01 -0.281146556602D-01  0.669317908531D-02  0.129591861837D-01
 -0.212614747906D-01  0.124530983473D-01  0.132664562151D-01 -0.220215732998D-01
  0.832104242222D-02  0.228215023801D-01 -0.162463737847D-01  0.302467780162D-02
  0.173571256093D-01 -0.336152446908D-01  0.171419462524D-01 -0.308231486212D-01
 -0.156300666656D-01  0.356151397612D-01 -0.364990836735D-01 -0.481896065556D-01
 -0.207885976776D-01 -0.177825107551D-01 -0.706624590434D-04 -0.287771405014D-01
  0.470656004049D-01 -0.166060519323D-02 -0.286767708304D-01 -0.569482871126D-01
 -0.300971562612D-01  0.382499839191D-01  0.233813299954D-01 -0.917889646483D-01
 -0.121047270921D-01  0.475837487242D-01  0.984701346389D-03  0.553139704413D-02
  0.433512753178D-03 -0.113614001694D-01 -0.152149736884D-01 -0.325903997203D-01
 -0.213563274834D-01 -0.505511430966D-02 -0.313021183419D-01  0.196010039033D-01
 -0.839697121822D-02 -0.540591270871D-02 -0.258259093250D-01 -0.252098414769D-01
  0.206211085911D-01  0.283939490929D+00  0.100643102787D-01 -0.110672621243D-01
  0.376817865791D-01  0.656600732255D-02  0.119827707083D-01 -0.339238730724D-03
 -0.122011915658D-01  0.627858419199D-04 -0.258114676702D-03 -0.539005180189D-02
 -0.186218987590D-01 -0.521646412128D-02  0.130799854451D-02 -0.310049651703D-01
 -0.354763152653D-01  0.144220013418D-01 -0.508147710406D-01 -0.181608460616D-01
  0.170246236940D-01 -0.202440046000D-01 -0.194192158328D-01 -0.348470269213D-01
 -0.304291313303D-01 -0.312469438606D-01  0.689829239784D-02 -0.105584439802D-01
  0.464991985664D-01 -0.173554290869D-01  0.340924690531D-01 -0.446864406342D-01
 -0.122226111418D-01  0.716337729349D-01  0.295461192833D-01  0.814139499651D-01
  0.703902332835D-02 -0.218706984957D-01 -0.253083897672D-01 -0.455585813996D-01
  0.396916587559D-01  0.601607908373D-03 -0.575399234736D-01  0.307689301727D-01
  0.412938389273D-01  0.206690099863D-01 -0.146464233511D-01 -0.284542792450D-01
 -0.168374102475D-01  0.535765240855D-02 -0.205038456054D-01  0.150851786158D-01
 -0.320511590427D-01  0.314126588179D-01  0.275655634434D+00 -0.618939082549D-02
 -0.421825895024D-02 -0.257616747933D-01 -0.342270633190D-02 -0.235936016495D-01
 -0.103373704532D-01  0.184058485380D-01  0.401088102523D-02 -0.329535176995D-02
  0.429489643999D-01 -0.285146004030D-02  0.131629844096D-02  0.222524587873D-01
  0.149094428893D-01  0.131031249589D-01 -0.133930535107D-01 -0.579309182724D-02
 -0.129708690521D+00 -0.271888984453D-01  0.210769027860D-01 -0.184140140499D-01
  0.184351405035D-01  0.313417484721D-03 -0.405908589041D-01  0.453923952693D-02
  0.213996516095D-01 -0.102969190032D-01 -0.796828997746D-02 -0.821001461814D-02
 -0.137139380621D-01  0.178538698999D-01  0.857504635459D-02 -0.108330275582D-01
  0.185819579111D-01 -0.170144884789D-01 -0.170812092870D-01  0.965895911288D-04
  0.792287353713D-02 -0.281712981927D-01 -0.172276504508D-01 -0.756811598892D-02
 -0.697901407743D-01 -0.525346708588D-02 -0.153932949845D-01  0.255956129999D-01
  0.204900981497D-01  0.182339131888D-01  0.200946435017D-01 -0.242147259340D-01
  0.206637577462D-01 -0.144690927609D-01 -0.899479275404D-02 -0.127832377892D-01
  0.406434179326D+00 -0.103608605164D-02 -0.296042325206D-02 -0.215328449981D-01
  0.115405830962D-01 -0.256191606146D-02  0.470400046967D-02  0.816484999471D-03
 -0.816664286404D-02 -0.963099164462D-02  0.694507947962D-02 -0.284168722639D-02
 -0.189263121507D-02 -0.682607567722D-02  0.168607649892D-01  0.588315358640D-02
 -0.380878289398D-02 -0.108115342295D-01 -0.758516652119D-02 -0.347033091664D-01
 -0.749588857912D-01  0.203591269488D-01 -0.394330625488D-01  0.324576296388D-01
  0.115662940443D-01 -0.616323069870D-02 -0.722928377586D-02 -0.361074774199D-01
 -0.210015943617D-01 -0.563582859218D-01  0.556493293063D-02  0.204384854647D-01
 -0.275252138023D-01  0.242337079020D-01 -0.170459572442D-02  0.973831200246D-02
  0.164561080656D-01 -0.356520145476D-02  0.625793856790D-02 -0.179511426195D-01
 -0.174599349812D-02  0.750836709998D-01 -0.245625956894D-01 -0.607028598141D-02
  0.530507618879D-04  0.156774666170D-01 -0.768384766529D-01 -0.187437419685D-01
  0.107573359343D-01 -0.163711515965D-01 -0.848231099314D-02  0.128736810346D-01
  0.485442004446D-01  0.160809262311D-01 -0.171423916208D-01  0.283182066249D+00
 -0.690132466247D-02 -0.330600438254D-01 -0.171156651276D-01 -0.200704963778D-01
 -0.180073500132D-01 -0.219998466644D-01  0.220917406639D-01 -0.124556438730D-01
 -0.152312864417D-02  0.247386092094D-01 -0.129777638484D-01  0.129334711643D-01
  0.149651859782D-01 -0.136584086660D-01  0.101135791767D-01  0.138018509634D-01
 -0.210893453213D-01  0.101420869946D-01 -0.561007940354D-01 -0.300185172667D+00
  0.128788356017D+00  0.365586074946D-01 -0.410030709859D-01 -0.304412314230D-01
  0.301768328865D-01  0.576973595754D-02  0.307942944355D-01 -0.454385023510D-01
  0.558612926137D-01 -0.253204518153D-01  0.157608878646D-01  0.380989013712D-01
  0.278916138028D-01 -0.102064040343D-01 -0.721678205625D-01  0.253254629947D-01
  0.174644135298D-01 -0.307958050268D-01  0.159760476741D-01 -0.271495918250D-01
 -0.188827830601D-01 -0.492575936151D-02 -0.133250371919D-01 -0.464820656225D-01
 -0.521751388995D-02 -0.252832383388D-01 -0.615456795365D-01 -0.326591788243D-02
  0.871360742260D-03  0.132022548111D-01  0.190628621491D-01 -0.428931941662D-02
 -0.404716806403D-01  0.122060975962D-02  0.269572221595D-02  0.512355331272D+00
  0.308862974844D-02  0.122490327984D-01  0.995459864634D-04  0.760257610481D-02
 -0.613506491286D-02  0.497119128445D-02 -0.241676094374D-01 -0.326390360261D-02
 -0.233267546362D-01 -0.348541625483D-02  0.573808540838D-02 -0.663566885781D-02
  0.115060575079D-01 -0.360193395561D-02 -0.139789622611D-01 -0.196006000472D-01
 -0.256267490576D-01 -0.311039777788D-01  0.465925238949D-01  0.142221016344D+00
 -0.157846340056D+00  0.160872127977D-01 -0.519539592173D-02 -0.189853148565D-01
  0.638387482562D-02 -0.552993118690D-01  0.210303852054D-01 -0.771578589078D-02
 -0.521680120739D-01 -0.321721491321D-01 -0.139543687427D-02  0.176819984267D-01
 -0.137965298051D-02  0.158097566791D-01  0.288118482692D-01 -0.246697042756D-01
  0.176436071213D-02  0.927916719937D-02 -0.574229865995D-02  0.314126227424D-01
  0.179850858119D-01 -0.101176672810D-01  0.263000684651D-01  0.127624480489D-01
 -0.244447468771D-01 -0.425394591116D-01 -0.891540866913D-02 -0.173841704216D-01
  0.261564587343D-01  0.862297118724D-02 -0.168296596610D-01 -0.365371799766D-01
 -0.271387902015D-01 -0.202554226282D-01 -0.527732118013D-01 -0.130146088811D+00
  0.346604539373D+00 -0.176886618936D-02  0.707115016375D-02  0.138459987036D-01
  0.414743476779D-02 -0.154444369855D-01  0.431123055188D-02 -0.125804446970D-01
 -0.723840308525D-02 -0.164570417259D-01 -0.307699516233D-01 -0.156086920569D-01
 -0.344694445432D-01 -0.304221061339D-01 -0.136432570662D-01 -0.198894666271D-01
 -0.157913915293D-01  0.582803040089D-02 -0.859272743721D-03 -0.263900493189D-01
  0.493716702183D-01  0.101660122734D-01 -0.168089466029D+00  0.128512114867D+00
  0.947225207922D-02 -0.601116959183D-01  0.147851517589D-01 -0.196508747363D-01
 -0.285931940673D-02 -0.323398950003D-01  0.101283364475D+00 -0.750518056842D-02
 -0.323836446153D-01  0.236572982589D-01 -0.198453246962D-02  0.140383632028D-01
 -0.153800615139D-01 -0.997048619602D-02  0.238384963002D-01 -0.100728419522D-01
 -0.309984553341D-02  0.136331951656D-01 -0.926544944790D-02  0.849096882158D-02
 -0.129015596910D-01 -0.513996243927D-02 -0.547498153570D-02  0.158977286522D-01
 -0.116493941847D-01 -0.561466584435D-01  0.308334525080D-01 -0.323332084030D-01
  0.170200527446D-01 -0.187602965886D-01 -0.837774436479D-02 -0.578949699794D-01
  0.233772451431D-01  0.578214916850D-01  0.446262165746D+00 -0.928453795532D-02
 -0.202658080043D-01 -0.428530603548D-02 -0.879528876926D-02 -0.160777261831D-01
  0.602701484395D-02 -0.421887448301D-02 -0.126478970165D-01  0.120241845019D-01
 -0.121554476417D-01 -0.123574059162D-01  0.482890289764D-02 -0.142544942789D-01
 -0.637116933775D-03 -0.497995680483D-01 -0.386587286400D-02 -0.975694775372D-02
 -0.100017412845D-01 -0.159562520931D-01  0.294344221953D-02  0.232283914406D-01
  0.130931509177D+00 -0.153820643590D+00 -0.552594215234D-01  0.520981309624D-01
 -0.489596093097D-01  0.572345825155D-01 -0.509242608560D-01  0.222562178207D-01
 -0.307659098536D-01  0.187036379077D-01 -0.350177717768D-01 -0.183876242663D-01
  0.501544220462D-01 -0.589616923379D-01  0.141661355706D-01 -0.166824211329D-01
 -0.359120002042D-01 -0.105097919720D-01 -0.113536428655D-01 -0.194489537416D-01
  0.329622682909D-01 -0.264785030043D-01 -0.398643508390D-01 -0.833102337353D-02
  0.647674905906D-02 -0.139357627107D-02  0.412335121682D-02 -0.116323310381D-01
 -0.305819704864D-01 -0.293733548578D-01  0.249114995115D-01 -0.309862959454D-01
 -0.176368322065D-01  0.376994179169D-01  0.430190328448D-01  0.815498936414D-02
 -0.934410682455D-01  0.514713067283D+00 -0.980875629159D-02  0.100786914067D-02
 -0.212729155328D-01 -0.700152023900D-02  0.868508283605D-02 -0.165859164074D-01
  0.240324156873D-02 -0.330887599501D-02 -0.920643009879D-02 -0.110370233193D-01
 -0.251556162804D-01 -0.463514726507D-01 -0.295471256410D-01  0.693091799435D-02
 -0.433641752760D-01 -0.348991397630D-02 -0.508497046603D-02 -0.160453936679D-01
 -0.160550264685D-01 -0.297662008745D-01  0.237473333360D-01  0.560925372196D-01
 -0.126494688304D+00 -0.133987743380D+00  0.211053357399D-01 -0.224067685242D-02
 -0.112917406378D-01 -0.185195256629D-01  0.161394485011D-01 -0.812894505371D-02
  0.333800262309D-01 -0.344730947826D-01 -0.215555999829D-01 -0.243874108695D-01
 -0.444041995317D-02  0.945930739763D-03  0.342812151838D-01 -0.105399965215D-01
  0.501599384683D-01 -0.425576120196D-01  0.440254756610D-01 -0.229959335480D-02
 -0.284349449611D-01  0.246717425503D-01  0.282264093619D-01  0.104794811470D-01
  0.196736875320D-01 -0.222716600442D-01 -0.195384857924D-01  0.141860272441D-01
 -0.489159245230D-01  0.217186704277D-01  0.416712439540D-01 -0.127565780498D-01
 -0.552560540255D-02 -0.191111204460D-01 -0.498364678551D-01 -0.388350041341D-01
  0.401703025310D-01  0.292424010457D+00 -0.214848064182D-01 -0.310341572417D-03
  0.241268500723D-02 -0.130618059374D-01  0.195661780919D-01 -0.861255924473D-02
 -0.167348132281D-01  0.211044447935D-01 -0.128316122893D-01 -0.199043347121D-02
  0.451658815984D-02 -0.202707637006D-01 -0.809203157446D-02 -0.616762390044D-02
  0.272713716734D-01  0.181122991185D-01 -0.458876505703D-02  0.170254481074D-01
  0.319239354039D-01  0.751534514975D-02 -0.119737402718D-01  0.850918990657D-02
  0.230833381963D-01  0.132207292755D-01 -0.143348034309D-01 -0.845519057246D-02
 -0.195167706053D-01 -0.193808939647D-01 -0.188139334195D-01  0.257901136293D-02
 -0.263415587950D+00 -0.833158631127D-01 -0.158932773399D-01 -0.214687113580D-01
  0.419829871806D-02 -0.122609186759D-01 -0.326927164080D-01 -0.245472676354D-01
  0.480431696358D-02 -0.352439509455D-01 -0.322257067463D-01  0.291440286446D-01
 -0.310855473625D-01  0.359886765269D-01  0.936042647863D-02 -0.386429621712D-01
  0.543475124985D-01 -0.169809323477D-01 -0.527996475036D-01  0.527311859489D-02
  0.290791257234D-01 -0.102199595685D-01  0.118914649240D-01  0.157668186171D-01
  0.106468789609D-01 -0.138724804447D-01  0.524394720124D-02  0.205156705436D-01
 -0.975088094675D-02  0.252310949510D-02  0.532517328775D+00 -0.299842828769D-02
  0.351891271365D-02 -0.743936107231D-02  0.112497940933D-01  0.143046707780D-02
 -0.245623145223D-01  0.118479067625D-01 -0.237953126263D-01  0.169811340812D-01
 -0.239909916680D-01 -0.552113955402D-02  0.475996774633D-01 -0.259319922350D-01
 -0.158227844498D-01  0.133859351451D-02 -0.140342980643D-01 -0.734528282307D-02
 -0.730406447166D-02 -0.162604280428D-01  0.111553234972D-01 -0.154266175113D-02
 -0.702657763052D-01 -0.156877387667D-01 -0.171892844037D-01  0.669641975994D-02
 -0.462070837066D-01 -0.213782272432D-04  0.529723683173D-01 -0.588585419330D-01
 -0.191799069003D-01 -0.114024661209D-02 -0.443769362271D-01  0.149854610648D-01
  0.126108096763D-01  0.140579411769D-01 -0.324691603198D-01  0.724868080388D-02
 -0.143453531153D-02 -0.194032931978D-02 -0.256469237631D-01  0.653106371106D-02
  0.476789516042D-02  0.265016893026D-01  0.851126916929D-02 -0.307110805167D-01
  0.775736138166D-02 -0.766160885802D-01  0.247001680470D-01 -0.152651345103D-01
 -0.238780254623D-01 -0.131330660090D-02 -0.266974474392D-01 -0.486332263006D-01
 -0.791956014220D-02 -0.153531734437D-01  0.228210972274D-01  0.586414279214D-01
 -0.503372946621D-01 -0.249243774976D-01  0.198420495376D-01  0.861680203687D-01
  0.335708675093D+00 -0.124613201902D-01 -0.502194284480D-02 -0.350018198070D-02
 -0.114098872484D-01 -0.188824969616D-01 -0.179003114881D-01 -0.122860100391D-01
  0.599849532316D-03 -0.404823269639D-01  0.149640718731D-01 -0.789701628398D-02
 -0.471355664523D-01  0.815644911707D-02  0.197596616417D-01 -0.105441145169D-01
  0.259073369595D-03  0.218963467501D-02  0.199804580357D-02  0.176062982131D-01
 -0.398497500368D-01 -0.124916505342D-01 -0.100971026267D-01  0.439896940788D-01
  0.265989463426D-01  0.487143762412D-02 -0.255925478528D-02 -0.463514774194D-01
 -0.150607260258D-01 -0.432822440871D-01 -0.928015335115D-01 -0.501998512836D-01
  0.321420506340D-01 -0.317001520375D-01 -0.268221512877D-03 -0.567445618163D-02
 -0.251698359691D-01  0.681298515752D-02  0.875654974588D-02 -0.272272096692D-02
  0.102753958547D-01 -0.101710572536D-01 -0.946503052185D-02 -0.130174466050D-01
 -0.407702548172D-01 -0.518505109095D-01 -0.118991464135D-01  0.273788522209D-01
 -0.474840025382D-01  0.111482531976D-01  0.501441301663D-01 -0.132140800207D-01
  0.733616999398D-02  0.315696820306D-02 -0.222415317873D-02 -0.371004448917D-02
 -0.325015812873D-02  0.768303278677D-01 -0.129131550619D-01  0.259371063072D-01
  0.669991529456D-01 -0.721917533581D-02 -0.596398859400D-02  0.300752015048D+00
 -0.130258141295D-01  0.432741962011D-02  0.777737869782D-02 -0.163592126142D-01
 -0.156993280981D-02  0.111133080436D-01 -0.339106957285D-01 -0.602954980699D-02
 -0.396335045643D-02 -0.220114875340D-01 -0.593402582513D-02  0.374213186079D-02
 -0.950129026931D-02 -0.140056932930D-01  0.131769505676D-01 -0.134380977799D-01
 -0.791920718086D-02  0.472878047319D-02  0.189452640116D-02  0.364974192354D-01
 -0.517006793975D-01 -0.213014491959D-01  0.632670331896D-02  0.297223225388D-01
 -0.300426334730D-01 -0.175390096404D-01  0.192659402465D-01 -0.401027891967D-01
  0.539952192154D-02  0.158783832213D-01 -0.369596196242D-01 -0.271053200762D-02
 -0.408310565251D-03 -0.212863026319D-01  0.722663410814D-01 -0.449937210611D-01
 -0.360328921393D-01 -0.208255430347D-03 -0.167005627588D-01  0.207620580632D-01
 -0.356875232281D-01  0.741287687249D-02  0.163362933434D-01  0.451169936417D-02
  0.155535868026D-01 -0.425212935892D-01 -0.322276575165D-02 -0.143501793294D-01
 -0.177446775684D-01 -0.152437842879D-01  0.247599355631D-01 -0.159376952006D-01
 -0.357183647528D-01 -0.305670594361D-02 -0.271979449883D-01 -0.290859238214D-01
 -0.900445639051D-01  0.162155446533D-01  0.278749334177D-02  0.204719968012D-01
 -0.345646414324D-01  0.505958411377D-01  0.588492534513D-01  0.404418434192D+00
  0.132835776707D-01 -0.155481592017D-01 -0.627070809205D-02  0.205465694129D-02
  0.150289669769D-02 -0.422971909664D-02 -0.979602954774D-04 -0.129589296431D-01
 -0.116276046908D-01  0.440127985387D-02 -0.507031760136D-03  0.391860705772D-02
 -0.782429835759D-02  0.200020768048D-02 -0.238906243599D-01  0.118582460872D-01
  0.731244957257D-03 -0.155931657527D-01 -0.551888056130D-02 -0.549206398161D-01
  0.253029477557D-01  0.105373843018D-01 -0.294637959063D-01 -0.248996712690D-01
  0.425901346362D-02 -0.124778658236D-01 -0.857507854788D-02 -0.211699930980D-01
 -0.645617272232D-02 -0.149476618520D-01 -0.123463597109D-01 -0.414341584779D-02
  0.104174723577D-01  0.806403479350D-01 -0.330189838856D+00  0.165569990198D+00
  0.177112792491D-01 -0.105334473120D-01 -0.538752291293D-02 -0.237723632976D-01
  0.133251780378D-01 -0.166579246626D-01  0.151076475890D-01  0.479555467461D-02
  0.728923141950D-01  0.821269964952D-03 -0.306200978007D-01  0.962432842772D-02
  0.231101531898D-01  0.266843550329D-04 -0.330034273520D-01  0.291658418734D-02
 -0.319183039647D-02  0.784277961842D-02  0.339290537995D-01  0.327625580499D-01
 -0.345951257358D-01 -0.527077048927D-01  0.136826274160D-01  0.408068311467D-01
 -0.539601107254D-01  0.139720385040D-01 -0.118084970199D-02 -0.450621361313D-01
  0.384021574361D+00 -0.245968396400D-01  0.502752543924D-02 -0.142165905139D-01
 -0.218269375382D-01  0.104975201335D-01 -0.297953033671D-01 -0.124821958256D-01
 -0.251619492161D-02 -0.717906383913D-02 -0.605550163172D-02  0.265275488574D-01
  0.355765517801D-01  0.129034222429D-01  0.781525762195D-02  0.261529204821D-02
  0.152426607119D-01  0.199719929950D-02 -0.166140328459D-01  0.376712954084D-01
 -0.345343061199D-02 -0.411234991464D-01 -0.506809013623D-01  0.149643646240D-01
 -0.206411965970D-01 -0.443612515325D-01  0.218853276782D-01 -0.454452420480D-01
  0.173700510227D-01 -0.187542308884D-01  0.880016719694D-02 -0.219059873717D-01
 -0.400367256347D-01 -0.259140058714D-01 -0.525235492739D-01  0.931053823825D-01
 -0.104275767880D+00 -0.217216884213D-01  0.833665827863D-02 -0.279755304657D-02
 -0.303994649653D-01 -0.364054281684D-01 -0.343199736207D-02  0.232825371480D-01
  0.295925745418D-01  0.583812303498D-01  0.299515358146D-01 -0.357322018908D-01
 -0.321361518733D-01  0.398262802192D-01  0.203400462772D-01 -0.722581676342D-02
  0.512606470181D-01  0.455008756754D-02 -0.326091431416D-01  0.326333343200D-01
 -0.100517965376D-01  0.541265428684D-01  0.900752504718D-02  0.600145357580D-02
 -0.426646643391D-01 -0.117006514602D-01 -0.278485217965D-01 -0.278906713431D-01
  0.252445898021D-01 -0.118247447710D+00  0.319882162913D+00 -0.741151957815D-02
 -0.113066877413D-01 -0.273640662234D-03 -0.103106572556D-01  0.139825693741D-01
  0.115369856469D-01 -0.112377807343D-01  0.145245090249D-01 -0.335815290356D-02
  0.497031183819D-02  0.985326272035D-02  0.220762716985D-02  0.133894535507D-01
 -0.148646735817D-01 -0.279113553508D-01  0.862303602552D-02 -0.163016400938D-01
 -0.298886249685D-01 -0.246501164421D-01  0.157515971902D-01 -0.173813434443D-01
 -0.120163560236D-01  0.388233587421D-02  0.227293401837D-01 -0.374781235309D-01
  0.587513988518D-01 -0.490101839140D-01 -0.114916372173D-01  0.128924984854D-01
  0.350813590235D-01 -0.632994900148D-02  0.808484022792D-03  0.311581790148D-02
 -0.227696592481D-01  0.174531964288D-01  0.122846270126D-01 -0.118247005532D+00
 -0.686148493888D-01 -0.112720319927D+00  0.448580091724D-02 -0.285293815553D-02
 -0.292502915614D-01 -0.510666205431D-01  0.253374701428D-01  0.197648622934D-01
 -0.826231679374D-02  0.200799403768D-01  0.235731513075D-01  0.538211814670D-01
 -0.797284711678D-01 -0.219485027282D-01  0.374418746241D-01 -0.282161938765D-01
 -0.369411686798D-01 -0.777530174203D-01  0.492206558075D-01  0.224896822004D-01
 -0.217918917048D-01 -0.349689837477D-01  0.522823409639D-01 -0.701198998358D-02
  0.142732434296D-01  0.202626989800D-01 -0.276883195581D-01  0.182931283723D-02
  0.386109026768D-02  0.332785302144D+00 -0.387450080484D-02 -0.362694323232D-01
 -0.702879803952D-02  0.100889252391D-01 -0.215069633209D-01  0.164671355686D-01
  0.173129027473D-01 -0.138147170773D-01  0.566245331913D-02 -0.506054144038D-02
 -0.233915329104D-01 -0.283270182594D-01 -0.613257985807D-02 -0.133922970497D-01
 -0.226147373173D-01 -0.701842669832D-02 -0.258484728353D-01 -0.592773523784D-02
 -0.109671866913D-01 -0.757315139715D-01 -0.432306233648D-01  0.274289181653D-01
 -0.199377451693D-01 -0.151361365106D-01  0.175190841746D-01  0.585855609297D-02
 -0.152386032630D-01  0.758873369328D-01 -0.261359350294D-01 -0.177388919521D-01
 -0.157792439108D-01 -0.613135619910D-02  0.390084607136D-01 -0.296463050001D-01
  0.457232139032D-02  0.251052052788D-01 -0.358829294626D-01 -0.593503796546D-01
 -0.506456742364D-01 -0.244183436414D-02  0.429827840864D-02  0.468917643689D-02
 -0.115674479452D-01 -0.235682046169D-01  0.437813317796D-01  0.130489725832D-01
  0.598424526497D-01  0.625577994685D-02 -0.491673726883D-01 -0.337627028745D-01
 -0.155751794600D-01 -0.242974439371D-01 -0.202612194948D-01 -0.318731932386D-02
  0.513661220655D-02 -0.110757049880D-02  0.299377140317D-01  0.176196545087D-01
 -0.450002437766D-01 -0.171950181534D-01 -0.176448218893D-01 -0.246057149315D-01
 -0.295510275285D-01  0.372242649463D-01  0.441906603527D-01  0.424050318824D-01
 -0.178603681352D-02  0.351053732840D+00 -0.909522525505D-02  0.677742261554D-02
 -0.327670180969D-01  0.846407535024D-02 -0.135798687332D-01 -0.515316906438D-01
  0.115454488925D-02 -0.283565784068D-01 -0.432587758134D-01 -0.941032987153D-02
  0.100114860206D-01  0.867015426196D-02 -0.573902982548D-03  0.226763131524D-01
 -0.145234248671D-01 -0.470231200908D-02  0.223521013468D-01  0.403226026353D-02
 -0.136937179249D-01 -0.206830740417D-01 -0.223919981209D-01  0.784563485160D-02
  0.133133171392D-01  0.155157287243D-01  0.301879946875D-01 -0.983489745921D-02
  0.169068663912D-01  0.252443793042D-01  0.631317727336D-01  0.422948713266D-01
 -0.736019827444D-02 -0.282836554350D-01 -0.677749430225D-04  0.525008846858D-02
 -0.203463852123D-01 -0.506356925429D-01 -0.760556934465D-01 -0.215179915417D-01
 -0.208537242896D+00 -0.187778877653D-01  0.161658572353D-02 -0.236845661457D-01
  0.286562122812D-02 -0.178991047133D-01 -0.436788148049D-01 -0.749486622262D-02
 -0.292638282803D-01 -0.197985799228D-01 -0.131274384967D-01 -0.146028892657D-02
  0.461989397665D-02 -0.999749928792D-02  0.243702425730D-01 -0.623497609898D-02
  0.377049615685D-01 -0.987970543624D-02 -0.489535743667D-01  0.572774880344D-02
 -0.508109634497D-03  0.440324455457D-01 -0.211706172790D-01 -0.345148815165D-02
  0.974983234491D-02 -0.324793615251D-01 -0.172687390214D-01 -0.254212471789D-01
  0.994940011893D-01  0.580844736892D-01  0.445663323607D+00
$end
