$dipgrad          cartesian dipole gradients
  0.98905710553441D-01  -.92492498042073D-02  -.12844136917486D-01
  -.11001295066947D-01  0.95170259651938D-01  -.16583180030803D-01
  -.29487555137466D-01  -.25257456051042D-01  0.15478736806243D+00
  0.12964877820803D+00  0.58265538223518D-01  -.12770339362311D-01
  0.28299601044394D-01  0.11595587381825D+00  0.21504751473736D-01
  -.13718088147167D-01  0.82870437197220D-01  0.12047384251107D+00
  -.96143265692288D-02  -.79965051723424D-01  0.11207053099934D-01
  -.17782514495920D-01  -.20231531761875D+00  0.83649828703764D-01
  -.31777670425816D-01  0.97124943864190D-01  0.76390657209561D-01
  0.19952529147139D+01  0.72631717256226D-01  -.38710640140092D+00
  -.21193761091952D+00  0.10348466657514D+01  -.23467460875200D+00
  -.33799665460436D+00  -.38886402893230D+00  0.38142957009003D+00
  -.11831898019258D+01  -.20071077548340D+00  0.21584202660132D+00
  -.28685005563666D+00  -.71559533115005D+00  0.15762042701087D+00
  0.33969538061597D+00  0.22285551536711D+00  -.48625975018442D+00
  -.15752132811952D+01  -.36204695652903D-02  0.23210619697082D+00
  0.40305522771879D+00  -.55255723339966D+00  -.33745391413786D-01
  0.12376483615975D+00  0.67697080597962D-01  -.33496358542876D+00
  0.76762482171427D+00  0.14300455552444D+00  -.10620985296802D+00
  0.19159627708729D+00  0.34155502277541D+00  -.22443821018675D-01
  -.14106410626757D+00  -.19316160995907D-01  0.37200002234299D+00
  0.16648985798445D-01  -.18293106823711D-01  0.11500092619376D-02
  -.68363017823109D-01  0.44386934375195D-01  -.28155483765193D-01
  0.13652348760073D-01  -.75948427375281D-01  0.80623861216024D-01
  0.49593384127219D-02  0.18560222472278D-01  0.16872721226119D-01
  0.21060983971189D-01  0.25548099264754D-01  0.22649966193256D-01
  0.48659584334217D-01  0.72308556610527D-01  -.15795159244565D+00
  -.32603401392109D-01  -.70675536617038D-01  -.45864037259640D-01
  -.70370478164651D-01  -.94045602274551D-01  -.70175408040893D-01
  -.64441829190440D-01  -.95486824182064D-01  0.12362003725860D-01
  0.21722317055606D-02  -.21927287018153D-01  0.13700683505070D-01
  -.31420911114091D-01  0.48025639289383D-01  0.32145634840060D-01
  0.29587015966829D-01  -.14781458612630D-01  -.12969209454315D+00
  -.16296073418336D-01  0.45423741061862D-01  -.12444335408559D-01
  0.52118825859821D-01  -.15266003982598D+00  0.24366146806986D-01
  -.38382932202544D-01  0.42436961507692D-01  0.57485878745071D-01
  -.85449122268733D-01  0.26025822970010D-01  -.23703086871076D-01
  0.12908406726700D-01  0.27356250109800D-01  -.22748340762358D-03
  0.28824114798578D-02  -.97926074541766D-02  0.75667361133099D-01
  0.72784664719919D-01  0.31036426095047D-02  0.82860028442656D-01
  -.19415251790060D-01  0.13823155763899D-01  -.15005747360221D-01
  0.39763076456565D-01  -.92917251889421D-02  -.92322891539002D-01
  -.58549790532619D-01  0.55487230159285D-01  0.20444245307857D-01
  0.75436097349839D-01  -.79498591792419D-01  -.14304648057762D-01
  -.42935480152393D-02  0.13586706136036D-01  0.72249953142264D-01
  -.30717520382738D-01  -.26818181381549D-01  -.55219580075348D-01
  -.60054409319016D-01  0.38788390955135D-01  0.67250296018991D-01
  0.21545805144661D-01  0.20181284476086D-01  -.14259555130255D+00
  -.16783995784024D+00  0.56724969636538D-02  0.32571078318534D-01
  -.13297168022130D-01  0.20549221022959D-01  -.15909785728607D-03
  0.61196039859978D-01  -.91990213257959D-02  0.60094515556917D-01
  0.71475829698660D-01  0.30846911757882D-02  0.29407727529205D-01
  0.60172925941402D-02  -.93333967166427D-02  0.26287818656553D-01
  -.19584114787256D-01  0.28876224361331D-01  -.11977956829160D+00
$end
