$hessian (projected)
 1  1   0.4737434617   0.0399612849   0.0146062666  -0.1761602172   0.0040691127
 1  2   0.0202084123  -0.0210066152  -0.0028455886  -0.0007674945   0.0018092612
 1  3  -0.0021028921   0.0010345180  -0.0004348324   0.0003882234  -0.0001519579
 1  4  -0.0017757365   0.0004878311   0.0001219008   0.0104274696  -0.0101295775
 1  5   0.0049870020  -0.1012670810   0.0350219257  -0.0103774400  -0.0524222378
 1  6  -0.0090288094   0.0347325799  -0.0988256437  -0.0821409360  -0.0614341112
 1  7  -0.0073191898  -0.0000240890   0.0018804021  -0.0138966128   0.0002361366
 1  8   0.0037218152   0.0000102479  -0.0015366072  -0.0003142768   0.0012223925
 1  9   0.0012190368   0.0012801163  -0.0002674174  -0.0032167713  -0.0020203425
 1 10   0.0001751508   0.0002988923   0.0004186677  -0.0145608484   0.0311334314
 1 11  -0.0083512558   0.0005484486  -0.0017906039   0.0004251980
 2  1   0.0399612849   0.5117524426   0.0263664157   0.0023160804  -0.0832605221
 2  2  -0.0007245154  -0.0244843886   0.0015550094   0.0040323242  -0.0036452398
 2  3   0.0022997903  -0.0001182060   0.0009197955  -0.0007597886   0.0003436767
 2  4   0.0017029104   0.0007212890   0.0011644637   0.0104171729  -0.0302704589
 2  5   0.0014403476   0.0373245251  -0.1569467730   0.0200286072  -0.0091202572
 2  6  -0.0592107175   0.0499057342  -0.0821902801  -0.1770480731  -0.0977214960
 2  7  -0.0050545894  -0.0003486603   0.0013648304   0.0316363876  -0.0003030893
 2  8  -0.0071039409  -0.0026963165  -0.0029223352  -0.0022547336   0.0008390426
 2  9   0.0015339748   0.0009674693  -0.0014819666  -0.0019889328  -0.0015788630
 2 10   0.0007232015   0.0020370748   0.0015112203  -0.0002008770   0.0005897109
 2 11   0.0003241434   0.0030335142  -0.0074299412   0.0020525223
 3  1   0.0146062666   0.0263664157   0.5773638863   0.0232183744   0.0001744534
 3  2  -0.0853831289  -0.0192791654   0.0012582210   0.0023340168   0.0008210025
 3  3   0.0010235686  -0.0007084815  -0.0005619708  -0.0006265936   0.0009121563
 3  4  -0.0006539361   0.0004989915   0.0004064259   0.0111641530  -0.0165625393
 3  5   0.0035551627  -0.0111911330   0.0219549167  -0.0874320374   0.0340726732
 3  6   0.0486754499  -0.2774807738  -0.0606303375  -0.0962071785  -0.1218902669
 3  7   0.0340531839  -0.0012294997  -0.0058275451  -0.0088651889   0.0002947070
 3  8   0.0009886132  -0.0025371942  -0.0033584968  -0.0019361082  -0.0011581798
 3  9   0.0001118212   0.0010495564  -0.0019559967  -0.0040451375  -0.0018617618
 3 10   0.0004843626  -0.0009367181   0.0007852084   0.0036032812  -0.0073688749
 3 11   0.0009936099  -0.0151901951   0.0299764933  -0.0058685324
 4  1  -0.1761602172   0.0023160804   0.0232183744   0.4549405755  -0.0385473153
 4  2  -0.0141634571  -0.1020621445  -0.0236480049  -0.0269755934   0.0018820329
 4  3  -0.0069391456   0.0089273886   0.0020786184   0.0014637265  -0.0025255612
 4  4  -0.0027325419   0.0022021465  -0.0009005586   0.0030077583  -0.0000927882
 4  5  -0.0003834944  -0.0168423035   0.0059957003   0.0018372522  -0.0091434181
 4  6   0.0001741387   0.0019872742  -0.0164202828   0.0002545730   0.0044566693
 4  7  -0.0548338231  -0.0038001110   0.0403650274  -0.0743000588   0.0799009044
 4  8  -0.0215031255  -0.0149816064  -0.0239336678  -0.0175788783   0.0040372384
 4  9   0.0056649767   0.0033339259  -0.0003629696  -0.0005522974  -0.0001330531
 4 10   0.0000492659   0.0000240645   0.0002719873   0.0008350825   0.0007955229
 4 11  -0.0003079887   0.0010087940  -0.0012785037   0.0000738110
 5  1   0.0040691127  -0.0832605221   0.0001744534  -0.0385473153   0.5350556078
 5  2  -0.0456616194  -0.0322530355  -0.1175374953  -0.0358301924  -0.0177928025
 5  3  -0.0277598873  -0.0173509190   0.0009867992   0.0002909817   0.0036241275
 5  4   0.0000254952   0.0025981386   0.0025184466   0.0015611856   0.0007303223
 5  5  -0.0006095163   0.0326881140   0.0010604098  -0.0067138403  -0.0066724347
 5  6  -0.0001408939   0.0006616459  -0.0240384187   0.0006285430   0.0059181326
 5  7  -0.0039111913  -0.0524778208   0.0301038809   0.0798266287  -0.2586321106
 5  8   0.0604002125   0.0028918987   0.0043439040   0.0040885304  -0.0015860082
 5  9  -0.0002408943  -0.0017027865  -0.0002377408   0.0002549864  -0.0000338793
 5 10  -0.0000338422  -0.0002917416  -0.0003583649   0.0035453013  -0.0057903366
 5 11   0.0011367135  -0.0005217462   0.0011688086  -0.0003650252
 6  1   0.0202084123  -0.0007245154  -0.0853831289  -0.0141634571  -0.0456616194
 6  2   0.5529216702  -0.0231111812  -0.0270706821  -0.0994814773   0.0103082095
 6  3  -0.0010151728   0.0135576941   0.0013826190   0.0044585651  -0.0064063555
 6  4  -0.0021524017   0.0009743432  -0.0015039295   0.0009790584  -0.0000989028
 6  5  -0.0002719757  -0.0072545568  -0.0012610318   0.0022646953   0.0340394130
 6  6  -0.0011674986  -0.0076591742  -0.0183675993   0.0009607792   0.0033482615
 6  7   0.0399631969   0.0317864711  -0.2888360800  -0.0207493002   0.0593134277
 6  8  -0.0655608563   0.0004724400   0.0010719464   0.0004833658  -0.0189880536
 6  9  -0.0234362702  -0.0183495396  -0.0001138225   0.0000739598  -0.0000346932
 6 10  -0.0002275557  -0.0001278096   0.0001276848  -0.0012335089   0.0018850255
 6 11   0.0004101323  -0.0009919119   0.0000389847   0.0003737063
 7  1  -0.0210066152  -0.0244843886  -0.0192791654  -0.1020621445  -0.0322530355
 7  2  -0.0231111812   0.5839360107  -0.0423463179  -0.0468434591  -0.0834594284
 7  3   0.0151749252  -0.0088364574  -0.0053410179  -0.0346209730   0.0232272252
 7  4  -0.0078071084   0.0349364746  -0.0091775207   0.0013584162   0.0029454946
 7  5  -0.0008595378   0.0014260485  -0.0008680986  -0.0002475439   0.0018569262
 7  6  -0.0000564316  -0.0004977409  -0.0062137985   0.0002359231   0.0012793121
 7  7   0.0026944911   0.0027787530   0.0015592743   0.0030799784   0.0044963374
 7  8   0.0040239937  -0.2978194255   0.0675093526   0.0047883618  -0.0701816545
 7  9   0.0062766538   0.0745150419   0.0000707626  -0.0001699183  -0.0002309255
 7 10  -0.0008238836   0.0005638362  -0.0004249160   0.0003816791  -0.0002417985
 7 11   0.0001701717  -0.0000892364   0.0001232114  -0.0000549327
 8  1  -0.0028455886   0.0015550094   0.0012582210  -0.0236480049  -0.1175374953
 8  2  -0.0270706821  -0.0423463179   0.4329794294  -0.0113646876   0.0083439819
 8  3  -0.1522629536   0.0280808835  -0.0129756463  -0.0192331014   0.0239232445
 8  4   0.0096918858  -0.0121749814   0.0093473642  -0.0001774358  -0.0010768416
 8  5   0.0012258116   0.0003722445   0.0006618259   0.0000852278   0.0007333190
 8  6   0.0000756358  -0.0000950346   0.0014708559   0.0016828584  -0.0000935563
 8  7   0.0008791640  -0.0004312286  -0.0007883657  -0.0198342630  -0.0231399456
 8  8  -0.0186293348   0.0734126156  -0.0638842724  -0.0016906321   0.0066892678
 8  9  -0.0476824816  -0.0034431814   0.0001824046   0.0001787215  -0.0000762415
 8 10   0.0002185920   0.0002053470  -0.0005415379  -0.0000704804   0.0000320311
 8 11  -0.0000698368  -0.0000965940   0.0000524430  -0.0000576619
 9  1  -0.0007674945   0.0040323242   0.0023340168  -0.0269755934  -0.0358301924
 9  2  -0.0994814773  -0.0468434591  -0.0113646876   0.5103885449  -0.0079920050
 9  3   0.0289461715  -0.1053191557   0.0144980614   0.0298146627   0.0109826484
 9  4   0.0022054960   0.0036755463   0.0149353163  -0.0015961755   0.0010597632
 9  5   0.0011333037  -0.0000602091  -0.0001299332   0.0000683717   0.0014005087
 9  6   0.0008545830   0.0007991535   0.0022968899   0.0002110309   0.0002768428
 9  7  -0.0173216652  -0.0241463417  -0.0158447563   0.0035324882   0.0045575760
 9  8   0.0038464249   0.0016136780  -0.0003612765  -0.0495032324   0.0758618053
 9  9  -0.0009774639  -0.2731827850  -0.0002850151  -0.0000198301  -0.0006358132
 9 10   0.0004132367  -0.0000984645  -0.0007503420   0.0001650051  -0.0000625939
 9 11  -0.0000018207  -0.0001455522  -0.0001608741  -0.0000452404
10  1   0.0018092612  -0.0036452398   0.0008210025   0.0018820329  -0.0177928025
10  2   0.0103082095  -0.0834594284   0.0083439819  -0.0079920050   0.7647352330
10  3   0.1548894951  -0.2025369241  -0.4759053566  -0.2254453344   0.2021922244
10  4  -0.1632895105   0.0553834646   0.0045414224  -0.0492106576   0.0030584430
10  5   0.0108498505   0.0037907975  -0.0012287714  -0.0034573460  -0.0005122491
10  6   0.0002794475  -0.0002847618  -0.0013604672   0.0015003109  -0.0000686199
10  7   0.0016298678   0.0009422421   0.0007196291  -0.0022253592  -0.0028307663
10  8  -0.0021072472  -0.0054666773   0.0341877158  -0.0150315916  -0.0018212455
10  9  -0.0120840122   0.0069834686   0.0026969190  -0.0012786049  -0.0003527984
10 10   0.0062174957   0.0030662922  -0.0046820938   0.0015302246   0.0029471469
10 11   0.0004758752  -0.0010408802  -0.0002930085  -0.0003782944
11  1  -0.0021028921   0.0022997903   0.0010235686  -0.0069391456  -0.0277598873
11  2  -0.0010151728   0.0151749252  -0.1522629536   0.0289461715   0.1548894951
11  3   0.5794718401  -0.1967289176  -0.2418679382  -0.2444960976   0.1369044589
11  4   0.0939326410  -0.1655862863   0.0318412998  -0.0010184706   0.0125800536
11  5  -0.0125985270  -0.0060241829   0.0016271017   0.0021824695   0.0001056381
11  6  -0.0003743873  -0.0001607165   0.0018169148  -0.0004942442  -0.0000220383
11  7   0.0012093787   0.0014687730   0.0021808061  -0.0001211897   0.0011223658
11  8  -0.0003906886   0.0002969019  -0.0113519125   0.0050715531  -0.0030365762
11  9   0.0076426983  -0.0024985130  -0.0036542378  -0.0002068666   0.0019121114
11 10  -0.0027173713  -0.0010036904   0.0038506750  -0.0003426806  -0.0027267070
11 11  -0.0007536494   0.0003987901   0.0000504099   0.0002551095
12  1   0.0010345180  -0.0001182060  -0.0007084815   0.0089273886  -0.0173509190
12  2   0.0135576941  -0.0088364574   0.0280808835  -0.1053191557  -0.2025369241
12  3  -0.1967289176   0.3705121753   0.2093158208   0.1321293762  -0.1887249415
12  4  -0.0157820186   0.0415231401  -0.0630131984   0.0122241303  -0.0115047074
12  5  -0.0084854727  -0.0021867205  -0.0003676650   0.0021082125   0.0001117769
12  6   0.0000789243   0.0000233770  -0.0007156580   0.0002233653   0.0000035673
12  7  -0.0004547470  -0.0020508313  -0.0007362984  -0.0042583018  -0.0049183946
12  8  -0.0033766719   0.0012708497  -0.0008222139  -0.0011483849  -0.0022811386
12  9   0.0311779519  -0.0126766890   0.0024794228   0.0010165267  -0.0012165058
12 10   0.0023439602  -0.0003452690  -0.0004031100  -0.0003437983  -0.0002357387
12 11  -0.0002580944  -0.0003121030   0.0002126946  -0.0001380220
13  1  -0.0004348324   0.0009197955  -0.0005619708   0.0020786184   0.0009867992
13  2   0.0013826190  -0.0053410179  -0.0129756463   0.0144980614  -0.4759053566
13  3  -0.2418679382   0.2093158208   0.5906526929   0.2527741364  -0.2545564345
13  4  -0.1148425383  -0.0020097118   0.0326523993   0.0080740610   0.0097318029
13  5  -0.0050695093  -0.0023025867   0.0006070957   0.0017700357   0.0002853807
13  6  -0.0000161069   0.0000526269   0.0003570199  -0.0005057490  -0.0001233743
13  7  -0.0004538192  -0.0002220627  -0.0008527158  -0.0001589418  -0.0003873699
13  8  -0.0004288772   0.0024791386  -0.0015137713   0.0001630729   0.0014293055
13  9  -0.0019546510  -0.0008288446  -0.0031990887  -0.0011052324   0.0014906533
13 10  -0.0024953607  -0.0009875546   0.0017570123  -0.0005245925  -0.0014327624
13 11  -0.0004641525   0.0003019178  -0.0000410733  -0.0001964224
14  1   0.0003882234  -0.0007597886  -0.0006265936   0.0014637265   0.0002909817
14  2   0.0044585651  -0.0346209730  -0.0192331014   0.0298146627  -0.2254453344
14  3  -0.2444960976   0.1321293762   0.2527741364   0.2356995821  -0.1565102433
14  4   0.0062746553   0.0336223420  -0.0107215837   0.0031025432   0.0009740498
14  5   0.0022594962   0.0010683440  -0.0001627324  -0.0001040147   0.0000724958
14  6   0.0001119626  -0.0000334719  -0.0006358130   0.0000977345  -0.0001671680
14  7  -0.0000182201   0.0001209122  -0.0009226314  -0.0007419341  -0.0010061736
14  8  -0.0006865894  -0.0022966743   0.0021372283  -0.0009849178  -0.0011015022
14  9  -0.0078986484   0.0027764268  -0.0000469227   0.0000437255  -0.0001361213
14 10  -0.0000783197  -0.0000646829  -0.0005998216  -0.0001078147   0.0004787237
14 11   0.0001850798  -0.0000506165   0.0000439823  -0.0001304502
15  1  -0.0001519579   0.0003436767   0.0009121563  -0.0025255612   0.0036241275
15  2  -0.0064063555   0.0232272252   0.0239232445   0.0109826484   0.2021922244
15  3   0.1369044589  -0.1887249415  -0.2545564345  -0.1565102433   0.1639630845
15  4   0.0294269205  -0.0087882416   0.0104860330  -0.0021976516   0.0001695455
15  5   0.0072895057   0.0016333925   0.0003008293  -0.0013393912  -0.0002060812
15  6  -0.0000943826  -0.0000041368   0.0004195353   0.0000163494   0.0000451065
15  7   0.0004578589   0.0003979320   0.0008302136   0.0012797332   0.0015080214
15  8   0.0013405392   0.0004788028  -0.0010493578   0.0000412073   0.0002128576
15  9  -0.0012261321   0.0002835143   0.0005390033   0.0001442521  -0.0000971851
15 10  -0.0005088868  -0.0000571813   0.0001267644   0.0003733669   0.0005309832
15 11   0.0002470809  -0.0000943473  -0.0001378817   0.0000241560
16  1  -0.0017757365   0.0017029104  -0.0006539361  -0.0027325419   0.0000254952
16  2  -0.0021524017  -0.0078071084   0.0096918858   0.0022054960  -0.1632895105
16  3   0.0939326410  -0.0157820186  -0.1148425383   0.0062746553   0.0294269205
16  4   0.4960384930  -0.0428343320  -0.0938745639  -0.1355764136  -0.0342057840
16  5   0.0410242656  -0.0277331182  -0.0113617833   0.0100919567   0.0003927869
16  6  -0.0002138528  -0.0000365923   0.0013503108  -0.0012231682   0.0000632647
16  7   0.0001575938   0.0000138803   0.0002732342   0.0018335250   0.0009937682
16  8   0.0009590314   0.0012374048   0.0019230237  -0.0003102489  -0.0006877736
16  9   0.0008441110  -0.0010282980  -0.0388734921  -0.0139273538   0.0190440727
16 10  -0.0090504634  -0.0070005366   0.0121873549  -0.0006763373  -0.0065670434
16 11  -0.0021873642   0.0020349195   0.0019314833   0.0007498272
17  1   0.0004878311   0.0007212890   0.0004989915   0.0022021465   0.0025981386
17  2   0.0009743432   0.0349364746  -0.0121749814   0.0036755463   0.0553834646
17  3  -0.1655862863   0.0415231401  -0.0020097118   0.0336223420  -0.0087882416
17  4  -0.0428343320   0.2473727690  -0.0775789886  -0.0240064290  -0.0997365552
17  5   0.0279894654  -0.0294439040  -0.0070676436   0.0126564496  -0.0001146776
17  6   0.0000422339  -0.0000927716  -0.0004445082   0.0005329916  -0.0002573595
17  7  -0.0002133260  -0.0000799769  -0.0005258916  -0.0007776176  -0.0002277417
17  8  -0.0002703660   0.0001824466  -0.0066958140   0.0040613538   0.0001579710
17  9  -0.0006573245   0.0014655443   0.0184413495   0.0118741491  -0.0100918072
17 10  -0.0112024717  -0.0030548543   0.0055861743  -0.0020194957  -0.0035954892
17 11  -0.0022107889   0.0012747897   0.0021127539   0.0013852066
18  1   0.0001219008   0.0011644637   0.0004064259  -0.0009005586   0.0025184466
18  2  -0.0015039295  -0.0091775207   0.0093473642   0.0149353163   0.0045414224
18  3   0.0318412998  -0.0630131984   0.0326523993  -0.0107215837   0.0104860330
18  4  -0.0938745639  -0.0775789886   0.1244501268   0.0366150561   0.0319899962
18  5  -0.0862551665  -0.0102969673  -0.0009450755   0.0082384889   0.0000418608
18  6  -0.0005867137   0.0002117816   0.0000105925   0.0001346250   0.0000106686
18  7  -0.0001548546   0.0002765080   0.0002445747   0.0007950021   0.0004583586
18  8   0.0005692588  -0.0002297441   0.0032088097   0.0002242447   0.0013919162
18  9  -0.0034609600   0.0006901730   0.0048218192   0.0009708713   0.0002526348
18 10   0.0356913888   0.0132350395  -0.0124773188  -0.0020490304  -0.0032558591
18 11  -0.0004427656  -0.0000001184   0.0014033980   0.0029726516
19  1   0.0104274696   0.0104171729   0.0111641530   0.0030077583   0.0015611856
19  2   0.0009790584   0.0013584162  -0.0001774358  -0.0015961755  -0.0492106576
19  3  -0.0010184706   0.0122241303   0.0080740610   0.0031025432  -0.0021976516
19  4  -0.1355764136  -0.0240064290   0.0366150561   0.4668307488  -0.0967495397
19  5   0.0401502513  -0.0866302397  -0.0210828810  -0.0220345559  -0.0000525241
19  6  -0.0001578025  -0.0001106652  -0.0017013314   0.0053279206  -0.0009686511
19  7  -0.0002916608   0.0000524986   0.0001259443  -0.0010330158  -0.0007057687
19  8  -0.0003579780   0.0003171118  -0.0021075538   0.0010093324  -0.0002768279
19  9   0.0002966129   0.0005656184  -0.1413304417   0.1365507419  -0.0173663479
19 10  -0.0584946106   0.0108937519  -0.0433813305  -0.0136577786  -0.0230358455
19 11  -0.0157269913  -0.0017600639   0.0008392989   0.0009068026
20  1  -0.0101295775  -0.0302704589  -0.0165625393  -0.0000927882   0.0007303223
20  2  -0.0000989028   0.0029454946  -0.0010768416   0.0010597632   0.0030584430
20  3   0.0125800536  -0.0115047074   0.0097318029   0.0009740498   0.0001695455
20  4  -0.0342057840  -0.0997365552   0.0319899962  -0.0967495397   0.5376232696
20  5  -0.0251271786  -0.0185171019  -0.1434634296  -0.0453308262  -0.0009016405
20  6   0.0018521283  -0.0007892880   0.0025881197  -0.0037933729   0.0010602813
20  7   0.0001370542  -0.0001424437  -0.0000268115  -0.0008054873   0.0001065939
20  8   0.0000031180  -0.0001647478  -0.0004137594  -0.0003979028   0.0012709606
20  9  -0.0006711692  -0.0003838304   0.1275835812  -0.2143420098   0.0156831752
20 10   0.0144261683  -0.0619804300   0.0490580012  -0.0000525268  -0.0017322113
20 11  -0.0009961688  -0.0001224308   0.0037562640   0.0021942752
21  1   0.0049870020   0.0014403476   0.0035551627  -0.0003834944  -0.0006095163
21  2  -0.0002719757  -0.0008595378   0.0012258116   0.0011333037   0.0108498505
21  3  -0.0125985270  -0.0084854727  -0.0050695093   0.0022594962   0.0072895057
21  4   0.0410242656   0.0279894654  -0.0862551665   0.0401502513  -0.0251271786
21  5   0.5468317208  -0.0177407750  -0.0437353366  -0.1150114722   0.0001512182
21  6   0.0022081170   0.0004417647  -0.0008434888   0.0023085737   0.0000845052
21  7   0.0000251180  -0.0003390563  -0.0000874342  -0.0000871929   0.0002925236
21  8   0.0000660372   0.0000268933   0.0007783480  -0.0010437494  -0.0011264531
21  9   0.0010816335  -0.0009656896  -0.0117917965   0.0122135209  -0.0534554723
21 10  -0.0491911551   0.0504279754  -0.2774556195   0.0048822479   0.0087330969
21 11   0.0038862252  -0.0150034441  -0.0285492952  -0.0202561732
22  1  -0.1012670810   0.0373245251  -0.0111911330  -0.0168423035   0.0326881140
22  2  -0.0072545568   0.0014260485   0.0003722445  -0.0000602091   0.0037907975
22  3  -0.0060241829  -0.0021867205  -0.0023025867   0.0010683440   0.0016333925
22  4  -0.0277331182  -0.0294439040  -0.0102969673  -0.0866302397  -0.0185171019
22  5  -0.0177407750   0.5496543487   0.0065753823  -0.0352751229   0.0009209814
22  6  -0.0025824696   0.0001920526   0.0066477368  -0.0129700246   0.0036941526
22  7   0.0018144295  -0.0001400446  -0.0003715250  -0.0061909915   0.0004236563
22  8   0.0012463429   0.0005084079   0.0001391781   0.0001193949  -0.0002080724
22  9  -0.0001086701  -0.0003934532   0.0079951014   0.0137551596   0.0108175308
22 10   0.0012055386  -0.0039031652  -0.0043851227  -0.2839735213  -0.0166193981
22 11   0.0597733550  -0.0488154760  -0.0020376427   0.0116793642
23  1   0.0350219257  -0.1569467730   0.0219549167   0.0059957003   0.0010604098
23  2  -0.0012610318  -0.0008680986   0.0006618259  -0.0001299332  -0.0012287714
23  3   0.0016271017  -0.0003676650   0.0006070957  -0.0001627324   0.0003008293
23  4  -0.0113617833  -0.0070676436  -0.0009450755  -0.0210828810  -0.1434634296
23  5  -0.0437353366   0.0065753823   0.4560442775  -0.0230221030   0.0045773419
23  6  -0.0097297323   0.0023610220   0.0114265423  -0.0228890010   0.0073211925
23  7  -0.0008511875   0.0003785965  -0.0001730264  -0.0022040122   0.0014226967
23  8   0.0001771452  -0.0000965764  -0.0003396040  -0.0000990926  -0.0000457457
23  9   0.0001837473  -0.0001079369  -0.0113206960  -0.0210304009  -0.0161461544
23 10   0.0030199901   0.0049645772   0.0031445177  -0.0174260637  -0.0470278679
23 11   0.0033722022  -0.0007381625  -0.0576860480   0.0473555297
24  1  -0.0103774400   0.0200286072  -0.0874320374   0.0018372522  -0.0067138403
24  2   0.0022646953  -0.0002475439   0.0000852278   0.0000683717  -0.0034573460
24  3   0.0021824695   0.0021082125   0.0017700357  -0.0001040147  -0.0013393912
24  4   0.0100919567   0.0126564496   0.0082384889  -0.0220345559  -0.0453308262
24  5  -0.1150114722  -0.0352751229  -0.0230221030   0.5611901166  -0.0152902007
24  6   0.0304464933  -0.0078627974   0.0087009363  -0.0163571014   0.0039107214
24  7   0.0003533503  -0.0009121572   0.0004042573   0.0023153645  -0.0003457047
24  8   0.0003850679   0.0000673913   0.0000022495   0.0000135309   0.0000164040
24  9  -0.0001502898   0.0000087845   0.0006446800   0.0028636363   0.0019498833
24 10  -0.0120430585  -0.0263814177  -0.0159954174   0.0587523657   0.0024677299
24 11  -0.0633702153   0.0141755312   0.0485845920  -0.2895307995
25  1  -0.0524222378  -0.0091202572   0.0340726732  -0.0091434181  -0.0066724347
25  2   0.0340394130   0.0018569262   0.0007333190   0.0014005087  -0.0005122491
25  3   0.0001056381   0.0001117769   0.0002853807   0.0000724958  -0.0002060812
25  4   0.0003927869  -0.0001146776   0.0000418608  -0.0000525241  -0.0009016405
25  5   0.0001512182   0.0009209814   0.0045773419  -0.0152902007   0.0614887595
25  6   0.0051751158  -0.0392031839   0.0019947995   0.0035777950  -0.0140654361
25  7  -0.0065422997   0.0000154806   0.0010383930   0.0014503032   0.0001310889
25  8  -0.0004274909   0.0002548074   0.0002478248  -0.0001716938   0.0000586881
25  9  -0.0003624358  -0.0010826525  -0.0000975126  -0.0001019980  -0.0000227791
25 10   0.0001317694  -0.0000468722   0.0003205302   0.0004920818  -0.0005283961
25 11  -0.0002888996  -0.0005570425   0.0032126125  -0.0004179563
26  1  -0.0090288094  -0.0592107175   0.0486754499   0.0001741387  -0.0001408939
26  2  -0.0011674986  -0.0000564316   0.0000756358   0.0008545830   0.0002794475
26  3  -0.0003743873   0.0000789243  -0.0000161069   0.0001119626  -0.0000943826
26  4  -0.0002138528   0.0000422339  -0.0005867137  -0.0001578025   0.0018521283
26  5   0.0022081170  -0.0025824696  -0.0097297323   0.0304464933   0.0051751158
26  6   0.0645377310  -0.0564483117   0.0039131122   0.0052261377  -0.0223667035
26  7   0.0004756896   0.0009393682   0.0000390565  -0.0000890661   0.0003080302
26  8  -0.0005086877   0.0000694878  -0.0000163845  -0.0001126278  -0.0001688490
26  9  -0.0000571958  -0.0000731110   0.0000944976   0.0003396352  -0.0002584211
26 10  -0.0004181111  -0.0001401620  -0.0010745725  -0.0002347551   0.0012565975
26 11  -0.0005607378   0.0027847650  -0.0050199872   0.0009491438
27  1   0.0347325799   0.0499057342  -0.2774807738   0.0019872742   0.0006616459
27  2  -0.0076591742  -0.0004977409  -0.0000950346   0.0007991535  -0.0002847618
27  3  -0.0001607165   0.0000233770   0.0000526269  -0.0000334719  -0.0000041368
27  4  -0.0000365923  -0.0000927716   0.0002117816  -0.0001106652  -0.0007892880
27  5   0.0004417647   0.0001920526   0.0023610220  -0.0078627974  -0.0392031839
27  6  -0.0564483117   0.3033905028   0.0021635631   0.0030018262  -0.0173906568
27  7   0.0013712612  -0.0004243407   0.0014611081   0.0004080215  -0.0005059293
27  8   0.0005346186  -0.0000105621   0.0000398770   0.0002850060   0.0004349879
27  9   0.0005983514   0.0005469443   0.0000197073   0.0000248446   0.0003008329
27 10   0.0004288969   0.0006258678   0.0005988993  -0.0006328440   0.0002147453
27 11   0.0005066623  -0.0010146212   0.0011159498   0.0012968879
28  1  -0.0988256437  -0.0821902801  -0.0606303375  -0.0164202828  -0.0240384187
28  2  -0.0183675993  -0.0062137985   0.0014708559   0.0022968899  -0.0013604672
28  3   0.0018169148  -0.0007156580   0.0003570199  -0.0006358130   0.0004195353
28  4   0.0013503108  -0.0004445082   0.0000105925  -0.0017013314   0.0025881197
28  5  -0.0008434888   0.0066477368   0.0114265423   0.0087009363   0.0019947995
28  6   0.0039131122   0.0021635631   0.1111369781   0.0874718858   0.0670186245
28  7   0.0013605355  -0.0001954379   0.0004254077   0.0010754469   0.0004412625
28  8  -0.0005176097  -0.0010273790  -0.0014568118  -0.0008744785   0.0003607960
28  9   0.0003790629   0.0002839610   0.0002012806   0.0007791858   0.0002901290
28 10  -0.0000772816  -0.0001533926  -0.0001277214   0.0007013669  -0.0005061243
28 11   0.0004707360   0.0004399131  -0.0006661552  -0.0000034821
29  1  -0.0821409360  -0.1770480731  -0.0962071785   0.0002545730   0.0006285430
29  2   0.0009607792   0.0002359231   0.0016828584   0.0002110309   0.0015003109
29  3  -0.0004942442   0.0002233653  -0.0005057490   0.0000977345   0.0000163494
29  4  -0.0012231682   0.0005329916   0.0001346250   0.0053279206  -0.0037933729
29  5   0.0023085737  -0.0129700246  -0.0228890010  -0.0163571014   0.0035777950
29  6   0.0052261377   0.0030018262   0.0874718858   0.1946444203   0.1060478223
29  7  -0.0002159160   0.0000229258   0.0002461716  -0.0002903530   0.0006655713
29  8   0.0002691852   0.0000783258  -0.0000537731  -0.0001641512   0.0000495713
29  9  -0.0001403210  -0.0000830609  -0.0007474974  -0.0014626584  -0.0008735516
29 10   0.0000303446   0.0003262076   0.0001763917   0.0002242969   0.0010743326
29 11  -0.0003669726  -0.0006573029   0.0009797211   0.0004558957
30  1  -0.0614341112  -0.0977214960  -0.1218902669   0.0044566693   0.0059181326
30  2   0.0033482615   0.0012793121  -0.0000935563   0.0002768428  -0.0000686199
30  3  -0.0000220383   0.0000035673  -0.0001233743  -0.0001671680   0.0000451065
30  4   0.0000632647  -0.0002573595   0.0000106686  -0.0009686511   0.0010602813
30  5   0.0000845052   0.0036941526   0.0073211925   0.0039107214  -0.0140654361
30  6  -0.0223667035  -0.0173906568   0.0670186245   0.1060478223   0.1284545498
30  7  -0.0004856364   0.0003336418   0.0006572225  -0.0006468297   0.0000729700
30  8   0.0000360958   0.0001610095   0.0000892368   0.0004471688   0.0002084566
30  9   0.0001557519   0.0004425001   0.0000233884   0.0002337162   0.0004395177
30 10   0.0000719373   0.0003312887   0.0004082505   0.0003082154  -0.0006022674
30 11   0.0000428442   0.0005076284  -0.0003334452   0.0006731011
31  1  -0.0073191898  -0.0050545894   0.0340531839  -0.0548338231  -0.0039111913
31  2   0.0399631969   0.0026944911   0.0008791640  -0.0173216652   0.0016298678
31  3   0.0012093787  -0.0004547470  -0.0004538192  -0.0000182201   0.0004578589
31  4   0.0001575938  -0.0002133260  -0.0001548546  -0.0002916608   0.0001370542
31  5   0.0000251180   0.0018144295  -0.0008511875   0.0003533503  -0.0065422997
31  6   0.0004756896   0.0013712612   0.0013605355  -0.0002159160  -0.0004856364
31  7   0.0614846832   0.0083818101  -0.0439974503   0.0016688430   0.0009776471
31  8  -0.0111188363   0.0001131909   0.0005289271   0.0001905615  -0.0015369632
31  9  -0.0026367041  -0.0017022483   0.0000463098   0.0000565617   0.0000247343
31 10  -0.0001208719  -0.0000590237  -0.0001124890   0.0002226492  -0.0002904110
31 11  -0.0004118898  -0.0000939662   0.0006043364  -0.0006794479
32  1  -0.0000240890  -0.0003486603  -0.0012294997  -0.0038001110  -0.0524778208
32  2   0.0317864711   0.0027787530  -0.0004312286  -0.0241463417   0.0009422421
32  3   0.0014687730  -0.0020508313  -0.0002220627   0.0001209122   0.0003979320
32  4   0.0000138803  -0.0000799769   0.0002765080   0.0000524986  -0.0001424437
32  5  -0.0003390563  -0.0001400446   0.0003785965  -0.0009121572   0.0000154806
32  6   0.0009393682  -0.0004243407  -0.0001954379   0.0000229258   0.0003336418
32  7   0.0083818101   0.0561466239  -0.0308765109  -0.0050081192  -0.0033570573
32  8   0.0292403930   0.0000965507   0.0003932508   0.0005422020  -0.0028008750
32  9  -0.0028252640  -0.0030147351  -0.0000118913  -0.0000106082   0.0000377530
32 10  -0.0000628508   0.0000021879   0.0001526380  -0.0000844074   0.0000195799
32 11   0.0001281568   0.0000686734   0.0001808415   0.0000977771
33  1   0.0018804021   0.0013648304  -0.0058275451   0.0403650274   0.0301038809
33  2  -0.2888360800   0.0015592743  -0.0007883657  -0.0158447563   0.0007196291
33  3   0.0021808061  -0.0007362984  -0.0008527158  -0.0009226314   0.0008302136
33  4   0.0002732342  -0.0005258916   0.0002445747   0.0001259443  -0.0000268115
33  5  -0.0000874342  -0.0003715250  -0.0001730264   0.0004042573   0.0010383930
33  6   0.0000390565   0.0014611081   0.0004254077   0.0002461716   0.0006572225
33  7  -0.0439974503  -0.0308765109   0.3157131084   0.0009534001   0.0019612047
33  8  -0.0081086038  -0.0003210667  -0.0000256767  -0.0000662422  -0.0021053356
33  9  -0.0019917138  -0.0003152861  -0.0000029382  -0.0000345292   0.0000519709
33 10  -0.0000796019   0.0001199131   0.0000583527   0.0000037024  -0.0000650995
33 11   0.0002219395   0.0003862189  -0.0005856065   0.0001794985
34  1  -0.0138966128   0.0316363876  -0.0088651889  -0.0743000588   0.0798266287
34  2  -0.0207493002   0.0030799784  -0.0198342630   0.0035324882  -0.0022253592
34  3  -0.0001211897  -0.0042583018  -0.0001589418  -0.0007419341   0.0012797332
34  4   0.0018335250  -0.0007776176   0.0007950021  -0.0010330158  -0.0008054873
34  5  -0.0000871929  -0.0061909915  -0.0022040122   0.0023153645   0.0014503032
34  6  -0.0000890661   0.0004080215   0.0010754469  -0.0002903530  -0.0006468297
34  7   0.0016688430  -0.0050081192   0.0009534001   0.0881488052  -0.0837939502
34  8   0.0248636104   0.0009556399  -0.0003527987   0.0005915225   0.0001903405
34  9   0.0007087300   0.0001034216   0.0001881290   0.0000940492   0.0000331683
34 10   0.0001391741   0.0000881443   0.0000660709  -0.0010801066   0.0019175653
34 11  -0.0002518131   0.0001549013  -0.0002527140  -0.0000831768
35  1   0.0002361366  -0.0003030893   0.0002947070   0.0799009044  -0.2586321106
35  2   0.0593134277   0.0044963374  -0.0231399456   0.0045575760  -0.0028307663
35  3   0.0011223658  -0.0049183946  -0.0003873699  -0.0010061736   0.0015080214
35  4   0.0009937682  -0.0002277417   0.0004583586  -0.0007057687   0.0001065939
35  5   0.0002925236   0.0004236563   0.0014226967  -0.0003457047   0.0001310889
35  6   0.0003080302  -0.0005059293   0.0004412625   0.0006655713   0.0000729700
35  7   0.0009776471  -0.0033570573   0.0019612047  -0.0837939502   0.2816490053
35  8  -0.0630192255  -0.0002795681   0.0011134228   0.0005053971   0.0003715089
35  9   0.0003790923  -0.0002288472   0.0001187165   0.0000361566   0.0000158565
35 10   0.0000401044   0.0000355997  -0.0000341888  -0.0000240865  -0.0002216060
35 11   0.0001045037  -0.0001096214   0.0000491892  -0.0000322563
36  1   0.0037218152  -0.0071039409   0.0009886132  -0.0215031255   0.0604002125
36  2  -0.0655608563   0.0040239937  -0.0186293348   0.0038464249  -0.0021072472
36  3  -0.0003906886  -0.0033766719  -0.0004288772  -0.0006865894   0.0013405392
36  4   0.0009590314  -0.0002703660   0.0005692588  -0.0003579780   0.0000031180
36  5   0.0000660372   0.0012463429   0.0001771452   0.0003850679  -0.0004274909
36  6  -0.0005086877   0.0005346186  -0.0005176097   0.0002691852   0.0000360958
36  7  -0.0111188363   0.0292403930  -0.0081086038   0.0248636104  -0.0630192255
36  8   0.0672722416   0.0004913312   0.0005742981   0.0010696696   0.0006105890
36  9   0.0003665021   0.0003115080   0.0000565025   0.0000421751   0.0000126795
36 10   0.0000092294   0.0000294720   0.0000133913   0.0001994332  -0.0001694555
36 11   0.0003843949   0.0002792860  -0.0003242128   0.0002155915
37  1   0.0000102479  -0.0026963165  -0.0025371942  -0.0149816064   0.0028918987
37  2   0.0004724400  -0.2978194255   0.0734126156   0.0016136780  -0.0054666773
37  3   0.0002969019   0.0012708497   0.0024791386  -0.0022966743   0.0004788028
37  4   0.0012374048   0.0001824466  -0.0002297441   0.0003171118  -0.0001647478
37  5   0.0000268933   0.0005084079  -0.0000965764   0.0000673913   0.0002548074
37  6   0.0000694878  -0.0000105621  -0.0010273790   0.0000783258   0.0001610095
37  7   0.0001131909   0.0000965507  -0.0003210667   0.0009556399  -0.0002795681
37  8   0.0004913312   0.3211607259  -0.0738966128  -0.0019860935  -0.0077376829
37  9   0.0023643151   0.0006200888   0.0000220018   0.0000310994  -0.0000067875
37 10   0.0000118992  -0.0000077092  -0.0001139943  -0.0000161822  -0.0000060402
37 11   0.0000256365  -0.0000216227   0.0000206038  -0.0000226788
38  1  -0.0015366072  -0.0029223352  -0.0033584968  -0.0239336678   0.0043439040
38  2   0.0010719464   0.0675093526  -0.0638842724  -0.0003612765   0.0341877158
38  3  -0.0113519125  -0.0008222139  -0.0015137713   0.0021372283  -0.0010493578
38  4   0.0019230237  -0.0066958140   0.0032088097  -0.0021075538  -0.0004137594
38  5   0.0007783480   0.0001391781  -0.0003396040   0.0000022495   0.0002478248
38  6  -0.0000163845   0.0000398770  -0.0014568118  -0.0000537731   0.0000892368
38  7   0.0005289271   0.0003932508  -0.0000256767  -0.0003527987   0.0011134228
38  8   0.0005742981  -0.0738966128   0.0777659256   0.0004366113   0.0003054050
38  9  -0.0005284129  -0.0004842979   0.0000825394   0.0000631729  -0.0000525789
38 10  -0.0001105392   0.0001607045  -0.0000751598   0.0000258950   0.0001835682
38 11   0.0000529654  -0.0000414989   0.0000450909  -0.0000252840
39  1  -0.0003142768  -0.0022547336  -0.0019361082  -0.0175788783   0.0040885304
39  2   0.0004833658   0.0047883618  -0.0016906321  -0.0495032324  -0.0150315916
39  3   0.0050715531  -0.0011483849   0.0001630729  -0.0009849178   0.0000412073
39  4  -0.0003102489   0.0040613538   0.0002242447   0.0010093324  -0.0003979028
39  5  -0.0010437494   0.0001193949  -0.0000990926   0.0000135309  -0.0001716938
39  6  -0.0001126278   0.0002850060  -0.0008744785  -0.0001641512   0.0004471688
39  7   0.0001905615   0.0005422020  -0.0000662422   0.0005915225   0.0005053971
39  8   0.0010696696  -0.0019860935   0.0004366113   0.0496153025   0.0295499805
39  9  -0.0090006817   0.0006347845  -0.0000009842  -0.0000758964   0.0003326623
39 10  -0.0001265190  -0.0000254907   0.0005271919  -0.0000474832   0.0000414002
39 11  -0.0000157573   0.0000300212   0.0000590788   0.0000393400
40  1   0.0012223925   0.0008390426  -0.0011581798   0.0040372384  -0.0015860082
40  2  -0.0189880536  -0.0701816545   0.0066892678   0.0758618053  -0.0018212455
40  3  -0.0030365762  -0.0022811386   0.0014293055  -0.0011015022   0.0002128576
40  4  -0.0006877736   0.0001579710   0.0013919162  -0.0002768279   0.0012709606
40  5  -0.0011264531  -0.0002080724  -0.0000457457   0.0000164040   0.0000586881
40  6  -0.0001688490   0.0004349879   0.0003607960   0.0000495713   0.0002084566
40  7  -0.0015369632  -0.0028008750  -0.0021053356   0.0001903405   0.0003715089
40  8   0.0006105890  -0.0077376829   0.0003054050   0.0295499805   0.0760608000
40  9  -0.0016189670  -0.0826945508  -0.0000699127  -0.0000232246  -0.0000553859
40 10  -0.0008998516   0.0007501047  -0.0000785236   0.0000026617  -0.0000250508
40 11   0.0000306226   0.0000577616  -0.0000270334   0.0001700013
41  1   0.0012190368   0.0015339748   0.0001118212   0.0056649767  -0.0002408943
41  2  -0.0234362702   0.0062766538  -0.0476824816  -0.0009774639  -0.0120840122
41  3   0.0076426983   0.0311779519  -0.0019546510  -0.0078986484  -0.0012261321
41  4   0.0008441110  -0.0006573245  -0.0034609600   0.0002966129  -0.0006711692
41  5   0.0010816335  -0.0001086701   0.0001837473  -0.0001502898  -0.0003624358
41  6  -0.0000571958   0.0005983514   0.0003790629  -0.0001403210   0.0001557519
41  7  -0.0026367041  -0.0028252640  -0.0019917138   0.0007087300   0.0003790923
41  8   0.0003665021   0.0023643151  -0.0005284129  -0.0090006817  -0.0016189670
41  9   0.0511810668   0.0069624826   0.0001550024   0.0000525578  -0.0000540138
41 10   0.0008831796  -0.0001800932  -0.0001181918  -0.0000250282   0.0000819848
41 11  -0.0000088158  -0.0000012127  -0.0001733173  -0.0000299617
42  1   0.0012801163   0.0009674693   0.0010495564   0.0033339259  -0.0017027865
42  2  -0.0183495396   0.0745150419  -0.0034431814  -0.2731827850   0.0069834686
42  3  -0.0024985130  -0.0126766890  -0.0008288446   0.0027764268   0.0002835143
42  4  -0.0010282980   0.0014655443   0.0006901730   0.0005656184  -0.0003838304
42  5  -0.0009656896  -0.0003934532  -0.0001079369   0.0000087845  -0.0010826525
42  6  -0.0000731110   0.0005469443   0.0002839610  -0.0000830609   0.0004425001
42  7  -0.0017022483  -0.0030147351  -0.0003152861   0.0001034216  -0.0002288472
42  8   0.0003115080   0.0006200888  -0.0004842979   0.0006347845  -0.0826945508
42  9   0.0069624826   0.2999101014   0.0000262892  -0.0001341537   0.0005515337
42 10  -0.0000609686  -0.0000730285   0.0009954700  -0.0000528562   0.0000756038
42 11   0.0000241548   0.0001319405  -0.0000200444   0.0000409642
43  1  -0.0002674174  -0.0014819666  -0.0019559967  -0.0003629696  -0.0002377408
43  2  -0.0001138225   0.0000707626   0.0001824046  -0.0002850151   0.0026969190
43  3  -0.0036542378   0.0024794228  -0.0031990887  -0.0000469227   0.0005390033
43  4  -0.0388734921   0.0184413495   0.0048218192  -0.1413304417   0.1275835812
43  5  -0.0117917965   0.0079951014  -0.0113206960   0.0006446800  -0.0000975126
43  6   0.0000944976   0.0000197073   0.0002012806  -0.0007474974   0.0000233884
43  7   0.0000463098  -0.0000118913  -0.0000029382   0.0001881290   0.0001187165
43  8   0.0000565025   0.0000220018   0.0000825394  -0.0000009842  -0.0000699127
43  9   0.0001550024   0.0000262892   0.1733690764  -0.1343665554   0.0072627416
43 10  -0.0016833499   0.0050204738  -0.0019360743   0.0012240467  -0.0002057823
43 11   0.0001576009   0.0000705573   0.0003947252   0.0000554722
44  1  -0.0032167713  -0.0019889328  -0.0040451375  -0.0005522974   0.0002549864
44  2   0.0000739598  -0.0001699183   0.0001787215  -0.0000198301  -0.0012786049
44  3  -0.0002068666   0.0010165267  -0.0011052324   0.0000437255   0.0001442521
44  4  -0.0139273538   0.0118741491   0.0009708713   0.1365507419  -0.2143420098
44  5   0.0122135209   0.0137551596  -0.0210304009   0.0028636363  -0.0001019980
44  6   0.0003396352   0.0000248446   0.0007791858  -0.0014626584   0.0002337162
44  7   0.0000565617  -0.0000106082  -0.0000345292   0.0000940492   0.0000361566
44  8   0.0000421751   0.0000310994   0.0000631729  -0.0000758964  -0.0000232246
44  9   0.0000525578  -0.0001341537  -0.1343665554   0.2291266834  -0.0140097113
44 10   0.0036176700  -0.0041159056   0.0006373379  -0.0002952771   0.0004789136
44 11   0.0004820558   0.0001527656   0.0007086802  -0.0003836384
45  1  -0.0020203425  -0.0015788630  -0.0018617618  -0.0001330531  -0.0000338793
45  2  -0.0000346932  -0.0002309255  -0.0000762415  -0.0006358132  -0.0003527984
45  3   0.0019121114  -0.0012165058   0.0014906533  -0.0001361213  -0.0000971851
45  4   0.0190440727  -0.0100918072   0.0002526348  -0.0173663479   0.0156831752
45  5  -0.0534554723   0.0108175308  -0.0161461544   0.0019498833  -0.0000227791
45  6  -0.0002584211   0.0003008329   0.0002901290  -0.0008735516   0.0004395177
45  7   0.0000247343   0.0000377530   0.0000519709   0.0000331683   0.0000158565
45  8   0.0000126795  -0.0000067875  -0.0000525789   0.0003326623  -0.0000553859
45  9  -0.0000540138   0.0005515337   0.0072627416  -0.0140097113   0.0529307325
45 10  -0.0195426571   0.0241260041  -0.0008992166   0.0002129084   0.0010144772
45 11   0.0011142432   0.0005551384   0.0005219660   0.0002639574
46  1   0.0001751508   0.0007232015   0.0004843626   0.0000492659  -0.0000338422
46  2  -0.0002275557  -0.0008238836   0.0002185920   0.0004132367   0.0062174957
46  3  -0.0027173713   0.0023439602  -0.0024953607  -0.0000783197  -0.0005088868
46  4  -0.0090504634  -0.0112024717   0.0356913888  -0.0584946106   0.0144261683
46  5  -0.0491911551   0.0012055386   0.0030199901  -0.0120430585   0.0001317694
46  6  -0.0004181111   0.0004288969  -0.0000772816   0.0000303446   0.0000719373
46  7  -0.0001208719  -0.0000628508  -0.0000796019   0.0001391741   0.0000401044
46  8   0.0000092294   0.0000118992  -0.0001105392  -0.0001265190  -0.0008998516
46  9   0.0008831796  -0.0000609686  -0.0016833499   0.0036176700  -0.0195426571
46 10   0.0661852131  -0.0062733351   0.0425335209   0.0000799032   0.0004618441
46 11   0.0006110736  -0.0005497365  -0.0025242535  -0.0008072035
47  1   0.0002988923   0.0020370748  -0.0009367181   0.0000240645  -0.0002917416
47  2  -0.0001278096   0.0005638362   0.0002053470  -0.0000984645   0.0030662922
47  3  -0.0010036904  -0.0003452690  -0.0009875546  -0.0000646829  -0.0000571813
47  4  -0.0070005366  -0.0030548543   0.0132350395   0.0108937519  -0.0619804300
47  5   0.0504279754  -0.0039031652   0.0049645772  -0.0263814177  -0.0000468722
47  6  -0.0001401620   0.0006258678  -0.0001533926   0.0003262076   0.0003312887
47  7  -0.0000590237   0.0000021879   0.0001199131   0.0000881443   0.0000355997
47  8   0.0000294720  -0.0000077092   0.0001607045  -0.0000254907   0.0007501047
47  9  -0.0001800932  -0.0000730285   0.0050204738  -0.0041159056   0.0241260041
47 10  -0.0062733351   0.0664369754  -0.0585301431  -0.0000674026   0.0004527403
47 11   0.0006680565  -0.0022065681  -0.0037898545  -0.0029880945
48  1   0.0004186677   0.0015112203   0.0007852084   0.0002719873  -0.0003583649
48  2   0.0001276848  -0.0004249160  -0.0005415379  -0.0007503420  -0.0046820938
48  3   0.0038506750  -0.0004031100   0.0017570123  -0.0005998216   0.0001267644
48  4   0.0121873549   0.0055861743  -0.0124773188  -0.0433813305   0.0490580012
48  5  -0.2774556195  -0.0043851227   0.0031445177  -0.0159954174   0.0003205302
48  6  -0.0010745725   0.0005988993  -0.0001277214   0.0001763917   0.0004082505
48  7  -0.0001124890   0.0001526380   0.0000583527   0.0000660709  -0.0000341888
48  8   0.0000133913  -0.0001139943  -0.0000751598   0.0005271919  -0.0000785236
48  9  -0.0001181918   0.0009954700  -0.0019360743   0.0006373379  -0.0008992166
48 10   0.0425335209  -0.0585301431   0.3051170476  -0.0005707082  -0.0005475014
48 11  -0.0004159184  -0.0017421705  -0.0022374743  -0.0003613182
49  1  -0.0145608484  -0.0002008770   0.0036032812   0.0008350825   0.0035453013
49  2  -0.0012335089   0.0003816791  -0.0000704804   0.0001650051   0.0015302246
49  3  -0.0003426806  -0.0003437983  -0.0005245925  -0.0001078147   0.0003733669
49  4  -0.0006763373  -0.0020194957  -0.0020490304  -0.0136577786  -0.0000525268
49  5   0.0048822479  -0.2839735213  -0.0174260637   0.0587523657   0.0004920818
49  6  -0.0002347551  -0.0006328440   0.0007013669   0.0002242969   0.0003082154
49  7   0.0002226492  -0.0000844074   0.0000037024  -0.0010801066  -0.0000240865
49  8   0.0001994332  -0.0000161822   0.0000258950  -0.0000474832   0.0000026617
49  9  -0.0000250282  -0.0000528562   0.0012240467  -0.0002952771   0.0002129084
49 10   0.0000799032  -0.0000674026  -0.0005707082   0.3100784598   0.0174461135
49 11  -0.0647365797  -0.0010587886  -0.0002907109   0.0011662829
50  1   0.0311334314   0.0005897109  -0.0073688749   0.0007955229  -0.0057903366
50  2   0.0018850255  -0.0002417985   0.0000320311  -0.0000625939   0.0029471469
50  3  -0.0027267070  -0.0002357387  -0.0014327624   0.0004787237   0.0005309832
50  4  -0.0065670434  -0.0035954892  -0.0032558591  -0.0230358455  -0.0017322113
50  5   0.0087330969  -0.0166193981  -0.0470278679   0.0024677299  -0.0005283961
50  6   0.0012565975   0.0002147453  -0.0005061243   0.0010743326  -0.0006022674
50  7  -0.0002904110   0.0000195799  -0.0000650995   0.0019175653  -0.0002216060
50  8  -0.0001694555  -0.0000060402   0.0001835682   0.0000414002  -0.0000250508
50  9   0.0000819848   0.0000756038  -0.0002057823   0.0004789136   0.0010144772
50 10   0.0004618441   0.0004527403  -0.0005475014   0.0174461135   0.0574056596
50 11  -0.0037452470  -0.0052429716  -0.0009596240   0.0010895752
51  1  -0.0083512558   0.0003241434   0.0009936099  -0.0003079887   0.0011367135
51  2   0.0004101323   0.0001701717  -0.0000698368  -0.0000018207   0.0004758752
51  3  -0.0007536494  -0.0002580944  -0.0004641525   0.0001850798   0.0002470809
51  4  -0.0021873642  -0.0022107889  -0.0004427656  -0.0157269913  -0.0009961688
51  5   0.0038862252   0.0597733550   0.0033722022  -0.0633702153  -0.0002888996
51  6  -0.0005607378   0.0005066623   0.0004707360  -0.0003669726   0.0000428442
51  7  -0.0004118898   0.0001281568   0.0002219395  -0.0002518131   0.0001045037
51  8   0.0003843949   0.0000256365   0.0000529654  -0.0000157573   0.0000306226
51  9  -0.0000088158   0.0000241548   0.0001576009   0.0004820558   0.0011142432
51 10   0.0006110736   0.0006680565  -0.0004159184  -0.0647365797  -0.0037452470
51 11   0.0636413724   0.0310118633   0.0022583399  -0.0069680882
52  1   0.0005484486   0.0030335142  -0.0151901951   0.0010087940  -0.0005217462
52  2  -0.0009919119  -0.0000892364  -0.0000965940  -0.0001455522  -0.0010408802
52  3   0.0003987901  -0.0003121030   0.0003019178  -0.0000506165  -0.0000943473
52  4   0.0020349195   0.0012747897  -0.0000001184  -0.0017600639  -0.0001224308
52  5  -0.0150034441  -0.0488154760  -0.0007381625   0.0141755312  -0.0005570425
52  6   0.0027847650  -0.0010146212   0.0004399131  -0.0006573029   0.0005076284
52  7  -0.0000939662   0.0000686734   0.0003862189   0.0001549013  -0.0001096214
52  8   0.0002792860  -0.0000216227  -0.0000414989   0.0000300212   0.0000577616
52  9  -0.0000012127   0.0001319405   0.0000705573   0.0001527656   0.0005551384
52 10  -0.0005497365  -0.0022065681  -0.0017421705  -0.0010587886  -0.0052429716
52 11   0.0310118633   0.0493695998   0.0020754275  -0.0125831643
53  1  -0.0017906039  -0.0074299412   0.0299764933  -0.0012785037   0.0011688086
53  2   0.0000389847   0.0001232114   0.0000524430  -0.0001608741  -0.0002930085
53  3   0.0000504099   0.0002126946  -0.0000410733   0.0000439823  -0.0001378817
53  4   0.0019314833   0.0021127539   0.0014033980   0.0008392989   0.0037562640
53  5  -0.0285492952  -0.0020376427  -0.0576860480   0.0485845920   0.0032126125
53  6  -0.0050199872   0.0011159498  -0.0006661552   0.0009797211  -0.0003334452
53  7   0.0006043364   0.0001808415  -0.0005856065  -0.0002527140   0.0000491892
53  8  -0.0003242128   0.0000206038   0.0000450909   0.0000590788  -0.0000270334
53  9  -0.0001733173  -0.0000200444   0.0003947252   0.0007086802   0.0005219660
53 10  -0.0025242535  -0.0037898545  -0.0022374743  -0.0002907109  -0.0009596240
53 11   0.0022583399   0.0020754275   0.0659105877  -0.0518226630
54  1   0.0004251980   0.0020525223  -0.0058685324   0.0000738110  -0.0003650252
54  2   0.0003737063  -0.0000549327  -0.0000576619  -0.0000452404  -0.0003782944
54  3   0.0002551095  -0.0001380220  -0.0001964224  -0.0001304502   0.0000241560
54  4   0.0007498272   0.0013852066   0.0029726516   0.0009068026   0.0021942752
54  5  -0.0202561732   0.0116793642   0.0473555297  -0.2895307995  -0.0004179563
54  6   0.0009491438   0.0012968879  -0.0000034821   0.0004558957   0.0006731011
54  7  -0.0006794479   0.0000977771   0.0001794985  -0.0000831768  -0.0000322563
54  8   0.0002155915  -0.0000226788  -0.0000252840   0.0000393400   0.0001700013
54  9  -0.0000299617   0.0000409642   0.0000554722  -0.0003836384   0.0002639574
54 10  -0.0008072035  -0.0029880945  -0.0003613182   0.0011662829   0.0010895752
54 11  -0.0069680882  -0.0125831643  -0.0518226630   0.3170883194
$end
