$energy      SCF               SCFKIN            SCFPOT
     1 -819.8622794681      816.2330090712     -1636.095288539
     2 -819.8605128865      816.6506001048     -1636.511112991
     3 -819.8632423554      816.5817378340     -1636.444980189
     4 -819.8657690597      816.4857996290     -1636.351568689
     5 -819.8662565681      816.4910378154     -1636.357294384
     6 -819.8667830846      816.5146633815     -1636.381446466
     7 -819.8673229343      816.5014372343     -1636.368760169
     8 -819.8677775713      816.5607268278     -1636.428504399
     9 -819.8680139373      816.5608815932     -1636.428895530
    10 -819.8681899138      816.5487749685     -1636.416964882
    11 -819.8683281716      816.5333493925     -1636.401677564
    12 -819.8684338939      816.5175282906     -1636.385962185
    13 -819.8684847629      816.5219095410     -1636.390394304
    14 -819.8685591099      816.5319181957     -1636.400477306
    15 -819.8686335492      816.5394229771     -1636.408056526
    16 -819.8687166263      816.5399178870     -1636.408634513
    17 -819.8688009983      816.5245927429     -1636.393393741
    18 -819.8688562273      816.5098180812     -1636.378674308
    19 -819.8689082708      816.4992350255     -1636.368143296
    20 -819.8689722188      816.4963947667     -1636.365366985
    21 -819.8690380902      816.5060984611     -1636.375136551
    22 -819.8690944523      816.5174507656     -1636.386545218
    23 -819.8691369583      816.5282058449     -1636.397342803
    24 -819.8691786652      816.5339235650     -1636.403102230
    25 -819.8692334121      816.5340367693     -1636.403270181
    26 -819.8692861980      816.5332600461     -1636.402546244
    27 -819.8693364816      816.5323705484     -1636.401707030
    28 -819.8693718541      816.5327958759     -1636.402167730
    29 -819.8694072291      816.5349077589     -1636.404314988
    30 -819.8694360165      816.5339797965     -1636.403415813
    31 -819.8694457555      816.5355273573     -1636.404973113
    32 -819.8694572762      816.5330759318     -1636.402533208
    33 -819.8694716855      816.5292892678     -1636.398760953
    34 -819.8694846263      816.5241546774     -1636.393639304
    35 -819.8694956831      816.5191709477     -1636.388666631
    36 -819.8695087425      816.5154449198     -1636.384953662
    37 -819.8695272927      816.5118440422     -1636.381371335
    38 -819.8622794828      816.2326114375     -1636.094890920
    39 -819.8621804288      816.2549329931     -1636.117113422
    40 -819.8622230802      816.2351154905     -1636.097338571
    41 -819.8622105197      816.2424878822     -1636.104698402
    42 -819.8621993865      816.2344389903     -1636.096638377
    43 -819.8622077027      816.2414636431     -1636.103671346
    44 -819.8643315764      816.4307817461     -1636.295113323
    45 -819.8664488941      816.4439479128     -1636.310396807
    46 -819.8681719356      816.4940094486     -1636.362181384
    47 -819.8688210208      816.5324160178     -1636.401237039
    48 -819.8692106719      816.5145388010     -1636.383749473
    49 -819.8693914666      816.4842069651     -1636.353598432
    50 -819.8695030553      816.5089760146     -1636.378479070
    51 -819.8695360210      816.5039323572     -1636.373468378
    52 -819.8695521466      816.5121736275     -1636.381725774
    53 -819.8695617031      816.5220887808     -1636.391650484
    54 -819.8695683222      816.5288356065     -1636.398403929
    55 -819.8695757853      816.5320274475     -1636.401603233
    56 -819.8695834197      816.5372329368     -1636.406816356
    57 -819.8695939263      816.5368135354     -1636.406407462
    58 -819.8696067985      816.5335760889     -1636.403182887
    59 -819.8696215079      816.5268294785     -1636.396450986
    60 -819.8696287537      816.5248337729     -1636.394462527
    61 -819.8696471600      816.5290652572     -1636.398712417
    62 -819.8696562833      816.5317870440     -1636.401443327
    63 -819.8696618933      816.5308026103     -1636.400464504
    64 -819.8696727593      816.5259850437     -1636.395657803
    65 -819.8696798330      816.5213050944     -1636.390984927
    66 -819.8696877536      816.5179936046     -1636.387681358
    67 -819.8696993010      816.5165391176     -1636.386238419
    68 -819.8697101807      816.5189509588     -1636.388661139
    69 -819.8697156173      816.5220311167     -1636.391746734
    70 -819.8697228959      816.5233904232     -1636.393113319
    71 -819.8697339487      816.5235821768     -1636.393316126
    72 -819.8697459154      816.5233513277     -1636.393097243
    73 -819.8697581306      816.5195997175     -1636.389357848
    74 -819.8697643467      816.5190147516     -1636.388779098
    75 -819.8697780016      816.5213583535     -1636.391136355
    76 -819.8697884212      816.5256280249     -1636.395416446
    77 -819.8697946864      816.5288204898     -1636.398615176
    78 -819.8698009436      816.5284674903     -1636.398268434
    79 -819.8698062961      816.5259356793     -1636.395741975
    80 -819.8698097662      816.5237635697     -1636.393573336
    81 -819.8698127354      816.5239342140     -1636.393746949
    82 -819.8698144346      816.5246001597     -1636.394414594
    83 -819.8698161066      816.5248626485     -1636.394678755
    84 -819.8698179094      816.5259417362     -1636.395759646
    85 -819.8698200339      816.5275848773     -1636.397404911
    86 -819.8698223924      816.5279929278     -1636.397815320
    87 -819.8698243147      816.5273383620     -1636.397162677
    88 -819.8698263463      816.5258649597     -1636.395691306
    89 -819.8698288919      816.5246920791     -1636.394520971
    90 -819.8698312197      816.5244039915     -1636.394235211
    91 -819.8698330871      816.5240170097     -1636.393850097
    92 -819.8698358296      816.5234533901     -1636.393289220
    93 -819.8698371711      816.5236625424     -1636.393499714
    94 -819.8698375633      816.5233271128     -1636.393164676
    95 -819.8698385456      816.5232747699     -1636.393113315
    96 -819.8698394958      816.5234631264     -1636.393302622
    97 -819.8698403671      816.5234909632     -1636.393331330
    98 -819.8698417331      816.5235098594     -1636.393351592
    99 -819.8698433066      816.5242908136     -1636.394134120
   100 -819.8698446838      816.5245377142     -1636.394382398
   101 -819.8698463085      816.5250151704     -1636.394861479
   102 -819.8698468199      816.5240805408     -1636.393927361
   103 -819.8698473594      816.5248908638     -1636.394738223
   104 -819.8698482875      816.5275220140     -1636.397370301
   105 -819.8698487766      816.5247174939     -1636.394566270
   106 -819.8698495213      816.5249621984     -1636.394811720
   107 -819.8698503448      816.5247324762     -1636.394582821
   108 -819.8698511462      816.5244010822     -1636.394252228
   109 -819.8698519001      816.5238914908     -1636.393743391
   110 -819.8698525267      816.5241864513     -1636.394038978
   111 -819.8698415673      816.5175807843     -1636.387422352
   112 -819.8698544070      816.5231767733     -1636.393031180
   113 -819.8698548221      816.5232285502     -1636.393083372
   114 -819.8698561158      816.5234001108     -1636.393256227
   115 -819.8698568202      816.5235843163     -1636.393441137
   116 -819.8698579883      816.5246427876     -1636.394500776
   117 -819.8698587534      816.5254601785     -1636.395318932
   118 -819.8698586640      816.5257262134     -1636.395584877
   119 -819.8698591417      816.5250661177     -1636.394925259
   120 -819.8698594427      816.5245463193     -1636.394405762
$end
