$hessapprox
  0.473619685915D+00 -0.493055240050D-03  0.460879113945D+00 -0.117505906660D-01
  0.154165431935D-01  0.516251991743D+00 -0.928510043135D-01  0.208047473503D-01
 -0.286005936660D-01  0.559432130601D+00  0.329389592136D-01 -0.750373130884D-01
  0.951578420669D-02 -0.657361933700D-01  0.576062366654D+00 -0.272321904897D-02
  0.383313010968D-01 -0.746878808733D-01  0.199350418636D+00  0.247480717420D+00
  0.162619675145D+01 -0.229728347557D-01 -0.818260750937D-02 -0.328596063111D-01
 -0.183644033125D+00 -0.799229405958D-01 -0.415441602791D+00  0.403526303714D+00
  0.191993014327D-01 -0.196182822811D-01 -0.156150621207D-02 -0.150642163806D-01
 -0.109603920280D+00 -0.326554570949D-01 -0.117643653730D-01  0.255954490836D+00
 -0.197705506918D-01 -0.109569619171D-01 -0.101094733040D-01 -0.190029535964D+00
 -0.775005896590D-01 -0.879635369924D+00  0.277820480143D+00  0.553709141759D-01
  0.923143086103D+00  0.159976179733D-01  0.125101860286D-01  0.283797137793D-02
 -0.715476165853D-01  0.123684842640D+00  0.224720483990D+00 -0.658018922895D-01
 -0.304664834700D-01 -0.118647961537D+00  0.563387165600D+00 -0.283066917401D-02
 -0.261551407622D-01 -0.256811168798D-01  0.412077179582D-01 -0.218882123076D+00
 -0.266917987912D+00  0.771492056924D-01  0.156363270033D-01  0.796853437535D-01
 -0.236257347898D+00  0.485323577468D+00 -0.279728070317D-01  0.262404363189D-01
 -0.656171966964D-02  0.425595751029D-01 -0.101943476306D+00 -0.324757868997D+00
  0.294591246159D-01 -0.164745178745D-01 -0.134648452007D-01  0.125713421526D+00
  0.128899402608D+00  0.903734578896D+00 -0.161679234520D-01  0.192607731226D-01
 -0.210756864448D-02 -0.127684547040D-02  0.305694852040D-01  0.614985826924D-01
 -0.247575581755D-01 -0.138109223992D-01 -0.214087952136D-01 -0.855196112310D-01
  0.249074581804D-01 -0.399532083470D-01  0.443542227500D+00  0.118993821846D-02
 -0.917131458214D-02  0.309826173962D-01 -0.894371647823D-02 -0.467986052172D-01
 -0.101121325109D+00  0.331932420912D-01 -0.823299065939D-02  0.279049034865D-01
  0.842708633538D-02 -0.720052690818D-01  0.464763412819D-01 -0.448778744471D-01
  0.478585454879D+00  0.375067720170D-01 -0.889823813648D-02 -0.172091593544D-01
  0.171250147091D-01  0.283814621603D-01  0.589050723735D-01 -0.990007959983D-02
  0.677574086358D-02 -0.403660752016D-01 -0.152689745077D-02  0.978046083210D-03
 -0.128221661351D+00  0.102061806700D-01 -0.110677012643D-01  0.506347428524D+00
  0.974694804596D-02  0.328724166758D-01  0.185259187702D-01 -0.799270450350D-03
  0.337517731970D-01  0.808817968908D-01 -0.152428940825D-01  0.144187116051D-01
 -0.321221205833D-01 -0.161597557992D-01 -0.134462716431D-01  0.230702187367D-01
 -0.470197228363D-01  0.552797440357D-02  0.283525501941D-03  0.620002794350D+00
 -0.549469200673D-02 -0.700137004743D-02 -0.633506109328D-02  0.232623155982D-01
 -0.157697313960D-01 -0.289098265541D-01  0.209495241832D-01  0.228233339265D-01
  0.111426681270D-01  0.899520037030D-02 -0.343043168969D-01  0.164877342466D-01
  0.207915045702D-02 -0.964170583985D-01 -0.511317797489D-02 -0.117833593451D+00
  0.532793484484D+00 -0.309525144791D-03  0.103898889257D-01 -0.179017902026D-02
  0.204985132424D-01 -0.364389169856D-02  0.769956253759D-01 -0.303360380600D-01
  0.125355386931D-01 -0.427061035428D-01  0.524155124711D-01 -0.354503769157D-01
  0.276934138651D-01  0.559057810681D-01 -0.459013422114D-01 -0.902280938982D-01
  0.273330381734D+00 -0.616438270492D-01  0.863327633235D+00  0.184178811464D-02
  0.643016201991D-02  0.220290461788D-01 -0.764877518965D-02 -0.749221038176D-02
 -0.359530727957D-01  0.468822006840D-02  0.428934670482D-01  0.520668411811D-01
 -0.424264850976D-01 -0.201417721384D-01  0.384993400941D-01 -0.181323398193D-01
 -0.229607260047D-02 -0.965182161193D-02 -0.247253811564D+00  0.472984153246D-01
 -0.287748043635D+00  0.457736570641D+00 -0.143308047367D-02 -0.100307062121D-01
  0.401712708580D-02  0.250754878142D-01  0.309096292588D-01  0.557775297635D-01
  0.373066512760D-01  0.513598963825D-01 -0.586895852713D-01  0.178656919225D-01
 -0.414631554541D-01 -0.382879703234D-02  0.344259241761D-02 -0.255200351608D-01
  0.107389067526D-01  0.786414772210D-01 -0.941921273196D-01  0.107895530729D+00
  0.140016820251D-01  0.327563796886D+00  0.131146872493D-01  0.191510708043D-01
 -0.314697269638D-02 -0.697880739630D-02 -0.997991741562D-02 -0.104648556485D+00
  0.136842480857D-01 -0.227178258725D-01  0.603779402936D-01 -0.114492082603D-01
  0.447524124144D-01 -0.279771962825D-01 -0.400817086777D-01  0.225378483972D-01
 -0.322901430466D-01 -0.303535567532D+00  0.812195492153D-01 -0.537164544578D+00
  0.270409869557D+00 -0.108788095132D+00  0.787428897346D+00 -0.126693053869D-01
  0.216742212850D-01  0.143651785990D-02 -0.163713261817D-02  0.143970618692D-01
  0.248711744501D-01 -0.225193533626D-01  0.186639517924D-02  0.631201593939D-02
 -0.244582457407D-01 -0.256127964740D-01  0.228772808107D-01 -0.792425570035D-01
  0.133105310147D-01 -0.373703256942D-02 -0.185093517716D-01 -0.230493393041D-01
  0.731863115880D-02  0.323401943585D-02 -0.117310323382D-01  0.566291238182D-02
  0.506267068544D+00  0.102170683407D-01 -0.946486553542D-02  0.286758634901D-02
 -0.175311110295D-02  0.174526459048D-01  0.560780553023D-01 -0.101113799956D-01
 -0.242913485659D-01 -0.256194434951D-01  0.349706844287D-02 -0.840951900922D-02
 -0.119070466824D-01  0.907511698250D-02 -0.628187362636D-01  0.287669552406D-02
 -0.249220099798D-01 -0.208764793759D-01 -0.672460869087D-03  0.109832430100D-01
 -0.942257054398D-02 -0.561759624527D-02 -0.500435886158D-01  0.507666577171D+00
 -0.109706076497D-01 -0.491057003210D-02  0.247376526260D-02  0.151168593800D-01
 -0.420678130492D-03  0.416358858709D-01 -0.525473403346D-02  0.196231457338D-01
 -0.203752551190D-01  0.166213129982D-01 -0.107390479795D-01 -0.205012004736D-01
 -0.468206607568D-02 -0.739340491677D-02 -0.559634681088D-01 -0.212473573510D-01
 -0.449132237761D-02 -0.368292574423D-01  0.823636567914D-02  0.559500745319D-02
 -0.242803414162D-02 -0.255454403728D-01  0.508447273041D-02  0.451253202242D+00
 -0.667746946522D-02  0.105819407780D-01  0.314411567641D-02 -0.209333786430D-01
  0.219668502461D-01  0.572622824318D-01 -0.385323394766D-01 -0.115030662550D-01
 -0.161525586399D-01 -0.612684678271D-02 -0.165720355551D-01 -0.150367691764D-02
 -0.368529751209D-02 -0.283346892395D-01  0.657973473887D-02  0.558094494074D-03
 -0.190079527217D-01  0.279950616586D-01 -0.137325515448D-01 -0.176215966324D-01
 -0.220195908615D-01 -0.301958387859D-01  0.938975133086D-02 -0.756323049952D-02
  0.472316514232D+00  0.911155226172D-02  0.574466783134D-02 -0.219178527115D-02
 -0.136522179532D-02 -0.979470415405D-02 -0.272761500972D-01 -0.593834973563D-04
 -0.676092926572D-02  0.267171165377D-01 -0.364872804426D-02  0.145827891842D-01
  0.629663107942D-02 -0.257838958081D-01  0.516078421184D-02  0.286688975633D-02
 -0.278223142702D-01  0.270653055777D-03 -0.110519931339D-01  0.187551586835D-01
 -0.248719515905D-01  0.206171347969D-01  0.138122650055D-01 -0.622373259765D-01
 -0.544299236331D-02  0.164524980715D-01  0.461506372913D+00  0.125681623628D-01
  0.763689492476D-02  0.733922581395D-02  0.316493337221D-02  0.226191410288D-02
  0.244033393029D-01  0.674758613453D-02  0.110772824630D-01 -0.269327062095D-01
  0.213226751330D-01 -0.107332179609D-01 -0.173976117978D-02 -0.465856084107D-02
  0.177538886429D-02  0.315053708229D-02 -0.101938875395D-01  0.209425714599D-01
 -0.304382214331D-01 -0.136775301889D-01 -0.599341480296D-02  0.400094138918D-02
  0.951557054623D-02 -0.200945157323D-01 -0.586469105836D-01  0.207315391399D-01
  0.234452283387D-01  0.538905765858D+00 -0.200625481717D-01  0.520156153853D-02
  0.560868884000D-02 -0.135220179962D-01 -0.114143248465D-01 -0.719303318393D-02
 -0.189047022770D-01 -0.108323536165D-02  0.265625417738D-01 -0.140835486121D-01
  0.120740332372D-01  0.728145297373D-03 -0.104929092311D-02  0.613033217934D-02
 -0.156985595510D-01 -0.102958346645D-02 -0.538718294263D-02  0.646402644720D-02
  0.434070404584D-02 -0.239768771237D-01  0.728237200878D-02 -0.156161769695D-02
 -0.742244947575D-02  0.485710414961D-02 -0.492284766870D-01 -0.274675442423D-03
 -0.174431470466D-01  0.479480931754D+00  0.120883272149D-01  0.911366196824D-02
 -0.147867710707D-01 -0.472445523065D-02  0.698620997010D-03  0.387260819255D-02
 -0.221210629909D-01 -0.154801927424D-02  0.144473541686D-01  0.117864114034D-02
  0.985986456898D-02 -0.120126110180D-01  0.492798803761D-02 -0.106700987094D-01
 -0.220483454054D-02 -0.263084998428D-02 -0.690761759593D-02  0.169690452584D-02
  0.642898685687D-02 -0.306647519414D-01 -0.104846602057D-02 -0.321067265346D-01
  0.761627326743D-02  0.251050868198D-02 -0.132256735344D-01 -0.434425730194D-01
 -0.300542759184D-01  0.191741325379D-02  0.461746075571D+00 -0.142329271157D-01
 -0.138252972641D-01  0.315011846014D-02 -0.417383559701D-02  0.362792518783D-02
 -0.146165047838D-01  0.914936513516D-02 -0.117538097513D-01 -0.814270027290D-02
  0.960523182166D-02  0.628374368874D-02  0.194878852517D-02 -0.105933592062D-02
 -0.476093710672D-02  0.110808636071D-02 -0.403290995705D-02 -0.617675076810D-03
 -0.537114986307D-02 -0.158146618514D-01  0.159236924083D-01 -0.926208201863D-02
  0.724897884285D-02  0.253875324405D-02  0.102643615097D-01  0.413225066971D-02
 -0.159062106219D-01 -0.562239537581D-01  0.779081106417D-02 -0.192266762383D-01
  0.454551715434D+00 -0.567044597554D-02  0.135250124446D-01 -0.300058902093D-02
 -0.285038487869D-01  0.272169900978D-02 -0.151804989425D-01 -0.719505059628D-02
 -0.137185803353D-02 -0.823949247466D-02 -0.290759766761D-01  0.546866422335D-02
 -0.269768415522D-01 -0.502636789833D-02  0.195209992184D-01 -0.676989014885D-02
 -0.310849364639D-02  0.481571014023D-02 -0.251366463335D-01 -0.160248892763D-01
 -0.105553127313D-01  0.192955827982D-01 -0.937041029957D-02 -0.863040758003D-02
  0.206232089447D-01 -0.151790532416D-01 -0.171994990507D-01 -0.370143611781D-02
 -0.534940824257D-01  0.471215976757D-02 -0.806155049995D-02  0.468799139490D+00
 -0.989272444820D-02  0.585345634955D-02 -0.326331560311D-02 -0.120096744064D-01
  0.295869148757D-01  0.464041220558D-01 -0.106275122043D-01 -0.140342420874D-01
 -0.360864613337D-01  0.334919157120D-01 -0.138207172451D-01 -0.111977840986D-01
 -0.245764932524D-02 -0.478294486031D-02 -0.568991814215D-02 -0.885056702001D-02
  0.949826243130D-02 -0.223826909964D-01 -0.103635010382D-01  0.807970166971D-02
 -0.315119575509D-02 -0.100405251006D-01 -0.146044627909D-01 -0.957128467265D-02
 -0.911337438218D-02 -0.598192732437D-03  0.564622618225D-02  0.195157447136D-02
 -0.508450464214D-01  0.176155481940D-01  0.333785552372D-01  0.490394020229D+00
 -0.124300445165D-01 -0.241166161821D-02  0.454710816901D-02 -0.325348808916D-02
 -0.113118900650D-01 -0.135941442259D-01  0.183845469935D-01 -0.122802052309D-01
  0.609238045273D-02 -0.244771394834D-01  0.164044988587D-01 -0.162333566906D-01
  0.349566857557D-02  0.530468309969D-02  0.113171491269D-01  0.768097912640D-02
  0.168546665009D-01 -0.830381188590D-02 -0.100924904013D-01 -0.649776895529D-02
 -0.987361812956D-03 -0.980210379242D-02  0.570963338970D-02 -0.577362066047D-02
  0.301562378680D-03 -0.108275810383D-01 -0.193716351987D-01 -0.850720263738D-03
  0.112262376743D-01 -0.936649730601D-01 -0.888721230462D-02 -0.387090812163D-01
  0.481139145608D+00  0.417484563621D-02 -0.228655073219D-01  0.157801462982D-01
  0.304978678208D-02 -0.296817971264D-01 -0.218993728456D-01  0.318261919384D-02
 -0.344064228042D-01  0.836139834896D-02 -0.828838536981D-02  0.261046847176D-01
 -0.355301995413D-01 -0.177358211824D-01  0.349635952948D-02 -0.189658051029D-01
 -0.263886893686D-01 -0.106101688415D-01 -0.397818594237D-02 -0.178705717178D-01
 -0.218456510568D-02  0.469001774376D-03 -0.140682944301D-01  0.113757181869D-02
  0.237490138995D-02 -0.173808572204D-01  0.591028908434D-02 -0.223786419489D-02
 -0.633995365998D-03  0.545418416099D-02  0.539564940680D-02 -0.528948637224D-01
  0.228672791663D-01  0.148684829904D-01  0.303244445754D+00 -0.162442145289D-01
 -0.783224887352D-02 -0.371125479013D-02  0.681585935220D-03 -0.138522254098D-01
 -0.642258742602D-03 -0.299238018357D-02 -0.218662953233D-01  0.713390284448D-02
 -0.707922153365D-04  0.249566430347D-01 -0.336373851505D-02 -0.950906785527D-02
 -0.123713042059D-01 -0.103007695690D-01 -0.250612858459D-01 -0.116773796138D-01
 -0.276524451477D-01  0.873574931953D-02  0.293413600875D-01 -0.214879427425D-01
 -0.753021680528D-02  0.481162074166D-02  0.185081075595D-01  0.400412538709D-02
 -0.104745718462D-01 -0.207466521097D-01  0.175048158070D-01 -0.268326717234D-01
 -0.366690613107D-02  0.498360751320D-01 -0.110984759508D+00 -0.806417574914D-03
  0.289459118075D-01  0.590314149357D+00  0.845424033153D-02  0.131512472542D-02
 -0.176954348268D-02  0.105359333289D-01  0.212259692766D-01  0.409086015281D-01
  0.263510251067D-01 -0.146249891976D-01 -0.307171131773D-01  0.333350490253D-01
 -0.204305864387D-01 -0.703026651220D-02  0.502212677791D-03 -0.735308920706D-04
  0.911273946837D-02  0.782281364511D-02  0.131059326211D-01  0.220433375775D-01
 -0.269346619366D-01 -0.260327719784D-01  0.111532837801D-01 -0.130217238533D-01
 -0.388168015270D-02 -0.124612873461D-01 -0.263973275430D-01  0.536197337361D-02
 -0.144942667031D-01 -0.835879882725D-02 -0.210887149536D-01 -0.427148377980D-01
  0.927424283969D-03  0.205184499404D-01 -0.684201688766D-01 -0.814165160007D-01
 -0.130772929811D+00  0.458236997966D+00 -0.853819622908D-02  0.117710929408D-01
  0.166004506140D-02  0.358386533827D-02 -0.547521376575D-02  0.254494540923D-02
 -0.259669098858D-02 -0.222711400712D-01 -0.749628642569D-02  0.243059772658D-02
  0.759675381133D-02  0.816136530650D-02 -0.199004928486D-01  0.113669093526D-01
 -0.456045215788D-04 -0.359527228135D-01 -0.959745671321D-02 -0.255144479866D-02
  0.226965072870D-01 -0.205247237340D-01  0.150597030828D-01  0.134665956259D-02
  0.634095531381D-02  0.262034171438D-01 -0.319621593016D-01  0.276918544893D-01
  0.295495887405D-02 -0.748244577519D-01  0.316359272860D-01  0.261351840011D-01
  0.124154584313D-01 -0.215602273466D-01 -0.692332068531D-02  0.206603224850D-01
  0.318797170039D-01 -0.156134489064D-01  0.601356508669D+00 -0.106287901818D-01
  0.732005287245D-02 -0.698796129545D-02 -0.594387879480D-02 -0.889279169876D-02
 -0.360789796693D-01  0.112986910983D-01 -0.159435659706D-01  0.623127566934D-02
 -0.940484160513D-03  0.140076266496D-01 -0.288947297312D-02 -0.829209599880D-02
  0.786655593856D-03  0.786520668837D-02 -0.152177170438D-01 -0.151558150299D-01
 -0.228781995458D-01  0.106862101551D-01 -0.503914740583D-01  0.186756592576D-01
 -0.458172600917D-02 -0.108036051451D-01  0.769402754765D-02 -0.216031474147D-02
 -0.273386105394D-01 -0.148197118316D-01 -0.438888664052D-02 -0.718895757306D-01
 -0.209381823509D-01  0.996210042736D-02 -0.438075287560D-01 -0.269256495533D-01
  0.696547795744D-02 -0.403535810331D-01 -0.206875406596D-01  0.129296641608D-01
  0.402817204159D+00  0.213975740512D-01  0.178518852252D-02 -0.248587529073D-04
  0.206408734231D-02  0.643413498411D-02 -0.126467138823D-01 -0.248886679964D-01
  0.309824441272D-02  0.403286484350D-01 -0.938856660140D-02  0.254453258326D-01
 -0.727543389399D-02 -0.104115289996D-01  0.871163928894D-02  0.149053098170D-02
  0.409274896230D-02  0.149521496031D-01 -0.193440639030D-01  0.415545513441D-02
  0.294199328344D-01  0.163010433296D-02 -0.196958117971D-01  0.140055218403D-01
 -0.146746390751D-01 -0.778249005032D-03  0.927788566389D-02 -0.251850728502D-02
  0.907637535587D-02 -0.131445066351D-01 -0.446549823888D-01  0.203671965842D-01
 -0.951899636153D-02 -0.288851074101D-01  0.482039069074D-01 -0.557636684591D-02
 -0.254782786964D-01 -0.482929291194D-01  0.389977348051D-01  0.335546507158D+00
 -0.316724113528D-01  0.394250588694D-02  0.257043816426D-02 -0.174804856916D-01
 -0.545198440375D-02  0.271427524377D-01 -0.358509832547D-01  0.130846022311D-01
 -0.951032211983D-02 -0.840724725923D-03 -0.241361236072D-01  0.739612584505D-02
 -0.285574859120D-02  0.111307179351D-01 -0.215109875866D-01 -0.652055452057D-02
  0.188065914293D-02 -0.138334338390D-01 -0.259729932925D-02 -0.346084245613D-01
 -0.132605103002D-01  0.752737225971D-02  0.150049225666D-02  0.823499604392D-02
 -0.579245407548D-01  0.189972181805D-01 -0.768537311595D-02 -0.360672162947D-01
  0.124569752690D-01  0.299995719918D-01 -0.222014056450D-01 -0.752892389697D-02
  0.908456576734D-02 -0.321235042692D-01  0.239860852070D-01 -0.396512165346D-01
 -0.115715992103D-01  0.237807421474D-01  0.182337300158D-01  0.408344542424D+00
  0.543000748806D-02 -0.259438298658D-01  0.705950914093D-02 -0.568395911930D-02
 -0.243432155198D-02 -0.982475681097D-02 -0.681400553927D-02  0.312821693739D-02
  0.184021020604D-01 -0.888411554477D-02  0.184666243948D-01 -0.216836191567D-01
 -0.266368019577D-02  0.491965002277D-02 -0.164399300190D-02 -0.202965756126D-01
 -0.179337985952D-01 -0.269148339825D-01  0.181107395130D-01 -0.163010387202D-01
 -0.314170989728D-02 -0.923999247894D-02 -0.275656581860D-01 -0.970002904268D-02
  0.348572288284D-01 -0.971787907743D-01 -0.205351512978D-01 -0.505083188666D-02
 -0.163553042285D-01 -0.165190054603D-01 -0.142044279902D-01  0.148389453276D-02
 -0.849897727786D-02 -0.927100174580D-02  0.228508263781D-02  0.527430445154D-02
  0.145039570420D-01 -0.240101259437D-01  0.266635243526D-01  0.186304799481D-01
  0.412449204086D+00 -0.255599859749D-01  0.521713060049D-02 -0.696182924845D-02
  0.492825662044D-02  0.142626158636D-01 -0.350041441099D-02  0.105219830078D-01
  0.106899378071D-01 -0.266602251792D-02 -0.109472821070D-01  0.111383686698D-01
  0.106665749558D-03  0.201635610314D-02  0.123146099670D-01 -0.385850715666D-02
 -0.190988491168D-01 -0.229819204391D-01 -0.263975538113D-01  0.972289728267D-03
 -0.129084019823D-01  0.101714123322D-01  0.139287057526D-01  0.745521538310D-02
  0.992495110662D-02  0.129236258145D-01 -0.319394796796D-01 -0.455168961087D-01
  0.192136750792D-01  0.158476880827D-01 -0.620759831590D-02  0.363713141640D-01
  0.772885957388D-02 -0.791971324198D-02 -0.178597322964D-01  0.255248193056D-01
 -0.329259511089D-01  0.458080336585D-01  0.216454006268D-01 -0.233219852344D-01
  0.686844530935D-01  0.100600970114D+00  0.573270588136D+00  0.112971892006D-01
 -0.875591641008D-03 -0.797291305998D-02  0.502809695862D-02  0.539205192566D-02
  0.120882918234D-01 -0.122628538941D-01  0.244010585596D-01 -0.203804909966D-01
 -0.284578993991D-01  0.760144491370D-03 -0.220130584171D-01 -0.782736202032D-02
 -0.102936609663D-01 -0.215187936567D-01 -0.245848819174D-01 -0.208300495764D-01
 -0.253935703960D-01  0.157549059708D-02 -0.134835537375D-01  0.105007325197D-03
 -0.785150945333D-01  0.220126349757D-01  0.180436656503D-01 -0.172229753490D-01
  0.634157613999D-02 -0.524537954955D-02 -0.187129389618D-01 -0.187937750512D-02
 -0.190299079051D-02  0.251248754610D-02  0.494943393619D-02 -0.120779557392D-01
 -0.277085806618D-01 -0.261943036914D-01 -0.461449688914D-02 -0.223686789821D-01
  0.236095365730D-02  0.565388925461D-02 -0.109850612258D-01  0.165212648612D-01
  0.264250510965D-01  0.491421485798D+00  0.143007462114D-01  0.353205686577D-02
  0.123543286802D-01  0.691028341048D-02 -0.658386780224D-02  0.329033586431D-01
  0.127992044529D-02 -0.398911676925D-01  0.226903813031D-02 -0.590510242160D-02
 -0.432695332222D-01  0.211727001875D-01 -0.658780273111D-02 -0.252892607681D-01
 -0.170019010610D-01  0.193896675955D-01  0.162397064712D-01  0.295368583470D-02
 -0.237657697969D-01 -0.708673854117D-02 -0.102889847334D-01 -0.847273102287D-02
 -0.241036533492D-01 -0.346783624411D-01 -0.176804762173D-01 -0.162750257404D-01
 -0.109747697430D-01 -0.692462626467D-02 -0.249336277248D-01  0.106831988844D-01
 -0.786625390453D-02 -0.242032997616D-01  0.756841760677D-02 -0.193484212427D-01
 -0.453809372688D-02 -0.182225680206D-01  0.120914204598D-01 -0.179481928444D-01
  0.576327998160D-03 -0.480304123806D-01 -0.346631082761D-01 -0.243913878908D-01
 -0.641258004233D-01  0.358796273050D+00  0.737015386842D-02 -0.103518432091D-01
 -0.182769308840D-03 -0.183328014176D-02  0.586181369294D-03 -0.193295718326D-01
  0.282770146274D-01  0.164306496668D-01  0.220079507576D-01 -0.149584723146D-01
  0.344260905323D-01 -0.354931621866D-01 -0.954942738264D-02 -0.279611522588D-01
 -0.426905938975D-01  0.805660981104D-02 -0.503915427867D-02 -0.982286751549D-02
 -0.101705622529D-01  0.857546561277D-02 -0.149219989586D-01 -0.285010058889D-01
 -0.264357357809D-01 -0.125241337795D+00  0.139540229786D-01 -0.189619216031D-01
 -0.407533996453D-01  0.621813683441D-02 -0.325737540277D-02  0.175028033280D-02
  0.718732751290D-02 -0.121325919327D-01  0.979096486907D-02  0.125608287590D-01
  0.651270101855D-02 -0.123503545847D-01 -0.328015589586D-02  0.325407751297D-02
 -0.107769918504D-01  0.955266896587D-02 -0.104142933089D-01 -0.148602866427D-01
 -0.687551941720D-01  0.404284086293D-01  0.424568887638D+00 -0.103321159565D+00
 -0.236958197639D-01  0.525244950711D-01 -0.338872049050D-01 -0.299380920645D-01
 -0.458189048637D-02 -0.176311481462D-01  0.981094984624D-02  0.264121456443D-01
 -0.101546927865D-01  0.346441734735D-01  0.167338606896D-01 -0.187437237053D-01
 -0.159813041065D-01  0.874265571967D-02 -0.132270028821D-01 -0.107818430257D-01
 -0.117649651793D-01 -0.129056530863D-03 -0.543829249836D-02 -0.233300426028D-01
 -0.687134553111D-03 -0.114426263629D-01 -0.431139149114D-02 -0.235508547069D-01
  0.604103849536D-02 -0.103084891474D-01 -0.198767397713D-01  0.107753367864D-01
  0.454512163870D-02 -0.220941835618D-01 -0.772839395775D-02  0.179954965938D-01
 -0.548386407750D-02  0.469805328534D-02 -0.266497157016D-02 -0.249552109866D-01
  0.121294545497D-01  0.290036414518D-01 -0.114949086685D-01  0.839305472790D-02
  0.508113679246D-02  0.910572853611D-02  0.254313319471D-01 -0.118519524008D-01
  0.339860374914D+00  0.148047633756D-01 -0.324076015330D-01  0.950864306155D-02
  0.215084288845D-01 -0.214455575429D-01 -0.109640890940D-01  0.138021329587D-01
 -0.675409440128D-01 -0.106984303211D-01  0.120124904065D-01 -0.295254319501D-01
 -0.148769339312D-01  0.386250076995D-02 -0.191157600874D-01 -0.102292168726D-01
  0.431020260287D-02 -0.305039871302D-02 -0.133760004147D-01  0.901829830321D-02
 -0.211942450903D-01 -0.381108690803D-01 -0.150042100348D-02  0.845777928498D-04
  0.829719219813D-02  0.195621462990D-02  0.728958530285D-02  0.131306593665D-01
  0.190843611681D-02  0.349991718916D-02 -0.337084425496D-02 -0.661613290112D-02
 -0.343595144563D-02 -0.544786721787D-02 -0.957941515852D-02 -0.490653934117D-02
 -0.316726955399D-02 -0.819267050368D-03  0.182130851822D-01 -0.442546160239D-01
  0.131736924668D-01  0.222749662094D-01  0.147304476918D-01 -0.100254349078D-01
 -0.404559409699D-02  0.253973518762D-02  0.204525254751D-01  0.311234754475D+00
  0.590163016606D-01  0.488200624666D-02 -0.112047266247D+00 -0.131705949781D-01
 -0.268616746195D-01 -0.350234486742D-01 -0.158799297657D-01 -0.228479971314D-01
  0.372088065957D-01 -0.120815039881D-01 -0.143337935972D-01  0.233735116634D-01
 -0.697307389067D-02 -0.493014191211D-02 -0.135748623570D-01 -0.139738466786D-01
 -0.482890584873D-02 -0.260933093985D-01  0.222882407917D-01 -0.886852197088D-03
 -0.317114321891D-01 -0.219241590206D-02 -0.306867808447D-02 -0.334224251860D-02
  0.828247064405D-02 -0.109569645360D-01  0.316777172427D-02 -0.574658527750D-02
 -0.744155802453D-02  0.289666726524D-01 -0.150257894237D-02  0.513547664480D-02
  0.762530119176D-02  0.950166074732D-02  0.271187684535D-01 -0.140673903959D-01
 -0.316638682073D-02  0.105505270689D-01 -0.282981009622D-02  0.740221418343D-02
 -0.968984058255D-02 -0.299702995743D-01 -0.574913359721D-02  0.237525537370D-01
 -0.121688768585D-01 -0.907874696116D-01  0.187363726780D-02  0.326011669172D+00
 -0.642603015149D-01 -0.592495177343D-01 -0.779146421784D-02 -0.200110238575D-01
  0.101422040418D-02 -0.373609281878D-02 -0.150311068758D-01  0.217107387143D-01
 -0.173277316514D-01 -0.337506987805D-01 -0.193493057945D-01 -0.394878484287D-02
  0.452710482102D-02  0.130872060913D-01 -0.423929040173D-02  0.205665772102D-01
  0.882924617815D-02  0.115807281537D-01  0.416629332257D-02  0.108570111542D-01
  0.517184604435D-01 -0.110872092374D-01  0.179886653408D-01  0.265933048199D-02
 -0.983240727568D-02  0.515410615712D-02 -0.176864446545D-01 -0.936111774566D-03
  0.750356979447D-02  0.575897948601D-03  0.130497202824D-01 -0.511691305378D-03
  0.615836726214D-03  0.855620582159D-02 -0.215018005889D-01  0.308872383292D-01
 -0.330113019255D-02  0.183806073159D-01 -0.226597868444D-01  0.422855857489D-02
  0.166413729587D-01 -0.278385239821D-01 -0.320263055804D-01 -0.264817322505D-01
  0.810374533851D-02  0.139895177392D-01 -0.112219595991D-01  0.422325502223D-01
  0.307530937918D+00 -0.654129680582D-01 -0.132149139637D+00 -0.493970792242D-02
 -0.991534473450D-02 -0.536691409872D-01  0.633298434404D-02  0.112935656517D-01
 -0.228422891707D-01  0.412535020342D-01 -0.650844780357D-02 -0.599540512439D-02
  0.111591835158D-01  0.156692971905D-01  0.900001633622D-02 -0.201141653764D-01
  0.724971365910D-02 -0.109722827140D-01  0.273279381214D-01  0.118602106588D-01
 -0.802484561270D-02  0.287813418111D-01  0.113589885169D-01 -0.790437818826D-02
  0.216554982367D-02  0.182210279242D-01 -0.188724660756D-01 -0.190890145057D-01
  0.102371234305D-01  0.444665919969D-02  0.440923736989D-02 -0.138367620238D-01
 -0.566786335629D-02 -0.388209348105D-02 -0.388589400700D-01 -0.126405877531D-01
  0.211875372586D-03 -0.192347085948D-02  0.863991593714D-02  0.210207378372D-01
  0.131251881495D-01 -0.274840040534D-01  0.157558786452D-01 -0.183388829920D-02
  0.212972496116D-01 -0.108974152539D-01 -0.266442595216D-01 -0.156935237292D-01
 -0.501004725522D-02 -0.597405323475D-02  0.418840703312D+00 -0.665651165200D-02
 -0.182775129813D-03 -0.539234603132D-01 -0.339600861633D-03  0.551163283962D-02
 -0.240962318387D-01 -0.594617399651D-03 -0.175860588856D-01 -0.213314479965D-01
  0.400829557917D-02  0.121733044218D-01 -0.178373792584D-01 -0.831649225363D-02
 -0.282409239059D-02  0.346516102861D-02 -0.220447655588D-02  0.101362514283D-01
  0.576510978004D-02 -0.129715619898D-01  0.755251665221D-02  0.789407078761D-02
 -0.346441311415D-02  0.722834139549D-02 -0.145561512773D-02  0.135933434591D-01
  0.340829067543D-03 -0.226753150449D-01  0.183964966581D-01 -0.271087320756D-02
 -0.123169480184D-01  0.539028813090D-02 -0.462119151468D-02 -0.181871519953D-02
 -0.110980720475D-01  0.318951817371D-02 -0.340352863314D-01  0.190046196618D-01
 -0.404807645457D-02 -0.272600449173D-02  0.400711798746D-01  0.283970303477D-01
 -0.615325023605D-01 -0.200707490064D-01  0.555171981501D-02 -0.673204311014D-02
 -0.546835547404D-01 -0.478841797129D-01 -0.943667752750D-01 -0.387927216125D-01
 -0.340584755976D-02  0.318653717297D+00 -0.825084161172D-01 -0.201174295560D-01
 -0.166918559345D-01 -0.220855835648D-01 -0.383169738715D-02 -0.170239441658D-01
  0.216700835361D-01  0.273727507966D-01 -0.870188170166D-02 -0.119597489785D-01
  0.676268472796D-02  0.250804665128D-01  0.152258406825D-01  0.292684790171D-01
  0.671562606000D-03 -0.128283670334D-01  0.214743775674D-01 -0.235047245593D-01
 -0.944770719845D-02 -0.200678378048D-01  0.123716016615D-01  0.135599690258D-04
  0.242436010309D-01 -0.297929183556D-02 -0.612307508752D-02  0.125581424667D-01
 -0.752786349030D-02 -0.955310015073D-02 -0.713512626182D-02 -0.590318748582D-02
  0.108728373883D-02 -0.105341293939D-01 -0.124531703795D-01 -0.448024222198D-02
 -0.253060103595D-01  0.127753715338D-01 -0.759377360224D-02 -0.272279767530D-01
  0.333893292192D-01  0.161968700989D-01  0.312617859160D-01 -0.149685606934D-01
  0.343217316087D-01  0.160682983567D-01 -0.957132516566D-02 -0.559795684180D-01
 -0.391965813394D-01  0.112688872419D-01 -0.749813930005D-01 -0.116891935317D-01
 -0.221231826813D-01  0.265349817150D+00 -0.385244352779D-01 -0.823429761039D-01
 -0.145250864529D-01 -0.342887368609D-01 -0.162662375423D-01 -0.927833075537D-03
 -0.221461419733D-01  0.222843008871D-01  0.150091059977D-01 -0.299957604476D-01
  0.147933158434D-01 -0.156001291866D-01 -0.147251757258D-01  0.538149154908D-02
  0.821712135327D-02  0.181279198748D-04 -0.833524741400D-03 -0.148738600420D-01
  0.908349034125D-02 -0.503044524600D-01 -0.870254215093D-02 -0.229373723451D-01
  0.606012399739D-02 -0.711442504601D-02 -0.233661176562D-02 -0.646360032066D-02
 -0.909379172953D-02  0.146514670815D-01 -0.619002038945D-03 -0.193367072952D-02
  0.206304907992D-01 -0.735413656432D-02  0.459563664680D-02  0.283361307034D-01
 -0.102610162324D-01  0.678319857311D-02  0.171064027281D-01  0.159640884035D-01
 -0.649263547053D-01 -0.274329335601D-01 -0.164717081278D-01 -0.135448464896D-01
 -0.695431256473D-02  0.366711707980D-01 -0.566389451574D-02 -0.286235432959D-01
 -0.583115843983D-01  0.168286729529D-01 -0.394107326102D-01 -0.718473672377D-01
 -0.772195155876D-02  0.614417044644D-01  0.246164462377D+00 -0.302337173551D-01
 -0.350096810578D-01 -0.151959844946D+00 -0.129054865793D-01 -0.115144693364D-01
  0.128158190271D-02 -0.247731977666D-01 -0.329353667171D-01 -0.396470136043D-01
  0.692383606535D-02 -0.102516846231D-01 -0.217321518946D-01  0.190562404864D-01
  0.102569032491D-02 -0.839742669314D-03  0.296489516582D-01  0.216379805432D-01
  0.106482698636D-01  0.269006012708D-01  0.131992415917D-01  0.709463119540D-02
 -0.780721313829D-02  0.112460373999D-01  0.165577132449D-02 -0.849122897395D-03
  0.408507545209D-02 -0.112654409368D-01  0.165481919129D-02  0.136375150897D-01
 -0.233183443496D-02  0.602247172177D-03 -0.150527255928D-01  0.681586249093D-02
  0.224779854351D-01  0.960986416373D-03 -0.183059732807D-01  0.460170945380D-02
 -0.854183971176D-02  0.256765470358D-01 -0.285364537962D-01 -0.891684930232D-02
 -0.142144028169D-01 -0.111068748815D-01 -0.132477701098D-02  0.394559034128D-02
  0.620875211711D-02  0.527204032060D-01 -0.433531719850D-01  0.132788932820D-01
 -0.146964330045D-01 -0.305664393313D-01  0.575146335467D-01  0.317634004984D-01
  0.341452243434D+00  0.114564987967D-02 -0.160612939040D-01  0.209128936331D-01
  0.842722372369D-02 -0.175415702394D-01 -0.691041742631D-01  0.625403588363D-01
 -0.615043473256D-02  0.472608578943D-01 -0.688223570052D-01  0.938193092702D-01
 -0.151979524020D+00 -0.131434581636D-01  0.116866528264D-01  0.692319644697D-02
 -0.319910144299D-01  0.791954911440D-02 -0.116470806955D-01 -0.692341521218D-01
  0.778603072140D-02  0.659588842978D-01 -0.162548247012D-02 -0.135365715082D-01
 -0.121889910232D-01 -0.163278791458D-01  0.521017253347D-02 -0.151688723770D-01
 -0.175550238479D-01  0.692168557104D-02  0.490935132714D-02 -0.212053782365D-01
 -0.755795359938D-02  0.164936052985D-01 -0.241117979039D-01  0.265474194504D-02
 -0.455587169436D-02 -0.365693283415D-01  0.510267189255D-02  0.291968505299D-02
 -0.650057865189D-02  0.182326219457D-01 -0.658183205018D-02  0.220965286659D-01
 -0.756730275889D-02 -0.335697450190D-02  0.144260682658D-01 -0.143679240492D-01
  0.372646116713D-01 -0.379887927301D-01 -0.764515316486D-02 -0.297376577212D-01
  0.392358879480D-01 -0.219946788909D-01  0.506736696716D-02  0.348037455408D+00
  0.143909561146D-01 -0.257100096718D-01 -0.306265707571D-01  0.230818686197D-01
 -0.205669973308D-02  0.374196719787D-02 -0.150394068747D-01 -0.214696197454D-01
 -0.141541061042D-01  0.783968362324D-01 -0.285379257075D-01 -0.967761659723D-02
  0.295016578228D-01 -0.361067714457D-02 -0.110411143512D-01 -0.298353705170D-01
 -0.330916273858D-01  0.373400630502D-02 -0.500249332201D-01 -0.365524167878D-01
  0.235660803109D-02  0.287163000230D-01  0.771936316944D-02  0.129932796975D-01
  0.631991920868D-02 -0.252383546394D-02  0.103762535839D-01 -0.246233179331D-02
 -0.467504425409D-02  0.286733315699D-03 -0.151078060590D-01 -0.317599934571D-02
  0.204700423419D-02 -0.355310960820D-03  0.204607684905D-01 -0.922212748312D-02
 -0.215634272099D-01 -0.129282198163D-01 -0.176184995173D-01 -0.180062155389D-01
 -0.233930202370D-01  0.141991787875D-01  0.118780173926D-01  0.139900541820D-01
  0.107116129741D-01  0.368247311922D-01 -0.622047952244D-01 -0.675403547061D-02
  0.446761657874D-02 -0.716365467883D-02  0.800619647103D-02 -0.339726132084D-01
 -0.456423257475D-01 -0.166849207834D-01 -0.444555607620D-01  0.228874729537D+00
  0.593875076094D-02 -0.595714071729D-02 -0.388439618262D-01 -0.445990286815D-01
 -0.308643855594D-01 -0.179284766452D+00  0.430134324127D-01  0.417357473983D-01
  0.962663575208D-01 -0.190275276428D+00  0.563722849993D-01 -0.327574261103D+00
 -0.178602963683D-01  0.151980753218D-02  0.173700728857D-01  0.824926425450D-02
 -0.311223633459D-01 -0.467816446833D-01  0.377633814458D-01  0.153851100920D-01
 -0.257292246899D-01 -0.277144541435D-01 -0.969070451273D-02 -0.205744618307D-01
 -0.967585335708D-02  0.182344146695D-01 -0.176588838463D-01  0.839531217690D-02
  0.871100153735D-02 -0.132909202680D-01  0.824665681263D-02  0.445583746279D-02
 -0.404616745365D-02 -0.882146710306D-02 -0.179972863272D-01  0.118228222883D-01
 -0.401710686618D-02  0.155442618634D-02  0.254544564602D-01 -0.103421982303D-01
  0.203567255032D-01  0.775717535178D-02  0.101565971045D-01 -0.258322106679D-01
  0.178097397729D-01  0.287313397662D-01 -0.107216498123D-01 -0.590931145568D-02
  0.124617252426D-02  0.171345849100D-02  0.534529055842D-02 -0.233826948593D-01
  0.489840656099D-01 -0.422097827006D-01  0.133870235729D+00 -0.207340523441D-01
  0.568679695983D+00  0.861074056452D-02  0.140993571640D-01  0.117242415883D-01
 -0.334824512234D-02 -0.242672114269D-01 -0.447863760670D-01  0.591566633528D-01
 -0.327912632457D-01  0.244064181299D-01 -0.519171631579D-01  0.146759280066D-01
 -0.268276668716D-01 -0.467232256535D-01 -0.871578835972D-02  0.173555379121D-01
 -0.681231523458D-05 -0.165817823955D-01 -0.170799564377D-01  0.320960605574D-01
  0.411735948494D-03 -0.100962509919D-01 -0.224940444618D-01 -0.501051466744D-02
  0.105714976184D-01 -0.173072223840D-01  0.591377357925D-02  0.849653314095D-03
 -0.148974695465D-02 -0.101979933454D-01 -0.617809490660D-02 -0.107988223172D-01
 -0.637364303346D-02  0.851880747340D-02 -0.145359819533D-01 -0.584806761926D-02
  0.204305500645D-02 -0.261638562999D-01 -0.955573934049D-02 -0.296987279455D-01
  0.271279692577D-02  0.112216918619D-01 -0.162594402554D-01 -0.427546536684D-02
  0.115761102120D-01  0.114623495647D-01 -0.358625276948D-01  0.630558166641D-01
 -0.278390473424D-01 -0.327309905758D-01  0.350371078308D-01  0.882482810862D-02
  0.304951833280D-01 -0.116186331264D-01  0.377846263754D-02 -0.273554044561D-01
  0.126746320626D-01  0.243078808073D-01  0.257822372311D+00  0.453477047791D-02
  0.129406786574D-02  0.380122366249D-02 -0.305758110926D-03  0.285755877790D-03
  0.554556901929D-01 -0.141668678096D-01 -0.149145601195D-01 -0.500120132033D-01
 -0.537140190575D-02 -0.747645007544D-01  0.150022852147D-01 -0.279673407044D-01
 -0.100778921990D+00  0.465241498022D-01 -0.195354386520D-02 -0.290028367764D-01
  0.223717927106D-01 -0.234249417089D-01 -0.288984192268D-01 -0.408778077649D-03
 -0.932064858334D-02 -0.227045430209D-01 -0.701582229103D-02 -0.771782547248D-03
 -0.814886296001D-02  0.226923386576D-01 -0.116986632955D-01 -0.485489143008D-02
  0.636253948857D-02 -0.924598250787D-02 -0.238994628980D-02 -0.829871342497D-02
  0.636675017431D-02 -0.107040181337D-01  0.835128222574D-02  0.428459294360D-02
  0.364774537569D-02  0.379265811294D-02  0.304443046633D-02 -0.478259212438D-02
  0.117761203497D-02 -0.146052750809D-01 -0.262936469998D-01 -0.139396507199D-01
 -0.112651841752D-01 -0.474327177681D-01  0.218375204227D-01  0.266904917653D-01
 -0.161519223821D-01 -0.229299019127D-02  0.283169371980D-01  0.148158487632D-03
 -0.157454076216D-01 -0.189431823070D-01  0.483724585446D-01 -0.497793565763D-01
  0.840665281754D-01  0.347192624146D+00  0.824586272664D-02 -0.252331813779D-01
 -0.144178183965D-01  0.179786613178D-01 -0.662824780384D-02 -0.259789272862D-01
  0.201732848223D-01  0.133024220257D-02 -0.179375970864D-01 -0.484858631919D-02
  0.112133405941D-02 -0.121136797538D-01  0.255938230870D-01  0.594740018419D-01
 -0.101547948828D+00  0.104781599794D-01  0.110908789673D-01 -0.279975946651D-01
  0.284548655630D-02  0.129949490752D-01 -0.208946354552D-01 -0.120526665947D-01
  0.729215241135D-04 -0.275352771077D-01 -0.148152640127D-01  0.664798574609D-02
 -0.283358021727D-01 -0.873173405432D-02  0.141780109326D-01  0.736060582418D-02
 -0.685858971569D-02 -0.544433900092D-02  0.203684480479D-01 -0.243405382776D-01
  0.282504718332D-02  0.527957733455D-02 -0.212141395786D-01  0.127273370819D-01
 -0.570210981145D-02 -0.684524601084D-02  0.476279085544D-02  0.382771181692D-01
 -0.229491283133D-01 -0.264380645572D-01 -0.270504668695D-01  0.431260726067D-01
 -0.432130449526D-02 -0.212090008347D-01 -0.501448188275D-02 -0.276537530694D-01
  0.170763044407D-01  0.182445130221D-01  0.130801680585D-01 -0.183889035087D-01
 -0.987244658042D-02  0.113561586215D-01 -0.465332704235D-02  0.152808744696D-01
  0.599482588683D-02  0.396521589848D+00 -0.491223563186D-02  0.147334035703D-01
 -0.977872155641D-02 -0.131598322060D-01 -0.975907907388D-02 -0.128378169893D-01
 -0.102177334173D-01 -0.233055160016D-01  0.205965046804D-01 -0.135151434007D-02
  0.185319632363D-01  0.199403786981D-01  0.419540272180D-02  0.701337969895D-02
  0.187369123285D-01 -0.114378426982D+00  0.972017149564D-01 -0.149405254861D-01
 -0.357771769229D-01  0.290475358095D-01  0.222331861460D-01 -0.141897103862D-01
  0.158610881276D-01  0.197883760517D-02  0.325994676648D-02  0.265436092464D-02
  0.143116678719D-02 -0.277547080035D-02 -0.123593175592D-01  0.111391045644D-02
 -0.274898958851D-02 -0.165387113163D-01 -0.889953116238D-02 -0.149534506264D-01
 -0.318440934614D-01 -0.426550909021D-02  0.123420763076D-01 -0.462447719629D-02
 -0.172029343233D-01 -0.102524312668D-01 -0.870890815198D-02 -0.203337998867D-01
 -0.353567772672D-01  0.324313370729D-01  0.601659802786D-02  0.177272440078D-01
  0.141039175379D-01  0.772796818038D-02  0.394089001340D-01  0.167693608013D-01
  0.635804065018D-02  0.371439110769D-03  0.185677160863D-01 -0.598594381556D-02
 -0.456766804126D-02 -0.175415291825D-01  0.351650615718D-01  0.246630557088D-01
  0.353094718965D-02  0.862949701021D-02  0.277337543680D+00  0.139496209078D-01
 -0.169737627325D-01 -0.586916242306D-02  0.787469463796D-02 -0.138837279788D-01
  0.410647380790D-01 -0.200988677319D-01 -0.263618639097D-02  0.178478890451D-01
  0.165378815704D-01 -0.375276066976D-01  0.141906137176D-01  0.212995161311D-01
 -0.210504446126D-01  0.555515230048D-02  0.423598423133D-01 -0.129856295655D+00
  0.177015362426D-01 -0.158457584542D-01  0.410692766127D-01  0.589179512832D-02
  0.310970157609D-01 -0.796815442441D-02  0.153248602832D-01  0.169825978610D-01
 -0.190391021915D-01 -0.808240788902D-02  0.813190502270D-02 -0.251579978959D-01
 -0.673911321729D-02 -0.117289522811D-01 -0.187164377866D-01 -0.379799469661D-03
 -0.269279563371D-02 -0.190214786162D-01  0.158693707597D-01 -0.169158437850D-02
 -0.223265432528D-01 -0.468572425466D-02  0.367139943680D-01  0.453809488561D-02
 -0.218770926067D-02 -0.128900854310D-01  0.333951037262D-01 -0.820164036614D-02
  0.166954360750D-01  0.234590141593D-01  0.448209087084D-02 -0.173767252875D-02
 -0.264288134321D-02  0.190681662229D-01 -0.229535597014D-02 -0.127556512940D-02
 -0.308192535697D-01  0.335083467976D-01 -0.109952885362D-01 -0.966799144786D-02
 -0.228754558457D-01 -0.194571518942D-01  0.291123312862D-02 -0.614875377302D-01
  0.362571070437D+00 -0.204295977205D-01 -0.556255774736D-02 -0.893597276251D-02
 -0.584756184503D-02  0.268735192010D-02  0.161459236842D-01  0.718548445816D-02
 -0.108505138518D-01 -0.228806888440D-01  0.456881361868D-02 -0.768552117659D-02
 -0.215099365871D-01  0.218695901865D-02 -0.292995483145D-01  0.313657873873D-02
 -0.225281094641D-01 -0.393825757001D-02 -0.334747600558D-01 -0.298599621373D-01
  0.146781724422D-01 -0.117172386409D-01  0.387692213133D-02 -0.905326111476D-02
 -0.284849401021D-01 -0.481370372580D-02  0.947801913513D-02 -0.985877646176D-02
 -0.172357623750D-02  0.124146033559D-01 -0.160222848813D-01 -0.696372716613D-02
  0.295119737836D-02  0.605392200892D-02  0.120222711242D-01  0.430042486933D-02
  0.227850917694D-01  0.156795808744D-01  0.317615539098D-01 -0.568630643748D-01
  0.257005956022D-01  0.258924349395D-01  0.245146930040D-02  0.201648189643D-01
 -0.123558032140D-01 -0.241310783664D-01 -0.265745085176D-01  0.366820670179D-01
 -0.538876950526D-02  0.113315491292D-03 -0.110887721807D-01  0.339226655378D-01
 -0.823015385900D-02  0.166739027621D-01 -0.251130849808D-01 -0.647974841344D-02
 -0.497424224271D-01  0.138472478938D-01 -0.200259985764D-01 -0.474857200261D-01
 -0.321310541354D-01 -0.325828017583D-01 -0.138320887733D-01  0.255022908881D+00
 -0.634763998525D-02 -0.236563385734D-01 -0.179040813734D-01 -0.103115242523D-01
 -0.221208167693D-01 -0.622748949009D-01  0.110282562998D-01  0.244453082382D-01
  0.414007483890D-01 -0.490998148942D-01  0.706882291699D-02  0.414950859772D-01
 -0.327983756080D-01  0.182768566126D-01 -0.547697049560D-02 -0.227577805680D-01
  0.304939369316D-01 -0.975866143463D-03 -0.188439517301D-01 -0.159995237682D-01
  0.672956249679D-02 -0.889904189176D-01  0.599951343634D-01 -0.510664742797D-03
  0.132770699002D-01  0.250240959856D-02 -0.414403148884D-04  0.577023650289D-02
 -0.154627230453D-01 -0.119989213548D-01  0.445172563773D-03 -0.174515333463D-01
  0.745354653168D-02 -0.187234092933D-01 -0.676310311498D-02 -0.777164784245D-02
 -0.389509485727D-01 -0.163876163266D-01 -0.479946182491D-01 -0.320875499066D-03
 -0.103258456137D-02  0.131745929813D-02  0.201254020254D-01 -0.724034048457D-02
 -0.267693301986D-02  0.269237391406D-01 -0.202947613279D-01  0.139442985787D-01
  0.272562561224D-01  0.180962466383D-02 -0.485252079178D-02 -0.426910698166D-02
 -0.610814829064D-02 -0.283068253643D-01 -0.245796975241D-02  0.413400022282D-01
  0.502083841015D-02 -0.132955696569D-01 -0.755385092121D-02 -0.254380801873D-01
 -0.644099610461D-02  0.307880558973D-01  0.442140299825D-01  0.283016618925D+00
  0.151906702727D-01 -0.187551411854D-02  0.426446691803D-02  0.192633893630D-02
 -0.109434261183D-01  0.220189527433D-01  0.850811841421D-02 -0.989356906744D-02
 -0.146609106881D-01  0.486333829481D-02 -0.171334264383D-01 -0.863374510084D-03
 -0.513650409077D-02  0.222998648982D-01 -0.371606117788D-02  0.957582269365D-02
 -0.795716758050D-03 -0.861721056397D-02  0.267103947761D-02 -0.430377406724D-02
  0.700041093924D-02  0.519929836527D-01 -0.919178424016D-01 -0.974023558238D-02
 -0.566556280823D-02 -0.174013820505D-01 -0.177789590052D-02 -0.751001232805D-02
 -0.837573938808D-02 -0.662185499985D-02 -0.899724463964D-02 -0.714190402747D-02
  0.766796039389D-03  0.816650328476D-04 -0.159258972954D-01  0.111246326196D-01
  0.118667799771D-01  0.940448168980D-02 -0.299546481120D-02  0.180056283630D-01
  0.712992831497D-02 -0.291809565514D-02  0.217357760978D-01  0.437600009831D-01
 -0.201032503868D-01  0.941695439891D-02 -0.245238256853D-01 -0.125641628514D-01
  0.498133861252D-01 -0.483243232104D-01 -0.799037829886D-03  0.873544014365D-02
  0.140667449919D-01 -0.737505932902D-02 -0.181653444731D-01  0.278453397192D-01
  0.190369109582D-01  0.506123314137D-02 -0.129775678440D-01 -0.105079043873D-01
 -0.915978030551D-02  0.421567797648D-02  0.243000663855D-01 -0.945664063779D-01
  0.299644877311D+00 -0.314987096285D-02  0.163538151321D-01  0.112296121855D-01
 -0.112407268624D-01  0.504801802151D-02 -0.330908847711D-02 -0.109728118440D-01
 -0.807456742620D-02 -0.150914573173D-01 -0.205515795432D-01 -0.123852031380D-01
 -0.142519338299D-01 -0.101506954071D-01 -0.546323672989D-02 -0.126717136530D-01
 -0.135364496627D-01 -0.597977557083D-02 -0.576460143337D-01  0.679764731216D-02
 -0.246369341682D-01 -0.354392817647D-01  0.956718566468D-02 -0.278863256939D-01
 -0.258019123623D-01 -0.105843337311D-01  0.543349899470D-02 -0.974940954723D-02
 -0.123244446556D-01  0.147919677161D-01 -0.116391520520D-01  0.114619870513D-01
  0.455124266414D-02 -0.338702690457D-02 -0.591492659239D-03 -0.215353058050D-01
  0.159639359787D-01 -0.385361714853D-01  0.102757551948D-01 -0.278941234098D-01
 -0.200081813387D-01  0.417756877667D-02 -0.451573204578D-01  0.462930890184D-01
 -0.350327932823D-01 -0.129283398195D-01 -0.189065074846D-02  0.243123392871D-01
  0.135233044854D-01 -0.190931324709D-01  0.737612421103D-02  0.216790605157D-01
  0.132062328986D-01  0.129321704277D-01  0.112060727494D-01 -0.115669208300D-01
 -0.312802430318D-02  0.341914500210D-02 -0.206088826144D-01 -0.150547715979D-01
 -0.146186674704D-01  0.312844414319D-01  0.176403914204D-01 -0.679452077992D-01
 -0.323244840262D-02 -0.343332929301D-01  0.316998958518D+00 -0.506831127289D-03
  0.146194358704D-02  0.683634143885D-03 -0.114793497038D-02 -0.623701380973D-02
  0.102707053230D-01 -0.391423436149D-01 -0.274314630234D-01  0.251744838764D-01
  0.901446199411D-02  0.519848427290D-03 -0.111267060201D-01 -0.548985858724D-02
 -0.259798379961D-01  0.982834139622D-03 -0.883369390757D-02 -0.262826920826D-01
 -0.842814478846D-02  0.251620613645D-02 -0.192853714370D-01 -0.164586806890D-02
 -0.207143210182D-01 -0.768370177956D-02  0.330015502637D-02 -0.436164253382D-01
 -0.122049374881D-01 -0.151442205799D-01 -0.157315644487D-01 -0.303090340407D-01
 -0.173966882428D-01 -0.915360545561D-02 -0.413851823546D-02 -0.152576489534D-01
 -0.372317641455D-01 -0.649287287440D-02 -0.353802001492D-01  0.305225908751D-01
 -0.197607413145D-01 -0.129539163585D-01  0.243217777142D-02  0.138926325208D-01
  0.213903475842D-01 -0.311033545732D-01 -0.844096414201D-02 -0.323549562776D-02
  0.163115323686D-01 -0.897518590989D-02  0.146360050043D-01 -0.406705768578D-01
  0.156286649773D-01  0.147275891312D-01 -0.250464351640D-01  0.564158579890D-01
  0.263501037756D-02 -0.103737064597D-01 -0.141506754368D-01  0.258225390387D-01
 -0.191702846173D-01 -0.243098151068D-02  0.187492135194D-01  0.111981629657D-01
 -0.169417259265D-02 -0.259643728171D-01  0.132321206519D-01  0.231309195803D-01
  0.185220481509D-01  0.321067201110D+00  0.517187677314D-02  0.123336344933D-01
  0.139348778908D-02 -0.547623792211D-02  0.537407701043D-03 -0.560241872991D-02
 -0.113858370871D-01 -0.155978961300D-01  0.728944826775D-03  0.168509833135D-01
  0.192698046420D-01 -0.134782431565D-01  0.935771624076D-02 -0.111547051630D-01
  0.155730959385D-01  0.266355801114D-01 -0.243612394743D-01  0.487994026933D-01
 -0.168740273450D-01  0.251452563210D-01  0.338625076824D-01  0.429346787586D-02
 -0.253599724848D-01 -0.637821404920D-03 -0.220637394274D-01 -0.374766580337D-01
 -0.380242429086D-01 -0.197418439985D-01 -0.198233062424D-01 -0.907009615735D-02
 -0.366125304460D-02 -0.936160882323D-02 -0.143499320822D-01  0.217719624350D-01
  0.571217734179D-02 -0.158809947826D-01 -0.233464398570D-01 -0.232344222123D-01
 -0.198125026999D-01 -0.128870537900D-01 -0.152906779833D-01 -0.128657064859D-01
  0.170475775129D-01 -0.446943821256D-01  0.779351292984D-03 -0.206776918721D-01
  0.914771890946D-02 -0.236613581321D-01  0.179838298788D-02  0.916517437947D-02
 -0.309593183254D-01  0.106336657395D-01  0.244335156770D-02  0.155576012397D-01
 -0.815874081964D-02 -0.287955871602D-01  0.120523216917D-01 -0.185289319435D-01
  0.480123484377D-02  0.216444029500D-01  0.714025766928D-02 -0.474200556349D-01
  0.264963729601D-01  0.309410595206D-01 -0.158907090569D-01  0.176032360509D-01
  0.713704161091D-01  0.329132226203D+00 -0.205547241917D-01 -0.235725253726D-01
 -0.523174242167D-02  0.256084790358D-02 -0.140780552498D-01 -0.418524708238D-01
  0.233326878136D-01  0.300236804702D-01  0.237727996654D-01 -0.262790075973D-01
  0.143714680047D-01  0.991993698669D-02  0.588965977582D-02  0.144918109976D-01
 -0.428384181532D-01 -0.820933918434D-02 -0.119206032022D-01  0.234187130243D-02
 -0.164920477872D-01 -0.295125699276D-02 -0.321079287874D-01  0.157175539017D-02
 -0.489989753729D-03 -0.167525295147D-01 -0.398393283711D-01 -0.233832704186D-01
 -0.121267107380D+00 -0.194078639927D-03 -0.177726979535D-01 -0.242738469434D-01
 -0.484210438170D-02 -0.418734811660D-02 -0.412240551792D-01  0.584649262127D-02
  0.416217104770D-03 -0.194170185232D-01  0.308991515075D-01 -0.297031320155D-01
  0.550099558455D-02 -0.123174972807D-01 -0.632467154881D-02  0.166665139241D-01
 -0.823012132028D-02 -0.250511692144D-01 -0.303275405014D-02 -0.118527427922D-01
  0.218157139158D-01  0.315283005271D-02 -0.133517833658D-02 -0.788481455142D-02
 -0.171725991726D-01  0.126742255216D-01 -0.185359606475D-01  0.676550344001D-02
  0.348814311841D-02  0.240090067227D-01 -0.254248597756D-02  0.137786847964D-01
  0.127863935199D-01 -0.352604757524D-01 -0.838838439694D-02  0.158574191426D-01
 -0.800230239804D-02  0.280076971738D-02 -0.171241789465D-01 -0.229797060041D-01
  0.260944244225D-01 -0.319756793852D-01  0.389083846960D+00 -0.172355766248D-01
 -0.168885136560D-01  0.367421255992D-02 -0.811613805980D-02 -0.545424134211D-02
  0.251078446264D-01 -0.185608901976D-01  0.118239436797D-01  0.298883439929D-01
  0.276506347609D-01  0.195196776791D-01  0.190627240254D-01  0.141752086225D-01
 -0.214635104289D-02 -0.279355616758D-02  0.148129502382D-02 -0.783629458822D-02
 -0.145101399678D-01  0.299831682412D-02 -0.204960809938D-01 -0.129559537855D-01
  0.618650202518D-02 -0.267795983495D-01 -0.145928812054D-01 -0.194161947186D-01
 -0.252160472785D-01 -0.741587107378D-02 -0.368600568002D-01 -0.329197362186D-02
 -0.513076741786D-02 -0.205901748293D-01  0.180039132872D-01 -0.726508768227D-02
  0.307609080257D-01  0.289466664624D-01  0.180182880977D-01  0.799038029934D-02
  0.125103537215D-01  0.754055447130D-02 -0.242087301654D-01 -0.197873422657D-01
 -0.616393091295D-02  0.630148112509D-02  0.106829279698D-01 -0.205614460387D-01
 -0.311315593333D-01  0.682327366168D-02 -0.589728468813D-02  0.453269793501D-02
 -0.166882200771D-01  0.314813743725D-01 -0.206308929135D-01  0.224504939918D-01
 -0.209870421101D-01 -0.117398702685D-01  0.118665520751D-01  0.413586191949D-01
  0.117992068053D-01  0.134111456508D-01  0.554038632982D-03  0.111435592753D-01
  0.606680115620D-02  0.446625696815D-02 -0.104894291275D-01 -0.576570861472D-01
  0.300934835505D-01 -0.872404345609D-01  0.220162469278D-01 -0.877468201112D-02
  0.328463990383D+00  0.184240222053D-01  0.125359508418D-01 -0.530586327328D-02
 -0.149582354991D-01 -0.175871993394D-01 -0.474698583094D-01 -0.428731703195D-01
  0.285230902929D-01  0.265138832621D-01 -0.113889802449D-01  0.148764134852D-01
 -0.906333033693D-02 -0.166364988232D-02  0.415195976109D-02 -0.379928026514D-04
  0.161316326396D-01 -0.200236566783D-01  0.698204248405D-02  0.161091361375D-01
 -0.647012632751D-01  0.395227080191D-01 -0.457032243198D-02 -0.134408862453D-01
 -0.106271592759D-01 -0.210589361573D-01 -0.782093924124D-03  0.761917263148D-02
 -0.131412874936D-01 -0.750841416350D-01  0.328390689136D-01 -0.231984769823D-02
 -0.875288088745D-02 -0.545562190757D-02 -0.393155668472D-01 -0.978404292080D-02
 -0.207252222173D-01  0.248964932362D-02 -0.353265166520D-01 -0.251079762353D-01
 -0.212772326287D-02  0.155926165801D-01 -0.657587074619D-02  0.623631057966D-02
 -0.608672661836D-02 -0.846716778555D-02  0.269143194743D-01  0.156045263111D-01
 -0.570617812132D-02  0.155319779386D-01  0.130405117541D-01  0.126225099244D-01
 -0.331240942067D-01  0.102048157406D-01  0.321073225594D-01  0.340498241322D-01
 -0.171380792696D-01  0.386720256168D-03 -0.455177680603D-02  0.325133562000D-02
 -0.717942628638D-02 -0.597845653113D-02 -0.333339253690D-01 -0.228412148129D-02
 -0.278783034460D-01 -0.326908147941D-01  0.235805581685D-02 -0.180761408432D-01
 -0.411019685199D-01  0.197271156140D-01  0.353467975300D-01  0.339091098478D+00
 -0.246794823418D-01 -0.178390329852D-02  0.326621812534D-02 -0.994933030525D-02
  0.625138479571D-02 -0.113026164811D-01 -0.917395669784D-02  0.820460460902D-02
 -0.207629707310D-01  0.192526191961D-01  0.100804489876D-01 -0.102901111069D-01
  0.663203134698D-02  0.168919493759D-02  0.510666765578D-02  0.719420018154D-02
 -0.209220786211D-01 -0.407152093786D-03 -0.177639211692D-01  0.358395260560D-02
  0.103717738119D-01 -0.821809209162D-02  0.460231553075D-02  0.581705003672D-02
  0.782667823843D-02 -0.494716240726D-02 -0.970077982629D-02  0.837592239675D-02
  0.314984672773D-01 -0.902858519701D-01 -0.135813993320D-01  0.148194326720D-01
 -0.380047883547D-01 -0.433318536577D-01  0.126886881890D-01 -0.510418112223D-01
 -0.795594503207D-02 -0.350493964341D-02 -0.315613824717D-01  0.279364121811D-01
  0.466596159215D-02 -0.227606258597D-01  0.130130612188D-02  0.326297730967D-01
 -0.147443047184D-02  0.553163916312D-02  0.183763686121D-01  0.431761366888D-01
  0.132311707438D-01 -0.283860882453D-01  0.336188347983D-02 -0.231256975669D-01
  0.275408084319D-01 -0.351646362683D-02  0.413687501733D-01 -0.179918053046D-01
 -0.185920647448D-01 -0.288729635503D-02  0.733558989491D-02  0.167359843865D-01
  0.287235420155D-01 -0.435603913476D-01 -0.208049470483D-01 -0.418245218289D-01
 -0.325595335512D-01 -0.786942479533D-02 -0.105401816146D-01 -0.592115167379D-02
  0.752581713592D-02 -0.398775690919D-02 -0.428174672433D-01  0.322538511277D+00
 -0.153904851823D-01  0.107258266645D-01  0.912015076850D-02 -0.316028189256D-01
 -0.732481312107D-02 -0.225476573176D-01 -0.147237988992D-01 -0.435157623348D-02
 -0.140247763788D-01 -0.314232122341D-01  0.506067805088D-02 -0.111532582067D-01
  0.147227146014D-03  0.882902447855D-02  0.156438219510D-02  0.164701508599D-01
  0.245613131095D-01 -0.129249960362D-01 -0.200113044291D-01 -0.139333693736D-01
  0.154913588463D-01  0.179218635596D-02 -0.106531497388D-01 -0.136688926959D-03
 -0.188776547319D-01 -0.187964446204D-01  0.341805097229D-02 -0.291893280512D-01
  0.903546819217D-02 -0.421570626870D-02 -0.126395354522D+00  0.965819470635D-02
  0.217041317582D-01 -0.358605599946D-01  0.562693466828D-01 -0.233069098388D-02
  0.200799685784D-02  0.641618561708D-03  0.184149201436D-01 -0.250536517802D-01
 -0.288350770472D-01  0.258567968039D-01  0.218055892455D-02 -0.127170561126D-02
  0.622754725498D-02 -0.159769339705D-01 -0.892175342993D-02 -0.130043025370D-02
  0.210817108360D-01  0.442291124754D-02  0.980454328917D-02  0.481500791815D-02
  0.121449387051D-01 -0.569140565004D-03 -0.347102155392D-01 -0.642267499040D-02
 -0.659665146552D-02 -0.128080039493D-01 -0.289239968458D-02 -0.190016589832D-01
 -0.533966061523D-02 -0.198700390157D-01  0.137470239726D-02  0.913547558883D-02
 -0.856867292821D-02  0.787794807100D-02 -0.417787430745D-02  0.227963920374D-02
  0.117640549058D-01 -0.205734978149D-01 -0.522380793503D-02 -0.508057283468D-02
  0.377201459152D+00 -0.744383554751D-02  0.789886632611D-02 -0.102667569116D-01
  0.881774247922D-02  0.179287802728D-01  0.157477232151D-01 -0.187070727869D-01
  0.414572740973D-01  0.968098744526D-03  0.650321710340D-02 -0.507618168851D-02
  0.209316204621D-01  0.540205784531D-02 -0.737529847997D-02  0.855580344290D-03
 -0.135735697044D-01  0.687462651208D-02  0.342534220505D-02 -0.216755244927D-01
  0.210805429768D-02  0.103661379164D-01  0.102299965020D-01 -0.228051264504D-01
  0.104530520803D-01  0.125761319887D-01 -0.225405542665D-01  0.944455172024D-02
 -0.974135635610D-02 -0.134187380589D-02 -0.111197609278D-02 -0.104204193939D-01
 -0.494935904697D-01  0.125039955875D-01  0.883954924923D-01 -0.426599973696D-02
  0.222817941560D-01 -0.272132291558D-01  0.154806120253D-01 -0.330773210618D-01
  0.111882007833D-01 -0.350973471877D-01  0.367761598841D-02 -0.381186397571D-01
 -0.507831138457D-01  0.244459034408D-01 -0.135481918556D-01 -0.921027453225D-02
 -0.903842548412D-02 -0.411249783674D-01  0.220009091935D-01 -0.527460583185D-01
 -0.553331193303D-02  0.392367141608D-01 -0.141606661955D-01  0.240816842704D-02
 -0.173256896997D-01  0.311299819714D-02  0.357670175397D-01 -0.178537616107D-01
 -0.104995435486D-01 -0.647432659415D-02  0.305544514168D-01 -0.151511212582D-01
 -0.205699084889D-02 -0.331534682102D-01 -0.134246555730D-01  0.757357093189D-02
 -0.308886704175D-01  0.101967696449D-01 -0.118602386459D-01  0.238478201184D-02
 -0.168378063264D-01 -0.698735905819D-03  0.260758333811D+00  0.341113671226D-02
  0.140818473166D-02  0.825659569800D-02 -0.110187268479D-01 -0.377374719290D-02
  0.309704492263D-02 -0.246179079939D-01 -0.265421089918D-01 -0.121008917270D-01
  0.653047269058D-02 -0.574105428729D-02 -0.377861726149D-03  0.109332743315D-01
  0.101402429827D-01 -0.145984784904D-01  0.469550401807D-02 -0.591301628580D-02
  0.167260833099D-01 -0.410240934600D-02  0.100447434564D-01 -0.177071587007D-01
  0.158112371437D-01  0.399694884401D-02 -0.163481835017D-01 -0.109088166810D-01
  0.621690526551D-03 -0.284846319934D-02 -0.270537139710D-01  0.134918900316D-01
 -0.143741013472D-02  0.263886937369D-01  0.521975470366D-02 -0.426833574658D-01
  0.279680620344D-01 -0.805470801596D-02 -0.185616037190D-01 -0.543358761038D-01
  0.585866432312D-03  0.531586453171D-02 -0.352962802094D-01 -0.873467191102D-02
 -0.157298075390D-01  0.285684500109D-01  0.166262037151D-01 -0.210472580342D-01
  0.118236971853D-01  0.322042331752D-02  0.143022974977D-01 -0.804125912554D-02
 -0.802800551181D-02  0.249327955063D-01 -0.140430195938D-01  0.739856679534D-02
  0.118405294060D-01 -0.148004601132D-01  0.293892480007D-01 -0.886386953523D-02
  0.529593417525D-01 -0.375206826146D-02 -0.171061608529D-01 -0.266282846338D-02
 -0.674982666007D-02  0.630915922965D-01  0.333174867029D-01  0.265412066541D-01
 -0.379928660740D-02  0.677823278692D-02 -0.291635501000D-02  0.832317810383D-02
 -0.167581012862D-01 -0.162013786111D-02 -0.999169910376D-02  0.120329306309D-01
  0.388317977648D-02  0.327016247621D+00  0.267845013549D-03  0.852773316511D-02
 -0.329027972475D-01 -0.125669715100D-01  0.324460253024D-02 -0.519950542938D-01
  0.110304287520D-01  0.228311288616D-01 -0.309636935898D-01 -0.208597867066D-01
 -0.574567196139D-02 -0.728580104367D-02 -0.264225535305D-01 -0.115004250533D-01
  0.984054948257D-02 -0.258053555726D-01  0.630201116191D-02 -0.118283060669D-01
 -0.578554893016D-01  0.144646407492D-01  0.103953096693D-01 -0.166322302302D-01
 -0.193656132590D-01  0.624631800841D-02 -0.144315941211D-01 -0.241418305056D-01
  0.109853836378D-01 -0.796397016749D-02  0.114324873522D-01 -0.232938298880D-02
  0.175453460065D-02  0.471196342166D-02 -0.650293284447D-03  0.168298948029D-01
  0.507494579456D-02  0.151280364583D-02 -0.215916510116D-02  0.994646291771D-02
  0.121602743493D-01 -0.195493761986D-01 -0.268221869214D-01  0.195761655748D-01
  0.732532930487D-02  0.148177968735D-01 -0.171263244562D-02  0.114130811229D-01
  0.114643062741D-01 -0.343871309637D-01 -0.196219671108D-02  0.709751448691D-02
  0.256141665205D-01 -0.202633052144D-01  0.753508419144D-02 -0.308508421119D-01
 -0.266855764944D-01 -0.369183757589D-01  0.374611408400D-02 -0.172305647190D-01
 -0.210800874851D-01  0.160735832431D-01  0.899413589873D-02  0.295400367980D-01
 -0.259958270888D-01 -0.182354823666D-01 -0.234539463725D-01  0.581078484200D-01
 -0.910561463960D-02 -0.338469198218D-01  0.206382393791D-01 -0.518480598753D-01
  0.968366434698D-02  0.103389269841D-01  0.378341689965D-01  0.238662774001D-01
 -0.643733491607D-02  0.257065988777D+00 -0.323818265687D-01 -0.146981515923D-03
  0.128485040005D-01 -0.258343206001D-02  0.131408967950D-02  0.502272241479D-01
  0.482107090321D-02 -0.125000065702D-01 -0.454636198948D-01 -0.148296430273D-01
 -0.231175304201D-01 -0.203070619487D-01 -0.163389429544D-02 -0.152354569727D-02
 -0.208633246743D-01 -0.642351076431D-03 -0.131835558708D-01  0.128166473936D-01
 -0.243741846349D-01  0.357427698809D-01 -0.363765235591D-01 -0.978552067521D-02
  0.487160856402D-02 -0.193782506342D-01  0.471987416139D-02  0.707678193693D-02
  0.969152743612D-02  0.152993937831D-01  0.129542197300D-02  0.317373941177D-02
 -0.262221822940D-01 -0.894770960428D-01  0.611471089418D-01  0.160829163307D-01
 -0.262488705662D-01  0.436933095593D-02  0.251613558049D-02 -0.224730059076D-01
  0.128012765703D-01 -0.446509049446D-02  0.740186530259D-02  0.239369151248D-01
  0.667039039968D-02 -0.408721880692D-02 -0.146584970343D-01 -0.326380098987D-01
 -0.103471642992D-01  0.583534394134D-02  0.251074570344D-01 -0.100474761952D-01
  0.126571758158D-01 -0.411285515208D-01 -0.170591561519D-01  0.472932536434D-02
  0.129035424818D-01 -0.509953797777D-02 -0.244115771189D-01 -0.288717096391D-01
  0.152527699190D-01 -0.295968652884D-01 -0.298650937218D-01 -0.166515643257D-01
 -0.118805393702D-01 -0.735286666296D-02  0.931807276766D-02  0.369764748805D-01
  0.303266923712D-01  0.942170862713D-02  0.822510038741D-02  0.249079023683D-01
 -0.208632771653D-01  0.153037506605D-01 -0.278808371983D-01 -0.289958394199D-01
 -0.102298719730D-01  0.559422653761D-01  0.354906318736D+00  0.909348379759D-02
 -0.116362833073D-01  0.138781793391D-01 -0.118461440800D-01 -0.424753990822D-01
 -0.886699942137D-01  0.467873745680D-01 -0.480744270634D-03  0.132832436381D-02
 -0.501007361010D-01 -0.139982322050D-01  0.685546271260D-02 -0.243574716521D-01
  0.162206741531D-01 -0.459873254863D-02 -0.253229072147D-01  0.375266055979D-01
 -0.214555928233D-01  0.139947500522D-01  0.921539614572D-03  0.341361321750D-01
  0.133111879045D-01  0.891968122975D-03 -0.687492745868D-03  0.633991339679D-02
  0.971775530326D-03 -0.247105980371D-01  0.101488246512D-02 -0.977309090666D-02
 -0.231970312611D-01  0.749795609526D-02  0.559270433480D-01 -0.956147217235D-01
  0.393598057863D-02  0.562503205009D-02 -0.164226188837D-01  0.801819213943D-02
  0.671937457202D-02 -0.209698319061D-01  0.211786816795D-01 -0.111209001736D-01
  0.538502858105D-02  0.175020116820D-01  0.115989956676D-01 -0.688477630392D-02
 -0.825120835110D-02 -0.739837294469D-02  0.162752327405D-02  0.512929757537D-02
 -0.216357661695D-01  0.140777161761D-01 -0.364949792555D-01  0.343815024685D-03
  0.446489609137D-01  0.146241516872D-01  0.144652878939D-01 -0.431800994457D-01
 -0.810761172206D-02  0.572016296052D-02  0.621093361632D-03 -0.322169091588D-01
  0.304353690984D-01 -0.168110892593D-01  0.228198203476D-01  0.918706364582D-02
  0.309150355543D-01  0.165877821687D-01 -0.322314583969D-02 -0.246933792060D-01
  0.127010320732D-01  0.674542665659D-03 -0.313616283482D-01 -0.152435710439D-01
  0.130783788189D-01 -0.424915994671D-01 -0.393740102890D-01 -0.368350019340D-01
  0.370839323356D+00 -0.954326642806D-02  0.287367169132D-02  0.985604809190D-02
  0.306785901753D-02  0.414597548390D-02  0.185128795565D-01 -0.216574504119D-01
 -0.289567672488D-01 -0.184995131756D-01  0.135352053521D-01 -0.331261502656D-01
  0.230841974505D-02 -0.329604599014D-02 -0.159395646097D-01 -0.676146032284D-02
 -0.198885805410D-01 -0.273273057253D-01  0.237205835750D-01  0.180278503351D-01
  0.169084167751D-01 -0.447143519847D-01  0.135571498329D-02 -0.859216060042D-02
 -0.270505133340D-01  0.103722630500D-01 -0.813914414619D-02 -0.130372198153D-01
 -0.670881349328D-02  0.167879435428D-01  0.102029326515D-01 -0.694985995722D-02
  0.450020865906D-01  0.861701985561D-02 -0.181828947801D-01 -0.316271433766D-01
  0.101661557498D+00 -0.162325617689D-01  0.114826446815D-01  0.198974665296D-01
 -0.108812010769D-01 -0.116988599579D-01 -0.545094161584D-01 -0.784671799237D-02
  0.783811323059D-02 -0.300731532098D-01  0.222087369686D-01 -0.244468793549D-01
  0.385060400561D-01 -0.298014802719D-01  0.225377647687D-01  0.155260627508D-01
 -0.392201271465D-01  0.436473713891D-02  0.140618164141D-01  0.151218755727D-01
 -0.251749657082D-02 -0.310290172150D-01 -0.115175020584D-02  0.792846440900D-02
  0.475707321919D-02 -0.923457176693D-01 -0.668797870278D-01  0.292160407280D-01
 -0.131679191985D-01 -0.144381281210D-01 -0.323287532817D-01  0.452240066744D-01
 -0.456953405215D-01 -0.257125570962D-01 -0.167093598745D-01  0.244727826759D-01
  0.805843295599D-02 -0.506262813503D-02  0.517513432901D-01 -0.112205463870D-01
  0.113084994294D-01  0.296105886006D-01  0.162784587221D-01  0.262945713447D+00
 -0.911422121555D-02 -0.320711162742D-01  0.350412873611D-04 -0.633543072530D-02
 -0.670698795006D-02 -0.382081070554D-01  0.321382040622D-02  0.202725397096D-01
  0.112318782271D-02  0.184923997473D-01  0.889728232482D-03 -0.443719247409D-02
  0.747868520091D-02  0.722074891767D-02  0.281175536669D-02 -0.911644291632D-02
  0.286433226498D-02  0.167166347737D-01 -0.232093355723D-01  0.938481175907D-02
 -0.205732340599D-01  0.224160168301D-01 -0.243865230145D-01  0.429617291133D-02
  0.136791158588D-01 -0.123166184726D-01  0.338953704701D-01  0.710837290496D-02
 -0.426827936565D-01  0.225528410111D-01  0.172313854304D-01 -0.313173466587D-01
  0.352703372812D-02 -0.534712149449D-01 -0.240025811680D+00  0.105509695932D+00
 -0.267243800521D-01 -0.279646481267D-01  0.118092782171D-01 -0.227072449550D-02
 -0.232900992932D-01 -0.211000547252D-01  0.272919470909D-01  0.122819636514D-01
  0.827308021685D-02 -0.899980906572D-02  0.228388586387D-01 -0.608202609521D-02
 -0.113574347065D-01 -0.221358380617D-01  0.985504360453D-02 -0.108104270222D-01
 -0.408875193355D-02 -0.307290847897D-02 -0.288986825134D-01  0.317991948706D-01
 -0.554375610148D-02  0.316956472725D-02 -0.138265290968D-01 -0.215023231182D-01
 -0.367173087411D-01 -0.254330906816D-01 -0.264292310003D-02  0.175961587671D-01
 -0.253748395872D-01 -0.296935969613D-01 -0.168787611636D-01  0.327943035523D-01
  0.190369014356D-01  0.327470415330D-01 -0.292877321257D-01  0.522974656850D-01
  0.180124754775D-01 -0.707010119077D-02 -0.240300204165D-01  0.138374724737D-01
 -0.436488971504D-01  0.737158344444D-02  0.927196769717D-01  0.460121084314D+00
  0.159265726418D-01  0.117669162923D-01 -0.225228206359D-01  0.272961575293D-01
  0.110967203393D-01  0.217768642187D-01  0.284554222015D-01  0.560841832377D-01
 -0.155511860941D-01 -0.163388687409D-01 -0.207832601678D-01  0.155995567086D-01
  0.107984362673D-02 -0.187017190572D-01  0.781806275191D-02 -0.218901389835D-01
 -0.419616983958D-01  0.231163900802D-01  0.347738581885D-02 -0.390857111482D-02
  0.226684985043D-01  0.128897024601D-01  0.144310242454D-01  0.832098349902D-02
 -0.305555907263D-02 -0.269161627681D-02 -0.197616276144D-01 -0.633410498191D-02
  0.667798797484D-02 -0.890043865379D-02 -0.109865404068D-01 -0.393473185094D-01
 -0.116985938069D-01  0.376087687368D-01  0.154593535003D+00 -0.171923752411D+00
  0.222319225942D-01  0.238587508131D-01 -0.442592950322D-01 -0.262875854567D-01
 -0.133348767979D-01 -0.167566265777D-01  0.132637201224D-01  0.351101884150D-01
 -0.319276482282D-02 -0.615251900946D-02  0.996194324234D-02 -0.347564440386D-01
  0.213886817593D-01  0.103580860965D-01 -0.106334978936D-01  0.325375226183D-01
 -0.103595601335D-01 -0.222095661039D-01 -0.203116901091D-02 -0.107251304824D-01
 -0.116686847327D-02 -0.303082768242D-02 -0.211316865193D-02  0.133930536377D-01
 -0.335023406890D-01 -0.485467226442D-01  0.353400869647D-01  0.200965052991D-01
  0.126033152849D-01 -0.717671510090D-03 -0.233573661035D-02 -0.140098329550D-01
 -0.296605383563D-02 -0.132702985019D-01  0.224735868660D-01  0.442788884340D-02
 -0.227134626411D-01  0.674205644677D-02 -0.652277424984D-01  0.369315430648D-01
 -0.192744489815D-01 -0.210715926423D-01 -0.235344510432D-01 -0.164704965242D+00
  0.401631325797D+00 -0.473737958046D-02 -0.112948674008D-01  0.148078337674D-01
 -0.241353147551D-03  0.524562245433D-03  0.419553592719D-01 -0.219169185044D-02
 -0.286378620598D-01 -0.251826569941D-02  0.994093629584D-02 -0.744124382361D-03
 -0.342375813235D-01  0.930099988600D-03 -0.710378368067D-02 -0.535031000135D-02
  0.253632230425D-01 -0.774212074146D-02  0.238354203796D-01 -0.199505589449D-02
 -0.246929558136D-01 -0.163309488206D-02 -0.338753124045D-01  0.183468917483D-01
 -0.176748665508D-01  0.309934773544D-02  0.324727483359D-02  0.344068314936D-01
 -0.166826917126D-01 -0.406784923664D-02 -0.112740204781D-01 -0.615317784768D-02
  0.497385328313D-02 -0.173732709375D-01  0.248916552160D-01 -0.395535582925D-01
  0.234073138102D-01 -0.331935386493D+00 -0.417417975575D-01  0.386557863693D-01
 -0.205991481712D-01 -0.764195749038D-02  0.962568417384D-02 -0.203759045264D-01
  0.150343097583D-01 -0.256649714623D-02 -0.246183327008D-01  0.718107047759D-02
 -0.145142280579D-01  0.323808844251D-02  0.312901301550D-02  0.228902228679D-01
 -0.229018910082D-01  0.376485413873D-01 -0.936055040814D-02 -0.313691655100D-01
 -0.199851009865D-01  0.871321759054D-03 -0.277888444557D-01 -0.629420212949D-02
 -0.111846803952D-01 -0.200136067810D-02  0.967131722957D-02  0.218372262251D-01
 -0.302378303742D-01  0.942806688633D-02 -0.366867447280D-01  0.128783242661D-01
 -0.172066251344D-01  0.176498392636D-01  0.748877317691D-02 -0.230625561047D-02
  0.122952515297D-02 -0.272935158495D-02 -0.224442197739D-01 -0.566350480566D-01
 -0.292057451495D-02  0.184813905610D-01 -0.380080394674D-02 -0.617583489913D-02
  0.126390872292D-01 -0.183023376187D-01  0.510158316153D+00  0.757612986893D-02
  0.107743828636D-01 -0.119928954184D-02 -0.239906917148D-02  0.225098128145D-02
 -0.189554451626D-01 -0.299453236718D-02 -0.196509322980D-01 -0.196503350383D-01
 -0.216786727924D-01 -0.692275223859D-02 -0.293355114558D-01 -0.234752970136D-01
 -0.489680593239D-02 -0.535143869809D-02 -0.113439632862D-01 -0.309418719096D-01
  0.400421744840D-01 -0.179458713235D-01 -0.321584112619D-01 -0.120500253981D-01
 -0.369104279453D-02 -0.192953434319D-01 -0.319239126825D-02  0.112527811419D-01
 -0.184773968064D-01  0.408326295993D-03  0.259991607210D-01 -0.293011972331D-01
  0.628094455777D-02  0.451776503153D-02 -0.121069041766D-01  0.114779827721D-01
  0.426795443856D-01 -0.165011764096D-01  0.557196270613D-01 -0.394625457348D-01
 -0.585057994114D-01  0.470185044802D-01  0.270351499521D-01  0.883050695749D-02
 -0.513595086376D-01 -0.376379429700D-03  0.724862634105D-03  0.265212835805D-02
  0.329714563545D-01  0.151533912898D-01  0.240208917885D-01 -0.261414641137D-02
  0.134473090490D-01 -0.172123500071D-01  0.107649223920D-01 -0.147843495297D-01
 -0.111766417761D-02 -0.529293192882D-01 -0.216491345770D-01 -0.153567843967D-01
 -0.493629155644D-01  0.326026606200D-01  0.173458050496D-01 -0.654209325358D-02
  0.760380418974D-02  0.400060354627D-01  0.724855293772D-03 -0.336080026762D-01
  0.210354196969D-01 -0.182780026471D-01  0.152104842373D-01  0.245536843825D-02
 -0.327400450548D-01 -0.280754898762D-01 -0.290103887170D-03  0.143533963735D-02
 -0.319775684773D-01 -0.149995598649D-01  0.252004689994D-01 -0.552889014771D-01
 -0.200276640404D-01 -0.799885620672D-02  0.212734291293D-01  0.257204584500D-01
  0.607826018595D-01  0.283714453014D+00  0.604654409300D-02 -0.203170183667D-03
  0.736860496177D-02 -0.342279192544D-02 -0.189802870852D-01 -0.979996875705D-02
 -0.148428791334D-01 -0.435574642488D-01  0.737636982960D-02 -0.583932668528D-02
 -0.120392289854D-01  0.221977250036D-02 -0.312930826256D-02 -0.436584369211D-02
 -0.101805928544D-01  0.811258812503D-02 -0.285500684779D-02  0.411860620898D-02
  0.260459711868D-01  0.226945495849D-01 -0.332572745343D-01  0.715514880731D-02
  0.276092963993D-03 -0.952186529756D-03 -0.164849596256D-01  0.128687424179D-01
 -0.877462884178D-02 -0.142575587446D-01  0.110996390717D-01 -0.320548497902D-01
  0.106033673480D-01 -0.715648466372D-02 -0.450846453359D-01  0.558873470351D-01
  0.801645085465D-02 -0.247336162056D-01  0.790679127423D-02  0.178914913423D-01
 -0.648156019464D-01 -0.333735486352D-02  0.162634582169D-01  0.583462854105D-02
 -0.367000583331D-03  0.107878047375D-01 -0.331060061435D-02  0.124788972418D-01
 -0.219844689069D-01  0.168867324820D-01 -0.187804467508D-02  0.724092138692D-02
  0.302312010907D-01  0.176639565328D-01  0.127434778848D-02  0.439436371679D-04
  0.700324931841D-02  0.182241230980D-01 -0.198056002275D-01 -0.954290974579D-02
  0.373355756104D-02 -0.705266566603D-02  0.563934453931D-02  0.844373783383D-02
 -0.248009864052D-02  0.162989110184D-01  0.603197709432D-02  0.658374196130D-03
 -0.548027205386D-01  0.330109853559D-01  0.413931491572D-02 -0.531345226896D-01
  0.267264597560D-01 -0.265354520624D-01  0.347908387613D-02 -0.219673361681D-01
 -0.783010234987D-01  0.217985692906D-01 -0.234974224499D-01 -0.539526396074D-01
  0.271043853090D-01  0.179540534056D-02 -0.454352093494D-01 -0.380811652227D-01
 -0.432850455178D-01  0.377158333647D+00 -0.256932115634D-02  0.640372506757D-02
 -0.210343717117D-01  0.810289481375D-02  0.322600534450D-01 -0.107075572437D-02
 -0.401167261955D-02  0.233568061621D-01 -0.393359941990D-01  0.451102606725D-02
 -0.133708171130D-03 -0.198000949389D-01 -0.137637163862D-01 -0.829360640102D-02
  0.157201438227D-01  0.887598875213D-02  0.647636400704D-03  0.345467427933D-01
  0.256656494622D-01  0.188755431933D-01 -0.150298548549D-01 -0.189060141013D-01
 -0.695269575262D-02 -0.439122676163D-02 -0.573830407311D-02 -0.636924793797D-02
  0.168837580397D-01 -0.767581056952D-02 -0.829453236666D-02  0.687718174093D-02
 -0.209045241163D-01 -0.467341377192D-02  0.141614878007D-01 -0.154339684472D-01
 -0.178295282241D-01 -0.314193505800D-03  0.314545983733D-02  0.195582893320D-01
 -0.444581996083D-01 -0.487503432319D-01 -0.422544395204D-01 -0.102242435002D+00
  0.161506043559D-01 -0.174291753586D-01  0.812912806031D-02  0.222418581473D-02
 -0.467974666439D-01  0.187133911523D-02 -0.514710135439D-01  0.187886121186D-01
 -0.692161355523D-02 -0.319775006888D-01  0.161966785937D-01 -0.232294709563D-02
 -0.138754522163D-01 -0.200541102215D-02 -0.213082078590D-01 -0.217838979635D-01
  0.146320999262D-01  0.488252633997D-02  0.155932037179D-02 -0.114657613741D-01
  0.318319229217D-01 -0.296946944246D-01 -0.179816102403D-01 -0.190274213265D-01
 -0.435341907019D-01 -0.664089598706D-02  0.127348371051D-01 -0.413600284399D-01
  0.352963538524D-01  0.473450433284D-01 -0.204419881050D-01  0.114859924704D-01
  0.332818410592D-01 -0.253809519853D-02  0.876812562273D-02  0.291811992047D-01
 -0.576757346155D-01 -0.368650467178D-01 -0.989139276389D-01  0.279226337441D-01
  0.526986301044D-01 -0.649486576231D-02  0.324527645819D+00  0.155608844225D-03
 -0.837155431809D-02  0.661217663805D-02  0.116641599405D-01  0.959378531266D-03
  0.147496244103D-01  0.270346559602D-01 -0.102304662688D-01 -0.566533737569D-02
  0.146376808791D-01  0.726944744077D-02 -0.125465883490D-03 -0.625195463443D-02
 -0.133446762232D-01 -0.843806897543D-04  0.135761746419D-01  0.132376873860D-01
  0.366353313350D-03  0.219560845075D-01 -0.302228472991D-02 -0.494140706782D-01
  0.138069714674D-01 -0.341804727837D-01  0.607025510553D-02  0.537342536778D-02
 -0.330829198024D-01  0.258956264224D-02  0.570565830446D-02  0.527300001372D-02
 -0.113195965836D-02 -0.196579064568D-01 -0.149345233028D-01 -0.225019415475D-02
 -0.248185857096D-01 -0.236481159836D-01 -0.722099245827D-02  0.268688616609D-01
  0.232767694943D-01 -0.438127956482D-02 -0.528577470454D-01 -0.104473056171D+00
 -0.511758520284D-01 -0.102244242575D-01 -0.191805829743D-01  0.203240842177D-01
  0.268313988507D-02  0.108798683816D-03  0.271746196584D-01 -0.363973915380D-01
  0.445010889358D-02  0.122172151228D-01  0.532845779712D-02 -0.197967163418D-01
  0.122958796729D-01  0.230593970674D-01  0.177604586610D-01 -0.766390180109D-02
 -0.510776060568D-01  0.202240498302D-01 -0.112382776821D-02 -0.151671707327D-01
 -0.143063940859D-03  0.174805845463D-01  0.190431886684D-01 -0.277748347962D-01
  0.132458910336D-01  0.180013122708D-01 -0.328522663309D-01  0.150381541221D-01
  0.107223836085D-01 -0.104444191845D-01 -0.345143525336D-01 -0.356686364090D-02
 -0.762332409524D-01 -0.191259660259D-01 -0.591782625725D-01 -0.107470190232D-01
 -0.187399789035D-01 -0.138080330546D-01 -0.542863452642D-02  0.106910706475D-02
  0.390610791084D-01  0.392133297609D-01  0.738975789807D-02  0.270640538600D-01
  0.273978392741D+00  0.158572879273D-01 -0.829560597490D-02 -0.351373295207D-01
 -0.191922095701D-01 -0.579050209008D-02 -0.148757765830D-01  0.308269431163D-04
  0.641800039710D-02  0.119069922112D-01 -0.163086775837D-01  0.893883118588D-02
  0.140747988858D-01 -0.800241154913D-02  0.123369274656D-02  0.442152747733D-02
 -0.174852838282D-01  0.279131028875D-01 -0.130389643487D-01 -0.395923944992D-01
 -0.506956213401D-01  0.313774458959D-02 -0.201127491478D-01 -0.217165083409D-03
 -0.302194834986D-01  0.661381402386D-02  0.128654716521D-01  0.109261443617D-01
  0.937259462643D-02  0.388113207611D-02 -0.930861827091D-03  0.427708741696D-02
  0.296238472744D-01 -0.969141956520D-02 -0.229159431786D-01 -0.528195903836D-02
 -0.109093066853D-01 -0.269054496500D-01 -0.156939629017D-01  0.190492792240D-01
 -0.831363833528D-01 -0.875090023947D-01 -0.281495643292D+00  0.255561270664D-02
 -0.309850002823D-01  0.122314611204D-01 -0.114647129006D-01  0.463500179783D-01
 -0.214359064228D-01  0.899258795470D-03 -0.232971197331D-01 -0.347272250284D-01
  0.132905114128D-01 -0.879965652507D-02 -0.188872461176D-01 -0.679890610893D-02
 -0.104571075826D-01  0.267335196591D-01  0.300863309755D-01  0.189773421545D-01
 -0.363142405718D-02 -0.774202963126D-02 -0.343391695663D-02  0.218189731995D-02
  0.134537232627D-01  0.209391944771D-01 -0.457988640998D-01  0.152389037686D-01
  0.146543135523D-01 -0.160203305217D-02 -0.518507752273D-02 -0.548478364719D-02
 -0.275102176035D-01  0.199310533819D-01  0.122978665606D-01 -0.377213089350D-01
  0.284685705334D-01  0.395458107500D-01 -0.582128973303D-02 -0.153771386548D-01
  0.247778423845D-01 -0.251903294669D-01  0.189039764893D-01 -0.506178314202D-01
  0.666796169751D-02  0.106188015541D+00  0.903627649773D-01  0.506395504955D+00
  0.191244167200D-02 -0.140197386804D-01 -0.450124444145D-02  0.563118215632D-02
  0.250370623096D-01  0.214193909614D-02  0.166260885577D-01  0.361514303389D-01
 -0.111328089519D-01  0.256583314230D-01  0.222422896444D-02 -0.277632390893D-02
  0.783478510596D-02 -0.110490140215D-01 -0.182919431015D-01 -0.107783053094D-01
  0.165171347931D-02 -0.207197891707D-01 -0.260305915898D-02 -0.186518989004D-01
 -0.232509376257D-01 -0.577400372589D-02  0.231029568541D-02  0.140319817339D-01
 -0.188798398307D-01  0.106676793802D-01  0.619333024015D-02 -0.134189671294D-01
  0.245496010315D-01 -0.139764578208D-01 -0.532483803174D-02 -0.103610268353D-02
  0.131773980505D-02 -0.112591869649D-01  0.111506192677D-01 -0.494305099349D-02
 -0.249220641932D-01  0.371629948308D-02 -0.680268434706D-02  0.486046152191D-02
  0.211931084177D-01 -0.227754590903D-02 -0.249811262395D+00  0.892863534679D-01
  0.895383760009D-01 -0.538440191444D-02 -0.166748879299D-01 -0.187809473386D-01
 -0.122898303795D-01 -0.173049877130D-01 -0.128633050717D-01  0.330675294013D-01
 -0.194946453862D-01  0.184031809826D-03 -0.282077651345D-02  0.309051505415D-01
 -0.262812652765D-01 -0.191176552729D-01 -0.751506404354D-02 -0.224454296466D-01
 -0.414316344053D-01 -0.679632365315D-01  0.135807088210D-01  0.522338958702D-02
  0.192961373440D-01  0.628698009855D-01 -0.124059703181D-01  0.188827461511D-01
  0.129798014559D-02 -0.242620606785D-01  0.987008437945D-02 -0.122461924434D-01
 -0.231761986405D-02 -0.253305681344D-01  0.234319682987D-01 -0.878794452432D-02
  0.284974481935D-01 -0.108798033228D-01 -0.206697803740D-01 -0.268640007967D-01
  0.354961196152D-01 -0.363811107064D-01 -0.980605340256D-02 -0.760874653801D-02
  0.294208615609D-01  0.726365185939D-02  0.150517993732D-01  0.398405240704D+00
  0.122019349951D-02 -0.149761850706D-01  0.165741700884D-01  0.467130019778D-02
 -0.277779901672D-01 -0.646321033878D-01  0.501569357586D-01 -0.237223889885D-02
  0.164085636148D-01 -0.199950016328D-02  0.469783738192D-01 -0.379102549545D-02
  0.800280950426D-02  0.194218270683D-01 -0.666157460084D-02  0.180873089362D-01
  0.117466144146D-01 -0.406962868639D-01  0.241182932572D-02 -0.159989110167D-02
  0.171225924048D-01 -0.475821246546D-02 -0.117213234212D-01  0.264381656529D-01
 -0.121767079942D-02 -0.553346842898D-02  0.273857931901D-01 -0.360266260289D-02
 -0.754422079917D-02  0.461624943573D-02  0.132163172863D-02 -0.388886674797D-02
 -0.800240811905D-03 -0.713650628350D-02 -0.231651157578D-01  0.150093565557D-01
 -0.107675681456D-01  0.973578474635D-02 -0.307104566395D-01 -0.118734057168D-01
  0.416783045745D-02 -0.519544302459D-01  0.591116396484D-01 -0.116731607056D+00
  0.165461138070D-01 -0.104788945024D-01 -0.145172846936D-01  0.117053089046D-02
  0.323563601303D-01 -0.240991681555D-01  0.404873497835D-01 -0.226091136558D-02
  0.103037317970D-01  0.122532471540D-01  0.187109982845D-01  0.169168209901D-01
  0.117313301438D-01  0.949853550230D-02 -0.211354707081D-01 -0.234293124631D-01
  0.184864168724D-01 -0.158961683139D-01 -0.329496154788D-01  0.690049416491D-02
  0.234158893960D-02  0.225165138549D-01  0.364092095627D-01 -0.518103570263D-01
  0.265042338487D-01 -0.410040882394D-01  0.524801360362D-02  0.246857650508D-02
  0.613514575688D-02  0.480429631654D-02  0.176429683015D-01 -0.234675434627D-01
 -0.350947628032D-01 -0.203346324316D-01  0.276740693733D-02 -0.468463555912D-02
  0.791502963793D-02  0.130822066738D-02 -0.166575573039D-01 -0.138777435534D-01
 -0.520460606595D-01  0.421374262174D-01 -0.522199960841D-01 -0.106943412071D+00
  0.225404003643D+00  0.747663186381D-02  0.889689482920D-02 -0.122968169778D-01
  0.152224849064D-01  0.139539880605D-02 -0.297363756238D-01  0.301621423239D-01
 -0.445477937371D-02  0.106092616417D-01  0.616339524756D-02  0.160994081675D-01
  0.941730120280D-02  0.770533602561D-02  0.206082855684D-02 -0.210714228868D-01
  0.232575822572D-01 -0.184364206662D-01 -0.174854613028D-01 -0.565753038497D-02
 -0.331798967872D-01 -0.186743657558D-01  0.185101951618D-01  0.527301941120D-02
 -0.629663526670D-02 -0.423884030811D-02 -0.553235291339D-03 -0.865063451868D-02
 -0.151018489302D-01 -0.254610644991D-01  0.843958339538D-02 -0.285512407123D-01
  0.691568941593D-02  0.265710208748D-02  0.972415866005D-02  0.418274214032D-02
  0.304740582536D-01  0.346464584691D-02 -0.659081610311D-02 -0.127701478311D-01
  0.283706381894D-01  0.119908015968D-01 -0.809156491624D-02  0.562263404880D-01
  0.561108834060D-02 -0.437281512931D-01  0.115321178677D-01 -0.167134787137D-01
 -0.117742396537D-01 -0.242776402987D-01  0.249022247595D-01 -0.384574904071D-01
 -0.139632811009D-01 -0.910141793240D-02 -0.853444479551D-02 -0.521943532119D-01
  0.626608685735D-01  0.262021783798D-01  0.702112335938D-02 -0.460185038597D-01
 -0.520702382975D-01 -0.423531372110D-02 -0.395286149937D-01 -0.414240895521D-01
 -0.908235100013D-02  0.234625303418D-01  0.131021030296D-01 -0.738200809264D-02
  0.232775705594D-03 -0.139757008972D-01 -0.456237259507D-02 -0.266250112381D-01
  0.114464864813D-01 -0.302223933889D-01  0.138690016332D-01 -0.559590641566D-01
 -0.157212595575D-01 -0.151225092128D-02  0.182819283486D-01 -0.144371259800D-01
  0.159067741968D-01 -0.101506295441D-01  0.111171244294D-01  0.981728161716D-02
  0.382281075313D-02  0.390309426720D-01 -0.443684708996D-01  0.897798335658D-03
 -0.453573000166D-01  0.592666331872D-01  0.275796861768D+00
$end
