$coord
    9.33736284291687      3.49304229161134     -2.25333707614283  c
    8.69088097922398      2.15014243513294      0.19311709353544  c
   10.99764996864048      1.65289873424597      1.87377529556059  c
   10.65415846606526     -0.85583258513084      3.36156132450073  c
    7.87821797524244     -1.35361228411138      4.06731051553984  c
    6.20438373909158     -1.30660910849486      1.63200391811273  c
    7.49334185264469     -0.18378495670770     -0.44718715041308  o
    3.93277293197682     -0.07877632397132      2.16957128928070  o
    1.76757315454675     -0.78223153590263      0.71243333636069  c
   -0.58238381780008      0.05129291688313      2.17626652314598  c
   -2.75117744001371     -0.75903782037395      0.78814091870628  o
   -3.03656123825388      0.31750825892803     -1.64619184757486  c
   -0.74467305066678     -0.22634389855613     -3.33609717019921  c
    1.74080189479270      0.39790684476322     -1.94273441488984  c
    1.96011414579627      3.07614958990523     -1.82939270572305  o
   -0.98599590648814      1.14141338361834     -5.72185289860960  n
   -5.12991628650483     -0.83276197503299     -2.76425838468115  o
   -7.57794061267382     -0.13621412942511     -1.86577976902942  c
   -8.80427303994717      1.50583498178021     -3.93017280525618  c
   -7.39226201695310      3.95449262504198     -4.49435173284876  c
   -8.84860389744391      5.44344762291718     -6.23025330382268  o
  -11.33198253309252      2.11863647112797     -3.19464230702592  o
   -9.09165976991991     -2.59665651726683     -1.43277301025042  c
   -7.85060746229460     -4.49807000602573      0.36133493081754  c
   -7.87654009127916     -3.72973587130973      3.12067502216516  c
   -6.17136580936760     -4.15641514647840      4.59060805278333  o
   -9.29078899853776     -6.87208556176610      0.19286142267561  n
  -11.54871126424372     -2.11926303323200     -0.45421267086972  o
   -0.78413280520813     -1.08905099130262      4.81241887973226  c
   -0.74706435375456     -3.75802766463219      4.81091241966888  o
    7.20317067269622      0.32034433880949      6.15212618711253  n
   12.17477286293706     -0.82209783598081      5.56661346983816  o
   11.25886179089447      3.75834903174151      3.51406313631321  o
    7.13543955380423      3.98901136659312     -3.74160439344756  o
   10.19617586669762      5.31442137399657     -1.81585882622872  h
   10.69748908023330      2.37368157626429     -3.33774210576535  h
    7.36390378402641      3.33517749312129      1.25202829380225  h
   12.70539857402540      1.46761301104034      0.70683784519569  h
   11.32083878244296     -2.39717738369865      2.16308502725008  h
    7.76211872305479     -3.27118502360413      4.82177429457929  h
    5.84157987297789     -3.24108643234165      0.99853215064257  h
    1.70715284620376     -2.84591256913710      0.54577192954729  h
   -0.56723909304455      2.11931704453728      2.35140201372120  h
   -3.31369416225902      2.36820028795432     -1.45394565069277  h
   -0.79850628400887     -2.25688340767599     -3.70770567922581  h
    3.30392558129233     -0.38789552204852     -3.04632636722323  h
    3.71305811424435      3.56523500365944     -2.05055631413312  h
   -0.32661594429915      0.11625192009141     -7.19273304123035  h
    0.00390757066802      2.77968672098279     -5.61787389990347  h
   -7.44521656476031      0.92722776604794     -0.09583839426759  h
   -8.84682510377553      0.36318599760462     -5.66659177841269  h
   -5.50967879532747      3.55957117714235     -5.23495126637047  h
   -7.23628422261048      5.09186526108977     -2.77954594548290  h
   -8.46386462982815      4.90579662144578     -7.92675512249041  h
  -11.87699260671245      3.47718947543099     -4.29200349129963  h
   -9.22041574954720     -3.55843972959707     -3.27002808735877  h
   -5.90902870203460     -4.84456270275624     -0.22058573211702  h
   -9.67647511810049     -2.92334248203476      3.80552806617119  h
   -8.61192886506935     -8.19139053595319      1.40315844344669  h
  -11.14216546676643     -6.56289455714448      0.58540207170385  h
  -12.27374763713220     -0.71636147656694     -1.38507946751395  h
   -2.51029376340611     -0.37120544798927      5.69925144207060  h
    0.82316030942108     -0.43518489614879      5.92606448041947  h
   -2.46518868236846     -4.32170616893108      4.49942584911508  h
    7.08820444371643      2.15239406880475      5.60640429271096  h
    5.52443297944153     -0.17678247997349      6.91781136305291  h
   11.01564761138516     -0.38118194278570      6.92847818759388  h
   12.44903782784518      3.25048432079726      4.80740013582571  h
    6.79526320709956      2.50202810125228     -4.73519248138727  h
$user-defined bonds
$end
