$dipgrad          cartesian dipole gradients
  0.34170208017258D-01  0.23923522974198D-01  -.23036230911375D-01
  0.51426156169539D-02  0.10716874633509D+00  0.36856935760168D-01
  0.26311945275537D-01  0.36314026197235D-01  0.10045804084743D+00
  -.41196136539940D-02  0.61484783080976D-01  -.55659557915102D-01
  0.38935110606625D-01  0.82546592458896D-01  0.95876155392744D-01
  0.87651195258439D-02  0.94351456603136D-01  -.16882155610094D-02
  0.23062661516685D+00  -.76498343423596D-01  -.25718816090658D-01
  -.18975735819676D+00  0.19280018979989D+00  -.17552782145720D+00
  -.58853515909344D-01  -.18860043476826D+00  0.42732656244381D+00
  0.13418054735087D+01  -.42157201877317D-02  0.48504374894674D+00
  -.22829779237667D+00  0.83848258193804D+00  -.60037830465089D+00
  0.91880387393353D+00  -.58458207170593D+00  0.94327147725773D+00
  -.78632579400377D+00  -.12780051176910D+00  -.25575815405378D-01
  0.18720257627843D+00  -.83996732506280D+00  0.46947842123617D+00
  -.42387157582392D+00  0.36236598084281D+00  -.76465770594192D+00
  -.13149070075905D+01  0.20142299543989D+00  -.45484092968630D+00
  0.13515729784376D+00  -.42084380457622D+00  0.99567389543602D-01
  -.49260552740304D+00  0.21290771449908D+00  -.67063006950142D+00
  0.56177580384459D+00  0.88104519269429D-01  0.15091422808864D+00
  0.47190205081899D+00  -.26189713978161D-01  0.20597570809290D+00
  -.18798061625511D-01  0.97634990002570D-01  0.19364973665936D+00
  0.19932965028213D+01  -.32510976093754D-02  -.14276321229956D+00
  0.26967087780000D+00  0.99085589736348D+00  -.28886981415720D+00
  -.30355856401320D+00  -.23008890763171D+00  0.28567963509954D+00
  -.98299859741839D+00  0.15470090685131D-01  0.55742738618105D-02
  -.26219358527513D+00  -.90626015808562D+00  0.22433990724326D+00
  0.17594631967637D+00  0.15789461135757D+00  -.37831177782113D+00
  -.15921641309543D+01  0.28612392602825D-01  0.63192579035903D-01
  0.75064350934214D-01  -.35467628769787D+00  0.98911071912653D-01
  0.22570420095968D+00  0.70770194261674D-01  -.46128767454674D+00
  0.61704356792472D+00  -.14344219999174D+00  -.36769768065398D-02
  -.41072467855954D+00  0.26092503765178D+00  -.62772727965929D-01
  -.12050570877621D-01  -.39066947399717D-02  0.73055613032587D-01
  0.16024011187901D-01  0.57485500730690D-01  -.59851912854037D-01
  0.45459962578555D-01  0.52992577142572D-01  0.13333848851994D+00
  -.39889756260613D-02  0.89681391294889D-01  -.20599511038587D+00
  0.26512569143189D+00  0.72941599769078D-02  0.20898768535009D+00
  -.49767502453830D-01  0.16196818867881D+01  0.13131955564828D+00
  -.11255624365989D+00  0.75123349839181D-01  0.13727681014129D+01
  -.37664693335830D+00  0.45501394927425D-01  -.58478231519578D-01
  -.10126337371861D+00  -.10266471169712D+01  0.65308587132550D-01
  0.43781991306029D-01  0.29096517288379D+00  -.76416800156334D+00
  -.35104656125760D+00  -.86639280359524D-01  -.71447917562814D-01
  -.82276078530508D-01  -.86950360507410D+00  -.40478575204355D+00
  0.78584978758363D-01  -.49544597443970D+00  -.76666184101586D+00
  0.65077603443088D+00  -.64918342978344D+00  0.10024953323998D+00
  -.62513966196410D+00  0.11835833679655D+01  0.18014133707752D+00
  0.11746309829440D+00  0.85061004558513D-01  0.13894340330676D+01
  -.67764217020765D+00  0.39150228766190D+00  -.72296308280357D-01
  0.49967011980301D+00  -.87443482485836D+00  0.72362251569076D-01
  -.22441629672744D+00  0.22843820026108D+00  -.70529376267624D+00
  -.43130443710879D+00  0.18584952091877D+00  0.11858521733854D+00
  0.26979427214421D+00  -.65408970666751D+00  -.31900415309865D+00
  0.19967894614481D+00  -.41248688374543D+00  -.90945861661613D+00
  -.58393549491084D+00  0.69337090692655D-01  -.13744053263295D+00
  0.14602636636411D+00  -.34817469666144D+00  0.28750061159260D+00
  -.12560074170909D+00  0.26494562657896D+00  -.55075859634327D+00
  0.73180640667105D+00  0.72197118929088D-01  0.87927647514875D-01
  0.14058033946046D+00  0.30711446512327D+00  0.27295243119680D-01
  -.10688316859475D-01  0.44844022147881D-01  0.32862018638021D+00
  -.16367625971445D+01  -.56373526556407D-01  -.32931898728479D+00
  0.12952868132144D+00  -.52470132681628D+00  0.14769268554362D+00
  -.42547445907604D+00  0.11544875972635D+00  -.56137239684754D+00
  0.19919042074927D+01  0.19897126004906D+00  0.45025443521610D+00
  -.64629057503993D-01  0.10834474577971D+01  -.49158185955795D+00
  0.53668259501546D+00  -.49491842530597D+00  0.57665460489932D+00
  -.66853327063161D+00  0.26139309049011D+00  -.10895772438122D+00
  0.49497011545435D+00  -.89890443749425D+00  0.34808666293471D+00
  -.10292331334188D+00  0.13046018347346D+00  -.44630486488291D+00
  -.99803921659600D+00  -.39129872419477D+00  -.13201777197766D+00
  -.63171822320259D+00  -.61159847381812D+00  -.60268206461097D-01
  -.25731681704441D+00  -.10390334862013D+00  -.45862312027115D+00
  -.40720423650285D-02  -.47970534160215D-01  0.59273277663285D-01
  -.61786990603086D-01  0.68520479803450D-02  0.43935113279665D-01
  0.47117468163400D-01  0.20516942112176D-01  0.27788464025810D-01
  0.43011046194831D-01  0.25611302472270D-01  0.74645185521165D-03
  0.72477879696090D-01  -.12343829771746D+00  -.85543396405161D-01
  -.16687272317330D-01  -.50433165455517D-01  -.39386647558480D-01
  0.49714198867253D-01  0.71433276538850D-02  -.19303312370592D-01
  0.49445408604774D-01  -.96170117775182D-01  -.83680751160142D-01
  -.20083548667679D-01  -.63982898479119D-01  -.50182681484676D-01
  -.50477240411191D-01  -.59790751381223D-01  0.65752139187132D-01
  -.69709258388601D-01  -.10201467612801D-01  0.51842940355700D-01
  0.70679347050782D-01  0.21364247529303D-01  0.28089931942761D-01
  -.20832006762492D-01  0.15461479930403D-01  0.84303972143431D-02
  0.25986728264159D-02  -.40032416367002D-01  -.52650778713369D-01
  0.59162586710073D-01  -.46908907335684D-01  -.40237999987655D-01
  0.37657186365644D+00  0.12320494214041D-01  -.44689201198842D-01
  -.26209536530966D-01  0.23449958718183D+00  -.76756008847157D-02
  -.66826011546376D-01  -.16158205956182D-01  0.22720372007042D+00
  -.14163700669041D+00  0.15790615096346D-01  -.70419115032491D-01
  -.88148012941268D-01  0.50282785625786D-02  -.78619828833905D-01
  -.92752442893280D-01  -.87237409799451D-01  -.38329209727070D-01
  0.36849046941128D-01  0.40623577773654D-02  0.73516819521171D-02
  -.86202752018934D-01  0.67747636687863D-01  -.63068079510355D-02
  0.10694151750757D+00  0.31043146568545D-01  0.26597337533600D-01
  0.15880798794215D+00  0.15258934330474D-02  -.16310531815229D-01
  0.40415248149751D-01  0.14550585599924D+00  0.29002224939741D-01
  -.47599615838421D-01  0.16918941879348D-01  0.26567809342159D+00
  0.15491870880134D-01  -.14475836156984D-01  -.31399407218301D-01
  0.66137181289839D-01  0.68945810056978D-02  0.97451192516059D-03
  -.29572418821414D-01  0.50101851106054D-02  0.40841631012810D-01
  0.13206535667474D-01  0.34674930380391D-01  -.15055182823865D-01
  0.52952240828225D-01  0.39880839167567D-01  -.16737409745160D-01
  0.18747945406620D-01  0.39007054203494D-02  0.64829658726841D-01
  0.61532607604535D-01  -.10582304344400D-01  -.96064674252522D-03
  -.63901305149878D-01  -.25105592388698D-01  -.36542455000190D-01
  0.30689787345356D-03  -.36842744235885D-01  0.62023791421257D-02
  0.33005099059629D+00  0.14012410019199D-01  -.25314533960130D-01
  -.24909463590331D-02  0.24567914923089D+00  0.95002161556484D-01
  -.38690479327088D-01  0.67125767173538D-01  0.29542799552333D+00
  0.28706367138626D+00  0.43046895698562D-01  -.42583046843453D-01
  0.65679946653459D-01  0.25295068480567D+00  0.73339665399890D-01
  -.89778603160166D-02  0.41707703000032D-01  0.32054587539968D+00
  0.58262440933411D-01  -.15482771352168D+00  0.54763496073064D-01
  -.86606363729106D-01  0.18649099409793D+00  -.48042049633900D-01
  0.59370157383380D-02  -.54800008377868D-01  0.14567762647714D+00
  0.20381995424617D+00  0.57930988233514D-02  0.13350373996607D+00
  0.38712433203062D-01  0.59002216992454D-01  -.81211548414245D-01
  0.75550170328485D-01  -.24601103867348D-01  0.16425423190243D+00
  -.94129095080385D-01  0.26460301233191D-01  -.75253297515224D-02
  -.87709068481249D-01  -.16335616828454D+00  -.85674077908876D-01
  0.20488304565373D-01  -.10807622088394D+00  -.59996417164925D-02
  -.11605414089489D+00  -.75691606356686D-02  -.68072750212591D-01
  -.64754960073049D-01  -.36738202315744D-02  0.49314954857185D-01
  0.33735159633414D-01  0.10365271970153D+00  -.23557032379810D+00
  0.24146244615557D+00  -.79027058926275D-01  -.15133655240117D-01
  -.10024395728902D+00  0.21466988601994D+00  -.33616676358503D-01
  -.13469055255684D+00  0.76372612463992D-01  0.14195678744215D+00
  0.18026717678325D+00  -.83536984327650D-01  0.39621508456057D-01
  -.75566185504958D-01  0.25577216313829D+00  -.28875857515133D-02
  -.10883291243641D-01  0.79294070571903D-01  0.17003681246040D+00
  0.17901765246406D+00  0.49679152365265D-01  -.18695067373838D-01
  0.57783621012129D-01  0.23614586685551D+00  0.50025311389447D-01
  0.48986635863039D-01  0.11813822823022D+00  0.18270566610131D+00
  0.16214334422184D+00  0.32351189803753D-01  0.36370665229794D-01
  0.10378927956353D+00  0.14125077005170D+00  0.48897101309826D-02
  0.22009035549307D+00  0.60721451058736D-01  0.25616405596717D+00
$end
