$energy      SCF               SCFKIN            SCFPOT
     1 -455.6857640055      453.6748660728     -909.3606300783
     2 -455.6819914433      454.2003456980     -909.8823371413
     3 -455.6856675845      454.0977012813     -909.7833688658
     4 -455.6890831372      453.9191950357     -909.6082781729
     5 -455.6892461182      453.9103761425     -909.5996222607
     6 -455.6893522785      453.9047865651     -909.5941388437
     7 -455.6894310760      453.9138397766     -909.6032708526
     8 -455.6894822846      453.9289957105     -909.6184779951
     9 -455.6894964175      453.9296367587     -909.6191331763
    10 -455.6895114472      453.9266184862     -909.6161299334
    11 -455.6895282366      453.9181441306     -909.6076723672
    12 -455.6895419646      453.9058506710     -909.5953926356
    13 -455.6895472330      453.9049317827     -909.5944790157
    14 -455.6895688700      453.9097502166     -909.5993190867
    15 -455.6895827954      453.9169541263     -909.6065369218
    16 -455.6895917792      453.9211304248     -909.6107222040
    17 -455.6895979410      453.9200398445     -909.6096377855
    18 -455.6896054173      453.9161907816     -909.6057961989
    19 -455.6896105027      453.9131485820     -909.6027590847
    20 -455.6896121462      453.9146387699     -909.6042509161
    21 -455.6896128781      453.9164928644     -909.6061057424
    22 -455.6896137754      453.9189753167     -909.6085890921
    23 -455.6896145668      453.9196003909     -909.6092149577
    24 -455.6896149766      453.9184968702     -909.6081118468
    25 -455.6896150616      453.9170017407     -909.6066168024
$end
