$grad          cartesian gradients
  cycle =      1    SCF energy =     -455.6857640055   |dE/dxyz| =  0.088582
   -1.94874416122396     -1.56806261287035      0.33048286357905      c
   -2.45001480276831      1.12420185099212     -0.51774716362497      c
   -4.56714112060093      1.92112770363868     -1.00664009905303      o
   -0.38561373353889      2.63417806224372     -0.60564777431194      o
    1.95353461694988      1.58340907872843      0.20531307426222      c
    2.44094600709623     -1.15324694152762     -0.49626097758797      c
    4.54940604092131     -1.97793098121880     -0.97649518791300      o
    0.37607439606177     -2.66471981586992     -0.46068877301802      o
   -3.45322315917902     -2.75316655740690     -0.45316955276813      h
   -2.07059748119208     -1.65856348670480      2.39436992730258      h
    2.11221302990858      1.79182508328728      2.25813012234769      h
    3.44316036756539      2.72094861670816     -0.67164645921449      h
  0.15909033961333D-01  0.54799039062856D-02  0.45469393269487D-03
  0.30212829388859D-01  -.17213712157949D-01  0.57810809906669D-02
  -.42506578379285D-01  0.15031930669433D-01  -.91871692844684D-02
  0.13646452076729D-01  0.48822532543908D-02  0.61117593931035D-02
  -.15916595124107D-01  -.54541765025035D-02  0.10209719587997D-02
  -.30110943306643D-01  0.17523694425771D-01  0.53173547273756D-02
  0.42340947790784D-01  -.15544156060840D-01  -.90732017675293D-02
  -.13535336959282D-01  -.45314895858176D-02  0.66558343153757D-02
  -.39383834303279D-02  -.23861347047267D-02  -.27766020130402D-02
  0.10626284950343D-02  -.14755711324595D-02  -.64779186920723D-03
  -.10676349382664D-02  0.14436188025391D-02  -.69629124964353D-03
  0.39009542491489D-02  0.22329896332537D-02  -.29821967487311D-02
  cycle =      2    SCF energy =     -455.6819914433   |dE/dxyz| =  0.169895
   -1.97568811829452     -1.57733715173353      0.32971555252795      c
   -2.50117309310477      1.15335454059752     -0.52754060039538      c
   -4.49515869295528      1.89568212654917     -0.99108760197547      o
   -0.40871530197425      2.62590868467510     -0.61600678385839      o
    1.98049110161257      1.59263839440343      0.20357544906592      c
    2.49193014796627     -1.18293025653494     -0.50526699402325      c
    4.47770161986612     -1.95162629000374     -0.96113254205075      o
    0.39898614169280     -2.65705025770601     -0.47195566854701      o
   -3.44656258546971     -2.74911904733318     -0.44846085255980      h
   -2.07240001706262     -1.65605422138449      2.39546983775533      h
    2.11402734106366      1.78937905439249      2.25929973557487      h
    3.43656145665970      2.71715442407817     -0.66660953151402      h
  -.60104300101015D-02  -.54263412624875D-02  -.95652111468347D-03
  -.78125247518780D-01  0.39313761793161D-01  -.22511616497446D-01
  0.70417088556854D-01  -.29437115348796D-01  0.17315015551623D-01
  -.49212889918507D-02  -.11874394077770D-02  0.41381728140920D-02
  0.59969031173054D-02  0.53655522455739D-02  -.13766284939609D-02
  0.77704333657147D-01  -.40580664966016D-01  -.21618205683228D-01
  -.70093634181972D-01  0.30420901328391D-01  0.16847595172954D-01
  0.49842273974958D-02  0.14016910493490D-02  0.40172080404144D-02
  0.32662583307818D-02  0.53483412866061D-02  0.17430486290852D-02
  0.15263491897970D-02  -.64136673274513D-03  0.16128876259664D-03
  -.15206281831654D-02  0.65226214707979D-03  0.13791410298594D-03
  -.32313165404496D-02  -.52373350500130D-02  0.21048749866259D-02
  cycle =      3    SCF energy =     -455.6856675845   |dE/dxyz| =  0.113394
   -1.97487262761229     -1.57652773537898      0.32986290396381      c
   -2.48913794611130      1.14731542369551     -0.52404935168361      c
   -4.50588219155121      1.90018873225843     -0.99373503556213      o
   -0.40805107105701      2.62605575562439     -0.61670732087101      o
    1.97967764965983      1.59183827941513      0.20378290094800      c
    2.47996004067863     -1.17669507976771     -0.50191204695091      c
    4.48837524428040     -1.95628422847112     -0.96370688603938      o
    0.39831082528362     -2.65723440470415     -0.47263992006101      o
   -3.44704540365130     -2.74993920713037     -0.44871119884644      h
   -2.07264907548124     -1.65593997968895      2.39545043915712      h
    2.11427576898546      1.78926464913248      2.25928294001404      h
    3.43703878657638      2.71795779501533     -0.66691742406849      h
  -.49021300141949D-02  -.41180365641369D-02  -.98941059280835D-03
  -.52156053674479D-01  0.27647587836421D-01  -.15723992437205D-01
  0.45614187660335D-01  -.19493813444844D-01  0.11305251251492D-01
  -.44783417463456D-02  -.24086140336158D-03  0.37103482925608D-02
  0.48878460932994D-02  0.40558385414031D-02  -.13159753741153D-02
  0.51862203645818D-01  -.28533314608014D-01  -.15047762461571D-01
  -.45404542007556D-01  0.20139357392599D-01  0.10975306105738D-01
  0.45347140995985D-02  0.43023564379909D-03  0.36501357014584D-02
  0.28273588461444D-02  0.46412203265690D-02  0.14807170819897D-02
  0.14049575193837D-02  -.55301653205001D-03  0.84146868618226D-04
  -.14006457386258D-02  0.55986422770428D-03  0.65045013647694D-04
  -.27972794476178D-02  -.45464297461276D-02  0.17945355203823D-02
  cycle =      4    SCF energy =     -455.6890831372   |dE/dxyz| =  0.016564
   -1.96782586486910     -1.57184056181301      0.33228192754688      c
   -2.46371917234678      1.12614963280343     -0.51250637731713      c
   -4.52013070132349      1.90876473510051     -0.99780560854522      o
   -0.39948600976090      2.62304557092617     -0.62389806518362      o
    1.97266466216777      1.58729614742740      0.20658967072385      c
    2.45475165477409     -1.15488491059069     -0.49113412663945      c
    4.50255081634119     -1.96512514848878     -0.96751336997267      o
    0.38963180489228     -2.65459098122868     -0.47990290271926      o
   -3.45195955678570     -2.75809121737661     -0.45113508302675      h
   -2.07549875090018     -1.65493471025845      2.39555284060497      h
    2.11712458452811      1.78827118510386      2.25939495162636      h
    3.44189653328268      2.72594025839485     -0.66992385709798      h
  0.27243608230705D-02  0.38542272540154D-02  0.61759137363520D-03
  -.82495470776239D-02  0.22112729764724D-02  -.20928343776613D-02
  0.38340500907817D-02  -.17365988475944D-02  0.70518241769346D-03
  -.62047787681154D-03  0.30553078166402D-02  0.23997875719552D-02
  -.27206563870561D-02  -.38190515253970D-02  0.87173996923953D-03
  0.81989526105888D-02  -.23325827683735D-02  -.21079703998408D-02
  -.38160598940046D-02  0.17754918930876D-02  0.66268242176840D-03
  0.66731579662582D-03  -.29346979096115D-02  0.25840273748401D-02
  -.98079387381979D-03  0.24694569850824D-03  -.10469300086179D-02
  0.80886757648842D-03  -.27380722988044D-03  -.78814377159808D-03
  -.82226795939937D-03  0.23219118290779D-03  -.79505656054357D-03
  0.96480874857493D-03  -.30379040905004D-03  -.10510286619495D-02
  cycle =      5    SCF energy =     -455.6892461182   |dE/dxyz| =  0.009750
   -1.97454342919302     -1.58085190728830      0.33106595984372      c
   -2.45363933019912      1.12441705374595     -0.50955842028276      c
   -4.51929151402336      1.90918334488582     -0.99720581792974      o
   -0.39823787877410      2.61539997058178     -0.62997799364823      o
    1.97937351715833      1.59623082778573      0.20475647589127      c
    2.44474684494052     -1.15299064963299     -0.48811195796495      c
    4.50170540634078     -1.96552726006771     -0.96685026867434      o
    0.38826110765682     -2.64726493597596     -0.48643060824962      o
   -3.44979735348516     -2.75890040010677     -0.44873887427539      h
   -2.07753734728012     -1.65419925161009      2.39738791275055      h
    2.11919653822489      1.78763970182200      2.26122880431378      h
    3.43976343863350      2.72686350586055     -0.66756521177431      h
  -.17421684054701D-02  -.17878565702283D-02  -.18181128485466D-02
  0.18366902873956D-02  0.19332756076647D-02  0.13505703324257D-04
  -.27074193656192D-02  0.51263164729773D-03  -.96866085347530D-03
  -.25256623048507D-02  0.67770865717115D-03  0.19828312382332D-02
  0.17100197037317D-02  0.16793637558358D-02  -.19548885964832D-02
  -.18184629503482D-02  -.19463952497196D-02  0.15101418088825D-03
  0.26673899786308D-02  -.55888171107488D-03  -.98942202285171D-03
  0.25572608053511D-02  -.58327426126370D-03  0.19975834266916D-02
  0.19379270902597D-02  0.25760283775605D-02  0.67128850670446D-03
  0.72284075362139D-03  0.44036718448431D-03  -.32024116797813D-05
  -.72440724535651D-03  -.43781517156148D-03  0.21335256764010D-04
  -.19283339402328D-02  -.25358664101746D-02  0.85077291443162D-03
  cycle =      6    SCF energy =     -455.6893522785   |dE/dxyz| =  0.011540
   -1.97472103128890     -1.58241969212445      0.33459235882157      c
   -2.44860091101731      1.11754693802226     -0.50703832575297      c
   -4.51515363776916      1.90935408357962     -0.99517652669974      o
   -0.39133986503901      2.60889447983955     -0.63867185389745      o
    1.97961713294206      1.59799610141508      0.20819231581162      c
    2.43971832239026     -1.14596358173581     -0.48588543007707      c
    4.49763791143566     -1.96563339121528     -0.96471529834694      o
    0.38120040019795     -2.64120852562450     -0.49542599550272      o
   -3.45303251413028     -2.76556548382332     -0.44876003249842      h
   -2.08059067271011     -1.65477886248003      2.39859811335914      h
    2.12227723194945      1.78828628845962      2.26236006275160      h
    3.44298763303935      2.73349164568728     -0.66806938796864      h
  0.47333923419975D-03  -.30732132431455D-03  0.73470104246520D-05
  0.50702782068965D-02  -.11902348255085D-02  0.12106296723079D-02
  -.50707073880094D-02  0.16789030482184D-02  -.15818242048925D-02
  -.83725190535122D-03  0.73334583283000D-03  0.14167322773090D-02
  -.47077396351741D-03  0.29855577846660D-03  -.92046711988036D-05
  -.50950128449372D-02  0.12714297471811D-02  0.12422455694362D-02
  0.50800510344183D-02  -.17890639223785D-02  -.15918880830953D-02
  0.86085976161407D-03  -.66830818551405D-03  0.14598462797167D-02
  0.63395768849089D-03  0.99472799388762D-03  -.36753153624505D-03
  0.36710754152363D-03  0.73802238502212D-03  -.78997215593579D-03
  -.38548839486394D-03  -.78040096390709D-03  -.75203180945156D-03
  -.64386511115983D-03  -.10168522353453D-02  -.30319166213241D-03
  cycle =      7    SCF energy =     -455.6894310760   |dE/dxyz| =  0.009330
   -1.97768531185499     -1.58455187663713      0.33604098070077      c
   -2.44621658552219      1.11210246141579     -0.50544959100241      c
   -4.50915548438639      1.90906571628414     -0.99214474155331      o
   -0.38506956198366      2.60172289035205     -0.64888719268963      o
    1.98259963567501      1.60021735800566      0.20947295311150      c
    2.43746579381738     -1.14047688035523     -0.48459175051741      c
    4.49159404749613     -1.96517219473557     -0.96152979479459      o
    0.37473510916536     -2.63456523504601     -0.50600010962338      o
   -3.45593149834655     -2.77212066315730     -0.44717930508149      h
   -2.08379127812538     -1.65677856673503      2.40181830090621      h
    2.12555073452462      1.79046307495468      2.26541961145301      h
    3.44590439954063      2.74009391565396     -0.66696936090928      h
  0.74853711990436D-03  0.26802527864768D-03  -.48831987517282D-04
  0.43901374658076D-02  -.21603559139208D-02  0.14003178507046D-02
  -.35428965631781D-02  0.11638318431710D-02  -.12546906172405D-02
  0.13658622318680D-03  0.60964590326856D-03  0.83475629235183D-03
  -.76200690057288D-03  -.27774287245579D-03  -.28469436955308D-04
  -.42484202779197D-02  0.21699947538972D-02  0.13230260012881D-02
  0.34049105299883D-02  -.11949142396446D-02  -.12318889204377D-02
  -.12116826212238D-03  -.56132294676066D-03  0.88567552327581D-03
  0.26150548916502D-03  0.23122985026512D-03  -.72726870461704D-03
  0.29540166624754D-04  0.90827820036648D-03  -.27790046590938D-03
  -.40119531074233D-04  -.92142087504625D-03  -.23207104697459D-03
  -.27741776183722D-03  -.27873958369431D-03  -.71621208325707D-03
  cycle =      8    SCF energy =     -455.6894822846   |dE/dxyz| =  0.002531
   -1.98093909859578     -1.58632848543546      0.33735882617952      c
   -2.44749238108365      1.11100385296359     -0.50600755193364      c
   -4.50480624163251      1.90922661594504     -0.98914740649328      o
   -0.38178049398760      2.59613681119690     -0.65708746244990      o
    1.98590462596885      1.60207207289302      0.21063881664795      c
    2.43839675846784     -1.13923820089774     -0.48515183226672      c
    4.48760376985338     -1.96532255077459     -0.95847788436686      o
    0.37127944291313     -2.62944471696996     -0.51451568789403      o
   -3.45844085089054     -2.77666465098966     -0.44444386755135      h
   -2.08572955358955     -1.66023191323254      2.40402219348324      h
    2.12755187736815      1.79402824488256      2.26739435205860      h
    3.44845214520826      2.74476292041884     -0.66458249541352      h
  0.19803433257077D-03  -.41582304563553D-04  0.19902375189433D-03
  0.61785809581396D-03  -.32652230997676D-03  0.13930198911654D-03
  0.56385370681369D-03  -.58836140068041D-03  -.17341952703115D-03
  0.87924119195115D-04  0.96780571344615D-04  0.48088277930941D-03
  -.15690758424969D-03  0.36127140938452D-04  0.18384853451554D-03
  -.10645700194989D-02  0.54302119257402D-03  0.24396772118701D-03
  -.15478602604707D-03  0.38944128985439D-03  -.30423530014367D-03
  -.81713727899002D-04  -.11086537817873D-03  0.49060109527870D-03
  0.19000289658260D-03  -.63287819126526D-05  -.71690589927315D-03
  -.23022281031967D-03  0.88986346580953D-03  0.26088636885434D-04
  0.22008445660088D-03  -.88815020424560D-03  0.63077988961657D-04
  -.21271250932512D-03  -.40643026349809D-04  -.71807538005170D-03
  cycle =      9    SCF energy =     -455.6894964175   |dE/dxyz| =  0.003148
   -1.98224142465207     -1.58677179710703      0.33747760715657      c
   -2.44856169275924      1.11084638094617     -0.50625140133617      c
   -4.50508152678361      1.91078458237036     -0.98792178638305      o
   -0.38063402921515      2.59402204819668     -0.66095777394069      o
    1.98712381193766      1.60254502960495      0.21073317081174      c
    2.44037775164127     -1.13954010114380     -0.48565783085902      c
    4.48703850131779     -1.96645045894727     -0.95693709596064      o
    0.37005280577779     -2.62747275567162     -0.51849728469246      o
   -3.45978771793811     -2.77831283908587     -0.44207688229381      h
   -2.08591888422822     -1.66324668339850      2.40462562344399      h
    2.12778278202382      1.79706792728928      2.26782902512007      h
    3.44984962287806      2.74652866694664     -0.66236537106651      h
  -.11413530849429D-03  -.14350916978979D-03  0.13057679983766D-03
  0.13856539291512D-03  -.18229801759610D-03  -.76835138561326D-04
  0.80712218075621D-03  -.70261650009172D-03  -.83477019656247D-04
  0.16915515663629D-03  0.79358242378424D-04  0.37091211671925D-03
  0.87318112271251D-05  0.16455339155153D-03  0.13911919266177D-03
  0.99677987425101D-03  -.37627099231358D-03  -.37147086902442D-03
  -.18637214749864D-02  0.11351788320834D-02  0.12920917805387D-03
  -.17383079287072D-03  0.10122952537217D-04  0.40623064755650D-03
  0.20819862122504D-03  -.29907368190835D-04  -.56661284999196D-03
  -.33992482069913D-03  0.75340856668450D-03  0.19143272098819D-03
  0.34439776607514D-03  -.74097763034430D-03  0.22259532508138D-03
  -.20662660252356D-03  -.15825979348324D-04  -.58339796040485D-03
  cycle =     10    SCF energy =     -455.6895114472   |dE/dxyz| =  0.004885
   -1.98395677761081     -1.58723882859630      0.33737539211282      c
   -2.45133936638104      1.11133898910831     -0.50674761139188      c
   -4.50546367305826      1.91347149235175     -0.98584530165362      o
   -0.37929002454389      2.59092119224144     -0.66685608218290      o
    1.98888621909246      1.60300428820003      0.21056630413818      c
    2.44258582156754     -1.13980330942982     -0.48604157086866      c
    4.48794594471178     -1.96923784227767     -0.95478274654155      o
    0.36859833369726     -2.62472418831063     -0.52459930290377      o
   -3.46191546842011     -2.78053297917300     -0.43800336004633      h
   -2.08570262339906     -1.66846326961447      2.40525307248892      h
    2.12761680458596      1.80230077155572      2.26816946837968      h
    3.45203480975819      2.74896368394462     -0.65848826153085      h
  -.44444804850213D-03  -.27504912394982D-03  -.32172899087760D-04
  -.17157183700357D-02  0.58941361881763D-03  -.65610816368003D-03
  0.21042591573374D-02  -.12302565343662D-02  0.25499551731178D-03
  0.20596213010005D-03  -.30025424049451D-04  0.24323233400413D-03
  0.41907184928933D-03  0.27753912353668D-03  -.61422135936653D-04
  0.19041610747010D-02  -.73775439285451D-03  -.70645721425726D-03
  -.22929026776909D-02  0.13120580400844D-02  0.25764791528302D-03
  -.20231142665004D-03  0.47172314109584D-04  0.25440555701106D-03
  0.22186888293295D-03  -.23226712460663D-04  -.28374146873184D-03
  -.51283617736631D-03  0.49023781088373D-03  0.45317241673948D-03
  0.51583203559978D-03  -.46592356277500D-03  0.46699945766180D-03
  -.22965568837756D-03  -.52436249665996D-05  -.29135955888213D-03
  cycle =     11    SCF energy =     -455.6895282366   |dE/dxyz| =  0.003667
   -1.98455250500774     -1.58717228466414      0.33723020179991      c
   -2.45317459013273      1.11218271094823     -0.50666573835382      c
   -4.50749862950260      1.91710680312252     -0.98405112269466      o
   -0.37901895179655      2.58859260450362     -0.67180100967459      o
    1.98948529084013      1.60291504283052      0.21042833054408      c
    2.44439757875857     -1.14062944645169     -0.48594100163275      c
    4.49000711477225     -1.97276922181785     -0.95276954799449      o
    0.36821723511692     -2.62265887099874     -0.52970565611697      o
   -3.46393282166594     -2.78192012989885     -0.43405187274257      h
   -2.08422188899059     -1.67375564553162      2.40468551705186      h
    2.12617446491861      1.80754149775200      2.26732786147192      h
    3.45411770268971      2.75056694020597     -0.65468596165785      h
  -.43287532868319D-03  -.19441801206405D-03  0.11115646103561D-03
  -.13614948769499D-02  0.53846073676139D-03  -.64387131733573D-03
  0.13493162150301D-02  -.84035006035645D-03  0.48635140712017D-04
  0.45491392129671D-05  -.98342629837989D-04  0.16925375338800D-03
  0.41305306550637D-03  0.19216130337790D-03  0.92666686934551D-04
  0.15600476923542D-02  -.68635335269719D-03  -.69420930359131D-03
  -.15479259979912D-02  0.91459741119745D-03  0.63327907196944D-04
  -.13090697329611D-04  0.11599743483615D-03  0.17434929918680D-03
  0.59851089314111D-04  -.11272865870235D-03  -.55102972294677D-04
  -.64451925954606D-03  0.21771980108893D-03  0.35215029411938D-03
  0.64611454980671D-03  -.19966935355534D-03  0.34648852507935D-03
  -.61247420173480D-04  0.10001969447776D-03  -.73135739251537D-04
  cycle =     12    SCF energy =     -455.6895419646   |dE/dxyz| =  0.001458
   -1.98417952608423     -1.58679031843835      0.33627235082826      c
   -2.45475709198579      1.11322603531683     -0.50566578412303      c
   -4.51032542663438      1.92185504253704     -0.98151638445462      o
   -0.37887637953750      2.58676756454937     -0.67695735708377      o
    1.98909681707049      1.60249566680286      0.20949874040790      c
    2.44588747752381     -1.14157451473800     -0.48488210985256      c
    4.49292692321043     -1.97739204174157     -0.94997439529405      o
    0.36799095977708     -2.62112944986367     -0.53500913988546      o
   -3.46576832573550     -2.78246387467107     -0.42988089376254      h
   -2.08042573248388     -1.67971570531993      2.40317329328814      h
    2.12241878011554      1.81338762382670      2.26554876766548      h
    3.45601152476400      2.75133397173974     -0.65060708773364      h
  -.21469478776237D-03  0.80431825085769D-05  0.28298343120601D-04
  -.12603564968239D-03  -.11290479254791D-03  -.14516369984990D-03
  -.37677345225126D-03  0.39811369032083D-04  -.46892737711784D-03
  -.36129634565951D-04  -.52739469401070D-04  0.16965649833120D-03
  0.20701697677324D-03  -.64104450290259D-05  0.14817676266418D-04
  0.18338916103569D-03  0.51240994351498D-04  -.17645269536335D-03
  0.28868540571669D-03  -.47882150701950D-04  -.46153227069502D-03
  0.48365871606337D-04  0.60186692152020D-04  0.16728712443670D-03
  -.80833789899898D-04  -.17153721136337D-03  0.21672771278367D-03
  -.69123575709381D-03  -.96066011505316D-04  0.18281312682721D-03
  0.69028384533802D-03  0.10170560587292D-03  0.16019661530722D-03
  0.78367731020646D-04  0.17184641352554D-03  0.19632292299383D-03
  cycle =     13    SCF energy =     -455.6895472330   |dE/dxyz| =  0.001839
   -1.98355552633373     -1.58667446828974      0.33587375659062      c
   -2.45469982210114      1.11378623267946     -0.50500042463253      c
   -4.51068639700327      1.92334506067373     -0.97973881267366      o
   -0.37888050586775      2.58641454001115     -0.67886485038384      o
    1.98846383853728      1.60234095782836      0.20913335177265      c
    2.44578876622736     -1.14204269337746     -0.48416177888644      c
    4.49338438266931     -1.97880083577364     -0.94811697098544      o
    0.36792294033183     -2.62089287926034     -0.53694178897825      o
   -3.46611576202524     -2.78214347524892     -0.42911174941094      h
   -2.07757518507307     -1.68133096200782      2.40221730196368      h
    2.11958151212353      1.81493885405187      2.26454956984660      h
    3.45637175851495      2.75105966871330     -0.64983760422230      h
  -.86746879852537D-04  0.48097375779434D-04  0.11866060247549D-03
  0.27160882443709D-03  -.20418197906125D-03  0.22733763478708D-04
  -.70559479309376D-03  0.25162118848081D-03  -.59398112285131D-03
  -.12586643359769D-03  -.87879004754710D-04  0.19624545374533D-03
  0.87004817447719D-04  -.56436459436455D-04  0.11903959121182D-03
  -.30218954199623D-03  0.22290990584689D-03  0.21073549489437D-04
  0.71837201693331D-03  -.31172121421358D-03  -.60378991641152D-03
  0.11315084445696D-03  0.82827707585165D-04  0.19134404046525D-03
  -.13118908013892D-03  -.20331031588802D-03  0.23849062984902D-03
  -.63144450168258D-03  -.15572383402966D-03  -.60165275595127D-05
  0.62863432259476D-03  0.14941541244569D-03  -.35478210574185D-04
  0.13440590323762D-03  0.20912695990597D-03  0.21276801698859D-03
  cycle =     14    SCF energy =     -455.6895688700   |dE/dxyz| =  0.003040
   -1.98079811467567     -1.58645955279151      0.33346573590235      c
   -2.45332745046345      1.11563682261025     -0.50194715606514      c
   -4.51083856874641      1.92910175446207     -0.96927597956691      o
   -0.37765320665929      2.58526679796692     -0.68881093762178      o
    1.98559160411228      1.60201430927747      0.20679910847204      c
    2.44508863676398     -1.14409359916615     -0.48113038438902      c
    4.49309849568952     -1.98363846853498     -0.93711618039108      o
    0.36651403790848     -2.62021573632007     -0.54695037296443      o
   -3.46704469019969     -2.78003962339846     -0.42719314576387      h
   -2.06244044022810     -1.68728176820898      2.39885714462910      h
    2.10452366212739      1.82066320882341      2.26115020601913      h
    3.45728603437096      2.74904585527999     -0.64784803826006      h
  0.10070347304815D-03  0.95358972638480D-04  0.20598494087892D-04
  0.14953943399048D-02  -.70774839491461D-03  0.67047184055017D-03
  -.14541951111910D-02  0.85508697080028D-03  -.92927550582372D-03
  -.11821196488725D-03  -.39949234572512D-04  0.33127812463232D-03
  -.20469745189594D-03  -.69051216944810D-04  0.38032054040488D-04
  -.37241863816714D-03  0.16280213080561D-03  0.37787846185972D-03
  0.39703145180719D-03  -.46126025590676D-03  -.67302896293994D-03
  0.11558067469650D-03  0.14186391452879D-03  0.34575026808009D-03
  -.10805993173017D-03  -.22527866728588D-03  0.25380679321167D-03
  -.22449630238219D-03  -.33714949246233D-03  -.38657857256243D-03
  0.22894033763532D-03  0.30774683506048D-03  -.40810762876456D-03
  0.11354193776077D-03  0.22034545256504D-03  0.22530341727317D-03
  cycle =     15    SCF energy =     -455.6895827954   |dE/dxyz| =  0.002943
   -1.97832244011691     -1.58657215733736      0.33130762908344      c
   -2.45285145911287      1.11770759531636     -0.49997095225070      c
   -4.50913952500202      1.93333143856851     -0.95657936081525      o
   -0.37558335352919      2.58384061408632     -0.70045394342003      o
    1.98321185014330      1.60193404967893      0.20467767580813      c
    2.44295525407225     -1.14518580474231     -0.47861620627391      c
    4.49314831247601     -1.98778884771801     -0.92443048789189      o
    0.36422085746207     -2.61956258853571     -0.55869420356779      o
   -3.46790630839287     -2.77783303102643     -0.42621371863762      h
   -2.04692874139149     -1.69207187103827      2.39672846862264      h
    2.08908214080592      1.82529840719678      2.25903415094541      h
    3.45811341258573      2.74690219555119     -0.64678905160190      h
  0.24404603394687D-03  -.20048221212710D-04  -.68680051408337D-04
  -.14413333528412D-03  0.59251435760369D-04  0.37500954847414D-03
  0.53575543466894D-03  0.20282735689785D-03  -.50866462294702D-03
  0.65078549013664D-04  -.69005027007324D-04  0.43120506399068D-03
  -.89900662983117D-04  -.42428103123160D-04  -.10456415039853D-03
  -.16117739404840D-02  0.78659269599821D-03  0.78850802851550D-03
  0.10544431566045D-02  -.93293346418766D-03  -.84601820975604D-03
  -.43633313189739D-04  -.16521361937111D-04  0.39341798728598D-03
  -.30004083757145D-04  -.21411176509417D-03  0.13410102909760D-03
  0.16779028880936D-03  -.44573948754872D-03  -.42015686518009D-03
  -.17958674515569D-03  0.41001342502123D-03  -.44936522034081D-03
  0.26042360440418D-05  0.22361226893796D-03  0.12514108736397D-03
  cycle =     16    SCF energy =     -455.6895917792   |dE/dxyz| =  0.001519
   -1.97752462831334     -1.58667539774340      0.33076512690834      c
   -2.45162995031432      1.11836431793711     -0.49981292094060      c
   -4.50933957630503      1.93486040072220     -0.94873252946842      o
   -0.37451873671520      2.58288061252971     -0.70788669188907      o
    1.98228273854336      1.60199813153995      0.20421810066073      c
    2.44292704169196     -1.14626076653844     -0.47864292151574      c
    4.49245851913072     -1.98843065393107     -0.91626912950584      o
    0.36291402527752     -2.61901039602320     -0.56613574689399      o
   -3.46844783609224     -2.77654866196902     -0.42630256884416      h
   -2.03952624556746     -1.69325436053259      2.39664223893790      h
    2.08172615041745      1.82646461949961      2.25900668062538      h
    3.45867849824649      2.74561215450916     -0.64684963807393      h
  -.37610828582033D-04  -.15115555978235D-03  0.12854512375003D-03
  0.23686895966252D-03  0.12140557950829D-03  0.15405481017206D-03
  0.53796470829401D-03  0.16549102187882D-03  -.38261593346389D-03
  -.40564805416032D-04  -.34380805648909D-04  0.31918220389060D-03
  0.65833886266839D-05  0.10002876649133D-03  0.15687756692442D-03
  -.10458462222154D-04  -.12029346290152D-03  0.13200862981614D-03
  -.70859502461462D-03  -.13733712847900D-03  -.33272747262431D-03
  -.39717338204848D-04  0.25661614735634D-04  0.31795894542924D-03
  0.13284189701028D-04  -.21941088118797D-03  -.20999287928671D-04
  0.31297544041714D-03  -.42942062941084D-03  -.26831673848891D-03
  -.30300460793706D-03  0.40105284653011D-03  -.30730239715415D-03
  0.31133288110781D-05  0.21953046780968D-03  -.56073455928876D-04
  cycle =     17    SCF energy =     -455.6895979410   |dE/dxyz| =  0.001758
   -1.97690012805187     -1.58636330949645      0.33016191604489      c
   -2.45186635561274      1.11857828826980     -0.50032528939376      c
   -4.51043456539909      1.93491224760102     -0.94311143049109      o
   -0.37382639139726      2.58250375563616     -0.71285896541732      o
    1.98166639455562      1.60176538176674      0.20358164003632      c
    2.44311065353511     -1.14668450528103     -0.47918814244435      c
    4.49359303164508     -1.98811821204231     -0.91066307471481      o
    0.36227796269934     -2.61886918767584     -0.57110766360971      o
   -3.46871431754226     -2.77515734232264     -0.42656838191956      h
   -2.03611463741516     -1.69250587067924      2.39729383300588      h
    2.07831086221739      1.82575636292754      2.25980100872030      h
    3.45889749076572      2.74418239129629     -0.64701544981616      h
  -.17000972027553D-03  -.15092914123221D-03  0.47063018702477D-04
  -.20111016286561D-03  0.16651498291070D-03  -.14616162942871D-03
  0.78635129623106D-03  -.56982609314971D-04  -.18287991541094D-03
  0.15046386425463D-03  0.10087960602678D-03  0.20928077653404D-03
  0.15308220499002D-03  0.18958329001206D-03  0.18069743483895D-04
  0.43569421721437D-03  -.35658328239455D-03  -.20887958649640D-03
  -.10490501774624D-02  0.15409803838806D-03  -.11843727188865D-03
  -.11973816288678D-03  -.68264475776847D-04  0.20661856003790D-03
  0.48656308947195D-04  -.15438070103486D-03  -.12435289996240D-03
  0.31100048313922D-03  -.38653860826473D-03  0.13958073710075D-03
  -.29802925355532D-03  0.38159922753654D-03  0.12791410465850D-03
  -.75800018315563D-04  0.12220025166776D-03  -.13278732657657D-03
  cycle =     18    SCF energy =     -455.6896054173   |dE/dxyz| =  0.001560
   -1.97557801750223     -1.58557466622373      0.32921936219843      c
   -2.45264412765514      1.11924512244853     -0.50081928834100      c
   -4.51338123438389      1.93470144991488     -0.93532951626972      o
   -0.37404863612916      2.58180685673642     -0.71933318795756      o
    1.98028785300693      1.60077538453974      0.20279454195541      c
    2.44389803126374     -1.14714239106670     -0.47964685234975      c
    4.49678309383347     -1.98754195814550     -0.90301294063835      o
    0.36225006569403     -2.61861939183043     -0.57754651367334      o
   -3.46902340082506     -2.77263262233656     -0.42650941395579      h
   -2.03264100920612     -1.69024541793950      2.39717498473694      h
    2.07479461904922      1.82350100608030      2.25985303200502      h
    3.45930276285403      2.74172662782262     -0.64684420770964      h
  -.20411994373179D-03  -.18224176303508D-03  0.17376451546890D-03
  -.24588443892805D-03  0.28850580848699D-03  -.40009681635483D-03
  0.57877482115892D-03  -.18683897797606D-03  -.42637781631827D-04
  0.55834627007603D-04  0.15204464776356D-03  -.68615967356578D-05
  0.14777371044573D-03  0.98317146984647D-04  0.21874193271709D-03
  0.39570909981473D-03  -.25304359570510D-03  -.41106300675767D-03
  -.66574742288532D-03  0.19329398027668D-03  -.26324311267492D-04
  -.14948429023459D-03  -.19032030462351D-03  0.27004267125208D-05
  0.56097172932305D-04  -.16739080115725D-04  -.20197208228052D-03
  0.20933436845169D-03  -.26363818954424D-03  0.39801652345083D-03
  -.18681519545023D-03  0.27632933575522D-03  0.36539766598592D-03
  -.18874027666163D-04  0.25785011743386D-04  -.24026945439506D-03
  cycle =     19    SCF energy =     -455.6896105027   |dE/dxyz| =  0.000923
   -1.97384932755442     -1.58428484698708      0.32747346649316      c
   -2.45394116724326      1.11950001471992     -0.50013541608748      c
   -4.51683849680681      1.93511897742189     -0.92842938367028      o
   -0.37448649242167      2.58082680020611     -0.72463550317992      o
    1.97869187201530      1.59969049818034      0.20094553373444      c
    2.44504298035934     -1.14777207078551     -0.47901853425274      c
    4.50027199119254     -1.98747138507610     -0.89619692489944      o
    0.36290787874118     -2.61783118858618     -0.58286682445684      o
   -3.46944693610513     -2.77038199016990     -0.42549816657849      h
   -2.02986017135998     -1.68809853072356      2.39551071089432      h
    2.07190396628079      1.82126118380887      2.25843684211549      h
    3.45960390290188      2.73944253799131     -0.64558580011155      h
  0.44043426006085D-04  0.79630933522895D-04  0.12077559505480D-03
  0.61447551640281D-04  -.19316158375549D-03  -.11483239908310D-03
  -.22716532282407D-03  0.29356292729293D-04  -.14443515619492D-03
  0.18229688823388D-03  0.20690680296104D-03  -.13579444194839D-03
  0.67202689478491D-04  0.95750746237083D-04  0.13975236926783D-04
  -.50186961880021D-04  -.15711960974665D-03  -.19550118378315D-03
  0.24556441824725D-04  0.78212997071114D-04  -.10002348735311D-03
  -.22754291407190D-04  -.12925668950348D-03  -.14942580845401D-03
  -.28858929237791D-04  0.90276588676108D-04  -.15917415229789D-03
  0.74677844615042D-04  -.15870929076941D-03  0.38031046662836D-03
  -.72453966915458D-04  0.17124282129850D-03  0.42212041363043D-03
  -.79467785758749D-04  -.17089670824923D-03  -.11184914811959D-03
  cycle =     20    SCF energy =     -455.6896121462   |dE/dxyz| =  0.000713
   -1.97370759993161     -1.58408120591792      0.32686513191707      c
   -2.45428969298217      1.11958354968789     -0.49974123578409      c
   -4.51744184411634      1.93479334533149     -0.92801547444014      o
   -0.37517701435356      2.58038875921483     -0.72415200319938      o
    1.97835915289487      1.59923444294791      0.20048402978925      c
    2.44550618436457     -1.14745152672505     -0.47856697664041      c
    4.50103322653207     -1.98724525387137     -0.89589779115043      o
    0.36341103075203     -2.61748749889709     -0.58235743384291      o
   -3.46934283137828     -2.77027094769575     -0.42505746135518      h
   -2.03090990743699     -1.68675895578065      2.39435387404108      h
    2.07290975088746      1.81985453759434      2.25726378260373      h
    3.45964954476771      2.73944075411148     -0.64517844193791      h
  0.44630145105251D-04  0.29368090124104D-04  0.97860908547250D-04
  0.20295191309722D-03  -.24101602101111D-04  0.32404687976717D-04
  -.26152129436896D-03  -.13106206812719D-04  -.20136802509816D-03
  -.26155038762909D-04  0.22711462855041D-04  -.11075337503708D-03
  -.99983163267092D-04  -.58949641740143D-04  0.10838902356811D-03
  -.17990415506208D-03  0.85120814380724D-04  0.38587946661423D-04
  0.26340879978717D-03  -.31191775048900D-04  -.21287877192044D-03
  0.52958929053215D-06  -.64099491545011D-04  -.13016468690927D-03
  0.70513007918889D-05  0.15741008575082D-03  -.54745726970005D-04
  0.17044642451187D-04  -.94245802422305D-04  0.16761019685067D-03
  -.54834728318957D-06  0.92484952592488D-04  0.15762643986753D-03
  0.58626771607413D-05  -.15911297258351D-03  -.65653596240549D-04
  cycle =     21    SCF energy =     -455.6896128781   |dE/dxyz| =  0.000704
   -1.97355689010827     -1.58402329259945      0.32624824451903      c
   -2.45448858231904      1.11960660458830     -0.49941366601311      c
   -4.51768740396361      1.93504780621674     -0.92646340228094      o
   -0.37532870603901      2.57985325482570     -0.72492631667821      o
    1.97818287278834      1.59905880522119      0.19993334787782      c
    2.44571342813245     -1.14734159532019     -0.47822169097951      c
    4.50138236497204     -1.98744486213791     -0.89438786903015      o
    0.36346511204958     -2.61702154306315     -0.58310450915702      o
   -3.46945192801086     -2.77036865596702     -0.42458594567090      h
   -2.03052367272968     -1.68622349924916      2.39336228483960      h
    2.07247898295494      1.81926043397721      2.25627545742316      h
    3.45981442227286      2.73959654350786     -0.64471593484910      h
  0.59294917148900D-04  0.31472538714050D-05  0.96794561998986D-04
  0.17738002492303D-03  0.37311832359659D-04  0.94902439305489D-04
  -.17395347411384D-03  -.56789332741169D-04  -.18966843605178D-03
  -.10134056633143D-03  -.75123246272124D-04  -.10416901744123D-03
  -.12709928004642D-03  -.10014232717620D-03  0.16336017352671D-03
  -.20685446830776D-03  0.14345772526658D-03  0.12966271576675D-03
  0.28322471325803D-03  -.37947081788114D-04  -.22384184462348D-03
  -.13689835168390D-05  0.12571000974737D-04  -.11853350271243D-03
  0.17777132533155D-04  0.18093334186155D-03  0.39586960864160D-05
  0.26719958037720D-05  -.58519364408132D-04  0.16443222800380D-04
  0.13812878118923D-04  0.47801441136428D-04  -.17138835754507D-04
  0.30024782703208D-04  -.15433925583713D-03  -.25535371525002D-04
  cycle =     22    SCF energy =     -455.6896137754   |dE/dxyz| =  0.000488
   -1.97351181548644     -1.58399983397305      0.32527034389358      c
   -2.45473747045147      1.11948207278091     -0.49922245961937      c
   -4.51786522993587      1.93564063261977     -0.92410231145795      o
   -0.37526855473607      2.57935276966658     -0.72580189720532      o
    1.97816865112976      1.59903913290175      0.19887076690463      c
    2.44594416087111     -1.14727758548194     -0.47803808854164      c
    4.50156989248998     -1.98787136066824     -0.89206283886068      o
    0.36348650251733     -2.61656171779983     -0.58393550842309      o
   -3.46965652929878     -2.77099620184930     -0.42409684076882      h
   -2.02991051486613     -1.68553145416038      2.39216415884784      h
    2.07178321493073      1.81849738762491      2.25515238169521      h
    3.45999769283554      2.74022615833894     -0.64419770646375      h
  0.63459885073239D-04  0.37986952794972D-04  0.42497688245147D-04
  -.24451530390199D-04  0.23688190258608D-04  0.10881196473086D-03
  0.14114047961464D-04  -.12385094592215D-03  -.13060689251548D-03
  -.39096821354057D-04  -.12667449839765D-03  -.49688764570077D-04
  -.88537656543680D-04  -.82874053116348D-04  0.43052216680828D-04
  -.29191486903224D-04  0.87099491670420D-04  0.13833159433307D-03
  0.61195994204177D-04  0.54068555251779D-04  -.16031540001037D-03
  -.17795479279048D-06  0.88138836262024D-04  -.77213414491850D-04
  -.88667838245293D-06  0.15911297564443D-03  0.53499357593551D-04
  0.73308165145173D-05  -.29340773535679D-04  -.94682092560652D-04
  0.32203471708354D-05  0.13466518836543D-04  -.97388464518719D-04
  0.68130419175801D-05  -.15842547576496D-03  0.48705981412440D-04
  cycle =     23    SCF energy =     -455.6896145668   |dE/dxyz| =  0.000403
   -1.97367986957670     -1.58425536685587      0.32427309840677      c
   -2.45471074657871      1.11944091475333     -0.49942937847586      c
   -4.51793606007339      1.93652804835561     -0.92140767054231      o
   -0.37519505339958      2.57920414757065     -0.72668792938032      o
    1.97831932586631      1.59922850365172      0.19793086335944      c
    2.44596415733424     -1.14731650644868     -0.47828293883946      c
    4.50165852598442     -1.98855335006368     -0.88939854567409      o
    0.36340472051238     -2.61646050207129     -0.58468921687337      o
   -3.46980313956065     -2.77209920990760     -0.42393214478682      h
   -2.02918109415515     -1.68485887145471      2.39134883907875      h
    2.07095874306909      1.81777096126430      2.25434294432728      h
    3.46020049057739      2.74137123120632     -0.64406792059941      h
  -.79635057064348D-05  -.64995132238177D-05  -.41320978773463D-04
  0.45060909802663D-05  0.28621876934087D-04  0.38522021973686D-04
  0.94295718627554D-04  -.13586320413967D-03  -.69103050060221D-04
  -.58625514515263D-04  -.14280023640759D-03  -.10968218687152D-04
  -.37658300093044D-04  -.48348116150260D-04  0.28375664196653D-04
  0.35964556428444D-04  0.15940595951558D-05  0.30423192639475D-04
  -.98770919834179D-04  0.11520722722153D-03  -.76760130858611D-04
  0.40309021706597D-05  0.13160696894859D-03  -.20033935178514D-04
  -.95434963624935D-05  0.10936272326416D-03  0.74245415708371D-04
  0.34331229168936D-04  -.59926075506728D-05  -.72173651062636D-04
  -.21277432409935D-04  -.12589545591039D-04  -.10981009500589D-03
  0.34808525941468D-04  -.92107654001833D-04  0.52129099584106D-04
  cycle =     24    SCF energy =     -455.6896149766   |dE/dxyz| =  0.000339
   -1.97375383587435     -1.58445502443266      0.32351431534231      c
   -2.45486326242060      1.11952198327265     -0.49970744223001      c
   -4.51823966894449      1.93751088623305     -0.91895136079518      o
   -0.37512345091411      2.57936706611907     -0.72752684130712      o
    1.97843345685913      1.59942082566003      0.19706947524194      c
    2.44611144900497     -1.14745830601805     -0.47856744495448      c
    4.50197495155741     -1.98935346200375     -0.88697662682115      o
    0.36338263676090     -2.61669777428210     -0.58541505708115      o
   -3.46987286384346     -2.77309031359300     -0.42393000123849      h
   -2.02849826242538     -1.68436297540503      2.39073533583842      h
    2.07017515658893      1.81724218625871      2.25381238048019      h
    3.46027369365065      2.74235490819116     -0.64405673247472      h
  -.33563019703642D-04  -.12042403191387D-04  -.34830110885842D-04
  -.48638287544062D-04  -.12251809802952D-04  -.50889443547336D-04
  0.10652394692368D-03  -.11180977765213D-03  -.17147675399606D-04
  -.23834613889218D-05  -.67146335463578D-04  0.14725747360833D-04
  0.27512521342254D-04  -.48477545616238D-05  -.32901084144638D-04
  0.92318986994116D-04  -.79731139375760D-05  -.65363565398824D-04
  -.14944878147255D-03  0.11585508662013D-03  -.16261821528696D-04
  -.23214976350133D-04  0.61245866191773D-04  0.24656434116713D-05
  -.40122313970922D-04  0.39610514393662D-04  0.61661090403066D-04
  0.55920040790115D-04  0.69304266056419D-05  -.47651011632330D-04
  -.45992640551350D-04  -.21025392308371D-04  -.46894449319292D-04
  0.35431364060961D-04  -.44526641663205D-04  0.55335149640036D-04
$end
