$coord
    0.44018815304564      4.38329711110534      1.42412593539781  c
    0.28686227341238      2.26806039409672     -0.53741608920738  c
    0.12523602741515     -0.23618301809553      0.60763692291177  n
    1.69216459222870     -2.17211184851506     -0.56584791362122  c
    4.46735696202105     -1.97113609543175      0.20810361411262  c
    5.94975651900483     -3.92742004903827     -1.07453243570781  n
   -2.42127633368667     -1.03939076280548      1.28018994898364  c
   -4.17004164402346     -1.82191210116391     -0.90220180198696  c
   -6.66300428402444     -2.47622945963133      0.11117699394891  n
    0.51128607048528      6.84751821896076      0.16084435031348  n
    2.18679341071190      4.15472175548571      2.49976050047421  h
   -1.12362663267095      4.18508006147004      2.77681422595800  h
   -1.31790568921679      2.64550467325266     -1.80974063870360  h
    1.97529929292979      2.37259877177384     -1.71558542657238  h
    1.00961819687483     -4.02695837036410      0.02488710962542  h
    1.56723682762741     -2.14251108784854     -2.64918386436519  h
    4.59947418432845     -2.28393107143885      2.24430367403730  h
    5.15278081154349     -0.04194302929052     -0.14785377548486  h
    6.06039400332682     -3.57074208254594     -2.95445265430644  h
    7.74386477838950     -3.96757949570418     -0.40925306549468  h
   -2.26454523680589     -2.63043096867422      2.59800222889007  h
   -3.34762434247563      0.48066042323458      2.32499796894089  h
   -3.28440325058453     -3.35795111262769     -1.98486587422717  h
   -4.42031197902345     -0.23772148377945     -2.20370664636285  h
   -6.55048194996063     -4.03287782445435      1.22446173725500  h
   -7.89057297426056     -2.89026022606384     -1.29823330134668  h
    0.86477536017876      8.24624008005258      1.41851305209841  h
   -1.17929125706528      7.24360481858256     -0.65094288583914  h
$user-defined bonds
$end
