$energy      SCF               SCFKIN            SCFPOT
     1 -458.3241680395      456.0523049017     -914.3764729412
     2 -458.3253803077      456.0871982216     -914.4125785292
     3 -458.3265132352      456.1042188219     -914.4307320571
     4 -458.3275917108      456.1581348004     -914.4857265113
     5 -458.3279816501      456.1804775947     -914.5084592448
     6 -458.3284795666      456.2085667659     -914.5370463326
     7 -458.3286986874      456.2185400331     -914.5472387206
     8 -458.3288013594      456.2101239976     -914.5389253570
     9 -458.3288805801      456.2018009936     -914.5306815737
    10 -458.3289730650      456.2001174608     -914.5290905258
    11 -458.3290377061      456.2048431325     -914.5338808386
    12 -458.3290949949      456.2201623400     -914.5492573349
    13 -458.3291467152      456.2364097643     -914.5655564795
    14 -458.3291709755      456.2406520247     -914.5698230002
    15 -458.3291917598      456.2416837711     -914.5708755309
    16 -458.3292215956      456.2363168956     -914.5655384912
    17 -458.3292444724      456.2360200377     -914.5652645101
    18 -458.3292694776      456.2394761475     -914.5687456252
    19 -458.3293033198      456.2502427124     -914.5795460322
    20 -458.3293371765      456.2603104925     -914.5896476689
    21 -458.3293733156      456.2631641053     -914.5925374209
    22 -458.3294271661      456.2534447524     -914.5828719185
    23 -458.3294789600      456.2312574634     -914.5607364233
    24 -458.3295060844      456.2170036679     -914.5465097523
    25 -458.3295266461      456.2111656044     -914.5406922505
    26 -458.3295478305      456.2112261159     -914.5407739464
    27 -458.3295742457      456.2153054638     -914.5448797095
    28 -458.3296054471      456.2179316337     -914.5475370808
    29 -458.3296470143      456.2145035339     -914.5441505482
    30 -458.3297004524      456.2022039422     -914.5319043946
    31 -458.3297460243      456.1884090250     -914.5181550494
    32 -458.3297860021      456.1853141100     -914.5151001121
    33 -458.3298434439      456.1940150347     -914.5238584786
    34 -458.3298869208      456.2064805676     -914.5363674884
    35 -458.3299099083      456.2132070902     -914.5431169985
    36 -458.3299411968      456.2137236497     -914.5436648465
    37 -458.3299693404      456.2125403771     -914.5425097175
    38 -458.3299878313      456.2083061728     -914.5382940040
    39 -458.3300091208      456.2092499451     -914.5392590659
    40 -458.3300292637      456.2147245727     -914.5447538364
    41 -458.3300349670      456.2189124972     -914.5489474642
    42 -458.3300451621      456.2160957548     -914.5461409169
    43 -458.3300566387      456.2218157866     -914.5518724252
    44 -458.3300629953      456.2221721839     -914.5522351792
    45 -458.3300720183      456.2254385006     -914.5555105189
    46 -458.3300852944      456.2254391103     -914.5555244047
    47 -458.3300956077      456.2298688519     -914.5599644595
    48 -458.3301027611      456.2286103138     -914.5587130749
    49 -458.3301097090      456.2288892135     -914.5589989225
    50 -458.3301161162      456.2290746948     -914.5591908110
    51 -458.3301254784      456.2301809509     -914.5603064292
    52 -458.3301380912      456.2307366730     -914.5608747642
    53 -458.3301488957      456.2313141521     -914.5614630477
    54 -458.3301691031      456.2298368832     -914.5600059864
    55 -458.3302027407      456.2273757548     -914.5575784955
    56 -458.3302165180      456.2240314556     -914.5542479736
    57 -458.3302251782      456.2175137986     -914.5477389768
    58 -458.3302320965      456.2228857322     -914.5531178287
    59 -458.3302375543      456.2193298251     -914.5495673793
    60 -458.3302427701      456.2205661631     -914.5508089332
    61 -458.3302464431      456.2213071170     -914.5515535601
    62 -458.3302505389      456.2218267477     -914.5520772866
    63 -458.3302553082      456.2207158681     -914.5509711763
    64 -458.3302608711      456.2202533351     -914.5505142062
    65 -458.3302707754      456.2176281586     -914.5478989339
    66 -458.3302825714      456.2151795351     -914.5454621065
    67 -458.3302860766      456.2163270484     -914.5466131250
    68 -458.3302964112      456.2192849146     -914.5495813258
    69 -458.3303094518      456.2220925792     -914.5524020309
    70 -458.3303148559      456.2251883302     -914.5555031861
    71 -458.3303256272      456.2255132258     -914.5558388530
    72 -458.3303308418      456.2202550626     -914.5505859044
    73 -458.3303328731      456.2168989953     -914.5472318684
    74 -458.3303343800      456.2178392489     -914.5481736290
    75 -458.3303368954      456.2179727370     -914.5483096324
    76 -458.3303389025      456.2207865546     -914.5511254571
    77 -458.3303438351      456.2252660498     -914.5556098849
    78 -458.3303474788      456.2276122019     -914.5579596807
    79 -458.3303511947      456.2292888067     -914.5596400013
    80 -458.3303595840      456.2255337693     -914.5558933534
    81 -458.3303633834      456.2221205241     -914.5524839075
    82 -458.3303654120      456.2200288976     -914.5503943096
    83 -458.3303709027      456.2196050472     -914.5499759499
    84 -458.3303738329      456.2203270106     -914.5507008435
    85 -458.3303758564      456.2213062826     -914.5516821390
    86 -458.3303781711      456.2218807849     -914.5522589559
    87 -458.3303811466      456.2212441554     -914.5516253020
    88 -458.3303834166      456.2201437991     -914.5505272157
    89 -458.3303855897      456.2200614607     -914.5504470505
    90 -458.3303893849      456.2195355427     -914.5499249276
    91 -458.3303931829      456.2196062120     -914.5499993949
    92 -458.3303958039      456.2204774174     -914.5508732214
    93 -458.3303983104      456.2218755455     -914.5522738559
    94 -458.3303991696      456.2213948455     -914.5517940152
    95 -458.3304001989      456.2232196907     -914.5536198896
    96 -458.3304013286      456.2216924208     -914.5520937495
    97 -458.3304023675      456.2214119851     -914.5518143525
    98 -458.3304032510      456.2218437395     -914.5522469905
    99 -458.3304043702      456.2221321097     -914.5525364799
   100 -458.3304060062      456.2219299558     -914.5523359620
   101 -458.3304074537      456.2224320925     -914.5528395463
   102 -458.3304092700      456.2228712717     -914.5532805417
   103 -458.3304107082      456.2218976425     -914.5523083507
   104 -458.3304153763      456.2202664457     -914.5506818219
   105 -458.3304202265      456.2173700435     -914.5477902700
   106 -458.3304260083      456.2164940558     -914.5469200641
   107 -458.3304365030      456.2168722278     -914.5473087308
   108 -458.3304500734      456.2182326026     -914.5486826760
   109 -458.3304597983      456.2184653909     -914.5489251892
   110 -458.3304702261      456.2208867106     -914.5513569367
   111 -458.3304839112      456.2177353993     -914.5482193104
   112 -458.3304879211      456.2247648727     -914.5552527938
   113 -458.3304968211      456.2212233931     -914.5517202142
   114 -458.3305081430      456.2151740895     -914.5456822325
   115 -458.3305147994      456.2212481598     -914.5517629592
   116 -458.3305298076      456.2248466528     -914.5553764603
   117 -458.3305436088      456.2273754939     -914.5579191027
   118 -458.3305345326      456.2043304745     -914.5348650071
   119 -458.3305574698      456.2180626385     -914.5486201082
   120 -458.3305681369      456.2230439939     -914.5536121308
   121 -458.3305650067      456.2109754288     -914.5415404355
   122 -458.3305820543      456.2262037622     -914.5567858165
   123 -458.3305843869      456.2282529228     -914.5588373097
   124 -458.3305901999      456.2317294749     -914.5623196748
   125 -458.3305975905      456.2155198062     -914.5461173968
   126 -458.3306040126      456.2152194830     -914.5458234956
   127 -458.3306103842      456.2363851013     -914.5669954855
   128 -458.3306178865      456.2245760559     -914.5551939424
   129 -458.3306212020      456.2161169583     -914.5467381603
   130 -458.3306238363      456.2113168735     -914.5419407098
   131 -458.3306329610      456.2139127777     -914.5445457387
   132 -458.3306440953      456.2190640518     -914.5497081471
   133 -458.3306502030      456.2219114901     -914.5525616931
   134 -458.3306619361      456.2285631743     -914.5592251104
   135 -458.3306714431      456.2286051163     -914.5592765594
   136 -458.3306774242      456.2255193383     -914.5561967625
   137 -458.3306796264      456.2246436938     -914.5553233202
   138 -458.3306816088      456.2240474118     -914.5547290206
   139 -458.3306851751      456.2252168626     -914.5559020377
   140 -458.3306885545      456.2261328912     -914.5568214457
   141 -458.3306907736      456.2273153557     -914.5580061293
   142 -458.3306924344      456.2296500310     -914.5603424654
   143 -458.3306973312      456.2288678423     -914.5595651735
   144 -458.3307008689      456.2294350580     -914.5601359269
   145 -458.3307060315      456.2294182557     -914.5601242872
   146 -458.3307129348      456.2294794154     -914.5601923502
   147 -458.3307270558      456.2283726663     -914.5590997221
   148 -458.3307372466      456.2258573631     -914.5565946097
   149 -458.3307500051      456.2253807085     -914.5561307136
   150 -458.3307759187      456.2229594418     -914.5537353605
   151 -458.3307833453      456.2234248143     -914.5542081596
   152 -458.3307903628      456.2223106807     -914.5531010435
   153 -458.3307933192      456.2250017198     -914.5557950390
   154 -458.3307978219      456.2234014721     -914.5541992940
   155 -458.3307987357      456.2252960467     -914.5560947824
   156 -458.3307997860      456.2251664121     -914.5559661981
   157 -458.3308008131      456.2251918029     -914.5559926160
   158 -458.3308013026      456.2255492092     -914.5563505118
   159 -458.3308009742      456.2268509722     -914.5576519464
   160 -458.3308015640      456.2263374757     -914.5571390396
   161 -458.3308014694      456.2265699920     -914.5573714614
   162 -458.3308017913      456.2264607582     -914.5572625495
   163 -458.3308018075      456.2264021294     -914.5572039369
   164 -458.3308017603      456.2261440297     -914.5569457900
   165 -458.3308019384      456.2260389191     -914.5568408575
   166 -458.3308025736      456.2259597000     -914.5567622736
   167 -458.3308028997      456.2259827539     -914.5567856536
   168 -458.3308038292      456.2258942085     -914.5566980377
   169 -458.3308042087      456.2255994051     -914.5564036138
   170 -458.3308051617      456.2251894386     -914.5559946002
   171 -458.3308076755      456.2243131713     -914.5551208467
   172 -458.3308087461      456.2244330152     -914.5552417613
   173 -458.3308093712      456.2256928881     -914.5565022594
   174 -458.3308095213      456.2263529004     -914.5571624217
   175 -458.3308093415      456.2264197573     -914.5572290988
   176 -458.3308094489      456.2263422625     -914.5571517114
   177 -458.3308093721      456.2259865668     -914.5567959388
   178 -458.3308093858      456.2258438463     -914.5566532321
$end
