$hessapprox
  0.538525713215D+00 -0.167108636362D-02  0.491572311072D+00  0.268913229254D-01
 -0.100758298075D-01  0.550876212156D+00 -0.767484520973D-01 -0.114162489333D-01
  0.836440460970D-02  0.551759557079D+00  0.805661203867D-02 -0.784140355495D-01
 -0.336690395510D-01  0.198234110448D-01  0.473824711260D+00 -0.431642132395D-02
 -0.279686257894D-01 -0.659350081402D-01 -0.120609494801D-01  0.145082465258D-01
  0.509059812555D+00  0.773267960809D-02  0.646004748250D-02  0.182640369622D-02
 -0.590926932388D-01  0.109907428622D-03  0.873927796461D-02  0.435959245713D+00
 -0.819088380278D-02 -0.299860082237D-01  0.938363484190D-02  0.176662115932D-02
 -0.875083347663D-01  0.271584595362D-01 -0.154978400229D-01  0.474382254591D+00
  0.256503480493D-03  0.298318478141D-02  0.138182637937D-01  0.168209367549D-01
  0.342372865984D-01 -0.669344215395D-01 -0.787645800807D-01 -0.972924133339D-02
  0.307049685893D+00  0.122535063430D-01 -0.242333893774D-01 -0.142154905665D-02
  0.639062266940D-02  0.248998227199D-01  0.144103174330D-01 -0.488711117394D-01
 -0.159101665027D-01 -0.710684579185D-02  0.472879990006D+00 -0.165140383845D-01
 -0.142665962880D-01 -0.904034941372D-03  0.896127516550D-02 -0.323160490733D-01
 -0.293267994546D-01  0.217724370279D-01 -0.981007055645D-01 -0.494434318809D-02
  0.189160868282D-01  0.497246567162D+00  0.340451667947D-02 -0.204798014968D-01
 -0.329218341212D-02  0.163586307877D-01  0.130644079380D-01  0.211634155830D-01
  0.503304715685D-02 -0.298729529370D-01 -0.917210194454D-01 -0.468245111537D-03
 -0.261175785117D-01  0.488181853425D+00  0.951584159468D-02 -0.429797584553D-02
  0.284561788242D-01 -0.130233807497D-01 -0.757985181670D-02 -0.130533676346D-01
 -0.382404347085D-01  0.212319256190D-01  0.153133617478D-02 -0.971898112024D-01
 -0.222802523313D-01 -0.339554166819D-01  0.453826701495D+00  0.971859298569D-02
  0.115984583624D-02  0.173145331186D-01  0.454756100628D-02 -0.462915131580D-02
  0.172875188284D-02  0.110561130697D-01 -0.182185134521D-02 -0.793059757194D-02
 -0.206142941524D-01 -0.833211795948D-01  0.402633544148D-01  0.322083586102D-02
  0.518214747745D+00  0.116308723736D-01  0.341730036699D-04 -0.138031370158D-01
 -0.639818545929D-02 -0.146742014354D-01  0.115119023990D-01  0.182566848767D-01
 -0.762959784043D-02  0.351424853335D-02 -0.255562530456D-01  0.134847129228D-01
 -0.925683155432D-01  0.482675572477D-02 -0.362191004389D-01  0.527517277261D+00
 -0.131055168653D-01 -0.256350759780D-01  0.658571201260D-02  0.671876080248D-03
  0.957450525974D-02 -0.173526823275D-01  0.434023842318D-02 -0.334945091743D-02
 -0.104012946209D-01 -0.192150370974D-01  0.215621040240D-01  0.327725380409D-01
 -0.778315654151D-01  0.631667244040D-01  0.877087561210D-02  0.599837136826D+00
  0.223194108287D-01 -0.595150001034D-02  0.121418934557D-01 -0.658161162885D-02
 -0.451735411408D-03 -0.467639495153D-02 -0.166001620913D-01 -0.609135045205D-02
 -0.119622083035D-01  0.116434662612D-01 -0.851041715416D-02 -0.128230622237D-01
  0.328515795145D-01 -0.112145210544D+00 -0.211866572562D-01 -0.968209156808D-01
  0.290867559681D+00  0.300882691255D-02 -0.588364813123D-03 -0.216239009473D-02
  0.258121770739D-02  0.864818118710D-02  0.131371585868D-01 -0.220151476356D-02
  0.826280133667D-02 -0.104632250142D-01 -0.259536018001D-02 -0.513937165297D-02
 -0.877087636004D-02  0.197934364109D-02 -0.462111492939D-01 -0.122023295393D+00
  0.396176974266D-01 -0.179661994012D-01  0.629368548923D+00 -0.145192438234D-01
 -0.774678806959D-02  0.544116413200D-02 -0.421126976721D-02 -0.439125448666D-01
  0.234066288273D-01 -0.785446746160D-01 -0.710892335907D-03  0.390900549191D-02
 -0.329140388539D-01  0.125108134077D-01  0.148673212977D-01 -0.468994108601D-02
  0.799572664042D-02 -0.101283021429D-01 -0.125023250271D-01 -0.237274103587D-01
  0.114532092999D-01  0.479188604337D+00 -0.496749119127D-02 -0.179941395341D-01
 -0.321030636655D-02 -0.457828173057D-01 -0.205738377793D-01  0.438330373769D-02
 -0.612448049736D-02 -0.870907267695D-01 -0.385963262349D-02  0.816828789588D-02
  0.133240837234D-01  0.130687586169D-01  0.191372254741D-02  0.137171353748D-01
 -0.142951402849D-01  0.168458569579D-01 -0.266798677652D-02  0.140205708173D-01
 -0.301145095253D-01  0.544657647819D+00 -0.261463225006D-01 -0.953672292359D-02
  0.966875965191D-02  0.944095263101D-02  0.179489969045D-01  0.135450367675D-01
 -0.907327853079D-02 -0.864732363760D-02 -0.624988712117D-01  0.235159123974D-01
  0.949422834490D-02  0.299020600496D-02 -0.124047799583D-01  0.906183857099D-02
 -0.470470190695D-02  0.232598908422D-01  0.105147348922D-01 -0.858803559191D-02
 -0.261430201000D-01  0.346802414975D-02  0.470573573684D+00 -0.165076149136D-01
 -0.326163492344D-02  0.114673326360D-01  0.115473071820D-02  0.422885950895D-02
  0.103357922432D-01 -0.453358340601D-01 -0.146499378499D-01 -0.161682588539D-01
 -0.967071650362D-02 -0.372382436974D-02  0.858906534717D-02  0.595420465003D-03
 -0.522605862420D-02 -0.786284654693D-02  0.183736058922D-02 -0.635984229494D-02
 -0.336494692883D-02 -0.591382788762D-01  0.966585440594D-02 -0.114137973660D-01
  0.451765513286D+00  0.792094512119D-03 -0.324709910020D-02 -0.212562845192D-02
 -0.130328197971D-01 -0.315424796848D-02 -0.601640978431D-02 -0.138527952338D-01
  0.408721104566D-02 -0.199979712763D-01 -0.365519778663D-02 -0.327845408218D-02
 -0.108204410349D-01  0.943583042904D-03 -0.306860708963D-02 -0.936546913851D-02
  0.197441649464D-01  0.180040511789D-02 -0.427277024798D-03 -0.979276996401D-02
 -0.654148513189D-01  0.779941894754D-02 -0.178356358844D-01  0.517707655415D+00
  0.866773810571D-02 -0.106959772812D-01 -0.170359957579D-02  0.429171479667D-02
 -0.723861787621D-02  0.112360542989D-01  0.512715988520D-02 -0.148984089269D-01
  0.161673719424D-01  0.105149094919D-01 -0.692160738423D-02  0.512396921925D-02
  0.751688641056D-02  0.735814608349D-02  0.562506016543D-02 -0.171317621055D-01
  0.167979156680D-02 -0.868528402998D-02 -0.556788879374D-02 -0.517631112945D-03
 -0.114299272936D+00 -0.105205824906D-01 -0.196253924175D-01  0.458690494232D+00
 -0.832549887533D-02  0.167771857177D-01 -0.722915636898D-02  0.697342023639D-02
 -0.138917526718D-02 -0.687852863263D-02 -0.238534906023D-01 -0.304032206128D-02
  0.490293500658D-02 -0.451102050702D-02  0.719422518343D-02  0.745242240273D-02
 -0.350024342464D-02 -0.430642302637D-02 -0.191617082726D-01 -0.114999762214D-01
 -0.509578494578D-02  0.962932559216D-03 -0.576101651112D-01 -0.112473023914D-01
  0.184086078083D-02 -0.130600533118D+00  0.419399422686D-02  0.253894204619D-01
  0.505039726157D+00 -0.176443690967D-01  0.117110321129D-01  0.212346862134D-01
 -0.816451364393D-02 -0.227510143124D-01 -0.260354007342D-02 -0.290315724841D-02
 -0.841164520695D-02  0.130456357674D-01  0.842673361782D-02  0.378948384672D-02
 -0.254580518188D-01  0.115699954191D-01 -0.184573758151D-02  0.710558963383D-02
  0.110693736123D-03 -0.383376482091D-02  0.873544672169D-02 -0.226590836937D-01
 -0.898059917746D-02 -0.248380731645D-02 -0.465566511924D-01 -0.525076667036D-01
  0.357558187457D-01  0.673503757927D-01  0.578080272487D+00 -0.254052749708D-01
  0.109300070079D-01  0.165968694721D-02  0.936490033076D-02 -0.379728245146D-02
  0.206828116939D-01 -0.564727957897D-02 -0.180961364856D-02  0.793898040043D-02
 -0.665321861675D-03  0.106000153004D-01 -0.368467122087D-02 -0.357716955798D-02
 -0.131145429787D-01  0.116320536418D-02 -0.123621541710D-01  0.226162614595D-02
 -0.129680225281D-02 -0.258584537529D-01 -0.959537325203D-02  0.176029515721D-01
  0.242513956912D-01  0.163047994356D-01 -0.989387459576D-01  0.141588347565D+00
 -0.134812416334D+00  0.453692545449D+00 -0.581763245679D-01  0.734472081578D-02
 -0.139563457282D-01 -0.237423870731D-01 -0.435569482581D-01  0.173984541684D-02
 -0.188731596400D-01  0.927156703886D-02 -0.131174071251D-01 -0.218081008091D-01
  0.493925154276D-03  0.242293781078D-01 -0.766015650968D-02  0.989939453515D-02
 -0.613348267180D-03 -0.176216144754D-02  0.111449405007D-01  0.178431531345D-01
 -0.335208797289D-01  0.100362702469D-01  0.613533567359D-02 -0.121952108983D-01
  0.101461702845D-01  0.111630259274D-01  0.145103141160D-01 -0.355487170639D-01
  0.117952857199D-03  0.578471254815D+00 -0.151281892330D-01 -0.177008933827D+00
  0.547133163360D-01 -0.303242387231D-01 -0.215486546263D-01  0.401033356208D-01
 -0.220722339531D-01 -0.158588095391D-01 -0.315859065024D-02  0.827830468610D-02
  0.215117240026D-03  0.109196748177D-01 -0.158559054180D-01  0.324884050813D-01
 -0.647164976399D-02  0.334239942014D-01  0.206145477259D-02  0.204338945217D-01
  0.702050397972D-02  0.844949735930D-02  0.119407337220D-01  0.883279236852D-02
 -0.154995701682D-01  0.122989097839D-01  0.898945922033D-02 -0.137495891349D-01
 -0.172168099028D-01 -0.807291980048D-01  0.697631036221D+00  0.156943264974D-02
  0.205318836157D-01 -0.930896466709D-01 -0.452395155561D-01 -0.182349192630D-01
  0.188663161983D-01  0.235614649853D-01 -0.235156380501D-04 -0.110799589730D-01
  0.273489481589D-01 -0.113112059774D-01  0.390435698413D-02 -0.817257313086D-02
 -0.113146558814D-01 -0.531410705920D-02  0.413052258651D-01  0.745656394081D-02
  0.521621988507D-01 -0.429315548941D-02 -0.191657878189D-01 -0.105117716161D-01
 -0.144669092789D-01  0.185163822847D-01 -0.648784003961D-02  0.319905540189D-01
 -0.148273427058D-01 -0.113578068913D-01  0.231077292799D+00  0.155145649928D+00
  0.643123626473D+00 -0.150931805348D+00  0.114452705237D-01 -0.136409934337D+00
  0.102989993087D-01 -0.413149835472D-01 -0.843903988222D-02 -0.906766922046D-02
 -0.159793464526D-01 -0.535125056232D-02  0.657391426319D-02 -0.109392674658D-01
  0.127091514882D-02 -0.909623968413D-02 -0.222198392941D-01  0.331693166566D-02
  0.244143483353D-01  0.885571878229D-02  0.903499024104D-02 -0.905570845691D-02
 -0.675836167113D-02 -0.949770450818D-04 -0.220777092300D-01  0.136932528857D-01
 -0.852090263665D-02 -0.198731785488D-01  0.246422457624D-01  0.301415006213D-01
  0.718332085939D-01 -0.697524864132D-01  0.109379752236D-01  0.351474207189D+00
  0.936698939763D-02 -0.627692780673D-01 -0.860552602396D-02 -0.177161995744D-01
 -0.120656137399D-01 -0.361065748192D-01 -0.298273293498D-02  0.233963988869D-02
 -0.287284862629D-01  0.540059473600D-02 -0.348291938235D-03 -0.258239456955D-02
 -0.139896798674D-02 -0.938148251578D-02 -0.206289220243D-02 -0.643514284290D-02
 -0.279874458968D-01 -0.796627208654D-03 -0.113047427575D-03 -0.957669837731D-02
 -0.381854599193D-02 -0.145985036613D-02 -0.820999195514D-02  0.122233269464D-02
  0.886909565036D-02 -0.117989992174D-01 -0.290259620999D-01  0.401420743965D-01
 -0.312673515296D-01  0.778119340465D-02 -0.510452860603D-02  0.193364947242D+00
 -0.528715323498D-01  0.166861759385D-01 -0.212212980855D+00  0.437611452933D-02
 -0.251891063752D-01 -0.555024210916D-01 -0.858645875132D-02  0.443003788043D-02
 -0.739955988873D-02 -0.245668405317D-02 -0.522418926852D-02  0.680005514639D-02
 -0.197643354891D-01 -0.536588281491D-03 -0.525801181710D-02  0.134323347124D-02
  0.783246001360D-02  0.179323643350D-01 -0.348588821078D-02  0.111664587990D-01
 -0.660679895384D-02 -0.106042455804D-01 -0.190207049811D-01 -0.294235559686D-02
  0.114316969576D-01 -0.166373478234D-01  0.280546334955D-01  0.511766588272D-01
  0.130175296740D-01 -0.228139393607D-01  0.192086282641D+00 -0.116714416401D-01
  0.363405299979D+00 -0.189667381654D+00 -0.224433495011D-01  0.895039180538D-01
 -0.196164727727D-01  0.300679969652D-01  0.179718886632D-01 -0.399884001932D-02
  0.861943676149D-02 -0.386061962047D-02 -0.441182803533D-02  0.165143429449D-01
  0.312432058881D-02  0.514987785745D-02  0.290651363824D-01  0.162354161235D-02
  0.197144047781D-02  0.851957437748D-02  0.733911393515D-02  0.123434678691D-01
  0.628032107469D-02  0.141398223383D-01  0.156990698175D-01 -0.884995567055D-02
 -0.107011508667D-01 -0.182879173791D-02  0.896302516919D-02 -0.140345368868D-01
 -0.799671898760D-01  0.597280147354D-01  0.789779194000D-02 -0.139851521097D+00
 -0.502323607229D-01 -0.729640238992D-01  0.365520809761D+00 -0.307429644993D-01
 -0.551156874905D-01  0.398856595760D-02  0.963128490884D-02  0.586987483591D-02
 -0.946485373773D-02 -0.767674043059D-02  0.220660339900D-02 -0.921240295212D-02
  0.908848239155D-02  0.775219532700D-02 -0.363401637977D-03 -0.408122007854D-02
 -0.273065378766D-02 -0.137869083391D-01 -0.121816972973D-01  0.155826937295D-02
 -0.146552498227D-01 -0.105292009360D-01  0.130438012213D-02  0.820869717861D-02
 -0.439549422470D-02  0.152415448681D-01  0.128478375081D-01  0.123395450540D-01
 -0.212559775609D-01  0.143541840145D-01 -0.454229351583D-01 -0.288615438202D-01
 -0.155741900898D-01 -0.877933798411D-02 -0.614932409084D-02 -0.310228395731D-01
  0.310281221801D-02  0.144381766149D+00  0.635232976810D-01  0.856516624961D-02
 -0.116293341562D+00  0.162699402034D-01 -0.320949720652D-01 -0.385905948748D-01
  0.335598679538D-02 -0.567125491963D-02  0.937427372232D-02  0.227046079450D-02
 -0.972910647743D-02 -0.168157182859D-02  0.220734068868D-02 -0.481650421474D-02
 -0.136519529522D-02  0.624314092319D-02 -0.563132261311D-02 -0.163570590395D-02
 -0.771255488316D-02  0.155975866708D-01 -0.177437506129D-01 -0.171041843310D-01
  0.299121742496D-01  0.122772356058D-01 -0.201777721690D-02  0.340706819587D-01
  0.149818026237D-01  0.566244621673D-01 -0.388485062735D-01 -0.215567350218D-01
  0.637026121538D-01 -0.377309759912D-01  0.633570414594D-01 -0.149825631808D+00
 -0.174095153295D-02  0.241935644396D+00 -0.188647926974D-01 -0.199460836334D-01
  0.689002198717D-02 -0.119160434025D+00  0.130698606355D-01 -0.843477131942D-01
  0.904765856061D-02  0.143693608119D-02  0.399745652392D-02 -0.925671436301D-02
  0.100134804435D-02 -0.148027386070D-01  0.652091673902D-02 -0.264854349226D-01
 -0.908872938462D-02 -0.116120385742D-02 -0.388313391204D-02  0.133022061746D-01
  0.566502407428D-02  0.105138927925D-01  0.134306260287D-02  0.212274968084D-02
  0.852537120040D-02 -0.501322174002D-03  0.123556961609D-01 -0.444738837390D-02
  0.364819663655D-02 -0.453282974988D-01  0.233236689932D-01 -0.149991827259D-01
 -0.405653578155D-01 -0.829609488086D-02 -0.201254634498D-01  0.144310306733D-01
 -0.225998030758D-02  0.849875206987D-02  0.265941614566D+00 -0.192089388754D-01
 -0.687792239455D-02  0.309801673563D-02  0.191216022729D-01 -0.485232841362D-01
  0.244987125809D-02  0.256127883354D-01 -0.353138294460D-01  0.276413125254D-01
  0.112441733823D-01  0.706886352946D-02 -0.267274981854D-02  0.609249556375D-03
  0.235368047220D-02  0.614760803791D-02 -0.201779457253D-02  0.318042753352D-02
 -0.102469216232D-01  0.115839288457D-01 -0.143857818152D-01 -0.854134403903D-02
  0.378863173161D-02 -0.176523992583D-02  0.897583800623D-02 -0.426759849202D-03
  0.212896620110D-02  0.661297953740D-02 -0.244790532446D-01  0.500662713914D-02
 -0.288858769770D-02 -0.101048119489D-01 -0.172172322168D-02 -0.242530914356D-01
 -0.659157749189D-02  0.280326050318D-01 -0.135114391227D-01  0.193608561646D-03
  0.134350853185D+00 -0.159527838882D-01 -0.197092575768D-01 -0.672400872786D-02
 -0.512488893590D-01  0.135553833579D-01 -0.149559635453D+00  0.195930974150D-01
  0.322591521401D-01  0.445085483367D-02 -0.168222271020D-01  0.987608322084D-02
 -0.200045651943D-01  0.171382869676D-01 -0.574170940400D-02 -0.631406058509D-02
  0.195380493586D-01  0.238138809541D-01 -0.858614487099D-02  0.124875531921D-01
 -0.929467646342D-02 -0.329037657072D-02  0.497153851838D-02  0.298803511942D-03
 -0.870481450055D-02 -0.102899722029D-01 -0.148140851385D-01 -0.276226841450D-01
 -0.664345048692D-01  0.104482691027D-01 -0.251805582473D-01 -0.643578169575D-01
 -0.101392090592D-01 -0.543512563348D-01  0.553521690246D-01 -0.611639657069D-02
 -0.667779951188D-01  0.119545924559D+00 -0.389247034643D-02  0.314313542833D+00
 -0.638278241513D-04  0.461296885095D-01 -0.956110723275D-03 -0.191429640300D+00
 -0.474997631079D-01  0.650030162819D-01 -0.151212073582D-02  0.109979408797D-01
  0.541056639810D-02 -0.964047354128D-02  0.645381536959D-02 -0.171847014365D-01
  0.396657030550D-02 -0.516779661588D-02  0.118574069483D-01 -0.670670375681D-02
 -0.971146243187D-02 -0.697844778390D-03  0.546223050933D-02 -0.209601634172D-01
 -0.217109364337D-01  0.626933728192D-02  0.578302013019D-02 -0.573401856513D-02
  0.327426191399D-02  0.582306187494D-01  0.386403688467D-01  0.762330887952D-01
 -0.672061540997D-01  0.303338853821D-01  0.784613302434D-01  0.661013832473D-02
  0.443078492950D-01 -0.752693463086D-01  0.134346463689D-01  0.369602157798D-01
 -0.132105546746D+00  0.148761397594D-01 -0.344837342778D-01  0.415982446529D+00
  0.538957119976D-02 -0.648055249283D-02 -0.255135258799D-01 -0.786352292412D-02
 -0.534636346894D-01  0.128627960187D-01 -0.221465042236D-01 -0.149487948701D-01
  0.288640810768D-01 -0.782147883800D-02  0.108738843139D-01  0.191235832455D-02
  0.153444237016D-02 -0.690550040606D-02  0.119401038691D-01 -0.129353422782D-01
 -0.291762491085D-01  0.337882466947D-03  0.366945936550D-02 -0.493361600387D-02
  0.630561891047D-02  0.826335946868D-02 -0.439167884755D-02  0.177967125014D-02
  0.163751349804D-05 -0.101232588163D-01 -0.127491865734D-01 -0.917046642843D-02
 -0.583605004917D-02 -0.261051373715D-01 -0.160491392175D-01  0.298311824727D-01
 -0.408319067633D-01  0.120679308519D-01  0.226071128446D-02 -0.190369192242D-01
  0.986130816372D-02  0.269375726742D-02 -0.197663027220D-02 -0.572818629829D-03
  0.128627732558D+00  0.998185199452D-02 -0.175705874425D-01 -0.224007555297D-01
  0.252013645360D-01  0.351579967539D-01 -0.101006255631D+00 -0.839917306715D-04
  0.948789518262D-02 -0.254434846665D-01  0.439337085734D-02  0.116644631018D-01
  0.482075282587D-02  0.890242330486D-03  0.212249299840D-01  0.321007520235D-02
  0.554823725126D-02  0.691617649153D-02 -0.114562025438D-01 -0.859013240716D-02
  0.182684362036D-01  0.107173276542D-01 -0.269129758748D-02  0.573973499540D-02
 -0.679651910945D-02 -0.179194727875D-01 -0.228757818102D-01 -0.428038116284D-01
 -0.526049164451D-01  0.431093122914D-01  0.276940801765D-02 -0.681485332578D-01
 -0.633813641488D-03 -0.792793062340D-01  0.100086224303D+00  0.149305967650D-01
 -0.538330629272D-01 -0.327319044084D-01 -0.188366683210D-01  0.348435904939D-01
 -0.144365834108D+00  0.135692474663D-01  0.232485799479D+00  0.580450440436D-02
 -0.144679353041D-03  0.321002501270D-02 -0.155951383603D-01  0.102164710521D-02
 -0.123553285804D-01 -0.179997923317D-01  0.165731008868D-01 -0.110857839771D-01
 -0.761949116392D-01 -0.665782439620D-01  0.224213151366D-01 -0.246078661125D-01
 -0.182771815936D-01 -0.790926186267D-02 -0.849556195752D-02  0.551705014406D-02
 -0.191930879194D-01 -0.878595864497D-02  0.629666975505D-02 -0.831512184179D-02
 -0.163708210116D-02  0.942874725628D-02  0.754791302295D-02  0.168601249892D-01
  0.166573962421D-01  0.195134759230D-01 -0.206400960875D-02 -0.589205861027D-02
 -0.231746119900D-01  0.469693272853D-02 -0.952965352476D-02  0.217816022982D-01
 -0.627300320647D-02  0.196306589992D-01  0.387543551286D-01  0.882727999556D-03
  0.134721363816D-01 -0.398462169648D-01  0.185079385396D-01 -0.289842217412D-01
 -0.106363812145D-01  0.163343671744D+00  0.888325947841D-02 -0.327117378714D-01
  0.696554191973D-02  0.240996024278D-01 -0.169105109563D-01  0.326807706596D-03
  0.547947135611D-02 -0.412080649942D-01 -0.850856228025D-02 -0.451285987241D-01
 -0.189951031878D+00  0.384593533837D-01  0.381140694668D-02  0.194643774390D-02
 -0.201667381386D-02  0.146817239091D-01  0.924790917142D-02 -0.208906647772D-01
  0.107798472924D-01 -0.111884313447D-01 -0.360301762224D-02  0.541676484575D-02
 -0.680597836552D-02  0.783645080972D-02 -0.477480191138D-02 -0.244498154113D-01
 -0.115742097237D-01 -0.282830435762D-01  0.116684725972D-01 -0.236998737358D-01
 -0.571997315849D-02  0.173179421529D-01 -0.222045298225D-01 -0.401909652234D-03
  0.853257355978D-02 -0.312231262085D-01 -0.247922553113D-02  0.245132154850D-01
  0.456994410869D-01 -0.194399387209D-01  0.107905618390D-01  0.600273219075D-02
  0.658244263009D-01  0.314767522849D+00  0.550611825939D-02  0.692492736132D-02
  0.323714767123D-03 -0.754097271628D-02 -0.873838233967D-02  0.727573057758D-02
  0.102676642868D-01 -0.139530072207D-01  0.267930969761D-01  0.117160532918D-01
  0.423722873697D-01 -0.600944491557D-01 -0.809358654561D-02 -0.198539683111D-01
 -0.446764249936D-03 -0.385643862941D-02  0.521640935197D-03  0.252457245769D-02
 -0.509513819562D-02 -0.614522522217D-02  0.633687671694D-02 -0.953595797812D-02
  0.347497633048D-02  0.459211824803D-02 -0.834727205141D-03 -0.507333844172D-02
  0.854529382488D-02  0.428412821239D-01 -0.360237552518D-01  0.582252919448D-02
  0.398213580508D-01 -0.185263396046D-01  0.152137550777D-01 -0.301567525577D-01
  0.267766629231D-02  0.221035859701D-01  0.114670776668D-01 -0.888518421995D-03
 -0.552840139601D-02  0.102739046536D-01  0.846178237556D-02 -0.417506671586D-01
 -0.354801427214D-01 -0.557733814011D-01  0.127414924001D+00 -0.478165714045D-02
  0.776141733767D-02  0.111821534671D-01 -0.646344247542D-02 -0.158776133322D-02
 -0.103975810776D-01 -0.155103524456D-01  0.317772736416D-02  0.142542116841D-01
 -0.528038351509D-01  0.328523998242D-02 -0.292752555235D-01 -0.161550600704D-01
  0.842835985968D-02 -0.312342236922D-01 -0.479435806713D-02 -0.422887639647D-02
  0.458229480166D-02 -0.846639909817D-02  0.566714514622D-02 -0.492235897067D-02
 -0.475400237576D-02  0.144974740393D-01 -0.142313157029D-02  0.110583533403D-01
  0.287762253827D-01  0.633368400036D-02 -0.173527516544D-01  0.109163521250D-02
 -0.229319911945D-01 -0.138520417963D-01  0.891996985850D-02  0.411660999059D-02
  0.435844898303D-02  0.234743807015D-02  0.138290192554D-01  0.182414573271D-01
  0.470167846131D-02 -0.138590074054D-01  0.800069672980D-02 -0.213640792613D-01
  0.388113053642D-03  0.315432473875D-01 -0.289457098792D-01 -0.151692536088D-01
  0.126288682781D+00 -0.127275543488D-01 -0.780341340574D-02  0.900416763379D-02
 -0.391297030544D-02  0.115289378649D-01  0.919781522565D-02  0.200642846195D-01
 -0.100555714475D-01 -0.260092485924D-01  0.830181805656D-02 -0.488545595375D-01
  0.171344369152D-01 -0.317465240687D-02 -0.120720952924D-01 -0.800904925690D-02
 -0.110188311379D-01 -0.251229027837D-01  0.503419264218D-02  0.130761957349D-01
 -0.737359569244D-02 -0.199189072577D-02  0.138961551126D-01 -0.132109826097D-01
  0.332908366685D-02  0.419461276686D-02 -0.211050977829D-01 -0.978650584670D-02
 -0.458942654729D-01  0.234446133540D-01  0.309639592252D-02 -0.427324684219D-01
  0.217822053319D-01 -0.463195180902D-01  0.251470838865D-01 -0.358084502614D-02
 -0.407537684729D-01  0.391030445803D-01  0.133257977711D-01  0.200305345427D-01
 -0.473895381252D-01  0.333724987111D-01  0.598183975947D-02 -0.242943254972D-01
  0.123215956566D-01  0.378740719634D-01 -0.231246754851D-01  0.122321873822D+00
  0.137999266887D-01 -0.413123743702D-03 -0.792062729659D-02 -0.664375643913D-02
 -0.180958112673D-01 -0.456164394015D-01  0.103735747065D-01 -0.166184599677D-01
 -0.426768751991D-01 -0.267007036684D-01  0.243314956177D-01 -0.203270717820D+00
 -0.217454554541D-02 -0.424038631142D-02 -0.821345585372D-02 -0.159773007421D-01
  0.148029760395D-01 -0.112625520092D-01  0.782895264866D-02 -0.448884879384D-02
 -0.147633124406D-01 -0.421259931734D-04 -0.503441068797D-02 -0.100859955176D-02
 -0.792799146048D-02 -0.384845318808D-01 -0.171258595494D-01  0.375785703381D-01
 -0.172598486800D-01  0.189759384153D-02 -0.126881929116D-01  0.130698561993D-01
  0.177717850210D-01  0.630098369562D-02  0.119826601990D-02 -0.763700844420D-02
 -0.809350460530D-02  0.918095743934D-02  0.175476844033D-01 -0.758739102826D-02
 -0.845740852703D-02  0.140444590336D-01  0.103401539639D-01  0.302591037491D-01
 -0.180762307562D-01  0.176510765428D-02 -0.131089493052D-01  0.322951137599D+00
 -0.766507477379D-02  0.564463519037D-02  0.142061813140D-02 -0.332066525322D-02
  0.722699381060D-02 -0.165092395826D-02  0.210849249662D-02 -0.426880765015D-02
 -0.333195439917D-02 -0.118415240451D-01  0.822925933068D-02 -0.274666163544D-01
 -0.553622832539D-01  0.822531647519D-02 -0.126512529649D-01 -0.105571439887D-01
  0.126699913732D-01  0.147675755265D-01 -0.216032600792D-02 -0.199274438748D-01
  0.263867658127D-02 -0.185337622855D-02 -0.710840599191D-02  0.461644204190D-02
  0.961045027484D-03  0.323036245672D-02  0.107298609398D-01 -0.136668386582D-01
  0.594138138083D-02  0.905438820932D-02  0.125506346676D-01 -0.130404297451D-01
 -0.889592846071D-02  0.648094249571D-02  0.155951311154D-01 -0.110773296951D-01
 -0.177117571955D-01  0.863531259013D-02  0.484666576522D-02  0.982075243113D-02
 -0.166144909322D-01  0.706669098523D-02  0.115292781049D-01  0.399316714231D-02
  0.493476194581D-02 -0.191324658583D-01  0.572391405410D-02 -0.312077156786D-02
  0.104637632132D+00 -0.110339874118D-01  0.135681959837D-02 -0.797423532103D-02
  0.114573096715D-01 -0.497004834595D-02  0.199116492177D-01  0.104242837894D-01
 -0.997943536698D-02  0.118014821638D-01 -0.220023375760D-03 -0.615980615266D-02
 -0.204397386355D-01  0.385752917104D-02 -0.859772744852D-01  0.530689838187D-01
  0.180457393948D-01 -0.119858499277D-01 -0.240358819082D-01 -0.292505770762D-02
 -0.711892048773D-02  0.886597203624D-02 -0.385867838945D-02  0.604327418223D-03
  0.753514232278D-03 -0.123124288795D-01 -0.144075976791D-01 -0.360824482486D-02
  0.251101312724D-01 -0.258984117003D-01  0.122133651730D-01  0.384744673886D-01
  0.281196422164D-01  0.447961763288D-02 -0.514916077382D-01 -0.653692997857D-02
 -0.105401127203D-01  0.653041284616D-02 -0.470609979562D-02  0.101175977801D-01
  0.567137745141D-02  0.120501423225D-01 -0.300399865925D-01 -0.404761145071D-01
  0.786165415177D-03  0.224066504071D-01 -0.152057170011D-01  0.678770492478D-02
 -0.138876092684D-01 -0.123404969656D-01  0.131385205772D+00 -0.895304172540D-02
  0.208572085150D-01 -0.127028180868D-01 -0.104219862151D-02 -0.488841334179D-02
  0.320011536783D-02  0.308624719846D-01  0.106731210933D-01  0.209519075612D-01
 -0.114650787434D-01 -0.133482027059D-01 -0.703524344167D-02 -0.200109611913D-01
  0.378261201483D-01 -0.222912248817D+00  0.309283531945D-03 -0.375333623199D-01
  0.705322123646D-02  0.165383057832D-01  0.146237720291D-01 -0.146537873487D-01
  0.199542139554D-02  0.163971716143D-01 -0.186912216554D-01  0.446988911595D-02
  0.957794984694D-02  0.629601437259D-02  0.104957144588D-01 -0.169147675276D-01
  0.189972736293D-01  0.157348667179D-01  0.201672825615D-02 -0.909331592233D-02
 -0.121687436012D-01 -0.222933341557D-01  0.200752611072D-01  0.526025399591D-02
 -0.273667764703D-01 -0.193146041120D-01  0.795005880022D-02  0.268166614552D-01
 -0.698867210757D-02 -0.187637238959D-01 -0.141214826393D-01  0.872227840026D-02
 -0.272652523861D-01  0.789715851525D-02 -0.359507574774D-01 -0.106282133184D-01
 -0.262616777776D-01  0.369803321844D+00 -0.169062166695D-01 -0.787023570682D-02
 -0.242715850047D-01 -0.478591030239D-02 -0.338889359862D-02 -0.717070423476D-03
 -0.202455172457D-02  0.867449235579D-02  0.292896296026D-02 -0.246304919604D-01
 -0.187881100597D-01  0.468955765821D-02 -0.795081435208D-01 -0.613496702327D-01
  0.107591626529D-01 -0.949908159999D-02  0.180496835527D-01  0.127642302020D-01
 -0.118097522691D-01  0.157241441142D-01  0.453742147828D-02  0.439401532060D-02
 -0.343189413916D-02 -0.771197868941D-02  0.331146443200D-02  0.474475248641D-02
 -0.117731642419D-01  0.122439896355D-01  0.113839989904D-01  0.388598939487D-02
 -0.116911232211D-01  0.144460011081D-01  0.138594298358D-01  0.331457964586D-01
 -0.125380682719D-01  0.107354720592D-01  0.149531901413D-01 -0.153866028747D-01
 -0.272192029401D-01 -0.268275441119D-01  0.338082245121D-01  0.100297024010D-01
 -0.561510956479D-02 -0.185870391904D-01  0.406409945770D-02  0.136462648728D-02
  0.619394667130D-02  0.142767857916D-01 -0.348769584189D-01 -0.126095003844D-01
  0.123102531613D-01  0.177309331683D+00  0.820397713028D-02  0.204346912044D-01
 -0.327761361079D-01 -0.984786795867D-02 -0.209191213075D-01 -0.690183189158D-02
  0.898326875538D-02  0.181735612261D-02  0.128292254287D-01 -0.184132658233D-01
  0.217929329232D-02 -0.114083371516D-01 -0.584806386440D-01 -0.195741451767D+00
  0.351921169129D-01  0.609996883662D-03 -0.395262015279D-01  0.924915008681D-03
  0.247563151152D-02 -0.202080446166D-02 -0.109585142050D-01 -0.910734669348D-02
  0.734617201529D-02 -0.821098168822D-02 -0.997689855167D-02  0.269723433652D-01
  0.883588442956D-02  0.173138192502D-01 -0.522240052537D-02  0.963337520251D-02
  0.385302286722D-01 -0.345994922149D-01  0.281580545518D-01 -0.256693305520D-01
  0.630635848748D-02  0.355608707857D-01 -0.180237628485D-01 -0.193932217102D-01
 -0.194542054135D-01  0.289507566266D-01 -0.602907660877D-02  0.224249554065D-02
 -0.123572882033D-01 -0.305312538432D-01  0.786482346023D-02 -0.116987783038D-01
 -0.300435632951D-01 -0.135998562904D-02 -0.149812085547D-02 -0.205875818879D-02
  0.321604125312D-01  0.592370186063D-01  0.309981733064D+00 -0.108902959384D-01
 -0.621776143456D-02  0.141520571339D-01  0.471819563458D-02  0.514154836190D-02
  0.107158421433D-01 -0.205790010124D-02 -0.627064476037D-02 -0.650675626476D-02
 -0.153744620266D-02 -0.212793696632D-01 -0.145162297641D-01  0.143300331922D-01
  0.206593406425D-01 -0.488320661073D-01  0.162567269220D-01 -0.204273104196D-01
  0.432547009102D-02  0.430000583472D-02 -0.718514188838D-02 -0.189200249057D-02
 -0.884825434355D-02  0.183782462334D-01 -0.740227382940D-02 -0.200600807271D-01
  0.517825009204D-02 -0.424236738610D-02 -0.114443800961D-01 -0.140124316333D-01
  0.164639454901D-01  0.212309595890D-01 -0.923771166153D-02 -0.477778769437D-01
  0.442633495647D-02 -0.463531814589D-03 -0.104018500932D-01  0.357469913264D-02
  0.139492451254D-02  0.174489959423D-01 -0.568393122200D-02 -0.136050629247D-02
  0.127828068685D-01 -0.210263213682D-01  0.101054183313D-01  0.116794494889D-02
 -0.633042025494D-03  0.471499290041D-02 -0.990556324002D-02  0.253349073881D-01
  0.562801876378D-01 -0.100635782928D-01 -0.489871032240D-01 -0.218370123139D-01
  0.117504530658D+00 -0.333317482366D-02  0.640183057556D-02 -0.308990324576D-02
 -0.175757023034D-01 -0.120327782371D-01  0.986232132841D-02 -0.115333966517D-01
 -0.389989849709D-02  0.651261646431D-02 -0.931664933130D-02 -0.624008402587D-04
  0.545542013929D-02  0.488429211658D-03 -0.380998441285D-02  0.223515482793D-01
 -0.702594072408D-01  0.112601180660D-01  0.121364563774D-01 -0.606871656707D-02
 -0.419728293584D-02  0.140063434235D-01  0.124549386246D-01 -0.109017474437D-01
  0.379147840262D-02 -0.734772560007D-02  0.218723762861D-01  0.191722296027D-02
 -0.880650348678D-02 -0.265960640458D-01 -0.228247172503D-01  0.160138173684D-01
  0.112757953540D-01 -0.214680381072D-01  0.219389537378D-02 -0.144106943520D-02
  0.134690980821D-01 -0.304876004981D-01 -0.322600751858D-01 -0.184684278593D-01
  0.382368449552D-02  0.143647685098D-01  0.161218447073D-01  0.175764358076D-02
 -0.105904287714D-01  0.106013537729D-01 -0.197194201135D-01 -0.367252195553D-02
  0.727923409273D-02  0.189637575983D-01  0.402167905425D-02 -0.112873651028D-03
  0.199220962250D-01  0.146228144935D-01 -0.561092313001D-02  0.149856461991D+00
  0.105907475633D-01 -0.732681595104D-02  0.194936580095D-02  0.873333346544D-02
 -0.100681031918D-01  0.810033707275D-02  0.984372286187D-02  0.133744106488D-02
  0.247423575454D-01 -0.952800848638D-02  0.478624583489D-03  0.164341558230D-01
  0.552569753226D-02  0.492955840951D-03 -0.406011849793D-01  0.246333983013D-01
 -0.414940614417D-01  0.934104152333D-01  0.489653454705D-02 -0.959852063664D-03
  0.892202461961D-02 -0.120381943001D-02 -0.129377264748D-01  0.618504166691D-02
  0.110728809272D-02  0.115335416542D-01 -0.162477727273D-02  0.367892528626D-01
 -0.308717847905D-01  0.508017710169D-02  0.393910494572D-01 -0.662681957017D-02
  0.230247913060D-01 -0.182314449791D-01 -0.186882001000D-01  0.251695792586D-01
 -0.693912193865D-02 -0.214599894143D-01  0.112805470253D-01  0.245436048573D-02
  0.193466285029D-02 -0.425132808981D-01 -0.402630866173D-02  0.276257744514D-02
  0.478599802650D-01 -0.331166169126D-01 -0.210427438136D-02  0.690630411261D-02
  0.691819912673D-02  0.141188767381D-01 -0.866995856343D-02  0.185447878482D-01
 -0.488163808723D-02 -0.178601067823D-01  0.266224838611D-01  0.135898722658D+00
  0.211734089944D-01 -0.151019592785D-01  0.210903473365D-01 -0.460134115140D-02
  0.157466996695D-01 -0.337179231895D-01 -0.203413963748D-01 -0.916965244144D-02
 -0.111392776177D-01  0.257806488402D-02  0.159118884598D-01  0.105474564220D-01
  0.112917485091D-01  0.125620449464D-01  0.699134535943D-02  0.241856119066D-01
  0.850324433604D-01 -0.392191210812D+00 -0.246809846741D-01 -0.211124131692D-01
  0.316313017161D-02  0.572880161647D-02 -0.979042788636D-02 -0.125121580463D-01
  0.146510277979D-01  0.858329035253D-03 -0.237359937436D-01 -0.685488062260D-01
  0.141268148009D-01 -0.614146932881D-01 -0.393735296373D-01  0.295885530084D-01
 -0.335820073013D-01  0.436806226673D-01  0.948220159851D-02 -0.626176877736D-01
 -0.325267799312D-01  0.193013599800D-01  0.491582773691D-01 -0.410761007179D-02
 -0.602949496430D-02  0.497141556037D-01  0.120181452876D-01  0.406536107191D-01
 -0.365233881115D-01  0.103953118660D-01  0.218677436174D-02  0.894884703832D-02
  0.241376286108D-01 -0.372717556756D-01 -0.716464201930D-01 -0.204805225385D-01
 -0.249362785583D-01  0.525263649750D-02 -0.237255947623D-01 -0.931550493069D-01
  0.520280371156D+00  0.182013286153D-01  0.358120935857D-02 -0.197691079826D-01
  0.168469014468D-01 -0.153143259739D-01  0.195661461755D-01 -0.101315854068D-01
  0.211224235420D-03  0.201712288564D-01 -0.276644071347D-01 -0.177159676393D-03
 -0.193877152790D-01 -0.246544545746D-01 -0.265955160514D-02  0.496282896733D-02
 -0.333048203881D+00  0.599660453399D-01 -0.772963031436D-01  0.188142493906D-03
 -0.123681043114D-02 -0.759874508307D-02 -0.207821579736D-01  0.140780736049D-01
  0.345745498154D-03 -0.263377504602D-01  0.159433300885D-01  0.640031849073D-02
  0.233796384460D-01 -0.381516455760D-01 -0.337031293192D-01  0.353239647009D-01
 -0.166955091759D-01 -0.768760351385D-02 -0.217732794023D-01 -0.339285443594D-01
  0.246717143782D-01  0.390333958201D-01 -0.137967849862D-01  0.207825380659D-01
 -0.256082375524D-01  0.203319018479D-01 -0.213819264631D-01 -0.333924079101D-01
 -0.528823682994D-02  0.224735566031D-01  0.419518001542D-03 -0.119486549525D-01
 -0.133707351621D-01 -0.199606711112D-01  0.270277484883D-01  0.313327014082D-01
  0.137820691269D-01  0.213728206819D-01  0.278654972176D-01 -0.821347657318D-02
  0.559603465950D-02 -0.382815752195D-01  0.475720245665D+00  0.861944897984D-02
 -0.165324226009D-01  0.248932458474D-01 -0.132511381450D-02  0.470342537440D-02
 -0.652223197619D-02 -0.504429874424D-02  0.278765386565D-02 -0.119180172699D-01
  0.116724593221D-01  0.649128122711D-02  0.853671056775D-02  0.238087950131D-01
 -0.140068658312D-01  0.254270841308D-01 -0.335009527834D-01 -0.271123449974D-01
 -0.674194751305D-02 -0.238819704766D-02 -0.399579549211D-02 -0.223993175281D-01
 -0.628022314843D-02  0.138835256635D-01 -0.523834692681D-02  0.128095454427D-02
 -0.584586284607D-02 -0.415883955518D-02  0.644848500431D-02 -0.283741304510D-01
  0.122177566081D-01 -0.786433392192D-02 -0.204999624152D-01 -0.349458919040D-01
  0.636009266275D-01 -0.403967882456D-02 -0.115965162300D-02 -0.241490169199D-02
  0.105507582005D-01  0.281474722778D-02 -0.878428250974D-03 -0.359669676686D-02
  0.132490223071D-01  0.286459557096D-01  0.628688595514D-02  0.647911522571D-02
  0.102801962658D-01  0.729452200651D-02  0.194243387216D-01  0.684996900718D-03
 -0.413667543478D-01 -0.592855525830D-02  0.127482297118D-01 -0.283115290725D-01
  0.476814549710D-02 -0.216397263909D-01 -0.508279397956D-02  0.407207305965D-01
 -0.595505951142D-01  0.194084578318D+00 -0.169764244079D-01 -0.562416487120D-02
  0.472398139630D-02  0.115655452901D-01  0.372168689097D-02  0.437073835164D-02
  0.157005499948D-01  0.622195106534D-02  0.542194469060D-02  0.162559247730D-01
  0.199090302886D-03 -0.267193827261D-02  0.212475006786D-01 -0.573624011818D-02
 -0.211987693354D-01 -0.103668961896D+00  0.252749378550D-02 -0.103434539121D+00
  0.202475105835D-01 -0.493475322764D-02  0.210994652077D-02  0.774517441720D-02
 -0.728344557144D-02  0.216516865762D-01  0.249793149600D-02  0.102150015635D-02
  0.164180185336D-01 -0.264113355909D-01  0.221372814064D-01 -0.668700638130D-03
 -0.263675534848D-01 -0.186586386658D-01  0.736416947275D-02  0.574482044701D-02
  0.641063202813D-02  0.162355955945D-01  0.361156181682D-01  0.170759528654D-01
  0.770100351340D-02 -0.227327288953D-01 -0.130334795251D-01 -0.211849183144D-01
  0.286187244198D-01  0.268898375608D-02 -0.393040718650D-03  0.111169633546D-01
  0.148171628151D-01  0.879165432831D-02  0.167210271379D-03 -0.148027199729D-01
 -0.171007387480D-01  0.474235657353D-02 -0.246685139959D-01 -0.208449352998D-01
 -0.434807444816D-01  0.149816709400D-01 -0.385968513270D-01  0.859014866895D-01
 -0.896289756468D-02  0.168040702276D+00  0.189149452751D-01 -0.561884887673D-03
 -0.311157662493D-02  0.674518964861D-02  0.144000380343D-02  0.169516264569D-01
  0.117025015508D-02 -0.213235513886D-01  0.326269214465D-01 -0.175431258973D-02
 -0.603331736784D-02 -0.117237617062D-01 -0.605980900285D-03 -0.101991998368D-01
  0.690313489098D-02  0.101502331682D-01  0.522757570533D-02 -0.988513462362D-02
 -0.492827005759D-01  0.297397539648D-01 -0.602474941222D-02 -0.719435508726D-02
  0.634300445693D-02 -0.196800883439D-01  0.520207184551D-02  0.185172314186D-01
 -0.144080775493D-01 -0.107273005443D-01  0.791795920500D-02 -0.165021219183D-01
 -0.153673420019D-01  0.292831602963D-01  0.206824161816D-01  0.214643289775D-03
 -0.507029702861D-01 -0.306805028905D-01 -0.194695192719D-01 -0.621875995920D-01
  0.562685678603D-01 -0.457521045782D-02 -0.905760275472D-02  0.790768592541D-02
 -0.294986814546D-01 -0.601694970002D-02 -0.265746278371D-01  0.227667212122D-01
 -0.202755632140D-01 -0.142642873938D-01 -0.333748710855D-01  0.271169533238D-01
  0.131138295486D-03  0.536892214385D-02 -0.115698874952D-01 -0.111032290398D-02
  0.874161227520D-02  0.703962982507D-02  0.257900710463D-01  0.163403170516D-01
 -0.201517043441D-01 -0.122130518647D-01  0.226303579136D+00 -0.160898258298D-02
  0.107245511910D-01 -0.852968343093D-02 -0.647232808079D-02 -0.134138501696D-01
  0.127605346990D-02  0.404280529792D-02 -0.109584754239D-01  0.187714387072D-01
  0.196479718496D-01 -0.112021985234D-01  0.811730084158D-03  0.123158193566D-02
  0.614382389323D-03 -0.553848550573D-02  0.118401638059D-01 -0.693521232186D-03
  0.785151518598D-02  0.248843433811D-01 -0.169392407904D+00  0.753931703834D-01
  0.522426078996D-03  0.698184628522D-02 -0.956131439334D-02  0.233526972786D-02
 -0.208935019929D-01  0.609326303634D-02  0.282013683034D-01  0.936790172448D-02
  0.136293849142D-01 -0.891039653335D-02 -0.499095911160D-04  0.275834380013D-01
 -0.370557396114D-02 -0.244138329551D-02  0.159750255784D-01 -0.309124103872D-01
 -0.249573220925D-01 -0.131264426466D-01  0.250813423432D-01  0.379230349894D-02
  0.146495050985D-01 -0.116135981424D-01 -0.108891095905D-01 -0.134014801611D-01
  0.210853395953D-02 -0.231241182873D-01 -0.872419758114D-02 -0.237012120446D-01
  0.165864952449D-02  0.752684367604D-02  0.961587952330D-02  0.159634793261D-01
 -0.189271041078D-01  0.459417706557D-02 -0.932748254903D-02  0.244312398578D-02
 -0.274270713909D-01 -0.137865143578D-01 -0.177436098419D-01  0.372471154294D-01
  0.292469884087D+00  0.642275631879D-02  0.134727884171D-01 -0.127371636093D-01
  0.223462831629D-01  0.115249690027D-01  0.803613197695D-02  0.916497937102D-02
  0.174839347884D-01 -0.593412686474D-02 -0.109605823509D-01  0.205749724978D-02
  0.486808526723D-02  0.142477292544D-02  0.106611901115D-01 -0.137089459486D-01
  0.105014608404D-01  0.933077136429D-02 -0.106884459818D-01 -0.332614211236D-02
  0.715429328546D-01 -0.900563229538D-01 -0.106098860012D-01  0.129956046772D-01
 -0.105965252836D-01  0.904672828544D-03  0.422990391958D-02  0.105442923658D-02
  0.371901251201D-02 -0.123097364645D-01 -0.353440525912D-02  0.109446498657D-01
  0.112185266497D-01  0.274630122288D-01 -0.269245313645D-01  0.677585231313D-02
 -0.253230707441D-01 -0.534349987932D-01 -0.545651092730D-02  0.263967613589D-01
  0.515643468288D-01 -0.150943664261D-01 -0.565104737783D-02 -0.674742381813D-02
  0.107257744360D-01 -0.896929093279D-02 -0.374766440364D-02 -0.295512230742D-01
 -0.244731304498D-02  0.624176821795D-02  0.181274764591D-01 -0.806314544840D-02
 -0.207419896917D-01  0.124173030768D-01 -0.109949760246D-02  0.926455891501D-02
  0.675175764620D-02  0.762116231840D-02 -0.121098502406D-01 -0.544306689091D-01
 -0.358641659004D-02  0.572892110468D-01 -0.865211436112D-01  0.200935793686D+00
 -0.136458750340D-01  0.747875839158D-02 -0.687101562663D-02  0.772939033231D-02
  0.254065093052D-01 -0.988754647257D-02 -0.218792014016D-01  0.187333966981D-01
  0.374041061714D-01 -0.183517619650D-01  0.738401590829D-02  0.157094656994D-01
 -0.754426530965D-02 -0.198052787720D-02  0.285590075813D-02  0.306920288697D-02
 -0.234538485976D-01 -0.179429115264D-03 -0.708621317111D-01  0.238832791399D-01
  0.311284993749D-01  0.211824597875D-01 -0.244496867891D-01 -0.274689581022D-01
 -0.637550067536D-02 -0.137915772312D-01 -0.790695328184D-02 -0.295321661068D-01
  0.225582476351D-01  0.362439447374D-01 -0.900821441378D-02 -0.163577794736D-01
 -0.430449229651D-01  0.243308442747D-01 -0.483299533038D-02 -0.173960183493D-01
  0.347903518468D-03  0.198186079272D-01 -0.909363074314D-02 -0.158326023676D-01
  0.186534251820D-01  0.188573148442D-01 -0.212364291924D-01  0.363469657303D-02
  0.574845574997D-02 -0.389352393996D-01  0.471817689016D-01 -0.135959128909D-02
  0.374164030143D-01 -0.636826721645D-02  0.306648016450D-01 -0.238963716084D-01
  0.175209854701D-01  0.245406859950D-01  0.129669268701D-01 -0.119070374152D-01
  0.399715768746D-02 -0.656156143062D-02 -0.596993186093D-02 -0.943998015555D-02
 -0.824990757912D-01 -0.320323667108D-01 -0.314225461369D-01  0.246204259625D+00
  0.259125459230D-01  0.120099503312D-01 -0.125677200183D-01 -0.153470405114D-01
 -0.156025072804D-01 -0.999607659892D-02 -0.247817342355D-01  0.123537143537D-02
 -0.310063866676D-02 -0.526856236630D-02 -0.855622611070D-02 -0.115223843507D-01
  0.177650725366D-02 -0.115468991981D-01  0.197946371769D-01 -0.237835112842D-01
  0.102945040777D-01 -0.154381304728D-02  0.287823442035D-01 -0.142888693311D+00
 -0.735690171048D-01 -0.118411584121D-01 -0.325737624452D-01 -0.573821169913D-04
 -0.304454359993D-02 -0.310927130210D-02 -0.937001717451D-03  0.289945548861D-01
  0.134475252485D-01 -0.186900811843D-02  0.270972900253D-01  0.119465672753D-01
  0.558482373790D-01 -0.495843797789D-01 -0.171265266741D-01  0.430484941882D-02
  0.310312196365D-01 -0.316106498111D-02 -0.323206648802D-01 -0.210777106074D-01
 -0.965176745452D-02 -0.339498874563D-01  0.232087242113D-02 -0.114924057742D-01
  0.166947197310D-01 -0.265708732917D-02  0.882280641232D-02  0.121814973016D-01
  0.278420372002D-02  0.139212976973D-01 -0.413359550621D-02  0.649317796067D-02
  0.137715681765D-01 -0.103118884381D-01 -0.549857406409D-02  0.308411799219D-02
 -0.196800162866D-01  0.329187991267D-01 -0.256743063303D-01  0.377982098647D-02
 -0.850399705224D-02 -0.570697469436D-01 -0.289951755158D-01 -0.628580243626D-01
  0.261749621203D+00  0.698965400848D-02 -0.422752274925D-02  0.682531949682D-02
 -0.251434832507D-01 -0.692795904609D-02 -0.728565866500D-02 -0.106311133738D-01
 -0.986706895875D-03 -0.166333235390D-01  0.376948326239D-02 -0.884821601490D-02
 -0.100578964353D-01  0.163103114371D-01  0.104632988179D-01  0.265786927271D-03
  0.131361804204D-02  0.293889962059D-01 -0.370424652508D-02  0.215784266532D-01
 -0.641925760335D-01 -0.984292907034D-01 -0.118634999085D-01 -0.142983493992D-01
 -0.213864171014D-01 -0.184222110386D-01  0.581004057558D-02 -0.173224673476D-01
 -0.260914940501D-01  0.203000461596D-01 -0.106679014704D-01 -0.247918171594D-01
 -0.275623821679D-01 -0.502788528985D-01  0.400035011007D-01  0.171398483107D-01
  0.873728397331D-04  0.165166557723D-01 -0.254023799693D-01  0.222836088022D-01
 -0.625483313563D-01  0.546747555005D-02  0.664752306801D-01 -0.249112191065D-02
  0.426078772939D-02 -0.115937049505D-01  0.289958578495D-02 -0.872119655289D-02
  0.343667435422D-02 -0.951323654764D-03 -0.106882478185D-01 -0.120092458555D-01
  0.121382706020D-01  0.188456301949D-01  0.137660112501D-01  0.215680679432D-01
 -0.606790603509D-02  0.558006760374D-02  0.251585215014D-01 -0.125121022302D-01
 -0.672865375320D-02  0.981248435556D-03  0.188618420896D-01  0.210290840298D-02
 -0.781618701105D-01  0.111128657734D+00  0.231848543026D+00 -0.968150401915D-02
 -0.920372048988D-03 -0.145871473662D-01 -0.230993575583D-01  0.346936931213D-02
  0.607395449959D-02  0.148813547832D-02  0.928700137070D-02  0.173647179595D-01
  0.337506112236D-02  0.116921118131D-01 -0.376768431815D-02  0.397131041114D-03
 -0.421166396352D-02  0.513193722687D-02 -0.262338862751D-01 -0.185608758875D-01
 -0.115441285397D-01 -0.535993742304D-02 -0.588382860909D-02 -0.772830586626D-02
 -0.794815430467D-01  0.338217816244D-01  0.464790381802D-01 -0.294272627408D-01
  0.121519986874D-01  0.212834024251D-01  0.153849480811D-01  0.284643209330D-02
 -0.897446820603D-02 -0.101750998059D-01  0.162559365407D-01  0.539087032401D-03
  0.601952983923D-02  0.208591949653D-01  0.843469445586D-02  0.722376767345D-02
 -0.659448670972D-02 -0.345414603208D-01 -0.147395637107D-01  0.339635615018D-01
  0.937793122898D-02  0.142651565984D-02 -0.102631490721D-01  0.228993086196D-01
 -0.143542556210D-01  0.155449633071D-01  0.347127881874D-02 -0.153504403365D-01
 -0.337176006612D-02  0.888228639182D-02  0.543777857799D-01 -0.366770229053D-02
 -0.302394559332D-01  0.142333818113D-01  0.176323946390D-01 -0.186838817567D-01
 -0.846027672574D-02  0.143822555208D-01  0.136265929907D-01 -0.152545725815D-01
  0.629500484213D-02 -0.130217779735D-01 -0.214212909525D-01  0.103280155358D-01
  0.120836966747D-01  0.169495375727D+00 -0.257139514067D-02 -0.133146265221D-01
  0.509120953103D-02  0.108845543324D-01  0.318811614150D-02  0.549997840765D-02
  0.358978007902D-03  0.396392060951D-02  0.830292135199D-02 -0.102549259189D-02
  0.240808352657D-02  0.398771501263D-02  0.338956984096D-02 -0.375468132183D-03
 -0.595970085424D-02  0.844470840815D-02  0.123613942946D-01  0.479873345871D-02
 -0.141644509119D-01 -0.567985231295D-02 -0.164499331925D-01  0.376474619987D-01
 -0.117489545802D+00 -0.844206553057D-01  0.655307528812D-02 -0.274480108336D-01
 -0.324066113528D-02  0.272689230829D-01 -0.294276704833D-01 -0.173384681952D-01
  0.171093171443D-01 -0.407055984738D-02  0.311817639018D-02  0.447250269716D-02
  0.753372272717D-02 -0.834797242699D-02 -0.737104280341D-02  0.761375345166D-03
  0.242599814634D-01  0.560853508702D-02  0.586252994810D-02 -0.582759253070D-02
 -0.106487885820D-01  0.196123107722D-01  0.976680771262D-02 -0.684081848341D-02
 -0.998980967574D-02  0.460443259458D-02 -0.703630575468D-02  0.586390143266D-02
 -0.149256261262D-02 -0.747833938785D-02 -0.207655986481D-01  0.613668315243D-02
 -0.298989055150D-01  0.713562662739D-02  0.295331473963D-01  0.547001578994D-02
  0.458024988068D-01 -0.244804545289D-01  0.116116830174D-01  0.131457958606D-01
 -0.102808438280D-01 -0.169426064987D-01 -0.270986024854D-01 -0.155723301809D-01
 -0.621115029137D-01  0.235600102691D+00 -0.338472821749D-01 -0.235985205003D-02
 -0.748608718907D-02 -0.211006443649D-01 -0.978324759386D-02 -0.548387776578D-02
 -0.766913978837D-02 -0.226591600255D-02 -0.634419197767D-02  0.326286109221D-02
 -0.343969609262D-03 -0.625672080545D-02  0.398270570201D-02 -0.186600159227D-02
 -0.245691580181D-01  0.197970860573D-01 -0.139923537142D-01 -0.178373577706D-01
 -0.141329691105D-01 -0.570432514249D-02 -0.196968726686D-01  0.338173040655D-01
 -0.443285129955D-01 -0.105814096470D+00  0.379394222147D-01 -0.330630149756D-02
 -0.118516259034D-01 -0.482585124473D-02 -0.370836705997D-01  0.209622989176D-02
  0.982542822219D-02  0.579259639046D-02 -0.334435343148D-01 -0.191499533408D-01
  0.535709124661D-01  0.576778317586D-01  0.199895871241D-01  0.175478571611D-02
 -0.425101820080D-01 -0.429777336820D-02  0.143640935014D-01  0.128791188410D-01
  0.308775198756D-01 -0.123938049568D-01 -0.123585480222D-02  0.176749037658D-01
 -0.101838927277D-01 -0.397115687713D-02 -0.909832877644D-03 -0.206498956133D-02
 -0.293086640231D-02  0.145856349392D-01 -0.428999644024D-03  0.425728445004D-02
  0.302655774120D-01  0.106826456104D-02 -0.208551001450D-01 -0.259665003014D-01
 -0.285545921826D-01  0.167160235997D-01 -0.329714523840D-01  0.227406522811D-02
 -0.155187886136D-01 -0.391884404885D-02 -0.318648431595D-01  0.104674194275D-01
 -0.348610102642D-01  0.932275647291D-01  0.257993880378D+00  0.404768655593D-02
 -0.107347829342D-01  0.615910377437D-02 -0.163947959137D-01  0.371715826217D-02
 -0.134117135595D-01 -0.554650268653D-02 -0.111813248030D-01 -0.291676990824D-01
  0.117032489056D-01 -0.496351764687D-02 -0.569128698172D-02  0.153410497109D-01
  0.112146036327D-01 -0.410011580879D-02  0.248873606087D-01  0.256255688710D-01
 -0.510752625673D-02 -0.348075634582D-02 -0.375457205540D-02 -0.106323179692D-01
 -0.528138561309D-01  0.172617777483D-01 -0.179253520275D-01 -0.223062164377D-01
 -0.117914884647D-01  0.112382140914D-01 -0.500040321075D-01  0.280532167083D-01
 -0.725565997828D-02  0.126389647478D-02  0.393725128495D-01 -0.294497115842D-01
 -0.302570685374D-02  0.474837720088D-02 -0.288580920482D-01 -0.736712080867D-02
  0.292369441715D-01  0.172743330988D-01 -0.294741778775D-02 -0.982449743488D-02
  0.210967297195D-01  0.114352317192D-02  0.228915830893D-01 -0.283422062043D-01
  0.244787079577D-02  0.122882280360D-01  0.100606882996D-01  0.311821083735D-01
  0.261566656428D-02 -0.380951427815D-01 -0.375393105023D-01 -0.142303599508D-01
  0.236033763346D-01  0.235060975813D-01 -0.250764420964D-01  0.454054136723D-01
 -0.162640548472D-01 -0.568246641925D-01 -0.615518491286D-02 -0.372775183414D-01
 -0.255588032059D-01  0.584543587955D-02  0.528644154313D-01  0.742813600856D-02
  0.855616611346D-02 -0.411219010120D-01 -0.148630985371D-01  0.407393315349D-02
  0.189087157482D+00  0.144010976842D-01 -0.418080067883D-02 -0.885521773283D-02
 -0.119561827588D-02  0.292979693778D-02  0.281532659197D-02 -0.681145899456D-02
 -0.901416066775D-02 -0.181034985661D-01  0.204288810218D-02  0.431412303234D-02
  0.998570034871D-02 -0.867760570496D-02 -0.331606805018D-02  0.180521866313D-01
  0.754215854413D-02  0.686310224613D-02  0.606549649480D-02  0.555572617998D-02
  0.303368566311D-02 -0.109208484118D-01  0.135725526192D-01 -0.177069069455D+00
  0.810427127133D-01 -0.237445376967D-01 -0.116748969028D-01  0.604173923998D-02
  0.260640877917D-01 -0.445099818808D-02  0.454981775417D-01  0.137971013329D-01
 -0.427667118968D-02 -0.435202984438D-02 -0.503094320389D-02 -0.157069391016D-04
 -0.703272754145D-02 -0.671179276765D-02  0.133287559381D-01 -0.330118942729D-02
  0.931549861230D-02  0.343653079903D-03  0.749132504746D-02  0.438257955756D-03
  0.108525589003D-02 -0.811715076550D-03  0.851335527203D-03 -0.115013675709D-01
  0.269986334299D-02 -0.159141814506D-02  0.531587952928D-02 -0.588600258634D-02
  0.381018362870D-02  0.795680274479D-02  0.136844765104D-01 -0.151744727457D-01
 -0.172017712499D-01 -0.539884950915D-02  0.118076556208D-01  0.225375932714D-01
 -0.121650229471D-01 -0.113885556773D-01 -0.560501037659D-02  0.111997702772D-01
 -0.674949118205D-02  0.566274473503D-02 -0.455295176896D-03  0.128519721821D-01
 -0.452839074908D-01 -0.500848264252D-02 -0.302733335256D-01  0.272841754619D+00
  0.193501695666D-01  0.556509412177D-02  0.833221502877D-02 -0.289558160346D-02
 -0.164845021580D-02 -0.181494582534D-01  0.108856655898D-02  0.586918988856D-02
  0.751309691682D-02 -0.520691080493D-02  0.113548502836D-02  0.625752732749D-02
  0.240378245264D-02 -0.674082663577D-03 -0.428014941998D-03 -0.209198145803D-01
  0.513283713286D-03  0.912044211751D-02 -0.103099923123D-01  0.107932324136D-01
 -0.256039805730D-01  0.421096938492D-03  0.469034837878D-01 -0.987687747429D-01
  0.269820232037D-01 -0.286545527321D-01 -0.708958757744D-02  0.250963306833D-01
  0.140177591903D-01 -0.101861379097D-01 -0.176588707219D-01  0.225947443215D-01
  0.342032350715D-01 -0.526184506618D-02 -0.166281506808D-01 -0.243159050712D-01
  0.454389840552D-02  0.168418842307D-01  0.109254485048D-01  0.531356228344D-02
 -0.924752969954D-02 -0.300774038944D-01  0.933227447450D-03  0.864523493852D-02
  0.145893059231D-01 -0.156486887306D-01  0.211905329531D-01  0.288937584822D-01
  0.630305175794D-02 -0.105089242260D-01 -0.163368278804D-01 -0.985963270961D-03
 -0.166379301364D-01 -0.291639861528D-01 -0.115983243490D-01  0.164531828984D-01
  0.249792452722D-01 -0.296418287645D-01  0.199527751044D-01 -0.373431614725D-02
 -0.306346227298D-01 -0.456441179506D-02 -0.261565120497D-01  0.262590963701D-01
  0.191439451988D-01 -0.403445471224D-01 -0.936346701118D-03  0.670333044473D-02
 -0.258131076938D-01  0.226955797140D-01 -0.122254291524D+00  0.202325842938D+00
 -0.177502792452D-01  0.934673339549D-02  0.600087730435D-02 -0.189243304297D-01
  0.445191787966D-03  0.480924647682D-02 -0.374160132562D-01 -0.393094144567D-02
 -0.226600772305D-01 -0.109979297935D-01 -0.778000841794D-02 -0.684287747709D-02
 -0.725451160163D-02  0.161297361170D-01  0.622400551408D-02  0.388086570286D-02
  0.636317030164D-03  0.161574166136D-01 -0.303540547286D-01  0.186944688859D-01
  0.155014398357D-01 -0.259058627334D-01 -0.643256687300D-02  0.182255881086D-01
 -0.558418631569D-01  0.109742988543D-01 -0.331349201625D-01  0.346704446790D-01
  0.723377429167D-02 -0.216443577986D-02 -0.217026809414D-02 -0.631020022831D-02
 -0.452232309200D-02 -0.226537415859D-01  0.497812681288D-01  0.533024511987D-02
  0.534423933659D-02  0.731218367119D-02 -0.491928657675D-01  0.516504230067D-03
 -0.150651167966D-01  0.314510535228D-01  0.153158694063D-01 -0.188390762482D-01
 -0.207844257002D-01  0.389891279066D-01 -0.263214683633D-01 -0.165814353890D-01
 -0.448271141546D-02  0.155014464880D-02 -0.976039024461D-02 -0.232701423509D-01
  0.167644296525D-01  0.172497911420D-01 -0.411615216267D-01 -0.669482402117D-01
 -0.138499010862D-01 -0.209602559416D-03 -0.139901241861D-01 -0.223027033603D-01
 -0.133410315919D-01  0.105618316400D-01 -0.207563797653D-02 -0.274067286575D-01
  0.167423378727D-01  0.263830858109D-01 -0.351288541529D-02  0.567095168353D-02
  0.309373886477D-01 -0.426719605570D-02  0.976605467271D-02 -0.229204319493D-01
  0.199496833662D+00  0.123156470960D-01 -0.219154222890D-01 -0.868442353823D-02
  0.209001784559D-01  0.380163647805D-02 -0.785930443311D-02  0.637582129456D-02
 -0.111028803400D-01 -0.279257717117D-01  0.183976033960D-01 -0.164809033364D-01
 -0.913282237322D-02  0.129503814505D-01  0.407768939643D-02  0.151091850493D-01
  0.226691860758D-01  0.123875602857D-01  0.181456972934D-01  0.233411542324D-01
 -0.156240142368D-02 -0.210907090188D-01  0.301797154761D-02 -0.728280331047D-02
 -0.196994294201D-01 -0.819976744891D-02 -0.300884760161D+00  0.161214599274D+00
 -0.607116540583D-01  0.556475951457D-02 -0.206440770940D-01  0.613722223454D-02
  0.136693079340D-02 -0.106966133131D-01  0.460534696128D-01 -0.478514457330D-01
  0.161025340315D-01  0.214266261205D-01 -0.136514852243D-01 -0.178833782989D-02
 -0.386333500993D-01 -0.328726037161D-02  0.224849071238D-01 -0.153480117748D-02
  0.728336030098D-03 -0.404532981398D-01  0.324432551641D-01 -0.143466205991D-02
 -0.650029468334D-02 -0.151432474074D-01 -0.186325779590D-01  0.951325908832D-02
 -0.524164108005D-02 -0.909786133249D-02  0.326928360692D-01 -0.166176963044D-01
 -0.411522681293D-01  0.171889789198D-01  0.523027281242D-01  0.213031008854D-01
 -0.902076690169D-02  0.143290769498D-01  0.343267827743D-02 -0.350420626724D-01
  0.247193891613D-01 -0.142692192583D-01  0.369175556829D-02 -0.525809143382D-01
 -0.409440760997D-03 -0.947140648044D-02  0.309912981894D-01  0.271635246395D-02
 -0.519580708319D-02 -0.305562379573D-01  0.470358976054D+00 -0.610129543278D-02
 -0.309983398846D-03  0.479327911130D-02  0.528535805808D-02 -0.123611467484D-02
 -0.438889851749D-02  0.512584092285D-02  0.406126072275D-02 -0.232254349019D-01
  0.444347101797D-02  0.103986109908D-01 -0.745586303184D-02 -0.131268226590D-01
 -0.268894263202D-01  0.148493890740D-01 -0.431750053438D-02 -0.395388038654D-01
  0.247476287609D-01  0.386532112253D-02 -0.322002523565D-02 -0.188032040160D-01
  0.204441783484D-02  0.196023611908D-01 -0.151314712869D-01  0.222439478029D-02
  0.204969206271D+00 -0.960389776931D-01 -0.402461877499D-02 -0.150918332938D-01
  0.354807095208D-01  0.477252258840D-02  0.495810139253D-01  0.581391724018D-02
  0.642490100171D-03 -0.439257588902D-01 -0.722129921824D-02  0.161711792374D-01
  0.858837810442D-02 -0.309362358080D-01  0.300354920144D-01  0.800074498920D-02
 -0.284392244877D-01  0.102096087726D-01 -0.185804944367D-01 -0.203874208491D-01
  0.420755903585D-01  0.176134660043D-01 -0.113004384411D-01 -0.280592477895D-01
 -0.978042062988D-02  0.261546282073D-01  0.355035083530D-01 -0.260608889713D-01
 -0.291612194707D-02 -0.377963038563D-01 -0.273301812018D-01  0.113846499749D-01
 -0.101907027613D-01  0.728614217536D-01 -0.804057470558D-02  0.239301319194D-01
 -0.774052785259D-02 -0.367151504906D-01 -0.144742594306D-01 -0.133059367580D-02
 -0.482521610271D-01  0.681605644770D-02 -0.781178741279D-02 -0.302483131047D-01
 -0.228289255563D-01  0.301521062581D-01 -0.670863102988D-02  0.200909891699D-01
 -0.149311841840D+00  0.317718971181D+00  0.144372597368D-01  0.144985155024D-01
 -0.819414112908D-03  0.991487834394D-02  0.166484261848D-01 -0.156499630245D-01
  0.571844232339D-02  0.208152245926D-02  0.124683973382D-03  0.107353290356D-02
 -0.638553011950D-02 -0.276226817933D-02 -0.112663108946D-01 -0.433143052993D-03
  0.138894003188D-01 -0.288048272596D-01 -0.763444740180D-02  0.242549040932D-02
  0.114659085004D-02 -0.129894509050D-01 -0.192198149986D-01 -0.299519211951D-01
 -0.265949057026D-01 -0.192448639291D-01 -0.178698779131D+00 -0.512399870905D-01
 -0.133467713408D+00 -0.207584473644D-01  0.243714849873D-01 -0.129611015434D-01
 -0.331876818843D-01 -0.265389317545D-01  0.261431276621D-01  0.315872238867D-02
 -0.139181600233D-01  0.536560421961D-02  0.736656870647D-02  0.138161987180D-01
  0.471141291548D-02 -0.270853195375D-02 -0.188062132184D-01 -0.120886795043D-02
  0.104383585821D-01 -0.181486399027D-01 -0.156751012328D-01  0.113810558742D-01
  0.343528065768D-02  0.111086323801D-01 -0.241770952911D-02 -0.127434679028D-01
  0.432654846434D-03 -0.812663963899D-02  0.239763228720D-02 -0.126151524712D-01
 -0.292357269584D-01 -0.259800506244D-01 -0.145341689266D-01 -0.895205898531D-02
  0.131012671951D-01  0.200910973095D-01 -0.116419772527D-01 -0.448775712115D-02
 -0.321159389574D-02  0.145212729074D-01  0.199534043556D-01 -0.100371744290D-01
 -0.816590211874D-02 -0.113057261208D-01 -0.259767554501D-01 -0.135190551083D-01
  0.916258838786D-02  0.829787605071D-02  0.564019608227D-02  0.380258241833D-02
 -0.590493163805D-02  0.285769830282D+00 -0.579225369412D-03 -0.554753846823D-02
  0.112193694104D-01 -0.347286828986D-02 -0.396630640906D-02  0.594722942452D-02
 -0.196340239142D-02 -0.613833482876D-02  0.337492604399D-02  0.158274814841D-02
 -0.761389600035D-02  0.102324101144D-01  0.405992657336D-02  0.415351947696D-02
 -0.142829287945D-01  0.331733737144D-02  0.212851584546D-02 -0.369436592261D-01
 -0.478187605782D-02 -0.102661392949D-01  0.168784368983D-01  0.404162275944D-02
 -0.248229243785D-01  0.750778015093D-02 -0.636852147507D-01 -0.315742105437D-01
 -0.300829641196D-01 -0.284462236152D-01 -0.193729889811D-01 -0.137991455278D-01
  0.136767814824D-01  0.127144606603D-01 -0.638541185411D-02  0.451883412362D-02
 -0.167298174216D-01  0.311306346215D-01 -0.173714037141D-01 -0.309403091071D-01
 -0.115004706214D-01 -0.109365967335D-01 -0.159252947879D-01 -0.113142493001D-01
  0.366524718749D-01 -0.953972406059D-02  0.944851361088D-02 -0.122681285236D-02
 -0.507174983773D-02  0.131586419221D-01  0.185384050451D-01 -0.930539680158D-02
 -0.302036639994D-01  0.268618417190D-01 -0.202165783349D-01 -0.232369383496D-01
  0.965539764046D-01  0.766608426419D-01 -0.595980005107D-02 -0.382975619913D-01
 -0.209011809041D-01  0.439350201880D-01  0.238262850261D-01 -0.621750115628D-02
  0.739498359571D-02 -0.142880944795D-01 -0.838107154206D-02  0.718626186077D-02
  0.150718867395D-01 -0.366394806577D-01  0.452708563771D-01  0.197188218208D-01
 -0.271646561260D-01 -0.743828011904D-02 -0.526883302892D-01  0.142589767082D-01
 -0.768840068836D-02  0.331471923277D-01  0.220668741009D+00  0.309804966139D-01
 -0.905429606616D-02 -0.114331978302D-01 -0.347619710878D-02  0.840304379927D-02
 -0.293408796067D-01  0.142565626664D-02 -0.360047977106D-02 -0.722420603698D-02
  0.673411800547D-02 -0.150090445268D-01 -0.317386010073D-02  0.949378828353D-02
  0.123135925850D-01  0.730209454121D-02  0.104959332870D-01  0.207670584473D-01
  0.466932481712D-02  0.272093312902D-02 -0.751694014956D-02 -0.198908629608D-01
  0.795844451136D-02 -0.849591794868D-02  0.560484327367D-02 -0.204498374319D+00
 -0.518589093372D-01 -0.226781719671D+00 -0.135241472493D-01  0.187382734363D-01
 -0.892902131630D-02  0.503336958075D-02 -0.358451986615D-02  0.442372010455D-02
 -0.175077697775D-02 -0.118009794164D-01  0.932683045783D-02 -0.762944756666D-02
  0.108291432859D-01  0.914385826379D-02 -0.135122824837D-01  0.247231717487D-02
  0.256907533309D-01 -0.133188950632D-01  0.115201957888D-01 -0.494624326785D-02
 -0.148932183590D-01 -0.226389298992D-02  0.179710854386D-01  0.280737199477D-03
  0.683840958378D-03 -0.582321963651D-02 -0.398233318613D-02  0.721205255807D-02
  0.117360104341D-01 -0.590792287909D-02 -0.100552541030D-01  0.873566588208D-02
  0.235654718841D-01 -0.142559761391D-01 -0.121829529600D-01 -0.333388494550D-01
 -0.135537326982D-01  0.814378198695D-04  0.413534686378D-01  0.163209796781D-01
  0.156374005101D-01 -0.123502309190D-01  0.552222304000D-02 -0.198468219875D-02
  0.371161710465D-01  0.858027576877D-02  0.338871379038D-02 -0.221518403311D-01
  0.491555010594D-01 -0.821464250887D-01  0.190083372308D+00  0.557360327482D-02
  0.300487581299D+00 -0.185257981847D-01  0.199264559970D-01 -0.214068308372D-01
 -0.196106514344D-01  0.116542040625D-01  0.149340898127D-01 -0.357121363802D-03
  0.131278873030D-01  0.199336286285D-01 -0.124232923191D-01  0.819446802805D-02
  0.265321779490D-02 -0.920857233904D-02 -0.573745414674D-02 -0.415341908103D-02
 -0.205559485291D-01 -0.279032457157D-01  0.579030633015D-02  0.552839228403D-03
  0.478840257522D-03  0.106129762699D-01  0.187519469912D-01 -0.215334945115D-01
 -0.162377310613D-02  0.219913683384D-01 -0.455684128912D-01 -0.522280469466D-02
 -0.516544017757D-02  0.401638752761D-01  0.125512533633D-01 -0.472134044742D-01
  0.309362302457D-01 -0.409001999458D-02 -0.535414033997D-02  0.166935718608D-01
 -0.493892426894D-01 -0.631181300986D-02 -0.121537729272D-01 -0.418249769970D-02
 -0.453947997020D-02  0.319512135176D-01  0.214934826746D-01 -0.347808665342D-01
 -0.645593707220D-02  0.106258652414D-02 -0.257402432658D-01  0.316272940597D-01
 -0.362709698259D-02  0.119091934891D-03  0.182586221660D-01  0.218831318157D-01
  0.114995878435D-01  0.338044642338D-02 -0.242101715122D-01  0.626939977555D-02
 -0.885534841607D-02 -0.183857015164D-01 -0.329092148989D-01 -0.491051356170D-01
 -0.353166822190D-02  0.901477278376D-02  0.207867999439D-01  0.217387956891D-01
  0.160814931717D-01  0.121788303948D-01 -0.326162948392D-02  0.309088723136D-01
 -0.958662007566D-02 -0.599541845223D-02 -0.110436937761D-01 -0.147573354071D-01
  0.209322955713D-01  0.158072652805D-01 -0.709964192836D-01 -0.231849408298D-01
  0.511439566678D-02 -0.213440141024D-01 -0.173719012302D-01  0.146996331075D+00
 -0.129782227610D-02  0.139865965616D-01 -0.384204744909D-01  0.193112474286D-01
 -0.372101491274D-01 -0.113246820455D-01 -0.572609626062D-02 -0.163388263673D-01
  0.217531499025D-02 -0.233609589163D-01 -0.229897629208D-01  0.288774002962D-02
 -0.166236206129D-01 -0.261618515614D-01  0.131588984035D-01 -0.458545953895D-01
 -0.652731360373D-02 -0.253330502768D-01  0.899070611624D-03  0.104585770266D-02
 -0.351808980047D-02  0.142299502577D-01 -0.108061116707D-01 -0.686754396979D-02
  0.411132576902D-02 -0.335711708857D-03  0.278951958246D-01  0.481208277239D-01
 -0.296316259418D+00 -0.138920486011D+00  0.459820060976D-01 -0.484233457543D-01
  0.596867931166D-01 -0.478029842928D-01 -0.208106622502D-01  0.436276383842D-01
 -0.248470309077D-01 -0.527658214955D-01 -0.427535677791D-01  0.314654420114D-01
 -0.569055158000D-01 -0.395490041383D-01  0.137949692145D-01 -0.453336128619D-01
  0.110709074350D-01  0.143455471763D-02 -0.194420782959D-01  0.162138966789D-01
  0.303010798477D-01  0.125351339880D-01  0.269744418013D-01 -0.733912769532D-01
  0.480749747005D-01  0.186651804046D-01  0.276856575198D-01  0.345222991473D-02
 -0.351100023786D-01  0.214505444403D-02  0.442081350550D-02 -0.944561481898D-02
  0.257488610467D-01 -0.173230556632D-03  0.255712878996D-02  0.225901141756D-01
  0.246721575726D-01 -0.252606083473D-01 -0.592997338626D-01 -0.621694623514D-02
 -0.116615466515D-01 -0.373216004754D-01 -0.283101203235D-01  0.130128309212D-01
  0.240120003995D-01  0.128018422582D-02 -0.202887193241D-01  0.444283915860D-01
  0.269100457797D-01 -0.270198592694D-01  0.231222478430D-01  0.551435862820D+00
  0.432287169861D-02  0.640199005402D-01 -0.553126426050D-01  0.105026006604D-01
 -0.356717918591D-01 -0.217802251880D-01 -0.169682292577D-01 -0.618971126770D-02
 -0.279977070296D-02 -0.300489711895D-01 -0.471079572732D-02 -0.803268888476D-03
 -0.200926382429D-02 -0.923800766096D-02  0.184982490637D-01 -0.292488655439D-01
 -0.220974206800D-01  0.820653798088D-03 -0.179920634161D-01  0.453987350670D-02
 -0.139843808304D-01 -0.105453398534D-02 -0.559007254550D-02 -0.771720628853D-02
 -0.195960482964D-02  0.153793856021D-01  0.380004823319D-01  0.706509647119D-01
 -0.304042203592D+00 -0.277896758772D+00  0.109092857151D+00  0.485409419370D-01
  0.100554777569D+00 -0.108525921542D+00  0.878694571356D-02  0.665615477241D-01
 -0.490841035905D-01 -0.168475884323D-01 -0.109842107484D+00  0.111906804674D+00
  0.205105822414D-01 -0.601389794282D-01  0.419447947885D-02 -0.362817263197D-01
  0.298185089637D-01  0.947586890781D-03 -0.434970770079D-01  0.161705692623D-02
 -0.159925672130D-01  0.249934931539D-01  0.531322741819D-01  0.102328487870D-01
  0.544506764200D-01 -0.162286281972D-01  0.169764057063D-01 -0.839082520125D-03
 -0.326553251652D-01  0.507398466562D-01 -0.345950697756D-01 -0.587078785414D-01
 -0.301316168289D-01  0.186153438896D-01  0.112261468136D-01 -0.549441003402D-02
  0.406728277582D-01 -0.463547910974D-01  0.771389838165D-02  0.104309968493D-01
  0.369637730336D-02 -0.126981767049D-01 -0.844197164690D-02  0.224015417834D-01
  0.336647721427D-01  0.137996483818D-01  0.710637706514D-02 -0.150473688643D-01
 -0.318353787188D-01  0.380032749320D-02  0.516086385687D-01  0.235476191070D+00
  0.471704419909D+00  0.976657320859D-02 -0.219128812417D-01  0.405004404486D-01
  0.143091581921D-01  0.367165467712D-01 -0.328532200824D-02 -0.177765969094D-01
 -0.325741648289D-02  0.128659533694D-01 -0.107819076316D-01  0.100602024294D-01
  0.529743567010D-02 -0.840271706218D-02  0.100101223878D-01  0.549665910675D-02
 -0.190271546113D-01  0.162745769960D-01 -0.436811850437D-01 -0.120964064299D-02
  0.100360076258D-01  0.133273318466D-01 -0.163274880901D-01  0.821936582824D-02
  0.787130672207D-04 -0.135998502098D-01 -0.518463141591D-01 -0.317050172601D-01
 -0.365615529403D+00  0.705494301116D-01 -0.230094573366D+00 -0.697208887805D-01
 -0.386670695133D-01 -0.818269292206D-01  0.786727233292D-01  0.661789673408D-01
 -0.661850780441D-01  0.383122168098D-01  0.211850738919D-01  0.103483101616D+00
 -0.115812594880D+00  0.241469067472D-02  0.704714180254D-01  0.292648232032D-02
  0.598667085788D-01  0.346175012608D-02 -0.140442822936D-01  0.307088992421D-01
  0.597554109977D-02  0.179646788839D-01 -0.152049576850D-01 -0.409876131876D-01
 -0.306655278138D-01 -0.358225782740D-01  0.175235678605D-01 -0.281331210080D-01
 -0.145064759566D-01  0.970887793266D-01 -0.143121199414D-01  0.916543603138D-01
 -0.810467018546D-02  0.931191542993D-03 -0.325661149662D-01 -0.190380796433D-01
 -0.217261558029D-01 -0.204959157201D-01  0.581447765840D-01  0.215091748154D-01
  0.573548169384D-01 -0.214059251008D-01 -0.325552803760D-01 -0.887259551517D-02
  0.399866458014D-02  0.272593280123D-01 -0.519578623688D-01 -0.432268234352D-01
  0.117544646262D-01 -0.424865067796D-01  0.464456374939D-03 -0.293676837860D-01
 -0.438570807473D-01 -0.146298878684D+00  0.585672547502D+00 -0.683066241217D-03
  0.448873285791D-02  0.209142348604D-01  0.232177984277D-01  0.261369126457D-02
  0.249736385878D-02  0.235997079354D-01  0.577035359785D-02  0.632004426831D-02
  0.746799554732D-02 -0.419152264980D-02 -0.400478983102D-02  0.816396119777D-02
 -0.417145085924D-02 -0.164156396861D-01 -0.267914606169D-02 -0.347324671090D-02
  0.148504352208D-01  0.160945489690D-01  0.853284357717D-02  0.272718595965D-02
  0.863575309966D-02 -0.411637615821D-02  0.538035994107D-02  0.594591583235D-02
 -0.172286499696D-01  0.159900981902D-01  0.594519917303D-01 -0.597802630195D-01
  0.249160954883D-01 -0.266026771528D-01 -0.189605569013D-01  0.442594402868D-01
 -0.366859908835D-01  0.209537778285D-01  0.785257022034D-02  0.163715109647D-01
  0.323274116606D-01 -0.852510798445D-02  0.184104001305D-01 -0.107786730733D-01
 -0.290597641720D-01 -0.191709669105D-02 -0.113560856110D-01 -0.142564608831D-01
  0.142247468889D-01 -0.911186887373D-02 -0.113577634123D-01 -0.220719701928D-01
  0.146001146400D-01 -0.381849310606D-02 -0.102750909094D-01  0.855377842719D-02
 -0.191727707860D-01 -0.409820504097D-01 -0.287066386366D-01 -0.526210013325D-01
 -0.828018934766D-02 -0.810197978627D-01  0.370420753648D-01 -0.741550987212D-02
  0.220438118780D-01  0.372135657996D-01 -0.175809594438D-01  0.758383893381D-02
 -0.208208621792D-01 -0.898789091313D-02 -0.190298588956D-01  0.153435698345D-01
  0.123459217023D-02  0.135705058414D-03 -0.588357827977D-02  0.432405882851D-01
 -0.322617894227D-01 -0.196927684978D-01  0.363619238731D-01 -0.411600024790D-01
 -0.222985733767D-04  0.115162027875D-01  0.725346318005D-02 -0.338909309519D-03
 -0.109775999721D+00  0.210489258219D+00 -0.360190902386D-01 -0.106366788291D-01
  0.894575138234D-02  0.199035554179D-01  0.402298623660D-01 -0.950936918248D-02
 -0.747754453563D-02  0.204504873272D-02 -0.249692214202D-01  0.117982837025D-01
  0.116319771940D-01 -0.175982874845D-01 -0.868819172445D-02 -0.705418026359D-02
 -0.878838600218D-02 -0.326075462397D-01 -0.276666955637D-01 -0.430752696984D-01
  0.186723476052D-01  0.296584698571D-02  0.930978764221D-02  0.168255419587D-01
 -0.141027261145D-01  0.661834244092D-02  0.197107387235D-02 -0.508241762924D-02
 -0.261977348774D-01 -0.288891824072D+00  0.569830028420D-01 -0.220894205557D+00
 -0.114744800867D+00  0.580655546892D-01 -0.718155486873D-01  0.574869441058D-01
  0.366767430476D-01 -0.769992487687D-01  0.565012983735D-01  0.209120343904D-01
  0.710340042377D-01 -0.103954249438D+00  0.157706748485D-01  0.668168330082D-01
  0.199228773604D-01  0.367221111921D-01 -0.712987796981D-01  0.498395330201D-01
  0.610935868211D-01 -0.272482906353D-02  0.219497868169D-02 -0.217992857382D-01
 -0.430695844820D-01 -0.151727730972D-01 -0.606882203950D-01  0.222019770334D-02
 -0.749577443460D-02 -0.696031712140D-01  0.977406787083D-01 -0.475518791583D-01
  0.979012767850D-03  0.395297596190D-01  0.437926909610D-01 -0.238236097032D-01
 -0.899970031376D-02 -0.864292180926D-02 -0.221204657049D-01  0.222728151711D-01
  0.105801683135D-02 -0.197609393308D-01  0.180674090792D-01  0.465939665586D-01
 -0.303220141337D-01 -0.100531821162D-01  0.169183661376D-01  0.234180646743D-01
  0.303062955093D-01  0.256629016614D-01  0.124126238763D-01 -0.141423767815D-01
 -0.155572867111D-01 -0.379289085477D-01 -0.124716777737D+00  0.297661506077D+00
 -0.293168312604D-01  0.401990627369D+00
$end
