$hessian (projected)
 1  1   0.4814797620   0.0399077486  -0.0331018016  -0.1226608732   0.0355646936
 1  2   0.0147842045  -0.0232274424   0.0127183407   0.0099750700   0.0016331746
 1  3   0.0023067591   0.0000022109  -0.0017112474  -0.0009086753   0.0017338050
 1  4  -0.0241916776   0.0168051180  -0.0106080372  -0.1221054147   0.0116529479
 1  5  -0.0315787698   0.0148828349  -0.0016208512  -0.0120835632  -0.0156665399
 1  6   0.0105382510  -0.0275697487  -0.1201013216  -0.0462162274   0.1101851257
 1  7  -0.0799428563  -0.0805490209  -0.0226383365   0.0079691668  -0.0037811315
 1  8   0.0004334545  -0.0000356381   0.0006046577   0.0003735625   0.0018729013
 1  9   0.0008032878   0.0010856243   0.0013372899  -0.0011166541   0.0007098280
 1 10   0.0003566039  -0.0007692256  -0.0004206647   0.0001112778   0.0040599819
 1 11  -0.0012819635
 2  1   0.0399077486   0.5470024368   0.0083667430   0.0378838230  -0.1222723827
 2  2  -0.0148785435  -0.0019484316   0.0098896363  -0.0058580813  -0.0010627819
 2  3  -0.0028385990   0.0014732560  -0.0018874649  -0.0000903755   0.0032749261
 2  4   0.0063179606  -0.0007669168   0.0031793835   0.0064961732  -0.0919182723
 2  5   0.0070912952  -0.0091395699   0.0073309293  -0.0348204600   0.0218656177
 2  6   0.0010376263   0.0234577681  -0.0446125370  -0.0701566697   0.0665184199
 2  7  -0.0820265751  -0.2594432382  -0.0516978426   0.0250917256  -0.0188017264
 2  8  -0.0060018468  -0.0000256416   0.0005441268   0.0007912625  -0.0024146522
 2  9   0.0023714631  -0.0002466448   0.0000900011  -0.0005369831  -0.0002248653
 2 10   0.0006695356   0.0011227069   0.0003301690   0.0047950690  -0.0024737619
 2 11  -0.0007549391
 3  1  -0.0331018016   0.0083667430   0.5019009550   0.0222299598  -0.0182927921
 3  2  -0.0798068212   0.0203482480  -0.0159784543  -0.0036830224  -0.0002769716
 3  3  -0.0008211627  -0.0005374409   0.0031681402   0.0010776308  -0.0036198786
 3  4  -0.0337489659   0.0224021100  -0.0060263886  -0.0380486624   0.0134960560
 3  5  -0.1255131202  -0.0193570214  -0.0210234559  -0.0336386853  -0.0102965347
 3  6   0.0043054379   0.0017613409   0.1046941663   0.0652787674  -0.1978629998
 3  7  -0.0232464958  -0.0527083215  -0.0565203837   0.0065258183  -0.0040481997
 3  8  -0.0002226108   0.0001628526  -0.0004111420  -0.0012761399   0.0016750889
 3  9   0.0014496706   0.0014318916  -0.0013907362  -0.0004378859   0.0014293478
 3 10   0.0000398780   0.0005502602  -0.0008317513   0.0006230375  -0.0032052619
 3 11   0.0030157073
 4  1  -0.1226608732   0.0378838230   0.0222299598   0.4612858567   0.0621937607
 4  2  -0.0067212399  -0.1234246596  -0.0158372940   0.0407872972   0.0061821298
 4  3  -0.0122997500   0.0144621975  -0.0079292601  -0.0024481058   0.0212846484
 4  4  -0.1072481829  -0.0122184451  -0.0853521269  -0.0188407336   0.0077188133
 4  5  -0.0080658118   0.0005670503   0.0027115407   0.0042825459   0.0011963556
 4  6  -0.0010650203  -0.0000162767  -0.0168767652   0.0156697454   0.0028547643
 4  7   0.0087790287  -0.0062120917  -0.0020669898  -0.0793556256  -0.0836682970
 4  8  -0.0188758495   0.0028080535   0.0010632043   0.0039767428  -0.0111913570
 4  9   0.0062682033  -0.0078876420   0.0066178228  -0.0004372188   0.0186329449
 4 10  -0.0005222159   0.0003419074   0.0002011645   0.0006133757   0.0003352246
 4 11   0.0002736713
 5  1   0.0355646936  -0.1222723827  -0.0182927921   0.0621937607   0.6045133989
 5  2   0.0448956507  -0.0230224012  -0.0812523365   0.0148016365  -0.0259791943
 5  3  -0.0278949543   0.0299962098   0.0180235886   0.0052869289  -0.0213164006
 5  4  -0.0074525481  -0.0922532542   0.0303881064   0.0036984329   0.0027383690
 5  5   0.0143261603   0.0003787232  -0.0045849052  -0.0036346389  -0.0017186283
 5  6   0.0013881446  -0.0033818975  -0.0083023793   0.0056841964   0.0015583612
 5  7   0.0258971720  -0.0218310085  -0.0041972341  -0.0771875775  -0.2693710284
 5  8  -0.0627422354   0.0025198992  -0.0031027701  -0.0050944203  -0.0197000225
 5  9   0.0039911864  -0.0308464753   0.0157499799  -0.0017261538   0.0141510269
 5 10  -0.0005861141  -0.0003999666  -0.0001152410  -0.0000773847   0.0010865361
 5 11  -0.0004958165
 6  1   0.0147842045  -0.0148785435  -0.0798068212  -0.0067212399   0.0448956507
 6  2   0.4751770790   0.0481289064   0.0145469006  -0.1218772831   0.0065465110
 6  3   0.0066667730   0.0096873526   0.0186642285   0.0017703281  -0.0148478440
 6  4  -0.0305853306   0.0096780381  -0.1588965046  -0.0221699378   0.0208840152
 6  5   0.0051443171   0.0010281963   0.0002129015  -0.0003552350  -0.0028629613
 6  6  -0.0009551045  -0.0048385923   0.0199939234  -0.0169190194  -0.0048606493
 6  7   0.0058638106  -0.0065829214  -0.0018596990  -0.0192476231  -0.0636961264
 6  8  -0.0659796171   0.0020173203  -0.0023368089   0.0023633177  -0.0121987615
 6  9   0.0027712148  -0.0135916319  -0.0219749954   0.0027323607  -0.0251412713
 6 10  -0.0000052913   0.0000689473  -0.0003666069  -0.0012609601   0.0011413944
 6 11   0.0000496892
 7  1  -0.0232274424  -0.0019484316   0.0203482480  -0.1234246596  -0.0230224012
 7  2   0.0481289064   0.4185991085   0.1138109196  -0.1963352557  -0.1373335779
 7  3  -0.1556796896   0.0463015211  -0.1225243089   0.0329970954   0.0703376980
 7  4   0.0134766450   0.0108625956  -0.0154509975  -0.0045880566   0.0039692168
 7  5   0.0011342761   0.0028884397  -0.0014205690   0.0000488125   0.0019628458
 7  6  -0.0018792251   0.0005849595  -0.0020102923   0.0020628768  -0.0008292467
 7  7   0.0011485721  -0.0015381436  -0.0004747332  -0.0060843350  -0.0030734725
 7  8   0.0074727461  -0.0172251597   0.0260874115   0.0279361226   0.0013872327
 7  9   0.0000180763  -0.0019301295  -0.0029250537  -0.0013117765  -0.0072097366
 7 10  -0.0001263584   0.0001059433   0.0000425542   0.0000064008  -0.0000404261
 7 11  -0.0001057454
 8  1   0.0127183407   0.0098896363  -0.0159784543  -0.0158372940  -0.0812523365
 8  2   0.0145469006   0.1138109196   0.9239916100  -0.0434008734  -0.1454033623
 8  3  -0.6578909558   0.0884279350   0.0487790594  -0.1895423479  -0.0718558867
 8  4   0.0000565115  -0.0046748557   0.0077417586   0.0013227401   0.0040094315
 8  5   0.0004239887   0.0007990210  -0.0029958859  -0.0008970934   0.0005200787
 8  6  -0.0027465827   0.0008838779   0.0034912875  -0.0045735076  -0.0006907339
 8  7   0.0015809354  -0.0025169590  -0.0029151185  -0.0195150736  -0.0131478366
 8  8   0.0228853734  -0.0047826042   0.0204416659   0.0076243417   0.0011684158
 8  9   0.0010153894  -0.0053452954   0.0001302529  -0.0003121732  -0.0010031430
 8 10   0.0007506665   0.0002440182  -0.0005028056   0.0004101051   0.0000616896
 8 11   0.0000552286
 9  1   0.0099750700  -0.0058580813  -0.0036830224   0.0407872972   0.0148016365
 9  2  -0.1218772831  -0.1963352557  -0.0434008734   0.4529148133   0.0483833339
 9  3   0.0996538095  -0.1180581012   0.0739317079  -0.0531344961  -0.1542682229
 9  4   0.0082875611   0.0156034641  -0.0372995658   0.0023215698   0.0022869328
 9  5   0.0083230321   0.0004659063  -0.0011701223  -0.0055833097  -0.0011880650
 9  6  -0.0001729362  -0.0022972404  -0.0013257415   0.0016748160   0.0006094097
 9  7   0.0000144379   0.0013378378   0.0000416730  -0.0080738293  -0.0033551985
 9  8   0.0103896739   0.0241645006  -0.0280275444  -0.0266544103   0.0007118291
 9  9  -0.0004421991   0.0001553398  -0.0020932295   0.0005119108  -0.0030458210
 9 10   0.0002173826  -0.0005666578   0.0002633433  -0.0002444754   0.0002577016
 9 11   0.0000696918
10  1   0.0016331746  -0.0010627819  -0.0002769716   0.0061821298  -0.0259791943
10  2   0.0065465110  -0.1373335779  -0.1454033623   0.0483833339   0.1018063769
10  3   0.1616379448  -0.0569475341   0.0324491251   0.0204282747  -0.0000597340
10  4  -0.0014863849  -0.0030974287   0.0031977199   0.0018410186  -0.0009041912
10  5   0.0008697796  -0.0011287225   0.0001683189  -0.0003441910  -0.0009060324
10  6   0.0004992346  -0.0003501943  -0.0000440927  -0.0007357650  -0.0000395206
10  7  -0.0008381053  -0.0006953541  -0.0002492674  -0.0019351769  -0.0021350160
10  8   0.0034889588  -0.0007184756  -0.0036225980  -0.0067412881  -0.0008704190
10  9   0.0000700449   0.0009481847   0.0011218132   0.0009662421   0.0015750727
10 10   0.0001639310  -0.0001561372  -0.0000531163   0.0000634180   0.0000217686
10 11   0.0000522569
11  1   0.0023067591  -0.0028385990  -0.0008211627  -0.0122997500  -0.0278949543
11  2   0.0066667730  -0.1556796896  -0.6578909558   0.0996538095   0.1616379448
11  3   0.7843064797  -0.0852608524   0.0138285068  -0.0994681204  -0.0330597211
11  4  -0.0017764836   0.0003680494  -0.0001607270  -0.0000186307  -0.0025418139
11  5  -0.0003522828  -0.0004289902   0.0020573134   0.0004368240  -0.0006302493
11  6   0.0018871089  -0.0006807376   0.0002013283   0.0016244054  -0.0000070287
11  7  -0.0009002208   0.0022914285   0.0013493855  -0.0019400784   0.0003467999
11  8   0.0033713428  -0.0042115133  -0.0030115469   0.0054034056  -0.0000176362
11  9  -0.0003017434   0.0020957771   0.0007042931   0.0013178858   0.0010504270
11 10  -0.0004605435  -0.0002040341   0.0002908947  -0.0003150466  -0.0000477033
11 11   0.0000238730
12  1   0.0000022109   0.0014732560  -0.0005374409   0.0144621975   0.0299962098
12  2   0.0096873526   0.0463015211   0.0884279350  -0.1180581012  -0.0569475341
12  3  -0.0852608524   0.0844866177  -0.0008710222  -0.0405603544   0.0251871006
12  4  -0.0003418735  -0.0005197214   0.0019267796  -0.0009870351   0.0001428336
12  5  -0.0036567381  -0.0002333676  -0.0001428398   0.0026049153   0.0004693224
12  6  -0.0004713567   0.0010636614   0.0005093621  -0.0001393161   0.0001458689
12  7   0.0000328961   0.0006210863  -0.0001564539   0.0044369560   0.0022903969
12  8  -0.0058377533  -0.0070208604   0.0045230928   0.0021880122  -0.0002228696
12  9  -0.0004814092   0.0009642080   0.0001923510  -0.0001240890   0.0002868334
12 10  -0.0000277403   0.0002470822  -0.0002185340   0.0002454857  -0.0000219538
12 11  -0.0000763286
13  1  -0.0017112474  -0.0018874649   0.0031681402  -0.0079292601   0.0180235886
13  2   0.0186642285  -0.1225243089   0.0487790594   0.0739317079   0.0324491251
13  3   0.0138285068  -0.0008710222   0.2964308539   0.0555446712  -0.2836984959
13  4  -0.0000517426  -0.0017684155   0.0020044218   0.0013453860  -0.0007548738
13  5   0.0011170191  -0.0011276844   0.0001105967  -0.0004564839  -0.0008531660
13  6   0.0006479445  -0.0004037436  -0.0012989523   0.0006961694   0.0003786445
13  7   0.0003207354   0.0001679000  -0.0001396176   0.0003197107   0.0014120772
13  8   0.0001215615  -0.1954456635  -0.1354653720   0.1848215864  -0.0003578305
13  9   0.0000961051   0.0001809566   0.0002101270   0.0006383554   0.0011800380
13 10   0.0001551646  -0.0001271535  -0.0000201641   0.0000687530   0.0000583054
13 11   0.0000212228
14  1  -0.0009086753  -0.0000903755   0.0010776308  -0.0024481058   0.0052869289
14  2   0.0017703281   0.0329970954  -0.1895423479  -0.0531344961   0.0204282747
14  3  -0.0994681204  -0.0405603544   0.0555446712   0.4099102697  -0.0143867167
14  4  -0.0000768720   0.0018372935  -0.0000915730  -0.0009436915  -0.0014013525
14  5  -0.0014447314   0.0000646481   0.0012349149   0.0011758688   0.0002591066
14  6   0.0007802154   0.0000845882   0.0000470722   0.0004891182  -0.0000093941
14  7  -0.0007860959   0.0006307305   0.0009434457   0.0009009169   0.0016437134
14  8  -0.0004770862  -0.1045798934  -0.1306030327   0.1041843008  -0.0000744858
14  9  -0.0002389941   0.0009255778   0.0000824823  -0.0003845004  -0.0001883741
14 10  -0.0003467360   0.0000000074   0.0001486597  -0.0001597116  -0.0000844683
14 11  -0.0000176740
15  1   0.0017338050   0.0032749261  -0.0036198786   0.0212846484  -0.0213164006
15  2  -0.0148478440   0.0703376980  -0.0718558867  -0.1542682229  -0.0000597340
15  3  -0.0330597211   0.0251871006  -0.2836984959  -0.0143867167   0.3639355435
15  4   0.0003159954   0.0006675291  -0.0009159557  -0.0018456313  -0.0018184957
15  5  -0.0041863168  -0.0000469965   0.0014459053   0.0030601273   0.0006062721
15  6   0.0005042909   0.0010798816   0.0016262271  -0.0010191333  -0.0002230433
15  7  -0.0003427196  -0.0000796605   0.0004612786   0.0007413066  -0.0009790566
15  8  -0.0011729628   0.1890390666   0.1391784151  -0.2136033880   0.0003228467
15  9  -0.0001175979  -0.0001107047   0.0002230164  -0.0005384384  -0.0006897949
15 10  -0.0002271395   0.0002522720  -0.0000504453  -0.0000101654  -0.0001522310
15 11  -0.0000353745
16  1  -0.0241916776   0.0063179606  -0.0337489659  -0.1072481829  -0.0074525481
16  2  -0.0305853306   0.0134766450   0.0000565115   0.0082875611  -0.0014863849
16  3  -0.0017764836  -0.0003418735  -0.0000517426  -0.0000768720   0.0003159954
16  4   0.3026554931   0.2196874864   0.0028203649  -0.0011564434   0.0066177084
16  5   0.0071137233  -0.0001759645  -0.0012812425  -0.0026311541  -0.0027598813
16  6   0.0007260797  -0.0032597489   0.0032517734  -0.0020404045  -0.0013620754
16  7   0.0018784563  -0.0006639355   0.0007450053  -0.0093216512   0.0025973253
16  8  -0.0165117677  -0.0003536574   0.0001067678  -0.0009398522  -0.0425162164
16  9  -0.1210531645  -0.0495999267  -0.1315554385  -0.1020138662   0.1198246687
16 10   0.0001468942  -0.0003891622  -0.0000377359  -0.0005920214   0.0006378395
16 11  -0.0000888878
17  1   0.0168051180  -0.0007669168   0.0224021100  -0.0122184451  -0.0922532542
17  2   0.0096780381   0.0108625956  -0.0046748557   0.0156034641  -0.0030974287
17  3   0.0003680494  -0.0005197214  -0.0017684155   0.0018372935   0.0006675291
17  4   0.2196874864   0.5563267220  -0.0456192977   0.0020649829  -0.0044662622
17  5  -0.0060102195  -0.0008728379   0.0025213346   0.0014817751   0.0013973318
17  6   0.0000174241   0.0020744588  -0.0013355988   0.0009031393  -0.0003678112
17  7  -0.0010465368   0.0022586482   0.0009008040  -0.0170121513   0.0074168541
17  8  -0.0267219497  -0.0004771557   0.0000164970  -0.0002453525  -0.0763793362
17  9  -0.3440736699  -0.1141842569  -0.1368176180  -0.1251338964   0.1406776715
17 10  -0.0000763653   0.0001876074   0.0000803827   0.0002843744  -0.0004847143
17 11   0.0001023757
18  1  -0.0106080372   0.0031793835  -0.0060263886  -0.0853521269   0.0303881064
18  2  -0.1588965046  -0.0154509975   0.0077417586  -0.0372995658   0.0031977199
18  3  -0.0001607270   0.0019267796   0.0020044218  -0.0000915730  -0.0009159557
18  4   0.0028203649  -0.0456192977   0.5566936883   0.0000706847  -0.0002741995
18  5   0.0022965706  -0.0006486180   0.0005912082   0.0001852628  -0.0009669449
18  6   0.0006169834  -0.0007349237  -0.0002985125  -0.0012604254   0.0016325138
18  7   0.0015128008   0.0001729860   0.0002634153  -0.0084063743   0.0014517594
18  8  -0.0128944455   0.0009750393  -0.0001272913   0.0009707812  -0.0308846269
18  9  -0.1112468515  -0.1087150031   0.1419358907   0.1145310179  -0.2382532584
18 10   0.0001049115  -0.0001083584  -0.0000735951  -0.0000055955   0.0002155203
18 11  -0.0001593711
19  1  -0.1221054147   0.0064961732  -0.0380486624  -0.0188407336   0.0036984329
19  2  -0.0221699378  -0.0045880566   0.0013227401   0.0023215698   0.0018410186
19  3  -0.0000186307  -0.0009870351   0.0013453860  -0.0009436915  -0.0018456313
19  4  -0.0011564434   0.0020649829   0.0000706847   0.4308594831  -0.1607745978
19  5   0.1004950185  -0.0975062269   0.0138297992  -0.0109058449  -0.1865847271
19  6   0.1318599318  -0.0462407413   0.0137538043  -0.0013746614   0.0173364730
19  7  -0.0046059039   0.0023247381  -0.0072385288   0.0006671322  -0.0002224109
19  8  -0.0003485898  -0.0002812601   0.0001576784   0.0001238406  -0.0004055683
19  9   0.0002623128   0.0002236793  -0.0007829035   0.0007739616  -0.0000733029
19 10   0.0034776682  -0.0133062094   0.0074087533  -0.0150872544   0.0138494508
19 11  -0.0001217450
20  1   0.0116529479  -0.0919182723   0.0134960560   0.0077188133   0.0027383690
20  2   0.0208840152   0.0039692168   0.0040094315   0.0022869328  -0.0009041912
20  3  -0.0025418139   0.0001428336  -0.0007548738  -0.0014013525  -0.0018184957
20  4   0.0066177084  -0.0044662622  -0.0002741995  -0.1607745978   0.6519689874
20  5   0.2707608966   0.0189004910  -0.3436216582  -0.2815739661   0.1110130475
20  6  -0.2043356638  -0.0078625440   0.0080050049  -0.0010292152   0.0087270625
20  7  -0.0199762644   0.0013903788  -0.0283139599   0.0012255888  -0.0023887665
20  8   0.0007953487   0.0006773443  -0.0000947769  -0.0000347753  -0.0003116501
20  9  -0.0002007479  -0.0004193719  -0.0003122040   0.0005579274  -0.0003984844
20 10   0.0101399662  -0.0130154359   0.0005440233   0.0031136521   0.0043488712
20 11   0.0030586281
21  1  -0.0315787698   0.0070912952  -0.1255131202  -0.0080658118   0.0143261603
21  2   0.0051443171   0.0011342761   0.0004239887   0.0083230321   0.0008697796
21  3  -0.0003522828  -0.0036567381   0.0011170191  -0.0014447314  -0.0041863168
21  4   0.0071137233  -0.0060102195   0.0022965706   0.1004950185   0.2707608966
21  5   0.6769915514  -0.0050289229  -0.2880879293  -0.4184229970  -0.0493308085
21  6  -0.0057487431  -0.1160717577  -0.0149877778  -0.0005930488  -0.0222893195
21  7  -0.0002801395  -0.0012730443  -0.0047453010   0.0011714512  -0.0028828484
21  8   0.0004892947   0.0007189696  -0.0001130693  -0.0000357066  -0.0020527682
21  9   0.0001446268  -0.0006450033  -0.0004874342   0.0006759195  -0.0003382839
21 10   0.0223307674  -0.0156718853  -0.0007044551  -0.0231385722   0.0287549152
21 11   0.0033642331
22  1   0.0148828349  -0.0091395699  -0.0193570214   0.0005670503   0.0003787232
22  2   0.0010281963   0.0028884397   0.0007990210   0.0004659063  -0.0011287225
22  3  -0.0004289902  -0.0002333676  -0.0011276844   0.0000646481  -0.0000469965
22  4  -0.0001759645  -0.0008728379  -0.0006486180  -0.0975062269   0.0189004910
22  5  -0.0050289229   0.0739058156  -0.0485035837  -0.0010487716   0.0112936819
22  6   0.0404403767   0.0338650668  -0.0026285923  -0.0008159332  -0.0046723286
22  7  -0.0006648851  -0.0009905042  -0.0024842323  -0.0009046606  -0.0011745841
22  8  -0.0005111526   0.0003651456  -0.0001150688  -0.0002109321  -0.0000124086
22  9   0.0001199928  -0.0003129342   0.0000757539  -0.0003211133  -0.0000736753
22 10  -0.0006005018   0.0069383681  -0.0027335402   0.0007709249  -0.0052794357
22 11   0.0020033240
23  1  -0.0016208512   0.0073309293  -0.0210234559   0.0027115407  -0.0045849052
23  2   0.0002129015  -0.0014205690  -0.0029958859  -0.0011701223   0.0001683189
23  3   0.0020573134  -0.0001428398   0.0001105967   0.0012349149   0.0014459053
23  4  -0.0012812425   0.0025213346   0.0005912082   0.0138297992  -0.3436216582
23  5  -0.2880879293  -0.0485035837   0.3995832534   0.3605444881   0.0348117923
23  6  -0.0621756743  -0.0527398799  -0.0021467878  -0.0006960008  -0.0018299167
23  7   0.0014409210   0.0010136561   0.0014045418  -0.0008807590   0.0025567741
23  8  -0.0000001984  -0.0002515586  -0.0000148847   0.0000749436   0.0007313387
23  9  -0.0000941986   0.0005169389   0.0002338102  -0.0004285703   0.0000401200
23 10   0.0077883645  -0.0013971005   0.0001855315  -0.0057211304  -0.0002892971
23 11  -0.0000222367
24  1  -0.0120835632  -0.0348204600  -0.0336386853   0.0042825459  -0.0036346389
24  2  -0.0003552350   0.0000488125  -0.0008970934  -0.0055833097  -0.0003441910
24  3   0.0004368240   0.0026049153  -0.0004564839   0.0011758688   0.0030601273
24  4  -0.0026311541   0.0014817751   0.0001852628  -0.0109058449  -0.2815739661
24  5  -0.4184229970  -0.0010487716   0.3605444881   0.4538527015   0.0262342048
24  6  -0.0408796355   0.0028314150  -0.0004876332  -0.0004105143  -0.0006290582
24  7  -0.0037045985   0.0014964077  -0.0067097212  -0.0011033598   0.0005743881
24  8  -0.0007652753  -0.0006659961   0.0000198723  -0.0001395593   0.0011540703
24  9   0.0000429486   0.0001045855   0.0003315744  -0.0004521268   0.0002805650
24 10  -0.0016538013  -0.0007545260   0.0053842577   0.0030341896  -0.0023496116
24 11  -0.0020599891
25  1  -0.0156665399   0.0218656177  -0.0102965347   0.0011963556  -0.0017186283
25  2  -0.0028629613   0.0019628458   0.0005200787  -0.0011880650  -0.0009060324
25  3  -0.0006302493   0.0004693224  -0.0008531660   0.0002591066   0.0006062721
25  4  -0.0027598813   0.0013973318  -0.0009669449  -0.1865847271   0.1110130475
25  5  -0.0493308085   0.0112936819   0.0348117923   0.0262342048   0.3905161648
25  6  -0.2308251678   0.2863809886  -0.0019249571   0.0017900898  -0.0016993578
25  7  -0.0000459534   0.0008775678   0.0011282079   0.0001818607  -0.0002157624
25  8   0.0003556297   0.0002454559  -0.0000856927  -0.0000765234   0.0004154496
25  9   0.0000185987   0.0000181370   0.0001911935  -0.0003284654   0.0001416293
25 10  -0.0387819756   0.0084618814  -0.0461320123  -0.1584797749   0.0527888537
25 11  -0.2027811840
26  1   0.0105382510   0.0010376263   0.0043054379  -0.0010650203   0.0013881446
26  2  -0.0009551045  -0.0018792251  -0.0027465827  -0.0001729362   0.0004992346
26  3   0.0018871089  -0.0004713567   0.0006479445   0.0007802154   0.0005042909
26  4   0.0007260797   0.0000174241   0.0006169834   0.1318599318  -0.2043356638
26  5  -0.0057487431   0.0404403767  -0.0621756743  -0.0408796355  -0.2308251678
26  6   0.5990331645   0.2277245018   0.0001623648   0.0002351654  -0.0007350305
26  7   0.0018703165  -0.0001416947   0.0014936694  -0.0004870857   0.0006138964
26  8  -0.0005497477  -0.0002697722  -0.0000211894   0.0000037799  -0.0001689125
26  9  -0.0000580561   0.0001301412  -0.0000589016   0.0000729370  -0.0000329657
26 10   0.0017150828  -0.2722686933  -0.2031357263   0.0462945028  -0.0633181284
26 11   0.0179024415
27  1  -0.0275697487   0.0234577681   0.0017613409  -0.0000162767  -0.0033818975
27  2  -0.0048385923   0.0005849595   0.0008838779  -0.0022972404  -0.0003501943
27  3  -0.0006807376   0.0010636614  -0.0004037436   0.0000845882   0.0010798816
27  4  -0.0032597489   0.0020744588  -0.0007349237  -0.0462407413  -0.0078625440
27  5  -0.1160717577   0.0338650668  -0.0527398799   0.0028314150   0.2863809886
27  6   0.2277245018   0.6440469186   0.0002373317   0.0002483065   0.0014680454
27  7   0.0000000049   0.0005622907   0.0007030659  -0.0003027533   0.0005031512
27  8  -0.0002463908  -0.0001505304   0.0000443058   0.0000164058   0.0005225511
27  9   0.0000352777   0.0000851851   0.0001340125  -0.0002577936   0.0001467022
27 10  -0.0501245348  -0.2128720125  -0.2220348143  -0.1933066430   0.0221763383
27 11  -0.3069789026
28  1  -0.1201013216  -0.0446125370   0.1046941663  -0.0168767652  -0.0083023793
28  2   0.0199939234  -0.0020102923   0.0034912875  -0.0013257415  -0.0000440927
28  3   0.0002013283   0.0005093621  -0.0012989523   0.0000470722   0.0016262271
28  4   0.0032517734  -0.0013355988  -0.0002985125   0.0137538043   0.0080050049
28  5  -0.0149877778  -0.0026285923  -0.0021467878  -0.0004876332  -0.0019249571
28  6   0.0001623648   0.0002373317   0.1343094347   0.0473151351  -0.1180592439
28  7  -0.0063471129  -0.0034121291   0.0085810768   0.0011927982   0.0001157746
28  8  -0.0003156916  -0.0000049287   0.0002043638   0.0002706364  -0.0005715844
28  9  -0.0001933741   0.0000050650  -0.0005216636   0.0007200070  -0.0007272114
28 10  -0.0000734222   0.0001415777  -0.0002209181  -0.0001041253  -0.0004011098
28 11   0.0005049412
29  1  -0.0462162274  -0.0701566697   0.0652787674   0.0156697454   0.0056841964
29  2  -0.0169190194   0.0020628768  -0.0045735076   0.0016748160  -0.0007357650
29  3   0.0016244054  -0.0001393161   0.0006961694   0.0004891182  -0.0010191333
29  4  -0.0020404045   0.0009031393  -0.0012604254  -0.0013746614  -0.0010292152
29  5  -0.0005930488  -0.0008159332  -0.0006960008  -0.0004105143   0.0017900898
29  6   0.0002351654   0.0002483065   0.0473151351   0.0761957645  -0.0710025955
29  7  -0.0155070180  -0.0088620560   0.0234280705  -0.0007262775   0.0008110582
29  8  -0.0000483525   0.0000754521  -0.0001362083  -0.0004200361  -0.0000716111
29  9  -0.0000325067   0.0002122265  -0.0000123670  -0.0000142338   0.0005190602
29 10  -0.0002804627  -0.0004593265   0.0006716140   0.0001712592   0.0000168772
29 11  -0.0002204197
30  1   0.1101851257   0.0665184199  -0.1978629998   0.0028547643   0.0015583612
30  2  -0.0048606493  -0.0008292467  -0.0006907339   0.0006094097  -0.0000395206
30  3  -0.0000070287   0.0001458689   0.0003786445  -0.0000093941  -0.0002230433
30  4  -0.0013620754  -0.0003678112   0.0016325138   0.0173364730   0.0087270625
30  5  -0.0222893195  -0.0046723286  -0.0018299167  -0.0006290582  -0.0016993578
30  6  -0.0007350305   0.0014680454  -0.1180592439  -0.0710025955   0.2149329980
30  7  -0.0041740449  -0.0019300423   0.0064945775   0.0001580179  -0.0002351456
30  8   0.0001694823   0.0000207103  -0.0000299062  -0.0000148796  -0.0000130052
30  9  -0.0000277123   0.0000922253   0.0003360513   0.0000311031   0.0004198488
30 10   0.0002437243   0.0004317414  -0.0003968859  -0.0006646884  -0.0004013711
30 11   0.0003118660
31  1  -0.0799428563  -0.0820265751  -0.0232464958   0.0087790287   0.0258971720
31  2   0.0058638106   0.0011485721   0.0015809354   0.0000144379  -0.0008381053
31  3  -0.0009002208   0.0000328961   0.0003207354  -0.0007860959  -0.0003427196
31  4   0.0018784563  -0.0010465368   0.0015128008  -0.0046059039  -0.0199762644
31  5  -0.0002801395  -0.0006648851   0.0014409210  -0.0037045985  -0.0000459534
31  6   0.0018703165   0.0000000049  -0.0063471129  -0.0155070180  -0.0041740449
31  7   0.0856744749   0.0862702443   0.0250408158  -0.0042253508   0.0029932637
31  8   0.0005425695  -0.0001265210  -0.0000634418   0.0001071949  -0.0001837278
31  9  -0.0005029231  -0.0006747636  -0.0000428837  -0.0000089451  -0.0000552806
31 10  -0.0011333773   0.0005731019  -0.0007913341   0.0003554103   0.0001920660
31 11   0.0001548462
32  1  -0.0805490209  -0.2594432382  -0.0527083215  -0.0062120917  -0.0218310085
32  2  -0.0065829214  -0.0015381436  -0.0025169590   0.0013378378  -0.0006953541
32  3   0.0022914285   0.0006210863   0.0001679000   0.0006307305  -0.0000796605
32  4  -0.0006639355   0.0022586482   0.0001729860   0.0023247381   0.0013903788
32  5  -0.0012730443  -0.0009905042   0.0010136561   0.0014964077   0.0008775678
32  6  -0.0001416947   0.0005622907  -0.0034121291  -0.0088620560  -0.0019300423
32  7   0.0862702443   0.2853697900   0.0575436086   0.0036850441  -0.0010392200
32  8  -0.0001558400   0.0000521829   0.0000238330  -0.0000933880   0.0009920565
32  9  -0.0000417002   0.0008637752  -0.0000370300  -0.0000528389  -0.0000153846
32 10  -0.0002659114   0.0004876763   0.0005970293  -0.0000056132   0.0004625742
32 11  -0.0003564190
33  1  -0.0226383365  -0.0516978426  -0.0565203837  -0.0020669898  -0.0041972341
33  2  -0.0018596990  -0.0004747332  -0.0029151185   0.0000416730  -0.0002492674
33  3   0.0013493855  -0.0001564539  -0.0001396176   0.0009434457   0.0004612786
33  4   0.0007450053   0.0009008040   0.0002634153  -0.0072385288  -0.0283139599
33  5  -0.0047453010  -0.0024842323   0.0014045418  -0.0067097212   0.0011282079
33  6   0.0014936694   0.0007030659   0.0085810768   0.0234280705   0.0064945775
33  7   0.0250408158   0.0575436086   0.0616516353   0.0003921539  -0.0004870808
33  8   0.0000276979   0.0000898929  -0.0000565280  -0.0001353496  -0.0003924516
33  9   0.0000086198   0.0002858506   0.0000548928   0.0001237901   0.0000163389
33 10  -0.0008875140   0.0002683246   0.0003096555   0.0005396260   0.0002035040
33 11  -0.0001282800
34  1   0.0079691668   0.0250917256   0.0065258183  -0.0793556256  -0.0771875775
34  2  -0.0192476231  -0.0060843350  -0.0195150736  -0.0080738293  -0.0019351769
34  3  -0.0019400784   0.0044369560   0.0003197107   0.0009009169   0.0007413066
34  4  -0.0093216512  -0.0170121513  -0.0084063743   0.0006671322   0.0012255888
34  5   0.0011714512  -0.0009046606  -0.0008807590  -0.0011033598   0.0001818607
34  6  -0.0004870857  -0.0003027533   0.0011927982  -0.0007262775   0.0001580179
34  7  -0.0042253508   0.0036850441   0.0003921539   0.0910059878   0.0857608391
34  8   0.0266747375   0.0003701727   0.0001234049  -0.0003445634  -0.0010275735
34  9   0.0009692800  -0.0030046613   0.0009100372   0.0001826535   0.0003373497
34 10   0.0003338923  -0.0001082520   0.0001242524  -0.0000963852  -0.0000821979
34 11  -0.0000788789
35  1  -0.0037811315  -0.0188017264  -0.0040481997  -0.0836682970  -0.2693710284
35  2  -0.0636961264  -0.0030734725  -0.0131478366  -0.0033551985  -0.0021350160
35  3   0.0003467999   0.0022903969   0.0014120772   0.0016437134  -0.0009790566
35  4   0.0025973253   0.0074168541   0.0014517594  -0.0002224109  -0.0023887665
35  5  -0.0028828484  -0.0011745841   0.0025567741   0.0005743881  -0.0002157624
35  6   0.0006138964   0.0005031512   0.0001157746   0.0008110582  -0.0002351456
35  7   0.0029932637  -0.0010392200  -0.0004870808   0.0857608391   0.2888264049
35  8   0.0696071696   0.0003603199   0.0000920092   0.0001579098   0.0012720002
35  9   0.0016325437   0.0017846422  -0.0001670821   0.0006638239  -0.0007595667
35 10  -0.0001789789   0.0001700868   0.0000143704   0.0001051354  -0.0000253868
35 11   0.0000594351
36  1   0.0004334545  -0.0060018468  -0.0002226108  -0.0188758495  -0.0627422354
36  2  -0.0659796171   0.0074727461   0.0228853734   0.0103896739   0.0034889588
36  3   0.0033713428  -0.0058377533   0.0001215615  -0.0004770862  -0.0011729628
36  4  -0.0165117677  -0.0267219497  -0.0128944455  -0.0003485898   0.0007953487
36  5   0.0004892947  -0.0005111526  -0.0000001984  -0.0007652753   0.0003556297
36  6  -0.0005497477  -0.0002463908  -0.0003156916  -0.0000483525   0.0001694823
36  7   0.0005425695  -0.0001558400   0.0000276979   0.0266747375   0.0696071696
36  8   0.0792822476  -0.0004101095   0.0000486270   0.0004578294  -0.0029872936
36  9   0.0007614287  -0.0048015111   0.0008168512  -0.0007723894   0.0010349363
36 10   0.0000567803  -0.0000267600   0.0000806754  -0.0000028347   0.0000271160
36 11  -0.0000112707
37  1  -0.0000356381  -0.0000256416   0.0001628526   0.0028080535   0.0025198992
37  2   0.0020173203  -0.0172251597  -0.0047826042   0.0241645006  -0.0007184756
37  3  -0.0042115133  -0.0070208604  -0.1954456635  -0.1045798934   0.1890390666
37  4  -0.0003536574  -0.0004771557   0.0009750393  -0.0002812601   0.0006773443
37  5   0.0007189696   0.0003651456  -0.0002515586  -0.0006659961   0.0002454559
37  6  -0.0002697722  -0.0001505304  -0.0000049287   0.0000754521   0.0000207103
37  7  -0.0001265210   0.0000521829   0.0000898929   0.0003701727   0.0003603199
37  8  -0.0004101095   0.2102743844   0.1109309391  -0.2094029180   0.0001462063
37  9  -0.0000671178   0.0000950441   0.0001063071   0.0000701118   0.0003010130
37 10  -0.0000426456  -0.0000312753   0.0000584684  -0.0000817757   0.0000102828
37 11   0.0000075366
38  1   0.0006046577   0.0005441268  -0.0004111420   0.0010632043  -0.0031027701
38  2  -0.0023368089   0.0260874115   0.0204416659  -0.0280275444  -0.0036225980
38  3  -0.0030115469   0.0045230928  -0.1354653720  -0.1306030327   0.1391784151
38  4   0.0001067678   0.0000164970  -0.0001272913   0.0001576784  -0.0000947769
38  5  -0.0001130693  -0.0001150688  -0.0000148847   0.0000198723  -0.0000856927
38  6  -0.0000211894   0.0000443058   0.0002043638  -0.0001362083  -0.0000299062
38  7  -0.0000634418   0.0000238330  -0.0000565280   0.0001234049   0.0000920092
38  8   0.0000486270   0.1109309391   0.1157886844  -0.1124993461   0.0000071451
38  9   0.0000571043  -0.0000792993  -0.0000204036   0.0000001968  -0.0001028039
38 10   0.0000456021   0.0000132110  -0.0000294314   0.0000414024   0.0000070803
38 11  -0.0000011423
39  1   0.0003735625   0.0007912625  -0.0012761399   0.0039767428  -0.0050944203
39  2   0.0023633177   0.0279361226   0.0076243417  -0.0266544103  -0.0067412881
39  3   0.0054034056   0.0021880122   0.1848215864   0.1041843008  -0.2136033880
39  4  -0.0009398522  -0.0002453525   0.0009707812   0.0001238406  -0.0000347753
39  5  -0.0000357066  -0.0002109321   0.0000749436  -0.0001395593  -0.0000765234
39  6   0.0000037799   0.0000164058   0.0002706364  -0.0004200361  -0.0000148796
39  7   0.0001071949  -0.0000933880  -0.0001353496  -0.0003445634   0.0001579098
39  8   0.0004578294  -0.2094029180  -0.1124993461   0.2358293890   0.0002010014
39  9   0.0000197514  -0.0001528591  -0.0001375338   0.0001157182   0.0001700026
39 10   0.0000423782   0.0000156944  -0.0000147727   0.0000005451  -0.0000037897
39 11   0.0000313273
40  1   0.0018729013  -0.0024146522   0.0016750889  -0.0111913570  -0.0197000225
40  2  -0.0121987615   0.0013872327   0.0011684158   0.0007118291  -0.0008704190
40  3  -0.0000176362  -0.0002228696  -0.0003578305  -0.0000744858   0.0003228467
40  4  -0.0425162164  -0.0763793362  -0.0308846269  -0.0004055683  -0.0003116501
40  5  -0.0020527682  -0.0000124086   0.0007313387   0.0011540703   0.0004154496
40  6  -0.0001689125   0.0005225511  -0.0005715844  -0.0000716111  -0.0000130052
40  7  -0.0001837278   0.0009920565  -0.0003924516  -0.0010275735   0.0012720002
40  8  -0.0029872936   0.0001462063   0.0000071451   0.0002010014   0.0614386348
40  9   0.1129883874   0.0510675572  -0.0081065526  -0.0180794606  -0.0068957598
40 10  -0.0000832226   0.0001222172  -0.0000366900   0.0000660360  -0.0000637935
40 11   0.0000292818
41  1   0.0008032878   0.0023714631   0.0014496706   0.0062682033   0.0039911864
41  2   0.0027712148   0.0000180763   0.0010153894  -0.0004421991   0.0000700449
41  3  -0.0003017434  -0.0004814092   0.0000961051  -0.0002389941  -0.0001175979
41  4  -0.1210531645  -0.3440736699  -0.1112468515   0.0002623128  -0.0002007479
41  5   0.0001446268   0.0001199928  -0.0000941986   0.0000429486   0.0000185987
41  6  -0.0000580561   0.0000352777  -0.0001933741  -0.0000325067  -0.0000277123
41  7  -0.0005029231  -0.0000417002   0.0000086198   0.0009692800   0.0016325437
41  8   0.0007614287  -0.0000671178   0.0000571043   0.0000197514   0.1129883874
41  9   0.3539257871   0.1178281329   0.0001295197  -0.0179088515  -0.0107577628
41 10   0.0000610641  -0.0000198927   0.0000045279   0.0000117065  -0.0000231130
41 11   0.0000073335
42  1   0.0010856243  -0.0002466448   0.0014318916  -0.0078876420  -0.0308464753
42  2  -0.0135916319  -0.0019301295  -0.0053452954   0.0001553398   0.0009481847
42  3   0.0020957771   0.0009642080   0.0001809566   0.0009255778  -0.0001107047
42  4  -0.0495999267  -0.1141842569  -0.1087150031   0.0002236793  -0.0004193719
42  5  -0.0006450033  -0.0003129342   0.0005169389   0.0001045855   0.0000181370
42  6   0.0001301412   0.0000851851   0.0000050650   0.0002122265   0.0000922253
42  7  -0.0006747636   0.0008637752   0.0002858506  -0.0030046613   0.0017846422
42  8  -0.0048015111   0.0000950441  -0.0000792993  -0.0001528591   0.0510675572
42  9   0.1178281329   0.1136706490   0.0098140383   0.0267987398   0.0111752467
42 10  -0.0000371947  -0.0000009949   0.0000528678   0.0000089656  -0.0000336131
42 11  -0.0000013363
43  1   0.0013372899   0.0000900011  -0.0013907362   0.0066178228   0.0157499799
43  2  -0.0219749954  -0.0029250537   0.0001302529  -0.0020932295   0.0011218132
43  3   0.0007042931   0.0001923510   0.0002101270   0.0000824823   0.0002230164
43  4  -0.1315554385  -0.1368176180   0.1419358907  -0.0007829035  -0.0003122040
43  5  -0.0004874342   0.0000757539   0.0002338102   0.0003315744   0.0001911935
43  6  -0.0000589016   0.0001340125  -0.0005216636  -0.0000123670   0.0003360513
43  7  -0.0000428837  -0.0000370300   0.0000548928   0.0009100372  -0.0001670821
43  8   0.0008168512   0.0001063071  -0.0000204036  -0.0001375338  -0.0081065526
43  9   0.0001295197   0.0098140383   0.1333856141   0.1202426926  -0.1277144193
43 10  -0.0000203822   0.0000635233  -0.0000144951  -0.0000010809  -0.0000009488
43 11  -0.0000258350
44  1  -0.0011166541  -0.0005369831  -0.0004378859  -0.0004372188  -0.0017261538
44  2   0.0027323607  -0.0013117765  -0.0003121732   0.0005119108   0.0009662421
44  3   0.0013178858  -0.0001240890   0.0006383554  -0.0003845004  -0.0005384384
44  4  -0.1020138662  -0.1251338964   0.1145310179   0.0007739616   0.0005579274
44  5   0.0006759195  -0.0003211133  -0.0004285703  -0.0004521268  -0.0003284654
44  6   0.0000729370  -0.0002577936   0.0007200070  -0.0000142338   0.0000311031
44  7  -0.0000089451  -0.0000528389   0.0001237901   0.0001826535   0.0006638239
44  8  -0.0007723894   0.0000701118   0.0000001968   0.0001157182  -0.0180794606
44  9  -0.0179088515   0.0267987398   0.1202426926   0.1439181825  -0.1429649520
44 10   0.0000461564  -0.0000712290   0.0000222853  -0.0000226805   0.0000384770
44 11   0.0000048299
45  1   0.0007098280  -0.0002248653   0.0014293478   0.0186329449   0.0141510269
45  2  -0.0251412713  -0.0072097366  -0.0010031430  -0.0030458210   0.0015750727
45  3   0.0010504270   0.0002868334   0.0011800380  -0.0001883741  -0.0006897949
45  4   0.1198246687   0.1406776715  -0.2382532584  -0.0000733029  -0.0003984844
45  5  -0.0003382839  -0.0000736753   0.0000401200   0.0002805650   0.0001416293
45  6  -0.0000329657   0.0001467022  -0.0007272114   0.0005190602   0.0004198488
45  7  -0.0000552806  -0.0000153846   0.0000163389   0.0003373497  -0.0007595667
45  8   0.0010349363   0.0003010130  -0.0001028039   0.0001700026  -0.0068957598
45  9  -0.0107577628   0.0111752467  -0.1277144193  -0.1429649520   0.2525254321
45 10  -0.0000017057   0.0000269920  -0.0000025082   0.0000485474  -0.0000169949
45 11  -0.0000143159
46  1   0.0003566039   0.0006695356   0.0000398780  -0.0005222159  -0.0005861141
46  2  -0.0000052913  -0.0001263584   0.0007506665   0.0002173826   0.0001639310
46  3  -0.0004605435  -0.0000277403   0.0001551646  -0.0003467360  -0.0002271395
46  4   0.0001468942  -0.0000763653   0.0001049115   0.0034776682   0.0101399662
46  5   0.0223307674  -0.0006005018   0.0077883645  -0.0016538013  -0.0387819756
46  6   0.0017150828  -0.0501245348  -0.0000734222  -0.0002804627   0.0002437243
46  7  -0.0011333773  -0.0002659114  -0.0008875140   0.0003338923  -0.0001789789
46  8   0.0000567803  -0.0000426456   0.0000456021   0.0000423782  -0.0000832226
46  9   0.0000610641  -0.0000371947  -0.0000203822   0.0000461564  -0.0000017057
46 10   0.0369908654  -0.0008017059   0.0373926205  -0.0002409180  -0.0182196204
46 11  -0.0074635212
47  1  -0.0007692256   0.0011227069   0.0005502602   0.0003419074  -0.0003999666
47  2   0.0000689473   0.0001059433   0.0002440182  -0.0005666578  -0.0001561372
47  3  -0.0002040341   0.0002470822  -0.0001271535   0.0000000074   0.0002522720
47  4  -0.0003891622   0.0001876074  -0.0001083584  -0.0133062094  -0.0130154359
47  5  -0.0156718853   0.0069383681  -0.0013971005  -0.0007545260   0.0084618814
47  6  -0.2722686933  -0.2128720125   0.0001415777  -0.0004593265   0.0004317414
47  7   0.0005731019   0.0004876763   0.0002683246  -0.0001082520   0.0001700868
47  8  -0.0000267600  -0.0000312753   0.0000132110   0.0000156944   0.0001222172
47  9  -0.0000198927  -0.0000009949   0.0000635233  -0.0000712290   0.0000269920
47 10  -0.0008017059   0.2787430222   0.2192346785  -0.0010593989   0.0068673425
47 11   0.0089052023
48  1  -0.0004206647   0.0003301690  -0.0008317513   0.0002011645  -0.0001152410
48  2  -0.0003666069   0.0000425542  -0.0005028056   0.0002633433  -0.0000531163
48  3   0.0002908947  -0.0002185340  -0.0000201641   0.0001486597  -0.0000504453
48  4  -0.0000377359   0.0000803827  -0.0000735951   0.0074087533   0.0005440233
48  5  -0.0007044551  -0.0027335402   0.0001855315   0.0053842577  -0.0461320123
48  6  -0.2031357263  -0.2220348143  -0.0002209181   0.0006716140  -0.0003968859
48  7  -0.0007913341   0.0005970293   0.0003096555   0.0001242524   0.0000143704
48  8   0.0000806754   0.0000584684  -0.0000294314  -0.0000147727  -0.0000366900
48  9   0.0000045279   0.0000528678  -0.0000144951   0.0000222853  -0.0000025082
48 10   0.0373926205   0.2192346785   0.2289468537   0.0052328578  -0.0183409621
48 11  -0.0103432847
49  1   0.0001112778   0.0047950690   0.0006230375   0.0006133757  -0.0000773847
49  2  -0.0012609601   0.0000064008   0.0004101051  -0.0002444754   0.0000634180
49  3  -0.0003150466   0.0002454857   0.0000687530  -0.0001597116  -0.0000101654
49  4  -0.0005920214   0.0002843744  -0.0000055955  -0.0150872544   0.0031136521
49  5  -0.0231385722   0.0007709249  -0.0057211304   0.0030341896  -0.1584797749
49  6   0.0462945028  -0.1933066430  -0.0001041253   0.0001712592  -0.0006646884
49  7   0.0003554103  -0.0000056132   0.0005396260  -0.0000963852   0.0001051354
49  8  -0.0000028347  -0.0000817757   0.0000414024   0.0000005451   0.0000660360
49  9   0.0000117065   0.0000089656  -0.0000010809  -0.0000226805   0.0000485474
49 10  -0.0002409180  -0.0010593989   0.0052328578   0.1726277393  -0.0478662411
49 11   0.2089006800
50  1   0.0040599819  -0.0024737619  -0.0032052619   0.0003352246   0.0010865361
50  2   0.0011413944  -0.0000404261   0.0000616896   0.0002577016   0.0000217686
50  3  -0.0000477033  -0.0000219538   0.0000583054  -0.0000844683  -0.0001522310
50  4   0.0006378395  -0.0004847143   0.0002155203   0.0138494508   0.0043488712
50  5   0.0287549152  -0.0052794357  -0.0002892971  -0.0023496116   0.0527888537
50  6  -0.0633181284   0.0221763383  -0.0004011098   0.0000168772  -0.0004013711
50  7   0.0001920660   0.0004625742   0.0002035040  -0.0000821979  -0.0000253868
50  8   0.0000271160   0.0000102828   0.0000070803  -0.0000037897  -0.0000637935
50  9  -0.0000231130  -0.0000336131  -0.0000009488   0.0000384770  -0.0000169949
50 10  -0.0182196204   0.0068673425  -0.0183409621  -0.0478662411   0.0538571250
50 11  -0.0282507003
51  1  -0.0012819635  -0.0007549391   0.0030157073   0.0002736713  -0.0004958165
51  2   0.0000496892  -0.0001057454   0.0000552286   0.0000696918   0.0000522569
51  3   0.0000238730  -0.0000763286   0.0000212228  -0.0000176740  -0.0000353745
51  4  -0.0000888878   0.0001023757  -0.0001593711  -0.0001217450   0.0030586281
51  5   0.0033642331   0.0020033240  -0.0000222367  -0.0020599891  -0.2027811840
51  6   0.0179024415  -0.3069789026   0.0005049412  -0.0002204197   0.0003118660
51  7   0.0001548462  -0.0003564190  -0.0001282800  -0.0000788789   0.0000594351
51  8  -0.0000112707   0.0000075366  -0.0000011423   0.0000313273   0.0000292818
51  9   0.0000073335  -0.0000013363  -0.0000258350   0.0000048299  -0.0000143159
51 10  -0.0074635212   0.0089052023  -0.0103432847   0.2089006800  -0.0282507003
51 11   0.3129659388
$end
