$vibrational normal modes
 1  1   0.0709217975   0.0293196433   0.0585833261  -0.0934785346  -0.0156349758
 1  2   0.2263164116  -0.0212258225  -0.0109588495   0.0725480731   0.0845404912
 1  3   0.0266890472  -0.1542114203   0.0059720656  -0.0419346611  -0.0423687780
 1  4   0.0145716649  -0.0391555171   0.1342500936  -0.0254650234  -0.0329404748
 1  5   0.0409925135   0.0664804454   0.0215031756   0.0616692157   0.0659427197
 1  6  -0.1758560891  -0.1069443758   0.1254596484  -0.0033968666  -0.0764144572
 1  7   0.0151535484   0.0050094412  -0.0534053888   0.0763757879  -0.0237814001
 1  8  -0.0201761423  -0.1525848654  -0.0185032835  -0.0016340127  -0.0052200758
 1  9   0.0002600308   0.0124694256  -0.0021159437   0.0220453913   0.0467527832
 1 10  -0.0090352084  -0.0003438298   0.0000720817   0.0001044184   0.0000455386
 1 11   0.0000185851
 2  1  -0.0541676763   0.1049402805  -0.0537141650  -0.1228881418   0.2244358814
 2  2   0.0333195463  -0.0718673518  -0.0569861721   0.1525349822   0.2006916806
 2  3   0.0470340344  -0.0443994990   0.0007101255  -0.0556981364  -0.0374045311
 2  4   0.0154602510   0.0165064960  -0.1087649073   0.0343580438  -0.0296720475
 2  5   0.0903851879   0.0090791922  -0.0136997484   0.0243354857  -0.0669342621
 2  6  -0.0086927132  -0.1271521049  -0.1363874435   0.1026646927   0.0913198573
 2  7   0.0136777142   0.0696837621   0.0406082396  -0.0393397019  -0.0307201258
 2  8   0.0403534718   0.0574614894   0.0075476218   0.0418203165   0.0012389968
 2  9   0.0009354678  -0.0376156592   0.0058980679  -0.0188396629   0.0746580280
 2 10  -0.0156102364  -0.0002212769   0.0001130746   0.0002713207  -0.0000945736
 2 11  -0.0000453705
 3  1   0.1761989292  -0.0997655451   0.0581832359  -0.0714579232   0.0449580797
 3  2  -0.0595881094   0.0156833016   0.0539947493  -0.1077992067   0.0500243662
 3  3  -0.0168142582   0.1263649049  -0.0048678778   0.0405285184   0.0695283595
 3  4  -0.0581200120   0.0464894830  -0.0309945600  -0.0704575437   0.0222648005
 3  5   0.1476066951  -0.0112270235  -0.0729248552   0.0029523611  -0.1520734113
 3  6  -0.2322488899   0.0906676372  -0.0299226901   0.0011126386   0.0805278484
 3  7  -0.0089481688   0.0082406110  -0.0067908191   0.0473860025   0.0076298128
 3  8  -0.0164733050  -0.0805133518   0.0571965428   0.0621168569  -0.0048297929
 3  9  -0.0025258048  -0.0270862868  -0.0081420221  -0.0628014854  -0.0176372278
 3 10   0.0028839473  -0.0004904520  -0.0000778896   0.0007247924   0.0003895048
 3 11   0.0000967521
 4  1   0.0584433905  -0.0411688863   0.0847334109  -0.0003680372   0.0012263570
 4  2   0.2403232705   0.0081526963  -0.0184805420  -0.0105195673  -0.0394064120
 4  3  -0.0402124935  -0.0750876975   0.0036161927   0.0251746828  -0.0902436612
 4  4  -0.1208624453  -0.0284232088   0.0819930181   0.0411639878  -0.0584231890
 4  5   0.0042934991  -0.0778439264   0.0409735794   0.0657255427   0.0889444859
 4  6  -0.0378655744   0.0887961348  -0.1410646653   0.1965324638   0.0800517239
 4  7   0.0697397810  -0.0701316159   0.0064870348  -0.0131378036   0.0717168751
 4  8  -0.0676389238   0.0653930915   0.0869996093  -0.0378448161  -0.0025051108
 4  9  -0.0215235628  -0.0089725676  -0.0320772868   0.0001476615  -0.0052335218
 4 10  -0.0279707885  -0.0016075328  -0.0014012116   0.0000319721   0.0000955307
 4 11   0.0001977571
 5  1  -0.0429664170   0.0226410491  -0.0346567556   0.0008266234   0.2357031205
 5  2   0.0559511880  -0.0286954078  -0.0470172338   0.0539598271   0.0568923030
 5  3  -0.0473294267   0.0658776944  -0.0067053531   0.0426327943  -0.0685552531
 5  4   0.0332716886   0.0019066951  -0.1143396585   0.0510199017  -0.0557771835
 5  5   0.1807596280  -0.0766716850   0.0563868901   0.0767894729   0.0843075056
 5  6   0.0249135920   0.1047678862   0.1126815914  -0.1368058422  -0.0616512617
 5  7   0.0086217195  -0.0279070519  -0.0866401985  -0.0431815814   0.0367240749
 5  8   0.0804250622  -0.0269867068   0.0489368573  -0.0236743096   0.0001207718
 5  9   0.0152235056   0.0146567404  -0.0410233327   0.0015246246  -0.0146347047
 5 10  -0.0746114043   0.0024899195  -0.0017230379   0.0000228445  -0.0001308305
 5 11   0.0004034251
 6  1   0.0335176821  -0.1238125680   0.1287373825  -0.1202817413   0.0959339043
 6  2  -0.0885307829  -0.0272280898  -0.0054534779  -0.1020619648   0.0189456567
 6  3  -0.0121509672  -0.0534709898   0.0034983882  -0.0113068282  -0.1180736167
 6  4  -0.1151061178   0.0418158055  -0.1138348073  -0.0326216231   0.0081058431
 6  5  -0.0220921099   0.0285095276  -0.0067150598  -0.0787141702   0.0007686857
 6  6  -0.0134922482   0.0063153284   0.1125574326   0.2085186052  -0.1531917865
 6  7   0.0480276815  -0.0716939799  -0.0387239824  -0.0817468864  -0.0210209861
 6  8  -0.0192225767   0.0429683083  -0.1126430966   0.0645160985  -0.0022123966
 6  9   0.0184114647   0.0134934541   0.0303653820  -0.0009366045  -0.0046443849
 6 10  -0.0211199011   0.0007252401  -0.0003463506  -0.0000748436  -0.0000507104
 6 11  -0.0005022025
 7  1  -0.0239608623  -0.0978575215   0.0280763450  -0.0617273984  -0.0346871373
 7  2   0.2022077124   0.0010940585  -0.0710511335   0.1275900529  -0.0542684613
 7  3  -0.0373721032  -0.0381362798   0.0018681819   0.0512506937  -0.0047442309
 7  4  -0.0900593955  -0.0073748805   0.0423134331   0.0818371905   0.0050060000
 7  5   0.0283967014  -0.0736879211   0.2194488569  -0.0749118382  -0.1948162232
 7  6   0.0260133125  -0.0122518344   0.0049341916  -0.0140456027   0.0036788452
 7  7  -0.1338356903  -0.0068020275  -0.0154425580   0.0293258335   0.0993401896
 7  8   0.0430556009  -0.0110431406  -0.0881438715   0.0394547512  -0.0005686166
 7  9   0.0028507437  -0.0104684181   0.1948328587  -0.0007559739  -0.0001039632
 7 10   0.0003484738   0.0003240052   0.0001330377  -0.0000534831  -0.0000056223
 7 11  -0.0022372453
 8  1   0.0193776559  -0.1114174708  -0.1316247760   0.1352244394   0.1675526520
 8  2   0.0722510961   0.0582821040  -0.0341138008   0.0114382642   0.0474315444
 8  3  -0.0485579769   0.0470011002  -0.0085716439   0.0608582544  -0.1081536944
 8  4   0.0626695499  -0.0033088159   0.0646791798  -0.0212941798   0.0014539096
 8  5  -0.0366682504  -0.0091584637  -0.0888785439  -0.0611445704  -0.0137887373
 8  6  -0.0012254164  -0.0187188218   0.0226404187   0.0041107613  -0.0262154861
 8  7   0.0681702131   0.0205460459   0.0176356168  -0.0074706886  -0.0660072099
 8  8  -0.0277294294   0.0000578716   0.0512345081  -0.0315013126   0.0019651102
 8  9  -0.0269159006  -0.0364799259   0.6344499441  -0.0003463629   0.0006026261
 8 10  -0.0020023352   0.0002634506   0.0000728543   0.0000325461   0.0000196057
 8 11  -0.0000903947
 9  1  -0.0087339829  -0.2344527729   0.0352233611  -0.1111855665   0.0335759364
 9  2  -0.1138536396   0.0059414435  -0.0475237076  -0.0060915865  -0.0043042958
 9  3   0.0093193517  -0.0145571075   0.0022856918  -0.0150023920  -0.1151682301
 9  4  -0.0284423233  -0.0075871736   0.0075722953   0.0385588091   0.0468901087
 9  5  -0.0368581372   0.0514160118   0.3068388091   0.0478603682  -0.1206274419
 9  6   0.0196454306   0.0185021735   0.0350189354  -0.0408384855  -0.0446919588
 9  7   0.0838877802   0.0591872505   0.0417020371  -0.0043372235  -0.1183835552
 9  8  -0.0551979064   0.0024992442   0.1184368142  -0.0569220141   0.0016033459
 9  9  -0.0020686499   0.0158210835  -0.1347390149   0.0005839557  -0.0002820147
 9 10  -0.0005805699  -0.0001483466  -0.0002608233   0.0000284531  -0.0000044457
 9 11   0.0025405446
10  1  -0.0374604163  -0.0426592929  -0.0173827820  -0.1784506234  -0.0637998885
10  2   0.1753603359  -0.0887561064  -0.4359676550   0.1733169434  -0.0741789929
10  3  -0.0753321642   0.1379196303  -0.0038874106   0.0750299028   0.0115790581
10  4   0.0175656858   0.0378386040  -0.0335591056  -0.0550782846   0.0502192144
10  5  -0.0615580717   0.0739841612  -0.0805012113   0.0012991085   0.0341990101
10  6  -0.0070232797  -0.0143778868   0.0047264525   0.0147429877  -0.0102050651
10  7   0.0178721033   0.0037238055   0.0154346748   0.0002122428  -0.0081171615
10  8  -0.0064216553   0.0031076106   0.0113211346  -0.0030205373   0.0000382794
10  9   0.0025048573   0.0066100283  -0.1058594663  -0.0000087913   0.0001326377
10 10   0.0000337022  -0.0000211575   0.0000482826   0.0000274274  -0.0000042984
10 11   0.0001464588
11  1   0.0289306527  -0.1399029792  -0.1415052642   0.1694051286   0.1603183187
11  2   0.0774373889   0.0819095114   0.0077943836  -0.0016256605   0.0475426312
11  3  -0.0251168108   0.0070849456  -0.0051576999   0.0407033481  -0.0938906868
11  4   0.0483637185  -0.0174276491   0.0890153567   0.0099730640  -0.0191350966
11  5  -0.0063020829  -0.0597338090  -0.0912135601  -0.1101146495  -0.0577423258
11  6   0.0039507899  -0.0396735282   0.0378100450   0.0121483418  -0.0452423044
11  7   0.0412405582   0.0257719771   0.0600148179   0.0271102427   0.0489472153
11  8   0.0054699008   0.0048783099  -0.0121066641   0.0113923770  -0.0010216918
11  9   0.0165571154   0.0239827963  -0.4036450907   0.0002265575  -0.0003974754
11 10   0.0008848896  -0.0000672141   0.0000815730  -0.0000079969  -0.0000145461
11 11  -0.0008267651
12  1   0.0354559744  -0.3406352476  -0.1122092639  -0.0702095345  -0.0672300426
12  2  -0.1232781501   0.0160197466  -0.3675979623  -0.0172912625  -0.0479773286
12  3   0.0999418910   0.0103987921   0.0096855560  -0.1247523540   0.0307691503
12  4   0.0376310577  -0.0394181507   0.0319712032   0.0565340005  -0.0388917183
12  5   0.0913199478  -0.0733656421  -0.0788717509  -0.0049255630   0.0377492658
12  6  -0.0023275627   0.0141692262  -0.0074820846  -0.0013588685   0.0113903558
12  7  -0.0004389017  -0.0103201517  -0.0132331562  -0.0023187452   0.0148636176
12  8   0.0085961573  -0.0015943348  -0.0156964224   0.0066304363  -0.0002942315
12  9  -0.0025048075  -0.0058338762   0.0657166618   0.0000090685  -0.0000748390
12 10  -0.0001735177   0.0000273925  -0.0000137741  -0.0000018282   0.0000015900
12 11  -0.0002965579
13  1  -0.0777058946  -0.2139726219   0.0355243787   0.0291703348  -0.0296010797
13  2   0.2026345368   0.0946354767   0.3399745684   0.2070296981  -0.0933039535
13  3   0.0530528358  -0.0221795687   0.0029379277  -0.0191947436   0.1799642936
13  4  -0.0830363586   0.0312176785  -0.0869680837   0.0307039032   0.0385494953
13  5   0.0633471985  -0.0059050344  -0.1009339246  -0.0274668529   0.0149347256
13  6   0.0023668162   0.0050814180   0.0256834299  -0.0042392475  -0.0235418346
13  7   0.0441621850   0.0086919715   0.0003303891  -0.0130060258  -0.0450024413
13  8  -0.0146611462   0.0014537259   0.0281128871  -0.0128759071   0.0004552895
13  9  -0.0012075159   0.0020139665  -0.0111850180   0.0001123599  -0.0000437158
13 10  -0.0000942174  -0.0000127620   0.0000027444  -0.0000265327  -0.0001066543
13 11  -0.0386517257
14  1   0.0609177580  -0.1949774408  -0.1998468284   0.2149159194   0.1198158025
14  2   0.0811609662   0.1055712306  -0.0804528285  -0.0268523426   0.0417080803
14  3   0.0159458439  -0.0552798120   0.0008230975   0.0078967621   0.0153775380
14  4  -0.0155706069   0.0312992798  -0.0491961248  -0.0581003609   0.0420446056
14  5  -0.0828369310   0.1089875266   0.0755703110   0.0793245472   0.0388479297
14  6  -0.0100064111  -0.0092642907  -0.0446188671   0.0239500014   0.0480119551
14  7  -0.1464642408  -0.0480886196  -0.0602426571  -0.0281250925  -0.0270364715
14  8  -0.0005021378  -0.0017471698  -0.0058757173   0.0028560616  -0.0005013276
14  9   0.0032958663   0.0024426883  -0.0616106027  -0.0000128295  -0.0001000243
14 10   0.0002823870  -0.0000052738   0.0000083489  -0.0000468693  -0.0000685822
14 11  -0.0237639662
15  1  -0.1042996778  -0.2041000283   0.1338248718  -0.1544580417   0.1024794972
15  2  -0.1257206808   0.0073347233   0.3075280977   0.0996757434  -0.0209977584
15  3  -0.0012241203   0.1313273627  -0.0079261564   0.0027124743  -0.1832023016
15  4   0.1105322869  -0.0291326804   0.0936360272   0.0152698259   0.0510711610
15  5  -0.0313709837   0.0558411359  -0.0371730830   0.0524652851   0.0635823038
15  6  -0.0141520850  -0.0061578270  -0.0414321187   0.0175716903   0.0384694754
15  7  -0.0597625936  -0.0220287958  -0.0107328293   0.0076907961   0.0474943553
15  8   0.0166142266  -0.0005577914  -0.0335113490   0.0157084638  -0.0007187960
15  9   0.0012837514  -0.0045525427   0.0040576970  -0.0000928936   0.0000591518
15 10   0.0001471449   0.0000049919   0.0000001337   0.0000351415   0.0001100932
15 11   0.0408427490
16  1   0.1485722579   0.0432519440   0.1341244522   0.0296589851   0.0324307269
16  2   0.2748490953   0.0013337288   0.0069985346  -0.1018791928  -0.0551281752
16  3   0.0444207021   0.1414688121   0.0084300949  -0.1121766508  -0.2044443832
16  4  -0.1142669616   0.0094808242  -0.0273737556   0.0020061437  -0.0151471528
16  5  -0.0698972958  -0.0195509883  -0.1240835246   0.1053586230  -0.0844497881
16  6   0.1020621959  -0.0190988267   0.0180410178  -0.0876105893  -0.0107785585
16  7  -0.0258563997   0.0349302641   0.0065078512   0.0108192626  -0.0196652322
16  8  -0.0177488712   0.0144374305  -0.0242337399   0.0084242288   0.0005775051
16  9   0.0191571439   0.0057567673   0.0075298494  -0.0000545477  -0.0001712018
16 10   0.0008111378  -0.0016216215  -0.0398247368   0.0001707086  -0.0000426616
16 11   0.0000399041
17  1  -0.1096310858   0.0607848312   0.1349587055   0.0370577990   0.3510679841
17  2   0.0741298822  -0.0814592266  -0.0944511548  -0.1054856239  -0.2234863864
17  3  -0.0228240633  -0.0158237694   0.0025655530  -0.0719019718   0.1733587142
17  4   0.0852905033  -0.0115892779   0.0292720571   0.0032147243   0.0165618726
17  5   0.0336658716   0.0181576993   0.0664409577  -0.0419154562   0.0405100370
17  6  -0.0488913323   0.0218556059  -0.0220166950   0.0010678556   0.0060110034
17  7  -0.0202957080   0.0394893879   0.0128811313   0.0348447868  -0.0242908182
17  8  -0.0618602541   0.0158889194  -0.0345067823   0.0171856177  -0.0007850525
17  9   0.0028979247  -0.0068980190  -0.0000079735   0.0000354316   0.0002083557
17 10   0.0024056988   0.0244723817  -0.0670345199   0.0003015485   0.0000101227
17 11  -0.0000424364
18  1  -0.0382085076  -0.1762927904   0.1195651570  -0.1356350789   0.0913384196
18  2  -0.1096167884  -0.0314606023  -0.0294997051  -0.0606274895  -0.0205677188
18  3  -0.0637670398  -0.2210426771   0.0020339995   0.0633869883  -0.0200915109
18  4  -0.1479014845   0.0216308676  -0.0208375167  -0.0327026440  -0.0405928785
18  5  -0.0665462288  -0.0306705016  -0.1227440710  -0.0081144906   0.0313747270
18  6   0.0324056719  -0.0656672366  -0.0344166250  -0.1750907431   0.0862378525
18  7  -0.0055122299   0.0124776035  -0.0027838971   0.0238908177   0.0057751920
18  8  -0.0026555207  -0.0038779555   0.0158132685  -0.0124070342  -0.0003519253
18  9   0.0715302603   0.0005598069   0.0179776222   0.0005452386   0.0001361154
18 10   0.0000898369   0.0500476843   0.0236115794  -0.0001074731  -0.0000466875
18 11  -0.0000005697
19  1  -0.0211238043  -0.0631568975   0.0116541077  -0.1137882171  -0.0452477920
19  2   0.1930565542  -0.0164320681   0.0425738876  -0.1038934182   0.0794094359
19  3  -0.0002709163  -0.0626484138   0.0116939275   0.0013741966  -0.0047304901
19  4   0.0696332228  -0.1085358876  -0.0174769666  -0.0303768290  -0.0346509324
19  5   0.0876484582   0.1822421839  -0.0394430767  -0.0623321064  -0.0405807762
19  6   0.0437223656   0.1111937923   0.0465009025  -0.0159832662   0.0540526903
19  7  -0.0104785596  -0.0588192205   0.0276334981   0.1157251950  -0.0697394665
19  8   0.0917356178   0.1466143315  -0.0087413272  -0.0197711943   0.0390081119
19  9   0.0009841422  -0.0378071329  -0.0035378960   0.0011852777  -0.0000797635
19 10   0.0002284994   0.0000160231   0.0000276002   0.0012522943  -0.0011503456
19 11  -0.0000509994
20  1   0.0139310748   0.0695116205  -0.2291940124  -0.1659461188   0.1051612818
20  2   0.0135530980  -0.0435335304   0.0760478468   0.0205009753   0.0235607328
20  3   0.0164384599   0.0204312040   0.0125345884  -0.0158787359   0.0609566789
20  4  -0.1027567161  -0.1042531777   0.0040974204   0.0299349096  -0.0341315099
20  5  -0.0745267736   0.1127745629  -0.0413273700  -0.0379823493  -0.0291352365
20  6   0.0093302482   0.0807780459  -0.0493053556  -0.0630995482  -0.0215438351
20  7  -0.0074372870  -0.0323435056   0.0459771380  -0.0957708110   0.0371003851
20  8  -0.0672993688  -0.0980892945  -0.0063632634   0.0094589926   0.0046205358
20  9  -0.0044614607   0.4694185076   0.0300217710  -0.0010393758   0.0012389340
20 10  -0.0010260558   0.0001171313   0.0000074837  -0.0006315262  -0.0000374438
20 11   0.0000812216
21  1   0.2481847323  -0.0337288098   0.0821610577  -0.0590903663   0.0595710770
21  2  -0.0362627177   0.0132088983   0.0246505238   0.0122851759   0.0423100499
21  3  -0.0011716177   0.0542073198  -0.0067032876   0.0240985068   0.1375271416
21  4  -0.0175384806   0.0609093138   0.0985402410  -0.0521727323   0.0382157352
21  5   0.0911842621  -0.0669134060   0.0652096973   0.0099155028   0.0658213721
21  6   0.1031751737  -0.0760378822  -0.0113518946   0.0355726447  -0.0183646087
21  7   0.0064968736   0.0177420775  -0.0377129559   0.0744861599  -0.0233403816
21  8   0.0505088715   0.1002808163  -0.0009325903  -0.0161810771   0.0449463431
21  9  -0.0027871643   0.4915314581   0.0256711571  -0.0005137233  -0.0004938979
21 10  -0.0008917993   0.0002095199  -0.0000073316  -0.0001774072  -0.0014439055
21 11   0.0000585406
22  1  -0.0875779492  -0.1822622781   0.0071365736  -0.0418700666  -0.0477729347
22  2   0.1857668341  -0.2466525118   0.0967137634  -0.1965556283   0.1915799453
22  3   0.0032644558   0.0590461625   0.0083221912   0.0244740565   0.1591124268
22  4   0.0870581223   0.0032885688  -0.0252612489   0.0494489773   0.0229677502
22  5  -0.1384213107  -0.0990627548   0.0186356639   0.0173363254   0.0236894159
22  6  -0.0002067594  -0.0210764961   0.0244373215   0.0110682843   0.0082388534
22  7   0.0004471079   0.0124981734  -0.0050950317  -0.0152073390   0.0093774819
22  8  -0.0119407233  -0.0176321809   0.0016162195   0.0032078393  -0.0012358908
22  9   0.0000824582   0.0105378618   0.0014669797  -0.0001579896   0.0000731235
22 10  -0.0003025488  -0.0000104984  -0.0000059573   0.0000996084   0.0000174665
22 11   0.0000441127
23  1   0.0644101274   0.0020995372  -0.3334837504  -0.1274802114   0.0333676321
23  2   0.0128288181  -0.2188304984   0.1819039666  -0.0333629515  -0.0742945842
23  3   0.0007334755   0.0178088686   0.0149584916  -0.0106016112  -0.0028023665
23  4  -0.0995211959   0.0157376303   0.0743263870  -0.0697283700   0.0266039327
23  5   0.0987630584  -0.0140241762   0.0324368560  -0.0031743893   0.0250007921
23  6   0.0737181094  -0.0246826256  -0.0810588912  -0.0212894750  -0.0837748438
23  7   0.0066810316  -0.0269633972  -0.0070043062   0.0232982756  -0.0089526670
23  8   0.0057265431  -0.0009324696   0.0032794831   0.0046151022  -0.0221894627
23  9   0.0024079115  -0.2731448662  -0.0162814157   0.0005273500  -0.0000957826
23 10   0.0005607808  -0.0000616518   0.0000008724  -0.0007029163   0.0004083249
23 11  -0.0000319517
24  1   0.1984549229   0.0220225638   0.1776297132  -0.0906997012   0.1253222336
24  2  -0.0359719601   0.1616137383  -0.0698649008   0.0578425524   0.1353517003
24  3   0.0125102776   0.0625948392  -0.0033302510   0.0209754800   0.2067970729
24  4  -0.0240201471  -0.0440192587   0.0388334027   0.0461224326  -0.0157239198
24  5  -0.0924037783   0.0355296196   0.0091730470  -0.0207434756   0.0267627383
24  6   0.0867501078   0.0166428168  -0.0571371937  -0.0335583435  -0.0719843096
24  7   0.0035716248  -0.0381352613   0.0046335631   0.0020011309  -0.0005610676
24  8  -0.0097092961  -0.0279755933   0.0028874601   0.0084277170  -0.0259440611
24  9   0.0025885500  -0.3030393158  -0.0160484821   0.0004649355  -0.0002975358
24 10   0.0002385758  -0.0000888974   0.0000042477  -0.0005729278   0.0004858919
24 11  -0.0000358407
25  1  -0.0221403395  -0.0027936220  -0.0233022537  -0.2155550061  -0.0676873219
25  2   0.1730766019   0.2453034549   0.0217995498  -0.1706122028  -0.0162415878
25  3  -0.0126640689  -0.0657483061  -0.1058969985   0.0073065589  -0.0282707681
25  4   0.1641646829   0.0184895827  -0.0328970610  -0.0526062484   0.0290658504
25  5   0.1197961173  -0.0154713423   0.0227145479  -0.0085542390   0.0048869735
25  6   0.0915240672  -0.0278132613  -0.0555384930  -0.0064337742  -0.0083004042
25  7   0.0003845262   0.0207222966   0.0093966586  -0.0662964619   0.0273492430
25  8  -0.0350053033  -0.0508490238   0.0013739881   0.0052599486  -0.0741476842
25  9  -0.0013089313   0.0323735896   0.0039078141  -0.0003096763   0.0000074066
25 10   0.0000273686  -0.0000652752  -0.0001525434  -0.0312143505  -0.0285450923
25 11   0.0001407650
26  1   0.0130791477   0.1220094057  -0.2596189252  -0.2544415416   0.0856290961
26  2  -0.0038182233   0.1826878328   0.0585526261  -0.0353875181  -0.0664232391
26  3   0.0055245504   0.0174541249  -0.0551733164  -0.0110290713   0.0366309236
26  4  -0.0465285122   0.0065795936  -0.0039506315   0.0448717497   0.0131159250
26  5  -0.1556573218  -0.0913174648   0.0031586260   0.0230856923   0.0225399176
26  6  -0.0590139308   0.0051938186   0.1427991197   0.0525990050   0.0869146742
26  7  -0.0024836265   0.0182588755  -0.0132904237   0.0390033897  -0.0146267214
26  8   0.0239491198   0.0374471002   0.0006513325  -0.0028630595   0.0862506635
26  9   0.0017832621  -0.0932498558  -0.0083532807   0.0002515722  -0.0003775693
26 10   0.0002147088  -0.0000040367   0.0001920100   0.0412738794  -0.0361550402
26 11   0.0000143316
27  1   0.3731443109  -0.0373223227  -0.0068767021  -0.0107211075  -0.0035193118
27  2  -0.0149044964  -0.1511588736   0.1101595619   0.0876258235  -0.1142916094
27  3  -0.0237465764  -0.0986511527   0.0582066824   0.0224122267  -0.0234013634
27  4   0.1882513321  -0.0144664813  -0.0758441690   0.0303658425  -0.0085568920
27  5  -0.0213856305   0.0168315923  -0.0024517582  -0.0129762129   0.0008192913
27  6   0.0512354873   0.0138719309   0.0833064553   0.0337557353   0.0956255792
27  7  -0.0053005437   0.0336709482   0.0131274702  -0.0504591957   0.0177740730
27  8  -0.0206413009  -0.0258093565   0.0014602473   0.0048670667  -0.0133146370
27  9  -0.0001027176  -0.0472893874  -0.0010590424  -0.0001347533  -0.0000418175
27 10   0.0002442405  -0.0000989835  -0.0000629128  -0.0138393282  -0.0727322533
27 11   0.0001949920
28  1   0.1347196091   0.0759439356   0.1009127697  -0.0504991067   0.0111839833
28  2   0.2549516280  -0.0288124531  -0.0432060588   0.1632246165   0.1041294900
28  3   0.0327241405  -0.1577301766  -0.0098463107  -0.0523930195   0.0220025009
28  4   0.0463101928   0.1189359370   0.2878921771  -0.0389894754   0.0231999041
28  5   0.0955359537  -0.1721841848   0.1633572122   0.1641594433   0.1856551721
28  6  -0.3351892300  -0.0764656299   0.1647082359  -0.3482918233  -0.0069443664
28  7  -0.0800243825  -0.2605831872   0.5481024372  -0.4505131387  -0.1883604701
28  8   0.1215293489   0.2292097230  -0.2529190846  -0.0735624524   0.0028011883
28  9   0.0108347862  -0.0798730169   0.0392389044  -0.4588806174  -0.2866340016
28 10   0.0541006387   0.0020964413   0.0006128714   0.0018925263   0.0009733588
28 11   0.0001680569
29  1  -0.1023484511   0.2015244056   0.0256232143  -0.2147481608   0.2799388799
29  2   0.0230983375  -0.1590701760  -0.1315961964   0.3156466975   0.3784000103
29  3   0.1599205432  -0.2950049303   0.0143475844  -0.2494128017  -0.1729739360
29  4   0.1613165765   0.2794913080   0.0319149965  -0.1540085954   0.1685962588
29  5  -0.1949458612  -0.0858405044  -0.1681460216  -0.2048665244  -0.2106496171
29  6   0.1682867834   0.4063322283  -0.1130954350   0.1046265621   0.0531533793
29  7   0.0453508041   0.0749499328  -0.2781178339   0.1841689654   0.1510425415
29  8  -0.1195822004  -0.1834440010  -0.2530843312  -0.6101166859   0.0003389239
29  9  -0.0252156011  -0.0390590314  -0.0939242979  -0.2767504790  -0.1596139030
29 10   0.0278335969  -0.0004512556  -0.0007261625   0.0001967722   0.0001598038
29 11   0.0005607059
30  1   0.2022269773  -0.0271624536   0.1207038000  -0.0780730158   0.0866986362
30  2  -0.0432691280  -0.0249748068   0.0001220049   0.0235604690   0.1348597873
30  3   0.0334716974   0.0229152029  -0.0123797629  -0.0437504484   0.0609433598
30  4   0.0208458154   0.2625301661   0.1332599328  -0.1523311899   0.1394218003
30  5   0.0717911036  -0.2164199885  -0.0334579485  -0.0143245026  -0.1269930252
30  6  -0.2713501656   0.3158040162   0.0083555576  -0.2288041215   0.1097853116
30  7  -0.0640522166  -0.1736086741   0.2861627253  -0.2362495083  -0.0331103536
30  8   0.0125871869   0.0894384669  -0.2379402177  -0.2740172121   0.0018156789
30  9  -0.0057584657  -0.0878775774  -0.0203481617   0.6393943172   0.4157999071
30 10  -0.0742830973  -0.0007015226   0.0001351113  -0.0015959130  -0.0007177951
30 11  -0.0002665872
31  1   0.0887881085   0.1076728572   0.0338048746  -0.1894555695  -0.0316460385
31  2   0.2134731412  -0.0592758577  -0.0127761951   0.1597196996   0.1860080182
31  3   0.1150013760  -0.2899529438   0.0136354843  -0.1659392080   0.0177988880
31  4   0.0856118427   0.0485501458   0.3269289060  -0.1418962004   0.0880500971
31  5  -0.2186524564   0.1375285824  -0.0965082929  -0.1078846257  -0.0676938535
31  6  -0.3250088238   0.1952058962  -0.0190392430  -0.2656797534  -0.2349438847
31  7  -0.0370795114   0.4065583612  -0.3030945945  -0.3961805605   0.2815372643
31  8   0.0620323943   0.5777114922   0.3141573095   0.2388284044  -0.0178852510
31  9   0.0174771258  -0.1138255668   0.0430835340   0.1951312488  -0.2782013689
31 10   0.0553282148   0.0016620555  -0.0010065681  -0.0001183152   0.0003350211
31 11  -0.0003649299
32  1  -0.0679284475   0.1011094394  -0.0113679178  -0.0953901969   0.2529765284
32  2   0.0410334693  -0.0797608051  -0.0825630460   0.1699793757   0.2101290256
32  3   0.0363951298  -0.0496926492  -0.0040898425  -0.0548580758  -0.0983087150
32  4   0.0334508734   0.0778329216  -0.1425875104   0.0321052991  -0.0219048742
32  5   0.1509286316  -0.0869726110   0.0128993623   0.0602039288  -0.0414501638
32  6   0.0823098514  -0.1037454180  -0.0586306095   0.1726689149   0.1831450528
32  7   0.0312292491  -0.1697531032   0.1640988528   0.2002731469  -0.1601047329
32  8  -0.0043046640  -0.2871606583  -0.0203894674   0.0948124966   0.0104651532
32  9  -0.0039707728   0.0689511312   0.0135268589   0.4990409268  -0.7450493867
32 10   0.1630454880  -0.0011011995   0.0006974794  -0.0047555888   0.0015634123
32 11   0.0002817086
33  1   0.2042295531  -0.2012503981  -0.0730572174  -0.0376999688  -0.0445221945
33  2  -0.0710895907   0.0979942388   0.1569164991  -0.3053267528  -0.1413286936
33  3  -0.1129782087   0.3504276336   0.0069522947   0.2212431829   0.2202094218
33  4  -0.2311640695  -0.3177966387  -0.1745336159   0.0974075731  -0.1737674591
33  5   0.2758264589   0.2461173592  -0.0140256730   0.1071618228  -0.0671837449
33  6  -0.3776960426  -0.4041172072  -0.1294281775   0.1116417421  -0.0536671417
33  7   0.0096505034   0.3413016481  -0.1310711250  -0.2337886014   0.0862614819
33  8   0.0317766015   0.1721607429  -0.3658477992  -0.5754164152  -0.0082280040
33  9  -0.0074382499  -0.2076842621  -0.0535078751   0.1088138772  -0.1922824576
33 10   0.0403762266   0.0002977548  -0.0000274943  -0.0008741368   0.0007706471
33 11   0.0003022091
34  1   0.0365397696  -0.1227104363   0.1069665529   0.0932825314   0.0156259066
34  2   0.2514304049   0.0322677992  -0.0232171638  -0.0909273256  -0.1897536106
34  3  -0.0950740738  -0.0698909857   0.0028685378   0.0432836096  -0.0926360441
34  4  -0.1173413507  -0.0321815009   0.2106817681   0.0181888269  -0.0224368091
34  5  -0.1871842314  -0.0916979172   0.0711098735  -0.0079435470   0.1315092963
34  6   0.0328160881   0.3854395557  -0.3501572713   0.1705373202   0.0750863907
34  7   0.2579621461   0.2837836151  -0.1284632453  -0.2577777681  -0.3816262437
34  8   0.6809431223  -0.4286734019  -0.2085255056   0.1067744598   0.0133404518
34  9   0.0562748965   0.0652496140  -0.1198041831  -0.0048612819   0.0712359290
34 10   0.3269435620  -0.0043084462   0.0073895374  -0.0003776476   0.0001463218
34 11   0.0009292645
35  1  -0.0261843680   0.0222120661  -0.0831039230  -0.0239840981   0.2029563755
35  2   0.0482700931  -0.0179400322  -0.0415056032   0.1096358468   0.1469545952
35  3  -0.0398554109   0.0761029457  -0.0090611943   0.0651569237  -0.0959611511
35  4   0.0423737279  -0.0004185003  -0.1365948166   0.0641229684  -0.0589175273
35  5   0.2436242720  -0.0679634855   0.0874662363   0.1008970180   0.0204414967
35  6  -0.0029223428  -0.0040547861   0.1708553262  -0.1967895083   0.0243013436
35  7   0.1289369183  -0.2149183650  -0.1740726232   0.0034098622   0.1173092512
35  8  -0.3029630809   0.2278610315  -0.0294346754   0.0196695105  -0.0073550541
35  9  -0.0075693896  -0.0013582428  -0.0368611413  -0.0137473070   0.1827802187
35 10   0.8803713204  -0.0137164199   0.0157216475  -0.0001416058   0.0007779709
35 11  -0.0003399013
36  1   0.0059873485  -0.0241381432   0.2576364216  -0.1534373826   0.1838177881
36  2  -0.0772344388  -0.0903521737  -0.0230807219  -0.1849274147  -0.0857101251
36  3   0.0286109158  -0.0874665424   0.0119415042  -0.1109196556  -0.0175694758
36  4  -0.1438876354   0.0498144961  -0.1863111926  -0.0433085365  -0.0231406794
36  5  -0.0052648477   0.0196203911  -0.1537985496  -0.0661139812   0.1494074895
36  6  -0.0042713749  -0.0057710444   0.1743885774   0.4256078498  -0.4282970156
36  7  -0.5668775438   0.1128690951   0.3985142513   0.0506146962   0.2771530780
36  8   0.3387712925  -0.1853286930   0.5500057835  -0.2734827049   0.0040903669
36  9  -0.0005084361   0.0203400173   0.1894518297  -0.0026250801   0.0559518750
36 10   0.2642399053  -0.0037160664   0.0044308216  -0.0002110854   0.0002544069
36 11  -0.0012864991
37  1  -0.1261275035  -0.2409883384  -0.0012996134  -0.0172984818  -0.0529719132
37  2   0.1782261131   0.0873163398   0.2741861629   0.3088959226  -0.1350924009
37  3   0.0659258097   0.1776198145   0.0038065412  -0.0757478592   0.2659458583
37  4   0.1390010678   0.0334692557  -0.1130001902  -0.5078331841  -0.6034717223
37  5  -0.2583357559  -0.2326135509   0.2524107432  -0.1154035801  -0.1333707821
37  6   0.0083092332  -0.0256954021   0.0078260219   0.0475985754  -0.0073515773
37  7  -0.1091790554  -0.0460006075  -0.0761880572  -0.0802699698  -0.1670861418
37  8  -0.0518723616   0.0088919437   0.0739016171  -0.0313210414   0.0003706990
37  9   0.0011963043   0.0154721297  -0.1045908137   0.0003548056   0.0004278976
37 10   0.0005093934  -0.0003329889  -0.0004581757   0.0006778948   0.0016912275
37 11   0.6329653209
38  1   0.0975310882  -0.2770392591  -0.2547059589   0.2995441476   0.0811383196
38  2   0.0918613605   0.1572114114  -0.0675347305  -0.0620035548   0.0361509570
38  3   0.0798610342  -0.1752052927   0.0078482487  -0.0422824100   0.1997543757
38  4  -0.1608364609   0.1057799413  -0.2937857008  -0.0647832601   0.1883513483
38  5  -0.0845481025   0.3233078529   0.2619201450   0.3214301494   0.1644172396
38  6  -0.0090771206   0.1095002414   0.0240148630  -0.1181088655  -0.0493824977
38  7   0.5330681161   0.1744043488   0.3123551334   0.2754791024   0.5819997367
38  8   0.1563100582  -0.0056914239  -0.2366458265   0.1042258371  -0.0001071459
38  9  -0.0095830863  -0.0346804159   0.3959777641  -0.0001735925   0.0007952702
38 10   0.0014039027  -0.0000761156  -0.0000673269   0.0005441352   0.0010621929
38 11   0.3869997173
39  1  -0.1275244257  -0.2812754580   0.0643427224  -0.1457358284   0.0559628793
39  2  -0.1422873995   0.0326055148   0.2540710837   0.1750140910  -0.0638892141
39  3   0.0505742021   0.2484636355  -0.0028849297  -0.0827347912   0.0127733185
39  4   0.2326427940   0.0186687315  -0.0814630366  -0.5009208918  -0.4703263028
39  5  -0.3379555088  -0.0291528334   0.4133073236   0.1171917686  -0.0011320549
39  6  -0.0078448364   0.0371347424  -0.0183501116  -0.0199750641  -0.0027146799
39  7   0.1992049476   0.0582336729   0.1323546148   0.1171411498   0.2709991467
39  8   0.0676093742   0.0030690743  -0.1130741889   0.0509052371  -0.0005038361
39  9  -0.0048187546  -0.0105754019   0.1702586449  -0.0004211298   0.0001356812
39 10   0.0004923609   0.0000847538   0.0004156080  -0.0008044060  -0.0017505062
39 11  -0.6677084635
40  1   0.1761660312   0.1258445504   0.1174099999  -0.0550179913   0.0215425398
40  2   0.2672887696  -0.0584707283  -0.0842372164  -0.0843377434   0.0005786732
40  3   0.5409321051   0.1984067770  -0.0127220681   0.3757079150  -0.5483958689
40  4  -0.1797769818   0.0496272079  -0.2357325494   0.0448027301  -0.0351757783
40  5   0.0232929577  -0.0489991715   0.3612103777  -0.4904460029   0.6376880562
40  6  -0.1964193988   0.1276414050  -0.1603344433  -0.2225488755   0.0743881565
40  7  -0.1706244014   0.2617472901   0.0896981803   0.1709845552  -0.1032285730
40  8  -0.1947969386   0.0190166926  -0.0943657717   0.0451113843  -0.0048445861
40  9   0.1107730989  -0.0184176748   0.0420525554   0.0016910964  -0.0027162362
40 10  -0.0026297789  -0.2517630915   0.1700972472  -0.0007488526   0.0002483148
40 11   0.0000022690
41  1  -0.1306981587   0.0713287436   0.1895061514   0.0510903161   0.3881349977
41  2   0.0803857527  -0.0982558509  -0.1107757450  -0.1594269461  -0.3281575125
41  3  -0.0070194854  -0.0487898967   0.0054056277  -0.1080221737   0.2803705483
41  4   0.1209055875  -0.0237394474   0.1284596127  -0.0322112642   0.0449485366
41  5  -0.0448400734   0.0611479341  -0.1037476683   0.1324164535  -0.2878345520
41  6   0.0480774687  -0.1308578317   0.0429798274   0.0284236044   0.0549350075
41  7   0.1301295040  -0.1650074822  -0.0588298397  -0.0723081296   0.0676459657
41  8   0.0769457134  -0.0093361449   0.0810381614  -0.0483270951  -0.0012590951
41  9   0.2532631802   0.0184078424   0.0716553114  -0.0013580971  -0.0041600884
41 10  -0.0231084115  -0.6928335285   0.5367285559  -0.0022356910   0.0003747781
41 11   0.0000383192
42  1  -0.0093041060  -0.2636527844   0.0033403300  -0.1047585119   0.0120040271
42  2  -0.1186790781   0.0530505095   0.0774017043   0.0531727271   0.1822606923
42  3  -0.4697933049  -0.1893898678   0.0110014733  -0.2114034115  -0.0139004249
42  4  -0.1812855053   0.0188151709  -0.0861673135   0.0142999289  -0.0964025084
42  5   0.0417157815  -0.1149331304  -0.1456847106   0.1018515263   0.1901012365
42  6   0.0723791808   0.1833627822  -0.0178987195  -0.1385719380  -0.1255770247
42  7  -0.2506487234   0.3148582594   0.0940432411   0.1344299625  -0.1446350505
42  8  -0.1729021066   0.0571180139  -0.2073068699   0.1173099880   0.0064138651
42  9  -0.6562758877  -0.0354012660  -0.1913276767   0.0005269384  -0.0031204366
42 10  -0.0039153366  -0.2728404340   0.2341101367  -0.0010208964   0.0002077263
42 11   0.0002702771
43  1   0.2030585881   0.0706703731   0.1772329671   0.0868790472   0.0598025432
43  2   0.3032670602   0.0225542979   0.0646791434  -0.1769083933  -0.0784388986
43  3  -0.1256952057   0.3454321905   0.0226390468  -0.4965827683  -0.1896900810
43  4  -0.0969424222   0.0385582131  -0.1582241036   0.0185547041   0.1137938216
43  5  -0.1194078489   0.1339574592   0.3407489253  -0.5329565194   0.1729726137
43  6  -0.1657999862  -0.3302055221  -0.0497812194  -0.2562208355   0.2790861149
43  7   0.1938841887  -0.2466094779  -0.1157931297  -0.0899905716   0.1352487938
43  8   0.2054134971  -0.0821706799   0.1639275883  -0.0702701191   0.0016990092
43  9  -0.2654908410  -0.0162522240  -0.0924120688   0.0022838858   0.0006509356
43 10  -0.0055261133   0.2957802681   0.3901590040  -0.0018771380  -0.0001237713
43 11   0.0006181101
44  1  -0.1506193501   0.1425028409   0.2027331200  -0.0403231624   0.3984662872
44  2   0.0655861006  -0.1771079401  -0.2290208865  -0.1555594819  -0.3603121573
44  3   0.5482602518  -0.1403464826  -0.0184181270   0.5112656747   0.0670627728
44  4   0.0940261898  -0.0187301601   0.1321176019  -0.0472734730  -0.0225187312
44  5  -0.0206719133  -0.0161817563  -0.2315029875   0.2996194845  -0.3050545535
44  6   0.1354957905   0.0262663717   0.0998088830   0.0810656703  -0.1089010846
44  7   0.0162998123  -0.0284204485  -0.0179436889  -0.0530514128  -0.0069292192
44  8   0.0474851133   0.0093815066  -0.0354686486   0.0315651995   0.0060957748
44  9  -0.4332768116  -0.0088182283  -0.1217968306  -0.0004829541  -0.0006788144
44 10  -0.0010908750   0.3384242601   0.3958979277  -0.0017386082  -0.0001758905
44 11   0.0001804560
45  1  -0.0283944438  -0.1000749700   0.1971183099  -0.1492426505   0.1436208759
45  2  -0.0955596139  -0.0834442111  -0.0834995091  -0.1486605312  -0.1335858553
45  3   0.2186806722  -0.1664801303  -0.0028032476   0.2057878219  -0.0848462465
45  4  -0.1296518588   0.0365700442  -0.0353319098  -0.0590306878   0.0201399933
45  5  -0.1437567814   0.0501718487  -0.0386172469  -0.1803575810  -0.0650391441
45  6  -0.0028821062  -0.2814488976   0.0203907378  -0.2395822648   0.1916865330
45  7   0.1704933820  -0.2315860778  -0.1112143948  -0.1161419721   0.1228664990
45  8   0.2415184852  -0.0759028164   0.1379602887  -0.0523994513   0.0062602701
45  9  -0.4716165619  -0.0135787884  -0.1436636725   0.0008790440   0.0008375992
45 10   0.0009535381  -0.4204661898  -0.5587795004   0.0025192680   0.0002174049
45 11  -0.0003862554
46  1   0.0270604796   0.0938725990  -0.0247172359  -0.2828352725  -0.0688739128
46  2   0.1757630746   0.4811353427   0.0147951545  -0.1247240548  -0.1255873086
46  3  -0.0391781043  -0.1765053749   0.5764906898   0.0610385847  -0.1781633576
46  4   0.4734285747  -0.1201446523  -0.3235628839  -0.0640910096   0.1595148004
46  5  -0.0797438063  -0.3386493601  -0.0170820615   0.0578169890  -0.0702946236
46  6  -0.2083699004  -0.0899573524  -0.5359008322  -0.1804407124  -0.4401965619
46  7   0.0230717290  -0.1232154482  -0.0139325980   0.0440928563  -0.0021759961
46  8  -0.0175880692  -0.0363590482   0.0001601325   0.0106255202   0.5155876001
46  9   0.0048472835   0.0194027783   0.0021112795  -0.0011435205   0.0031641575
46 10  -0.0006861325   0.0000409538  -0.0001149973  -0.0369906390   0.0434422095
46 11  -0.0001567176
47  1  -0.0243096232   0.1667354541  -0.1791121917  -0.2740303801   0.1409072521
47  2  -0.0015201732   0.3090020629   0.0014322741   0.0031298312   0.0102717196
47  3   0.0125605416   0.0388741134   0.4012731777   0.0135945641   0.0487052769
47  4  -0.1242468865  -0.2032436028   0.0068140166  -0.1632901521   0.1585526780
47  5  -0.0499661028  -0.2307414735   0.0510069327   0.0138583739   0.0763583742
47  6   0.0791283014   0.0147296008   0.3982385740   0.1472328515   0.3264926638
47  7  -0.0130388019   0.0979395181   0.0067175253  -0.0189618212  -0.0066791630
47  8   0.0248648620   0.0453564503   0.0036640053   0.0006514859  -0.3438020942
47  9  -0.0028009746  -0.0136536030   0.0053909763  -0.0007946789   0.0020343485
47 10  -0.0008750869   0.0002029706  -0.0022198228  -0.4651503383   0.5787722441
47 11  -0.0009849463
48  1   0.4111604405  -0.0960031776  -0.0976088556   0.0170973089  -0.0658002685
48  2  -0.0177259484  -0.3138472351   0.1756631311   0.0405036393  -0.1912578200
48  3  -0.0294736440  -0.1133168019  -0.5036425925  -0.0091930455  -0.0243057763
48  4   0.2508465145   0.2348763343  -0.0633002961   0.2689326434  -0.1851952193
48  5  -0.1283685099   0.2034605105  -0.0551920327  -0.0080248164  -0.0546748703
48  6  -0.0854064830   0.0115899836  -0.1553752530  -0.0569431040  -0.1328614960
48  7   0.0044160598  -0.0445501901  -0.0087260449   0.0155860280   0.0063483425
48  8  -0.0151670437  -0.0221225445  -0.0015563972  -0.0007398011   0.4134337136
48  9   0.0045210393  -0.1163925262  -0.0155262929  -0.0032176169   0.0017092180
48 10  -0.0008618214   0.0002421927  -0.0019841042  -0.4242585653   0.5149913744
48 11  -0.0007921712
49  1  -0.0832603554  -0.0599455900  -0.0568508388  -0.2360783250  -0.0888832758
49  2   0.1496321940   0.2563459366   0.0883051913  -0.3072272427   0.0100075038
49  3  -0.0243948557   0.0793868192   0.3646331152   0.0657899558   0.0641502799
49  4   0.1236593711   0.5126814345   0.2838741939   0.1761112360  -0.2485087278
49  5   0.2974007608   0.4329838256   0.0280049217  -0.0549861405   0.0525899006
49  6   0.2925531812  -0.0147204468   0.1662003828   0.0758625557   0.1996009408
49  7  -0.0077450999   0.1134797302   0.0231165119  -0.2069872055   0.0892936087
49  8  -0.1081889810  -0.1506786992   0.0080224435   0.0209480659   0.1570439912
49  9   0.0018509270  -0.1721767658  -0.0061192472   0.0017774093  -0.0007849470
49 10   0.0001659794   0.0001718257   0.0020519132   0.4514172716   0.3641189039
49 11  -0.0014929974
50  1   0.0582632533   0.0975199590  -0.3754357929  -0.2813308786   0.0068860880
50  2  -0.0166009827   0.1794422007   0.1659951303  -0.1234634556  -0.2176374250
50  3  -0.0295402214  -0.0057527964   0.1893145266   0.0335227479  -0.0308983568
50  4   0.2505308141   0.4449702291  -0.0510251298   0.4474983928  -0.2478100681
50  5  -0.3631454738   0.1314099845  -0.1007221362   0.0534043164  -0.0848263161
50  6  -0.3657216064   0.0017471738  -0.2476157710  -0.0901778784  -0.2736752927
50  7   0.0192934485  -0.1466826302  -0.0432208433   0.3146797363  -0.1362556456
50  8   0.1714673847   0.2319963092  -0.0136209232  -0.0444960956  -0.5702955435
50  9  -0.0078958371   0.4326200288   0.0262015902   0.0013567275  -0.0015321220
50 10  -0.0002382721   0.0001009624  -0.0004060495  -0.0887886837  -0.0825298645
50 11   0.0003303629
51  1   0.4236342054   0.0000000000   0.0000000000   0.0000000000   0.0000000000
51  2   0.0000000000  -0.1599705752   0.0781356605   0.1726267634  -0.1556816765
51  3  -0.0204535370  -0.2069650286  -0.2513923054  -0.0137085730  -0.0998009559
51  4   0.2625516671  -0.3038789171  -0.3114606951  -0.0738720238   0.1524758132
51  5  -0.1799531689  -0.2736243022  -0.0208446677   0.0246807989  -0.0490266412
51  6  -0.1358540066   0.0017962934  -0.1448217087  -0.0493199182  -0.1170703194
51  7   0.0042291616  -0.0605892868  -0.0021076836   0.0941105459  -0.0456389322
51  8   0.0547244113   0.0749631279  -0.0065253978  -0.0136112514  -0.2762636127
51  9  -0.0037978849   0.1917662370   0.0116328841   0.0035737669  -0.0006124114
51 10  -0.0001644853   0.0003851938   0.0028681370   0.6226450765   0.5010956444
51 11  -0.0019903939
$end
