$coord
   -1.43729507838163      0.09785712367455      0.16198941570831  c
    1.37148711107459     -0.48786772803638     -0.17074296313583  c
    3.05027243742174      1.76333532093054      0.47545874186123  c
    5.83312395876337      1.22817622301114      0.15282533691254  c
    6.74992358754775     -0.72837952962832     -0.55534569830104  o
    7.25601667354994      3.26739726506569      0.76703905458342  o
   -3.10970795918326     -2.19082263441304     -0.48457239330577  c
   -5.86967348925120     -1.61283367747050     -0.08488636936678  c
   -7.05379513209759     -2.04804618818001      1.80786416827655  o
   -6.91511892491852     -0.45081001073367     -2.11726019788296  o
   -1.81023865140312      0.67155514336468      2.11343057459616  h
   -1.97158252263232      1.69214869439667     -1.04092894599542  h
    1.74041128065170     -1.07503843839729     -2.11656740856158  h
    1.89904616132395     -2.09268640070295      1.01808136760461  h
    2.59467339358027      3.40342585822654     -0.70072211867523  h
    2.75799173071376      2.38545494821621      2.42670183956726  h
    9.00953155500461      2.79333542536302      0.51448283175545  h
   -2.63235440904851     -3.77903737513181      0.73784591347526  h
   -2.80132439869756     -2.74743501917525     -2.44709824022117  h
   -8.66138543429103     -0.08972711065339     -1.68763087149655  h
$user-defined bonds
$end
