$dipgrad          cartesian dipole gradients
  0.11032023998225D+00  0.32210955125518D-01  0.18813927049362D-01
  0.13180095680684D+00  0.12750274940678D+00  -.17720785610434D-01
  0.46347130101734D-01  -.91057058544760D-02  0.15116587128863D+00
  0.11471539590970D+00  0.11828342353326D-02  0.15469959018071D-02
  -.32611593730314D-01  0.68806608024737D-01  -.18092232686476D-01
  -.12160082002739D-01  -.23912281101564D-01  0.12756539141904D+00
  -.25785989701161D+00  0.37506575157952D-01  0.34570656429441D-01
  0.19105214423214D+00  0.57973398244584D-01  -.41734151242960D-01
  0.84679074856012D-01  -.29750516899815D-01  0.13539901998528D+00
  0.15073655692783D+01  0.20401024596871D+00  0.32342491727737D-02
  0.20760117975089D+00  0.15279289044542D+01  0.42369318635442D+00
  0.35529315231300D-02  0.42312401076451D+00  0.38189126006806D+00
  -.82958940759212D+00  0.24109840033949D+00  0.10795428953980D+00
  0.39755523759651D-01  -.97893154222286D+00  -.22204016786247D+00
  0.22090136895563D-01  -.24150688083921D+00  -.41329114290147D+00
  -.87136458151083D+00  -.56882381734370D+00  -.16385855378470D+00
  -.45005727278617D+00  -.92906163411596D+00  -.17181440783345D+00
  -.11942439059580D+00  -.15986627712808D+00  -.40119434821873D+00
  -.34077000929168D+00  -.39779440584567D-01  0.25421194416245D-01
  -.88132407300721D-01  0.72321078512513D-01  0.98596247701278D-02
  -.43117559130503D-02  -.97540439334622D-03  0.10602432615645D+00
  0.14626266624021D+01  -.88158146874155D-01  -.39936237540989D-01
  -.33704568525156D+00  0.45410251881813D+00  -.53251645664218D+00
  -.64346075837119D-01  -.55391383115882D+00  0.14918098946685D+01
  -.87799880324773D+00  -.11224476262349D+00  0.34008655385352D+00
  0.54690168442105D-01  -.41563992626057D+00  0.15968223771186D+00
  0.21909947818690D+00  0.26332434454828D+00  -.94649632545013D+00
  -.65965292796722D+00  0.16509773765146D+00  -.41749004174634D+00
  0.20844721808968D+00  -.48972796580199D+00  0.36463743052308D+00
  -.28714082448941D+00  0.28733126197940D+00  -.90847976529770D+00
  0.44247711721850D-02  -.11433762941534D-01  0.15907356865241D-01
  -.71953342616670D-02  0.16763234467268D-01  -.47957933011198D-01
  0.23100296539223D-01  -.73502898469205D-01  -.10781718777965D+00
  0.22313827632233D-02  0.12599170062251D-01  -.21581982886082D-01
  0.20770724336355D-01  -.83713128370598D-01  0.64775975367430D-01
  -.24941595613623D-01  0.90783829466193D-01  -.27461342375576D-02
  0.16675256753661D-01  -.58818144313328D-02  0.11783223240693D-01
  -.12768012959070D-01  0.21916856544534D-01  -.45600801266467D-01
  0.24730775120416D-01  -.60538674999578D-01  -.99915091157084D-01
  0.12116547032011D-01  0.13101090895114D-01  -.16928915601024D-01
  0.14056429438346D-01  -.69341687708864D-01  0.64457720048262D-01
  -.33456342446624D-01  0.78633170100879D-01  -.28850977721665D-02
  0.17791909423231D-01  0.23462754476767D-01  -.13698259289709D-01
  -.23321759684870D-01  -.35382247952147D-01  0.52587626804966D-01
  -.30621246087119D-01  0.83781384782544D-01  0.28435309881158D-01
  0.22692286365269D-01  0.31898946030006D-02  0.17504349805391D-01
  -.43442856877070D-01  0.50029788071392D-01  -.31488610001493D-01
  0.76597655209281D-02  -.66161364425856D-01  -.59790880361587D-01
  0.25866182424593D+00  0.58893275019929D-01  0.23565044876403D-01
  0.94772479972353D-01  0.25891207042855D+00  -.27640869264703D-01
  0.35676406707372D-01  -.25727482733633D-01  0.31524343192306D+00
  0.27882889362643D-01  0.25956106610428D-01  -.17199814929601D-01
  0.23563848653706D-01  -.27280570593355D-01  0.44252345455791D-01
  -.14568584662052D-01  0.78414203085806D-01  0.11924829181641D-01
  0.32794310713777D-01  0.44416218135971D-02  0.25122689050747D-01
  0.15800313952225D-01  0.48708418422024D-01  -.30662345308766D-01
  0.18779029072845D-01  -.61707459654534D-01  -.73395296391246D-01
  0.24693658122185D+00  0.35710828387834D-02  0.65183275577156D-01
  -.77360645830615D-02  0.32411307763810D+00  0.33226136946200D-02
  0.10525587312323D+00  0.12765729304344D-02  0.26655193500183D+00
$end
