$hessian (projected)
 1  1   0.4510193208  -0.0349562574  -0.0044084024  -0.1719558037   0.0269714512
 1  2   0.0134399184  -0.0244063682  -0.0004449066   0.0010100887  -0.0005697470
 1  3  -0.0015179498  -0.0005051924   0.0003630072   0.0001294838   0.0000507909
 1  4  -0.0001628975   0.0002469489   0.0000302513  -0.0979716786  -0.0429541832
 1  5  -0.0136626106  -0.0274407295  -0.0281101430  -0.0066052153   0.0009659379
 1  6   0.0035798868   0.0003757484   0.0000127279   0.0008935271   0.0007577820
 1  7  -0.0558078860   0.0122064273   0.0414112038  -0.0634199482   0.0490732545
 1  8  -0.0375525630  -0.0088094584   0.0021170408   0.0013025804  -0.0114705781
 1  9   0.0027971321   0.0013351967   0.0015976335   0.0013314402   0.0002332974
 1 10   0.0015315164   0.0012570363   0.0004820450  -0.0001010041  -0.0001232909
 1 11  -0.0000380741   0.0038978103   0.0042624598   0.0017559111   0.0023559433
 1 12   0.0022456815   0.0002387768   0.0003722020   0.0009949606   0.0003484672
 2  1  -0.0349562574   0.5114695059  -0.0239287519   0.0261599275  -0.0842718887
 2  2  -0.0023811541  -0.0277580418   0.0058643682   0.0037957902  -0.0004435836
 2  3  -0.0066788358  -0.0021417745   0.0002924447   0.0016801496   0.0003040796
 2  4  -0.0027601611   0.0002608193   0.0001655644  -0.0300461904  -0.1346053607
 2  5  -0.0169239224  -0.0128565072   0.0134727062   0.0056657439   0.0048928797
 2  6  -0.0020041537  -0.0049483884   0.0036800095  -0.0044558653   0.0021136358
 2  7   0.0127691931  -0.0665766196  -0.0616037076   0.0502096160  -0.1937788533
 2  8   0.1144871602   0.0085894028  -0.0026831645  -0.0010613468   0.0255301754
 2  9  -0.0058546063  -0.0037779301  -0.0007886419   0.0007405928   0.0000344328
 2 10  -0.0000555523   0.0007093108   0.0003246305  -0.0005295641  -0.0004048123
 2 11  -0.0001199021  -0.0158192936  -0.0230353912  -0.0068889602  -0.0060424397
 2 12  -0.0095403896  -0.0030689903  -0.0000674155  -0.0003075119  -0.0000462090
 3  1  -0.0044084024  -0.0239287519   0.5816613453   0.0130956236  -0.0024128577
 3  2  -0.0825677731  -0.0078015180   0.0024057410  -0.0003095855  -0.0000858983
 3  3  -0.0020785218  -0.0008253467   0.0001344427   0.0003137443   0.0008568257
 3  4  -0.0008859948   0.0000587730   0.0001161407  -0.0094094523  -0.0163359545
 3  5  -0.0794909742  -0.0018089027   0.0058491159   0.0012409293   0.0030056470
 3  6  -0.0025067671  -0.0032842274  -0.0001782781   0.0005871254   0.0002226202
 3  7   0.0419839388  -0.0600059359  -0.2757613530  -0.0377372165   0.1129571430
 3  8  -0.1401328154   0.0322766635  -0.0070573228  -0.0032634635  -0.0201465594
 3  9   0.0036913376   0.0026383245   0.0008507431   0.0002101153   0.0002263645
 3 10  -0.0012615746  -0.0000279801   0.0003523921  -0.0001685611  -0.0001321640
 3 11  -0.0000174320   0.0119629024   0.0154271036   0.0053376456  -0.0194118175
 3 12  -0.0271506851  -0.0070054971  -0.0000057854   0.0001367416   0.0000058800
 4  1  -0.1719558037   0.0261599275   0.0130956236   0.4634588978  -0.0259109607
 4  2  -0.0020255650  -0.1087127282  -0.0440061295  -0.0127149005  -0.0250442596
 4  3  -0.0252717203  -0.0070115541   0.0018527030  -0.0032760522  -0.0012916542
 4  4  -0.0060898238   0.0003805008   0.0005963154  -0.0246921805  -0.0008273184
 4  5   0.0009322798  -0.0010729697  -0.0023827422  -0.0007629883  -0.0000730409
 4  6   0.0003844623   0.0001086156  -0.0000171278   0.0002574305   0.0001514035
 4  7  -0.0081228393   0.0020481592   0.0013966274  -0.0108952086   0.0028011451
 4  8   0.0012417541  -0.0547197803   0.0112342859   0.0409219703  -0.0623799983
 4  9   0.0483286784  -0.0375714151   0.0040180258   0.0049072491   0.0024147369
 4 10   0.0022865729   0.0034406706   0.0000501843  -0.0006738536  -0.0012536309
 4 11  -0.0003482137   0.0015113324   0.0015047986   0.0002356488   0.0014462282
 4 12   0.0014036907   0.0006510145  -0.0001241458   0.0000775554  -0.0000698832
 5  1   0.0269714512  -0.0842718887  -0.0024128577  -0.0259109607   0.5295879896
 5  2  -0.0192192747  -0.0449221616  -0.1512918501  -0.0209223218  -0.0067229642
 5  3   0.0099682847   0.0044469137   0.0032764081  -0.0027681848  -0.0006213195
 5  4   0.0055474796   0.0005509095  -0.0005190362  -0.0307831592   0.0036263776
 5  5   0.0025091390   0.0012631437  -0.0078747838  -0.0021486874  -0.0020150182
 5  6   0.0014380310   0.0020087728  -0.0012023952   0.0018412758  -0.0007724292
 5  7   0.0083484384  -0.0024533236  -0.0010610270   0.0255847336  -0.0059540500
 5  8  -0.0037318258   0.0116475431  -0.0676209769  -0.0644010273   0.0494930924
 5  9  -0.1981605060   0.1155166505  -0.0157999560  -0.0212764489  -0.0066479629
 5 10  -0.0054843714  -0.0082694366  -0.0025505500   0.0011821056   0.0007471608
 5 11  -0.0000894351  -0.0006749142   0.0009522522   0.0000209467   0.0002094187
 5 12   0.0009578079   0.0005392847  -0.0000079137   0.0002713604   0.0000560470
 6  1   0.0134399184  -0.0023811541  -0.0825677731  -0.0020255650  -0.0192192747
 6  2   0.5866123642  -0.0130299328  -0.0209889087  -0.0863641957  -0.0011076884
 6  3   0.0054587159  -0.0006435196   0.0008369114  -0.0002600699  -0.0017625356
 6  4   0.0021937992  -0.0003328398   0.0012485376  -0.0086680427   0.0012759481
 6  5   0.0004055584   0.0005590349  -0.0018372585  -0.0020534768  -0.0005547858
 6  6   0.0005842954   0.0013374176  -0.0007091176   0.0001505937   0.0000417028
 6  7   0.0326772250  -0.0074227181  -0.0034817725  -0.0206942019   0.0041150167
 6  8   0.0028298685   0.0423430084  -0.0631901477  -0.2777732183  -0.0383389155
 6  9   0.1144060777  -0.1383542069   0.0122470172   0.0146996821   0.0051295012
 6 10  -0.0193988362  -0.0254290027  -0.0059892227   0.0004540025   0.0000156174
 6 11   0.0008750955   0.0009644301   0.0002993605   0.0001710320  -0.0012473722
 6 12   0.0000528170   0.0003641613   0.0000591109   0.0000032497  -0.0000253180
 7  1  -0.0244063682  -0.0277580418  -0.0078015180  -0.1087127282  -0.0449221616
 7  2  -0.0130299328   0.4692096767  -0.0041216553   0.0025759936  -0.1765331242
 7  3   0.0066332906   0.0066035814  -0.0137988635   0.0190305963   0.0084056490
 7  4  -0.0355941957  -0.0049783761   0.0006944574  -0.0065961458   0.0016183333
 7  5   0.0007123444   0.0014119629  -0.0024641951  -0.0008523605  -0.0008313084
 7  6   0.0003773795   0.0007900998  -0.0005669353   0.0005222021  -0.0002890657
 7  7   0.0019182824  -0.0004456863  -0.0006417752   0.0018070713  -0.0007636879
 7  8   0.0000536134   0.0021751443   0.0027196586  -0.0003414184   0.0038775093
 7  9   0.0041805168   0.0023322416  -0.0608612710   0.0440723880  -0.0353015429
 7 10  -0.0533759188   0.0083437116   0.0365728126   0.0007925202  -0.0022733421
 7 11  -0.0006104031  -0.0000049781  -0.0000199013   0.0002260625   0.0000241725
 7 12   0.0001742114  -0.0001550701   0.0000654976   0.0000747594   0.0000562309
 8  1  -0.0004449066   0.0058643682   0.0024057410  -0.0440061295  -0.1512918501
 8  2  -0.0209889087  -0.0041216553   0.5332481952  -0.0034581495   0.0127329116
 8  3  -0.0794604135   0.0036773224   0.0381377628  -0.0142005086  -0.0154050778
 8  4  -0.0335063576   0.0041642235  -0.0005038924   0.0034330227  -0.0004274898
 8  5  -0.0000857053  -0.0010710662   0.0016238362   0.0003542112   0.0007606653
 8  6  -0.0003374198  -0.0005761794   0.0004887106  -0.0004378279   0.0002946434
 8  7   0.0008814625   0.0003601346   0.0000316686   0.0013541150   0.0007665104
 8  8   0.0000349583  -0.0059181942  -0.0092712762  -0.0022975100  -0.0163785014
 8  9  -0.0225320619  -0.0073641233   0.0451642849  -0.2003136888   0.1159507084
 8 10   0.0087221900  -0.0639266479  -0.0695245470  -0.0059324124  -0.0038307001
 8 11  -0.0023104123  -0.0000813665   0.0001761911  -0.0002336394  -0.0001319669
 8 12  -0.0001642307   0.0000769124  -0.0000825691  -0.0000093440  -0.0000780206
 9  1   0.0010100887   0.0037957902  -0.0003095855  -0.0127149005  -0.0209223218
 9  2  -0.0863641957   0.0025759936  -0.0034581495   0.5462326308   0.0087120985
 9  3   0.0040131455  -0.0917092623   0.0149817675  -0.0144874319   0.0204081755
 9  4  -0.0088823642  -0.0020001609   0.0104387229   0.0014294781  -0.0000509037
 9  5  -0.0004917731  -0.0003504179   0.0004305664   0.0008326339   0.0001284517
 9  6  -0.0000765686  -0.0002405874   0.0002975161  -0.0001516857   0.0000392642
 9  7   0.0010117181   0.0006736164   0.0004923456  -0.0004404008  -0.0004371530
 9  8   0.0001361676  -0.0197241002  -0.0266763177  -0.0066390181   0.0122235406
 9  9   0.0154650422   0.0048789095  -0.0361911970   0.1170129019  -0.1280358807
 9 10   0.0377879749  -0.0704432078  -0.2732048163  -0.0017987821  -0.0024501445
 9 11   0.0030302521  -0.0000763335  -0.0003638481   0.0000853514   0.0000264029
 9 12   0.0001772626   0.0004206917  -0.0000065345  -0.0000504321  -0.0000000263
10  1  -0.0005697470  -0.0004435836  -0.0000858983  -0.0250442596  -0.0067229642
10  2  -0.0011076884  -0.1765331242   0.0127329116   0.0087120985   0.6645223815
10  3  -0.1593328534  -0.0762610166  -0.2364274451   0.2323240359   0.0866755613
10  4  -0.1789193519  -0.0465473933  -0.0096872600   0.0013861338   0.0003175570
10  5   0.0000685195  -0.0025749656   0.0007902487   0.0003958750   0.0013532192
10  6  -0.0000698158  -0.0006372941   0.0010366273  -0.0003540600   0.0004726313
10  7  -0.0002465684   0.0000372107   0.0002841404  -0.0002326845   0.0001537095
10  8  -0.0001731375   0.0012776074   0.0012243727   0.0016907212   0.0012529974
10  9   0.0020213109  -0.0007132166  -0.0055483601   0.0043549538   0.0024099707
10 10  -0.0023454732   0.0041343114   0.0007393506  -0.0421402634  -0.0445335815
10 11  -0.0126402714  -0.0000269176  -0.0000265052  -0.0000343056  -0.0000310355
10 12  -0.0000470310   0.0000340405  -0.0001887705  -0.0000128344  -0.0001428205
11  1  -0.0015179498  -0.0066788358  -0.0020785218  -0.0252717203   0.0099682847
11  2   0.0054587159   0.0066332906  -0.0794604135   0.0040131455  -0.1593328534
11  3   0.8070675569   0.2018504848   0.2178201995  -0.5488016420  -0.1698465745
11  4  -0.0717869249  -0.1799561116  -0.0350965419  -0.0022692324   0.0004319639
11  5   0.0000226516  -0.0003301622  -0.0006904640  -0.0003204978   0.0000843286
11  6   0.0000381395   0.0001513825   0.0001076903  -0.0000088873   0.0000123400
11  7   0.0009345896  -0.0001177426  -0.0002021497   0.0006768037  -0.0000395799
11  8  -0.0000970197  -0.0014983608  -0.0003221536  -0.0023199294  -0.0019093698
11  9  -0.0018049913   0.0016498390   0.0289462583  -0.0092242089  -0.0037041977
11 10   0.0092025437  -0.0049018813  -0.0029914138  -0.0003421821   0.0143072360
11 11   0.0034562064  -0.0000443932   0.0000261033   0.0001479440  -0.0000904307
11 12   0.0000597211  -0.0001128039  -0.0000121245   0.0001079064   0.0000069406
12  1  -0.0005051924  -0.0021417745  -0.0008253467  -0.0070115541   0.0044469137
12  2  -0.0006435196   0.0066035814   0.0036773224  -0.0917092623  -0.0762610166
12  3   0.2018504848   0.3056814486   0.0817724863  -0.1706297279  -0.1410741062
12  4  -0.0182387367  -0.0364349109  -0.0762895133  -0.0007660793  -0.0000670575
12  5   0.0006164300   0.0000186097  -0.0003149175  -0.0000185824  -0.0000448121
12  6   0.0000475705   0.0000309324  -0.0000213932   0.0000150186  -0.0000665644
12  7  -0.0000290941   0.0000595521   0.0002393595   0.0006472781  -0.0002750792
12  8   0.0001540946  -0.0016416316  -0.0006153845  -0.0007475442   0.0003922865
12  9  -0.0004060079   0.0008327267  -0.0236548579   0.0032278895   0.0026718583
12 10   0.0364737173  -0.0083133527  -0.0047479031   0.0023172262   0.0057977645
12 11   0.0059060544  -0.0000863399  -0.0000660883   0.0000129632   0.0000310690
12 12   0.0001090880  -0.0000408073   0.0000044534   0.0000326970   0.0000172816
13  1   0.0003630072   0.0002924447   0.0001344427   0.0018527030   0.0032764081
13  2   0.0008369114  -0.0137988635   0.0381377628   0.0149817675  -0.2364274451
13  3   0.2178201995   0.0817724863   0.2171213335  -0.2472796904  -0.0931616686
13  4   0.0373925780  -0.0217514591  -0.0077647495  -0.0005306149   0.0000460341
13  5   0.0000283106   0.0013195849  -0.0004068188  -0.0002001989  -0.0006931963
13  6   0.0000344588   0.0003185658  -0.0005286018   0.0001571993  -0.0002398187
13  7  -0.0000957887   0.0000228343  -0.0001920855  -0.0000530520  -0.0000916401
13  8   0.0001626876  -0.0004268421  -0.0002723932   0.0001552871  -0.0004896683
13  9  -0.0002338812  -0.0001753908  -0.0050547608   0.0014492015   0.0013532523
13 10  -0.0056972315   0.0019315808   0.0002321835   0.0056417993   0.0069026647
13 11   0.0017065359  -0.0000020249  -0.0000406705   0.0000291464   0.0000054603
13 12  -0.0000124171  -0.0000564066   0.0001016237   0.0000181820   0.0000787414
14  1   0.0001294838   0.0016801496   0.0003137443  -0.0032760522  -0.0027681848
14  2  -0.0002600699   0.0190305963  -0.0142005086  -0.0144874319   0.2323240359
14  3  -0.5488016420  -0.1706297279  -0.2472796904   0.6565484882   0.2239610686
14  4  -0.0121093630  -0.0955083604  -0.0416306803   0.0004204506   0.0000288255
14  5   0.0000789087   0.0001388299   0.0000752727   0.0000913252  -0.0000559249
14  6   0.0000475522  -0.0000332461  -0.0000803488   0.0000918858  -0.0000300950
14  7  -0.0005130204   0.0000262976   0.0002997338  -0.0006618287   0.0001485193
14  8  -0.0001294198   0.0007735134   0.0006819651   0.0016064756   0.0009202114
14  9   0.0018322907  -0.0011716116  -0.0003567815   0.0014603784  -0.0007042799
14 10   0.0026855146   0.0001347627   0.0015729263   0.0076989373  -0.0014881907
14 11   0.0011751534   0.0001223575   0.0000615057  -0.0000797331   0.0000985267
14 12   0.0000095860   0.0000712670  -0.0000094476  -0.0000605928  -0.0000143073
15  1   0.0000507909   0.0003040796   0.0008568257  -0.0012916542  -0.0006213195
15  2  -0.0017625356   0.0084056490  -0.0154050778   0.0204081755   0.0866755613
15  3  -0.1698465745  -0.1410741062  -0.0931616686   0.2239610686   0.1115630393
15  4  -0.0045223841  -0.0411688463   0.0160946494   0.0002065032   0.0000658100
15  5  -0.0002069268  -0.0000178578   0.0000802052  -0.0000517520  -0.0000167967
15  6  -0.0000286141   0.0000393858   0.0000429944   0.0000127935   0.0000975641
15  7  -0.0003447289   0.0000340908   0.0000517983  -0.0000448817   0.0000687843
15  8  -0.0001680691   0.0007235192   0.0005110384   0.0011096041  -0.0000794022
15  9   0.0000879908   0.0000511845   0.0048990420  -0.0002260711  -0.0015568127
15 10  -0.0035414267   0.0009560239   0.0003544699   0.0019881119   0.0012109759
15 11  -0.0058379712  -0.0000052902   0.0000216545   0.0000107899   0.0000457547
15 12  -0.0000004327   0.0000354559  -0.0000118352  -0.0000175794  -0.0000147688
16  1  -0.0001628975  -0.0027601611  -0.0008859948  -0.0060898238   0.0055474796
16  2   0.0021937992  -0.0355941957  -0.0335063576  -0.0088823642  -0.1789193519
16  3  -0.0717869249  -0.0182387367   0.0373925780  -0.0121093630  -0.0045223841
16  4   0.6187481297  -0.0206661478  -0.0375555013  -0.0016764794   0.0003426016
16  5   0.0001605125   0.0017582620  -0.0009053978  -0.0003555213  -0.0009573233
16  6   0.0001432753   0.0005014588  -0.0007361614   0.0003399233  -0.0003249960
16  7   0.0000287418   0.0000105434   0.0000931522   0.0000392084   0.0000797811
16  8  -0.0000677687   0.0000884733  -0.0000488416  -0.0003239278   0.0000737462
16  9  -0.0002474138   0.0002019930  -0.0006385131  -0.0019697062  -0.0005509638
16 10  -0.0008335258  -0.0019357099  -0.0006378615  -0.4327833128   0.1393885598
16 11   0.0690940411   0.0000657143   0.0000316749   0.0000293715   0.0000837851
16 12   0.0000642785  -0.0000119185   0.0001129458  -0.0000120940   0.0000836105
17  1   0.0002469489   0.0002608193   0.0000587730   0.0003805008   0.0005509095
17  2  -0.0003328398  -0.0049783761   0.0041642235  -0.0020001609  -0.0465473933
17  3  -0.1799561116  -0.0364349109  -0.0217514591  -0.0955083604  -0.0411688463
17  4  -0.0206661478   0.3490493988   0.1060946979  -0.0002699910   0.0000445869
17  5   0.0000482145   0.0009654738  -0.0002977366  -0.0000656916  -0.0005025764
17  6   0.0000808315   0.0001928470  -0.0004013691   0.0002118806  -0.0001738757
17  7  -0.0002172789   0.0000390753   0.0001006959  -0.0002188105   0.0000548376
17  8  -0.0000427108   0.0005264926   0.0000252909   0.0006681897   0.0005342505
17  9   0.0004844470  -0.0004560040  -0.0022021466   0.0003231810  -0.0005659692
17 10  -0.0006304826  -0.0002065164   0.0004130423   0.0955300028  -0.0793239078
17 11  -0.0263660921   0.0000752390   0.0000380687  -0.0000366025   0.0000738545
17 12   0.0000071730   0.0000298533   0.0000532684  -0.0000420905   0.0000373904
18  1   0.0000302513   0.0001655644   0.0001161407   0.0005963154  -0.0005190362
18  2   0.0012485376   0.0006944574  -0.0005038924   0.0104387229  -0.0096872600
18  3  -0.0350965419  -0.0762895133  -0.0077647495  -0.0416306803   0.0160946494
18  4  -0.0375555013   0.1060946979   0.0760936748  -0.0000298953   0.0000386895
18  5  -0.0000010807   0.0002332011  -0.0000004116  -0.0001146248  -0.0001293748
18  6   0.0000069236   0.0000916439  -0.0000757407  -0.0000045772   0.0000002079
18  7   0.0000124098   0.0000260515  -0.0000014592  -0.0000953924   0.0000478009
18  8  -0.0000043894   0.0002338135   0.0001540504   0.0001712507   0.0000322520
18  9   0.0000569177  -0.0003521517   0.0018407884  -0.0002757535   0.0001814538
18 10  -0.0026422956   0.0001459095   0.0009663378   0.0542529852  -0.0287008535
18 11  -0.0286325250   0.0000243120  -0.0000004311  -0.0000133039   0.0000166497
18 12   0.0000026961   0.0000060735   0.0000127739  -0.0000071239   0.0000003552
19  1  -0.0979716786  -0.0300461904  -0.0094094523  -0.0246921805  -0.0307831592
19  2  -0.0086680427  -0.0065961458   0.0034330227   0.0014294781   0.0013861338
19  3  -0.0022692324  -0.0007660793  -0.0005306149   0.0004204506   0.0002065032
19  4  -0.0016764794  -0.0002699910  -0.0000298953   0.4548507262  -0.0543032373
19  5  -0.0050495698  -0.1744568580   0.0242709053   0.0034351306  -0.0214467169
19  6   0.0040546125   0.0218548747  -0.0238495327   0.0122666157  -0.0050864150
19  7   0.0011020151   0.0017625720  -0.0007214295   0.0031547706   0.0036351730
19  8   0.0022833019   0.0017988439  -0.0003619027  -0.0003384309   0.0016454109
19  9  -0.0005673891  -0.0001291301   0.0000253553  -0.0000474335   0.0002453696
19 10   0.0000061989   0.0001230520  -0.0001902118  -0.0001250126  -0.0001141989
19 11  -0.0000343145  -0.0611342223   0.0519924514  -0.0369806962  -0.0541037651
19 12   0.0153763432   0.0386672520   0.0026137522   0.0014275362  -0.0007182426
20  1  -0.0429541832  -0.1346053607  -0.0163359545  -0.0008273184   0.0036263776
20  2   0.0012759481   0.0016183333  -0.0004274898  -0.0000509037   0.0003175570
20  3   0.0004319639  -0.0000670575   0.0000460341   0.0000288255   0.0000658100
20  4   0.0003426016   0.0000445869   0.0000386895  -0.0543032373   0.4966507648
20  5  -0.0445157449   0.0313604733  -0.0968911166  -0.0077725578  -0.0052311787
20  6   0.0199513006   0.0091730528   0.0236060603   0.0033059027   0.0040035943
20  7  -0.0063650027  -0.0091759639  -0.0026559983  -0.0162843811  -0.0223394457
20  8  -0.0067137815   0.0007556633   0.0004027756   0.0002746668   0.0013216097
20  9   0.0008358751  -0.0000267497  -0.0000379293   0.0001862654  -0.0001787156
20 10  -0.0000286315  -0.0000408378   0.0000819299   0.0000809316   0.0000327155
20 11   0.0000155624   0.0479403969  -0.1997508085   0.1218841674   0.0154019064
20 12  -0.0648050733  -0.0626868507   0.0032402946   0.0025387427   0.0041908931
21  1  -0.0136626106  -0.0169239224  -0.0794909742   0.0009322798   0.0025091390
21  2   0.0004055584   0.0007123444  -0.0000857053  -0.0004917731   0.0000685195
21  3   0.0000226516   0.0006164300   0.0000283106   0.0000789087  -0.0002069268
21  4   0.0001605125   0.0000482145  -0.0000010807  -0.0050495698  -0.0445157449
21  5   0.6032960079   0.0123903855  -0.0095959604  -0.0804117451   0.0428813437
21  6   0.0036494284  -0.0076192134  -0.0305614464   0.0124186504   0.0007925795
21  7  -0.0191434505  -0.0258456414  -0.0067169607   0.0117354068   0.0151920487
21  8   0.0046137585   0.0010757880   0.0006601793   0.0003878173  -0.0005992596
21  9  -0.0002834541   0.0000076435  -0.0000135779  -0.0002361006   0.0000859649
21 10   0.0000293943   0.0001325412   0.0003356037   0.0000274884   0.0000217991
21 11  -0.0000135537  -0.0327707035   0.1194403032  -0.1468314132   0.0352896850
21 12  -0.0604334875  -0.2850392371  -0.0035308401   0.0037461525  -0.0037184858
22  1  -0.0274407295  -0.0128565072  -0.0018089027  -0.0010729697   0.0012631437
22  2   0.0005590349   0.0014119629  -0.0010710662  -0.0003504179  -0.0025749656
22  3  -0.0003301622   0.0000186097   0.0013195849   0.0001388299  -0.0000178578
22  4   0.0017582620   0.0009654738   0.0002332011  -0.1744568580   0.0313604733
22  5   0.0123903855   0.6945023003  -0.0375868857  -0.2254398350  -0.3018068463
22  6  -0.0518350106   0.2843246404  -0.1549202333   0.0387270603  -0.0281034310
22  7   0.0017508043   0.0020644754   0.0016897262   0.0017320040   0.0024518971
22  8  -0.0004060257  -0.0000839480  -0.0000509150   0.0000800738  -0.0000175260
22  9  -0.0000308475  -0.0000605380  -0.0000471615   0.0000715204  -0.0000249824
22 10  -0.0000268802   0.0000498407   0.0000525734  -0.0001141966  -0.0000894280
22 11  -0.0000187030  -0.0078419919  -0.0003866427   0.0005416938  -0.0006020353
22 12  -0.0018438453   0.0005935732  -0.0314685764   0.0289885956  -0.0442528184
23  1  -0.0281101430   0.0134727062   0.0058491159  -0.0023827422  -0.0078747838
23  2  -0.0018372585  -0.0024641951   0.0016238362   0.0004305664   0.0007902487
23  3  -0.0006904640  -0.0003149175  -0.0004068188   0.0000752727   0.0000802052
23  4  -0.0009053978  -0.0002977366  -0.0000004116   0.0242709053  -0.0968911166
23  5  -0.0095959604  -0.0375868857   0.3111889151  -0.1553462460  -0.0476890164
23  6  -0.1055271992   0.0989628593   0.0475240106  -0.1014149935   0.0542529008
23  7  -0.0001747482   0.0005486797  -0.0003212501  -0.0013371927  -0.0014892384
23  8   0.0011324106   0.0003006029  -0.0000394072   0.0001687899   0.0004635174
23  9   0.0000828698  -0.0002937218   0.0000301478  -0.0000202567   0.0001176335
23 10   0.0000472322   0.0000772393  -0.0000737987  -0.0000365222  -0.0000127295
23 11  -0.0000353024   0.0273245747  -0.0065733876  -0.0040826494   0.0084484618
23 12  -0.0030617822   0.0012965831   0.0118939608  -0.0031764238   0.0096104516
24  1  -0.0066052153   0.0056657439   0.0012409293  -0.0007629883  -0.0021486874
24  2  -0.0020534768  -0.0008523605   0.0003542112   0.0008326339   0.0003958750
24  3  -0.0003204978  -0.0000185824  -0.0002001989   0.0000913252  -0.0000517520
24  4  -0.0003555213  -0.0000656916  -0.0001146248   0.0034351306  -0.0077725578
24  5  -0.0804117451  -0.2254398350  -0.1553462460   0.7673005202   0.2714384747
24  6   0.1017337578  -0.5164744023  -0.0505281801   0.0622162231  -0.1750846192
24  7  -0.0027285387  -0.0018972057  -0.0014897298   0.0016589504   0.0017552054
24  8  -0.0003197842   0.0003302063  -0.0000097011   0.0003027947  -0.0000697859
24  9  -0.0000641673   0.0000868031   0.0000484579   0.0000365482   0.0000009900
24 10  -0.0000129000   0.0000121895  -0.0000711106  -0.0000048549  -0.0000303178
24 11   0.0000623151  -0.0220555117   0.0063079697   0.0002365508   0.0350106056
24 12  -0.0071151473  -0.0068763465  -0.0027018097  -0.0034029542   0.0129026364
25  1   0.0009659379   0.0048928797   0.0030056470  -0.0000730409  -0.0020150182
25  2  -0.0005547858  -0.0008313084   0.0007606653   0.0001284517   0.0013532192
25  3   0.0000843286  -0.0000448121  -0.0006931963  -0.0000559249  -0.0000167967
25  4  -0.0009573233  -0.0005025764  -0.0001293748  -0.0214467169  -0.0052311787
25  5   0.0428813437  -0.3018068463  -0.0476890164   0.2714384747   0.2888227663
25  6   0.0580549376  -0.3226603476   0.0390685897  -0.0021263751  -0.0011205466
25  7  -0.0000630145  -0.0001921391  -0.0009419014  -0.0004786534  -0.0006780034
25  8   0.0003211881   0.0002828616  -0.0000765323  -0.0002159926   0.0000951799
25  9   0.0000624188  -0.0000404996   0.0000137899  -0.0000364342   0.0000481224
25 10  -0.0000414718  -0.0000741308  -0.0000721263   0.0000584095   0.0000363845
25 11   0.0000264838   0.0022931288  -0.0008266210   0.0005867273  -0.0091636158
25 12   0.0008700772   0.0013615658   0.0026013048  -0.0052577412   0.0059991791
26  1   0.0035798868  -0.0020041537  -0.0025067671   0.0003844623   0.0014380310
26  2   0.0005842954   0.0003773795  -0.0003374198  -0.0000765686  -0.0000698158
26  3   0.0000381395   0.0000475705   0.0000344588   0.0000475522  -0.0000286141
26  4   0.0001432753   0.0000808315   0.0000069236   0.0040546125   0.0199513006
26  5   0.0036494284  -0.0518350106  -0.1055271992   0.1017337578   0.0580549376
26  6   0.0755395402  -0.1484492252  -0.0061337395   0.0105116976   0.0509205120
26  7   0.0001487781  -0.0000414510   0.0003480174   0.0003065477   0.0004682279
26  8  -0.0001188218  -0.0000993830   0.0000209955  -0.0000691582  -0.0001440010
26  9   0.0000118469   0.0000255064   0.0000359776   0.0000184753  -0.0000476016
26 10   0.0000151237  -0.0000264456   0.0000342432   0.0000133224   0.0000041840
26 11  -0.0000003165  -0.0028035036   0.0015310405  -0.0006109218  -0.0006838224
26 12   0.0011981828  -0.0015623983  -0.0053794865  -0.0029233761  -0.0038798614
27  1   0.0003757484  -0.0049483884  -0.0032842274   0.0001086156   0.0020087728
27  2   0.0013374176   0.0007900998  -0.0005761794  -0.0002405874  -0.0006372941
27  3   0.0001513825   0.0000309324   0.0003185658  -0.0000332461   0.0000393858
27  4   0.0005014588   0.0001928470   0.0000916439   0.0218548747   0.0091730528
27  5  -0.0076192134   0.2843246404   0.0989628593  -0.5164744023  -0.3226603476
27  6  -0.1484492252   0.6153762402   0.0074519487   0.0481101574  -0.0915882102
27  7   0.0008986792   0.0011644109   0.0012881152  -0.0002207811  -0.0002813731
27  8   0.0002017839  -0.0004326145   0.0000829118   0.0000714043   0.0001603269
27  9  -0.0001245943   0.0000026410  -0.0000640288  -0.0000396387  -0.0000244896
27 10   0.0000564673   0.0000697820   0.0000708100  -0.0000127295   0.0000089913
27 11  -0.0000453123  -0.0000161109  -0.0013759975   0.0005997985   0.0004894432
27 12  -0.0002497875   0.0014798972   0.0067130379  -0.0038467377  -0.0013136275
28  1   0.0000127279   0.0036800095  -0.0001782781  -0.0000171278  -0.0012023952
28  2  -0.0007091176  -0.0005669353   0.0004887106   0.0002975161   0.0010366273
28  3   0.0001076903  -0.0000213932  -0.0005286018  -0.0000803488   0.0000429944
28  4  -0.0007361614  -0.0004013691  -0.0000757407  -0.0238495327   0.0236060603
28  5  -0.0305614464  -0.1549202333   0.0475240106  -0.0505281801   0.0390685897
28  6  -0.0061337395   0.0074519487   0.5790826663  -0.1415698723  -0.0555091066
28  7  -0.0003499579  -0.0002429817  -0.0004633742  -0.0002552111  -0.0002375623
28  8   0.0002185296   0.0000588258   0.0000349403   0.0000429157   0.0001797988
28  9  -0.0001586670   0.0001219193  -0.0000302668  -0.0001005222   0.0000091008
28 10   0.0000117733  -0.0000012752  -0.0000351031   0.0000454219   0.0000414634
28 11  -0.0000132175  -0.0074758908   0.0011662603   0.0003129580  -0.0000878388
28 12   0.0004278095  -0.0016805447  -0.4306786733   0.0730517784   0.1312776197
29  1   0.0008935271  -0.0044558653   0.0005871254   0.0002574305   0.0018412758
29  2   0.0001505937   0.0005222021  -0.0004378279  -0.0001516857  -0.0003540600
29  3  -0.0000088873   0.0000150186   0.0001571993   0.0000918858   0.0000127935
29  4   0.0003399233   0.0002118806  -0.0000045772   0.0122666157   0.0033059027
29  5   0.0124186504   0.0387270603  -0.1014149935   0.0622162231  -0.0021263751
29  6   0.0105116976   0.0481101574  -0.1415698723   0.1267356933  -0.1057711731
29  7   0.0001219008   0.0000391574   0.0000276090   0.0003312773   0.0011248004
29  8  -0.0008170563  -0.0000218554  -0.0000606176  -0.0000066672  -0.0003858966
29  9   0.0000645231  -0.0000294627   0.0000507702   0.0000786773  -0.0000396556
29 10  -0.0000183608  -0.0000282141   0.0000196853  -0.0000011271  -0.0000156003
29 11   0.0000277076   0.0015995553   0.0003216008   0.0002181225  -0.0007865786
29 12   0.0001015650   0.0003972349   0.0899966638  -0.0380066537  -0.0173806436
30  1   0.0007577820   0.0021136358   0.0002226202   0.0001514035  -0.0007724292
30  2   0.0000417028  -0.0002890657   0.0002946434   0.0000392642   0.0004726313
30  3   0.0000123400  -0.0000665644  -0.0002398187  -0.0000300950   0.0000975641
30  4  -0.0003249960  -0.0001738757   0.0000002079  -0.0050864150   0.0040035943
30  5   0.0007925795  -0.0281034310   0.0542529008  -0.1750846192  -0.0011205466
30  6   0.0509205120  -0.0915882102  -0.0555091066  -0.1057711731   0.3353578679
30  7   0.0003480733   0.0002543312   0.0001842915  -0.0004752228  -0.0008246938
30  8   0.0002839994  -0.0001351286   0.0000665562   0.0000444459   0.0002074917
30  9  -0.0000642083  -0.0000050916  -0.0000403822  -0.0000699547   0.0000100357
30 10   0.0000364776   0.0000288971   0.0000080551   0.0000159604   0.0000225598
30 11  -0.0000298813   0.0008599346  -0.0007022767   0.0011445675  -0.0019222192
30 12   0.0009084274   0.0013178795   0.0903965780  -0.0044696913  -0.0727707145
31  1  -0.0558078860   0.0127691931   0.0419839388  -0.0081228393   0.0083484384
31  2   0.0326772250   0.0019182824   0.0008814625   0.0010117181  -0.0002465684
31  3   0.0009345896  -0.0000290941  -0.0000957887  -0.0005130204  -0.0003447289
31  4   0.0000287418  -0.0002172789   0.0000124098   0.0011020151  -0.0063650027
31  5  -0.0191434505   0.0017508043  -0.0001747482  -0.0027285387  -0.0000630145
31  6   0.0001487781   0.0008986792  -0.0003499579   0.0001219008   0.0003480733
31  7   0.0651141427  -0.0109867067  -0.0456888881   0.0012974946  -0.0025865757
31  8  -0.0079309870  -0.0061565448   0.0011472210   0.0003133362   0.0014493260
31  9  -0.0000459359  -0.0005631365  -0.0000726890  -0.0000530045  -0.0000105755
31 10  -0.0002212887  -0.0005818094  -0.0006959633   0.0000312052   0.0000270256
31 11   0.0000415695   0.0006054869   0.0007026225   0.0006462396  -0.0020776648
31 12  -0.0034882280  -0.0007163179  -0.0000832568  -0.0000689212  -0.0000815090
32  1   0.0122064273  -0.0665766196  -0.0600059359   0.0020481592  -0.0024533236
32  2  -0.0074227181  -0.0004456863   0.0003601346   0.0006736164   0.0000372107
32  3  -0.0001177426   0.0000595521   0.0000228343   0.0000262976   0.0000340908
32  4   0.0000105434   0.0000390753   0.0000260515   0.0017625720  -0.0091759639
32  5  -0.0258456414   0.0020644754   0.0005486797  -0.0018972057  -0.0001921391
32  6  -0.0000414510   0.0011644109  -0.0002429817   0.0000391574   0.0002543312
32  7  -0.0109867067   0.0719023512   0.0708091803  -0.0047805135   0.0074804904
32  8   0.0236661253   0.0013222687   0.0003560146  -0.0002494235  -0.0003823421
32  9  -0.0000222671  -0.0003323485   0.0000525795   0.0000240396   0.0001346043
32 10   0.0000066312   0.0003516868  -0.0000005966  -0.0000017717   0.0000015385
32 11  -0.0000140058   0.0008883222   0.0008882295   0.0001221388  -0.0033876603
32 12  -0.0036719439  -0.0011184163  -0.0000022224   0.0000416165  -0.0000578097
33  1   0.0414112038  -0.0616037076  -0.2757613530   0.0013966274  -0.0010610270
33  2  -0.0034817725  -0.0006417752   0.0000316686   0.0004923456   0.0002841404
33  3  -0.0002021497   0.0002393595  -0.0001920855   0.0002997338   0.0000517983
33  4   0.0000931522   0.0001006959  -0.0000014592  -0.0007214295  -0.0026559983
33  5  -0.0067169607   0.0016897262  -0.0003212501  -0.0014897298  -0.0009419014
33  6   0.0003480174   0.0012881152  -0.0004633742   0.0000276090   0.0001842915
33  7  -0.0456888881   0.0708091803   0.2988106875   0.0032239311  -0.0044838404
33  8  -0.0182637740   0.0004269890  -0.0002477833   0.0016556977   0.0002913651
33  9  -0.0001880843   0.0007776758   0.0000421666  -0.0000337131  -0.0001474875
33 10   0.0005513866   0.0004000615   0.0002849460   0.0000036198   0.0000092365
33 11  -0.0000205360  -0.0000532423  -0.0001866485   0.0008059861  -0.0006451037
33 12  -0.0009497599   0.0013434196  -0.0000665084  -0.0000922407  -0.0000512500
34  1  -0.0634199482   0.0502096160  -0.0377372165  -0.0108952086   0.0255847336
34  2  -0.0206942019   0.0018070713   0.0013541150  -0.0004404008  -0.0002326845
34  3   0.0006768037   0.0006472781  -0.0000530520  -0.0006618287  -0.0000448817
34  4   0.0000392084  -0.0002188105  -0.0000953924   0.0031547706  -0.0162843811
34  5   0.0117354068   0.0017320040  -0.0013371927   0.0016589504  -0.0004786534
34  6   0.0003065477  -0.0002207811  -0.0002552111   0.0003312773  -0.0004752228
34  7   0.0012974946  -0.0047805135   0.0032239311   0.0737728533  -0.0524335411
34  8   0.0420592728   0.0014693681  -0.0003524770   0.0003779868  -0.0060804822
34  9   0.0008481138   0.0011276720  -0.0002338754  -0.0008840487   0.0002448299
34 10  -0.0000829365  -0.0000372420  -0.0000296772   0.0000271448   0.0000439071
34 11  -0.0000200408  -0.0021070878  -0.0033469945  -0.0011751180   0.0006031676
34 12   0.0009379958  -0.0000809125  -0.0000639431   0.0000439197  -0.0000614824
35  1   0.0490732545  -0.1937788533   0.1129571430   0.0028011451  -0.0059540500
35  2   0.0041150167  -0.0007636879   0.0007665104  -0.0004371530   0.0001537095
35  3  -0.0000395799  -0.0002750792  -0.0000916401   0.0001485193   0.0000687843
35  4   0.0000797811   0.0000548376   0.0000478009   0.0036351730  -0.0223394457
35  5   0.0151920487   0.0024518971  -0.0014892384   0.0017552054  -0.0006780034
35  6   0.0004682279  -0.0002813731  -0.0002375623   0.0011248004  -0.0008246938
35  7  -0.0025865757   0.0074804904  -0.0044838404  -0.0524335411   0.2144079373
35  8  -0.1250735720  -0.0001267149  -0.0000099773  -0.0002121945   0.0010622266
35  9   0.0006286567  -0.0006331795   0.0003631217   0.0005288509   0.0001564027
35 10   0.0000512398   0.0000139792  -0.0000293604   0.0000040610  -0.0000096477
35 11   0.0000235904  -0.0032732827  -0.0030651666  -0.0017909900   0.0006966804
35 12   0.0009197675  -0.0001710755  -0.0001812816   0.0001433811  -0.0001034808
36  1  -0.0375525630   0.1144871602  -0.1401328154   0.0012417541  -0.0037318258
36  2   0.0028298685   0.0000536134   0.0000349583   0.0001361676  -0.0001731375
36  3  -0.0000970197   0.0001540946   0.0001626876  -0.0001294198  -0.0001680691
36  4  -0.0000677687  -0.0000427108  -0.0000043894   0.0022833019  -0.0067137815
36  5   0.0046137585  -0.0004060257   0.0011324106  -0.0003197842   0.0003211881
36  6  -0.0001188218   0.0002017839   0.0002185296  -0.0008170563   0.0002839994
36  7  -0.0079309870   0.0236661253  -0.0182637740   0.0420592728  -0.1250735720
36  8   0.1469583847  -0.0005232787  -0.0003505026   0.0007645448   0.0011373257
36  9  -0.0006148671   0.0012949091  -0.0004312369  -0.0001695520   0.0001326012
36 10  -0.0000183323   0.0001544614  -0.0001318183  -0.0000077960  -0.0000052388
36 11  -0.0000088964  -0.0010707597  -0.0018420702   0.0008376356   0.0006020063
36 12   0.0001484707   0.0008321933   0.0001022060   0.0000828518  -0.0000103945
37  1  -0.0088094584   0.0085894028   0.0322766635  -0.0547197803   0.0116475431
37  2   0.0423430084   0.0021751443  -0.0059181942  -0.0197241002   0.0012776074
37  3  -0.0014983608  -0.0016416316  -0.0004268421   0.0007735134   0.0007235192
37  4   0.0000884733   0.0005264926   0.0002338135   0.0017988439   0.0007556633
37  5   0.0010757880  -0.0000839480   0.0003006029   0.0003302063   0.0002828616
37  6  -0.0000993830  -0.0004326145   0.0000588258  -0.0000218554  -0.0001351286
37  7  -0.0061565448   0.0013222687   0.0004269890   0.0014693681  -0.0001267149
37  8  -0.0005232787   0.0639767786  -0.0105581828  -0.0463978405   0.0011552839
37  9  -0.0022694974  -0.0076340980   0.0006993169   0.0005296192   0.0005344705
37 10  -0.0024646361  -0.0032621486  -0.0007069508  -0.0000828367  -0.0000260984
37 11   0.0000425204  -0.0000614770  -0.0000908038  -0.0000659695  -0.0002038233
37 12  -0.0005964100  -0.0007542375   0.0000268431   0.0000225433   0.0000288711
38  1   0.0021170408  -0.0026831645  -0.0070573228   0.0112342859  -0.0676209769
38  2  -0.0631901477   0.0027196586  -0.0092712762  -0.0266763177   0.0012243727
38  3  -0.0003221536  -0.0006153845  -0.0002723932   0.0006819651   0.0005110384
38  4  -0.0000488416   0.0000252909   0.0001540504  -0.0003619027   0.0004027756
38  5   0.0006601793  -0.0000509150  -0.0000394072  -0.0000097011  -0.0000765323
38  6   0.0000209955   0.0000829118   0.0000349403  -0.0000606176   0.0000665562
38  7   0.0011472210   0.0003560146  -0.0002477833  -0.0003524770  -0.0000099773
38  8  -0.0003505026  -0.0105581828   0.0736677120   0.0734929282  -0.0043196097
38  9   0.0072063775   0.0239449993   0.0009098772   0.0007843396   0.0000518400
38 10  -0.0033080797  -0.0035585646  -0.0010336282  -0.0000393934   0.0000310515
38 11   0.0000730464   0.0000255255   0.0000146051   0.0001218806  -0.0000268372
38 12   0.0003818921   0.0000205513   0.0000022426  -0.0000068816   0.0000008062
39  1   0.0013025804  -0.0010613468  -0.0032634635   0.0409219703  -0.0644010273
39  2  -0.2777732183  -0.0003414184  -0.0022975100  -0.0066390181   0.0016907212
39  3  -0.0023199294  -0.0007475442   0.0001552871   0.0016064756   0.0011096041
39  4  -0.0003239278   0.0006681897   0.0001712507  -0.0003384309   0.0002746668
39  5   0.0003878173   0.0000800738   0.0001687899   0.0003027947  -0.0002159926
39  6  -0.0000691582   0.0000714043   0.0000429157  -0.0000066672   0.0000444459
39  7   0.0003133362  -0.0002494235   0.0016556977   0.0003779868  -0.0002121945
39  8   0.0007645448  -0.0463978405   0.0734929282   0.3004216281   0.0031415850
39  9  -0.0045860603  -0.0188548422  -0.0001420309  -0.0003310758   0.0007508164
39 10  -0.0006456956  -0.0009738852   0.0013858245  -0.0001100882  -0.0000751539
39 11  -0.0000166380   0.0000047881  -0.0000464051  -0.0000857468   0.0004973725
39 12   0.0004367677   0.0003233703  -0.0000131921  -0.0000179807  -0.0000087278
40  1  -0.0114705781   0.0255301754  -0.0201465594  -0.0623799983   0.0494930924
40  2  -0.0383389155   0.0038775093  -0.0163785014   0.0122235406   0.0012529974
40  3  -0.0019093698   0.0003922865  -0.0004896683   0.0009202114  -0.0000794022
40  4   0.0000737462   0.0005342505   0.0000322520   0.0016454109   0.0013216097
40  5  -0.0005992596  -0.0000175260   0.0004635174  -0.0000697859   0.0000951799
40  6  -0.0001440010   0.0001603269   0.0001797988  -0.0003858966   0.0002074917
40  7   0.0014493260  -0.0003823421   0.0002913651  -0.0060804822   0.0010622266
40  8   0.0011373257   0.0011552839  -0.0043196097   0.0031415850   0.0727983367
40  9  -0.0522959551   0.0424707192  -0.0024821115  -0.0032255459  -0.0009804409
40 10   0.0007071426   0.0007541468  -0.0001028840  -0.0000729838   0.0000126033
40 11  -0.0000411963  -0.0002509680  -0.0009114303   0.0002714678  -0.0000651536
40 12  -0.0000921759  -0.0000088998   0.0000747381  -0.0000470060   0.0000389832
41  1   0.0027971321  -0.0058546063   0.0036913376   0.0483286784  -0.1981605060
41  2   0.1144060777   0.0041805168  -0.0225320619   0.0154650422   0.0020213109
41  3  -0.0018049913  -0.0004060079  -0.0002338812   0.0018322907   0.0000879908
41  4  -0.0002474138   0.0004844470   0.0000569177  -0.0005673891   0.0008358751
41  5  -0.0002834541  -0.0000308475   0.0000828698  -0.0000641673   0.0000624188
41  6   0.0000118469  -0.0001245943  -0.0001586670   0.0000645231  -0.0000642083
41  7  -0.0000459359  -0.0000222671  -0.0001880843   0.0008481138   0.0006286567
41  8  -0.0006148671  -0.0022694974   0.0072063775  -0.0045860603  -0.0522959551
41  9   0.2189493943  -0.1254763679  -0.0032214290  -0.0029965512  -0.0017361737
41 10   0.0006572540   0.0006800998  -0.0001933489  -0.0000999315   0.0000130675
41 11  -0.0000436481   0.0003072359   0.0005877536   0.0001542853   0.0000080951
41 12   0.0000108425  -0.0000543833  -0.0000398085  -0.0000170606  -0.0000262857
42  1   0.0013351967  -0.0037779301   0.0026383245  -0.0375714151   0.1155166505
42  2  -0.1383542069   0.0023322416  -0.0073641233   0.0048789095  -0.0007132166
42  3   0.0016498390   0.0008327267  -0.0001753908  -0.0011716116   0.0000511845
42  4   0.0002019930  -0.0004560040  -0.0003521517  -0.0001291301  -0.0000267497
42  5   0.0000076435  -0.0000605380  -0.0002937218   0.0000868031  -0.0000404996
42  6   0.0000255064   0.0000026410   0.0001219193  -0.0000294627  -0.0000050916
42  7  -0.0005631365  -0.0003323485   0.0007776758   0.0011276720  -0.0006331795
42  8   0.0012949091  -0.0076340980   0.0239449993  -0.0188548422   0.0424707192
42  9  -0.1254763679   0.1452326995  -0.0010661019  -0.0018371642   0.0008505454
42 10   0.0006709770   0.0001944198   0.0008391364   0.0000703779   0.0000975708
42 11   0.0000002504  -0.0004131117  -0.0001827663   0.0001414743   0.0000056104
42 12   0.0001333874  -0.0000934987   0.0000299311   0.0000190565   0.0000248673
43  1   0.0015976335  -0.0007886419   0.0008507431   0.0040180258  -0.0157999560
43  2   0.0122470172  -0.0608612710   0.0451642849  -0.0361911970  -0.0055483601
43  3   0.0289462583  -0.0236548579  -0.0050547608  -0.0003567815   0.0048990420
43  4  -0.0006385131  -0.0022021466   0.0018407884   0.0000253553  -0.0000379293
43  5  -0.0000135779  -0.0000471615   0.0000301478   0.0000484579   0.0000137899
43  6   0.0000359776  -0.0000640288  -0.0000302668   0.0000507702  -0.0000403822
43  7  -0.0000726890   0.0000525795   0.0000421666  -0.0002338754   0.0003631217
43  8  -0.0004312369   0.0006993169   0.0009098772  -0.0001420309  -0.0024821115
43  9  -0.0032214290  -0.0010661019   0.0664260832  -0.0484423041   0.0377650856
43 10   0.0016558823  -0.0047441240   0.0033101280   0.0005464711  -0.0001367827
43 11   0.0006676003  -0.0000144282   0.0001833353  -0.0000721460   0.0000183847
43 12  -0.0000035674   0.0000167329  -0.0000175051  -0.0000026900  -0.0000122026
44  1   0.0013314402   0.0007405928   0.0002101153   0.0049072491  -0.0212764489
44  2   0.0146996821   0.0440723880  -0.2003136888   0.1170129019   0.0043549538
44  3  -0.0092242089   0.0032278895   0.0014492015   0.0014603784  -0.0002260711
44  4  -0.0019697062   0.0003231810  -0.0002757535  -0.0000474335   0.0001862654
44  5  -0.0002361006   0.0000715204  -0.0000202567   0.0000365482  -0.0000364342
44  6   0.0000184753  -0.0000396387  -0.0001005222   0.0000786773  -0.0000699547
44  7  -0.0000530045   0.0000240396  -0.0000337131  -0.0008840487   0.0005288509
44  8  -0.0001695520   0.0005296192   0.0007843396  -0.0003310758  -0.0032255459
44  9  -0.0029965512  -0.0018371642  -0.0484423041   0.2223283975  -0.1268334793
44 10  -0.0025092346   0.0070845987  -0.0046264056   0.0003763459   0.0001106424
44 11  -0.0004948701   0.0001752538   0.0002124070  -0.0000224783   0.0000058961
44 12  -0.0000490639   0.0000098339  -0.0000056341  -0.0000006273  -0.0000007139
45  1   0.0002332974   0.0000344328   0.0002263645   0.0024147369  -0.0066479629
45  2   0.0051295012  -0.0353015429   0.1159507084  -0.1280358807   0.0024099707
45  3  -0.0037041977   0.0026718583   0.0013532523  -0.0007042799  -0.0015568127
45  4  -0.0005509638  -0.0005659692   0.0001814538   0.0002453696  -0.0001787156
45  5   0.0000859649  -0.0000249824   0.0001176335   0.0000009900   0.0000481224
45  6  -0.0000476016  -0.0000244896   0.0000091008  -0.0000396556   0.0000100357
45  7  -0.0000105755   0.0001346043  -0.0001474875   0.0002448299   0.0001564027
45  8   0.0001326012   0.0005344705   0.0000518400   0.0007508164  -0.0009804409
45  9  -0.0017361737   0.0008505454   0.0377650856  -0.1268334793   0.1389181301
45 10  -0.0081927829   0.0242422928  -0.0190985835  -0.0001010612  -0.0001684843
45 11  -0.0000111717  -0.0000709323  -0.0000302583  -0.0000607038  -0.0000272380
45 12  -0.0000444893  -0.0000265875   0.0000022839   0.0000133532   0.0000034555
46  1   0.0015315164  -0.0000555523  -0.0012615746   0.0022865729  -0.0054843714
46  2  -0.0193988362  -0.0533759188   0.0087221900   0.0377879749  -0.0023454732
46  3   0.0092025437   0.0364737173  -0.0056972315   0.0026855146  -0.0035414267
46  4  -0.0008335258  -0.0006304826  -0.0026422956   0.0000061989  -0.0000286315
46  5   0.0000293943  -0.0000268802   0.0000472322  -0.0000129000  -0.0000414718
46  6   0.0000151237   0.0000564673   0.0000117733  -0.0000183608   0.0000364776
46  7  -0.0002212887   0.0000066312   0.0005513866  -0.0000829365   0.0000512398
46  8  -0.0000183323  -0.0024646361  -0.0033080797  -0.0006456956   0.0007071426
46  9   0.0006572540   0.0006709770   0.0016558823  -0.0025092346  -0.0081927829
46 10   0.0583540473  -0.0097852153  -0.0394280726   0.0005183014   0.0003127625
46 11  -0.0006092889   0.0000202564   0.0000113172  -0.0000159324   0.0000077394
46 12   0.0001160166   0.0001697067  -0.0000100684  -0.0000078972  -0.0000089639
47  1   0.0012570363   0.0007093108  -0.0000279801   0.0034406706  -0.0082694366
47  2  -0.0254290027   0.0083437116  -0.0639266479  -0.0704432078   0.0041343114
47  3  -0.0049018813  -0.0083133527   0.0019315808   0.0001347627   0.0009560239
47  4  -0.0019357099  -0.0002065164   0.0001459095   0.0001230520  -0.0000408378
47  5   0.0001325412   0.0000498407   0.0000772393   0.0000121895  -0.0000741308
47  6  -0.0000264456   0.0000697820  -0.0000012752  -0.0000282141   0.0000288971
47  7  -0.0005818094   0.0003516868   0.0004000615  -0.0000372420   0.0000139792
47  8   0.0001544614  -0.0032621486  -0.0035585646  -0.0009738852   0.0007541468
47  9   0.0006800998   0.0001944198  -0.0047441240   0.0070845987   0.0242422928
47 10  -0.0097852153   0.0720963535   0.0784590518   0.0002914160  -0.0002389997
47 11   0.0002913189  -0.0000121800  -0.0000543501  -0.0000316389   0.0001048586
47 12   0.0001020051   0.0001305594   0.0000032104   0.0000018581   0.0000015587
48  1   0.0004820450   0.0003246305   0.0003523921   0.0000501843  -0.0025505500
48  2  -0.0059892227   0.0365728126  -0.0695245470  -0.2732048163   0.0007393506
48  3  -0.0029914138  -0.0047479031   0.0002321835   0.0015729263   0.0003544699
48  4  -0.0006378615   0.0004130423   0.0009663378  -0.0001902118   0.0000819299
48  5   0.0003356037   0.0000525734  -0.0000737987  -0.0000711106  -0.0000721263
48  6   0.0000342432   0.0000708100  -0.0000351031   0.0000196853   0.0000080551
48  7  -0.0006959633  -0.0000005966   0.0002849460  -0.0000296772  -0.0000293604
48  8  -0.0001318183  -0.0007069508  -0.0010336282   0.0013858245  -0.0001028840
48  9  -0.0001933489   0.0008391364   0.0033101280  -0.0046264056  -0.0190985835
48 10  -0.0394280726   0.0784590518   0.2982505044   0.0002806846  -0.0000290740
48 11   0.0003863401   0.0000220160   0.0000201728  -0.0000173254   0.0001597184
48 12   0.0001365065   0.0000320472  -0.0000028458  -0.0000094652  -0.0000056875
49  1  -0.0001010041  -0.0005295641  -0.0001685611  -0.0006738536   0.0011821056
49  2   0.0004540025   0.0007925202  -0.0059324124  -0.0017987821  -0.0421402634
49  3  -0.0003421821   0.0023172262   0.0056417993   0.0076989373   0.0019881119
49  4  -0.4327833128   0.0955300028   0.0542529852  -0.0001250126   0.0000809316
49  5   0.0000274884  -0.0001141966  -0.0000365222  -0.0000048549   0.0000584095
49  6   0.0000133224  -0.0000127295   0.0000454219  -0.0000011271   0.0000159604
49  7   0.0000312052  -0.0000017717   0.0000036198   0.0000271448   0.0000040610
49  8  -0.0000077960  -0.0000828367  -0.0000393934  -0.0001100882  -0.0000729838
49  9  -0.0000999315   0.0000703779   0.0005464711   0.0003763459  -0.0001010612
49 10   0.0005183014   0.0002914160   0.0002806846   0.4684489482  -0.0982007155
49 11  -0.0572010732  -0.0000017374   0.0000009150   0.0000060253  -0.0000020689
49 12   0.0000037187  -0.0000035834  -0.0000129516   0.0000018638  -0.0000079526
50  1  -0.0001232909  -0.0004048123  -0.0001321640  -0.0012536309   0.0007471608
50  2   0.0000156174  -0.0022733421  -0.0038307001  -0.0024501445  -0.0445335815
50  3   0.0143072360   0.0057977645   0.0069026647  -0.0014881907   0.0012109759
50  4   0.1393885598  -0.0793239078  -0.0287008535  -0.0001141989   0.0000327155
50  5   0.0000217991  -0.0000894280  -0.0000127295  -0.0000303178   0.0000363845
50  6   0.0000041840   0.0000089913   0.0000414634  -0.0000156003   0.0000225598
50  7   0.0000270256   0.0000015385   0.0000092365   0.0000439071  -0.0000096477
50  8  -0.0000052388  -0.0000260984   0.0000310515  -0.0000751539   0.0000126033
50  9   0.0000130675   0.0000975708  -0.0001367827   0.0001106424  -0.0001684843
50 10   0.0003127625  -0.0002389997  -0.0000290740  -0.0982007155   0.0700651538
50 11   0.0244094093  -0.0000050704  -0.0000050668   0.0000077981  -0.0000020864
50 12   0.0000080607  -0.0000047633  -0.0000071453   0.0000088440  -0.0000055286
51  1  -0.0000380741  -0.0001199021  -0.0000174320  -0.0003482137  -0.0000894351
51  2   0.0008750955  -0.0006104031  -0.0023104123   0.0030302521  -0.0126402714
51  3   0.0034562064   0.0059060544   0.0017065359   0.0011751534  -0.0058379712
51  4   0.0690940411  -0.0263660921  -0.0286325250  -0.0000343145   0.0000155624
51  5  -0.0000135537  -0.0000187030  -0.0000353024   0.0000623151   0.0000264838
51  6  -0.0000003165  -0.0000453123  -0.0000132175   0.0000277076  -0.0000298813
51  7   0.0000415695  -0.0000140058  -0.0000205360  -0.0000200408   0.0000235904
51  8  -0.0000088964   0.0000425204   0.0000730464  -0.0000166380  -0.0000411963
51  9  -0.0000436481   0.0000002504   0.0006676003  -0.0004948701  -0.0000111717
51 10  -0.0006092889   0.0002913189   0.0003863401  -0.0572010732   0.0244094093
51 11   0.0243752725   0.0000041538   0.0000132028   0.0000029885  -0.0000067466
51 12  -0.0000106468  -0.0000109101  -0.0000013619  -0.0000005663   0.0000062590
52  1   0.0038978103  -0.0158192936   0.0119629024   0.0015113324  -0.0006749142
52  2   0.0009644301  -0.0000049781  -0.0000813665  -0.0000763335  -0.0000269176
52  3  -0.0000443932  -0.0000863399  -0.0000020249   0.0001223575  -0.0000052902
52  4   0.0000657143   0.0000752390   0.0000243120  -0.0611342223   0.0479403969
52  5  -0.0327707035  -0.0078419919   0.0273245747  -0.0220555117   0.0022931288
52  6  -0.0028035036  -0.0000161109  -0.0074758908   0.0015995553   0.0008599346
52  7   0.0006054869   0.0008883222  -0.0000532423  -0.0021070878  -0.0032732827
52  8  -0.0010707597  -0.0000614770   0.0000255255   0.0000047881  -0.0002509680
52  9   0.0003072359  -0.0004131117  -0.0000144282   0.0001752538  -0.0000709323
52 10   0.0000202564  -0.0000121800   0.0000220160  -0.0000017374  -0.0000050704
52 11   0.0000041538   0.0706305005  -0.0511769211   0.0413064313   0.0010211053
52 12  -0.0049774141   0.0028410563  -0.0011236108   0.0004098785  -0.0013716890
53  1   0.0042624598  -0.0230353912   0.0154271036   0.0015047986   0.0009522522
53  2   0.0002993605  -0.0000199013   0.0001761911  -0.0003638481  -0.0000265052
53  3   0.0000261033  -0.0000660883  -0.0000406705   0.0000615057   0.0000216545
53  4   0.0000316749   0.0000380687  -0.0000004311   0.0519924514  -0.1997508085
53  5   0.1194403032  -0.0003866427  -0.0065733876   0.0063079697  -0.0008266210
53  6   0.0015310405  -0.0013759975   0.0011662603   0.0003216008  -0.0007022767
53  7   0.0007026225   0.0008882295  -0.0001866485  -0.0033469945  -0.0030651666
53  8  -0.0018420702  -0.0000908038   0.0000146051  -0.0000464051  -0.0009114303
53  9   0.0005877536  -0.0001827663   0.0001833353   0.0002124070  -0.0000302583
53 10   0.0000113172  -0.0000543501   0.0000201728   0.0000009150  -0.0000050668
53 11   0.0000132028  -0.0511769211   0.2191653355  -0.1320473661  -0.0029877836
53 12   0.0083408546  -0.0050714328  -0.0000415610   0.0001682233   0.0003858220
54  1   0.0017559111  -0.0068889602   0.0053376456   0.0002356488   0.0000209467
54  2   0.0001710320   0.0002260625  -0.0002336394   0.0000853514  -0.0000343056
54  3   0.0001479440   0.0000129632   0.0000291464  -0.0000797331   0.0000107899
54  4   0.0000293715  -0.0000366025  -0.0000133039  -0.0369806962   0.1218841674
54  5  -0.1468314132   0.0005416938  -0.0040826494   0.0002365508   0.0005867273
54  6  -0.0006109218   0.0005997985   0.0003129580   0.0002181225   0.0011445675
54  7   0.0006462396   0.0001221388   0.0008059861  -0.0011751180  -0.0017909900
54  8   0.0008376356  -0.0000659695   0.0001218806  -0.0000857468   0.0002714678
54  9   0.0001542853   0.0001414743  -0.0000721460  -0.0000224783  -0.0000607038
54 10  -0.0000159324  -0.0000316389  -0.0000173254   0.0000060253   0.0000077981
54 11   0.0000029885   0.0413064313  -0.1320473661   0.1531232847  -0.0075876915
54 12   0.0228426883  -0.0159123948  -0.0000158241   0.0003050081   0.0004108199
55  1   0.0023559433  -0.0060424397  -0.0194118175   0.0014462282   0.0002094187
55  2  -0.0012473722   0.0000241725  -0.0001319669   0.0000264029  -0.0000310355
55  3  -0.0000904307   0.0000310690   0.0000054603   0.0000985267   0.0000457547
55  4   0.0000837851   0.0000738545   0.0000166497  -0.0541037651   0.0154019064
55  5   0.0352896850  -0.0006020353   0.0084484618   0.0350106056  -0.0091636158
55  6  -0.0006838224   0.0004894432  -0.0000878388  -0.0007865786  -0.0019222192
55  7  -0.0020776648  -0.0033876603  -0.0006451037   0.0006031676   0.0006966804
55  8   0.0006020063  -0.0002038233  -0.0000268372   0.0004973725  -0.0000651536
55  9   0.0000080951   0.0000056104   0.0000183847   0.0000058961  -0.0000272380
55 10   0.0000077394   0.0001048586   0.0001597184  -0.0000020689  -0.0000020864
55 11  -0.0000067466   0.0010211053  -0.0029877836  -0.0075876915   0.0602019741
55 12  -0.0103281530  -0.0414068267   0.0005690406  -0.0005799395   0.0000806979
56  1   0.0022456815  -0.0095403896  -0.0271506851   0.0014036907   0.0009578079
56  2   0.0000528170   0.0001742114  -0.0001642307   0.0001772626  -0.0000470310
56  3   0.0000597211   0.0001090880  -0.0000124171   0.0000095860  -0.0000004327
56  4   0.0000642785   0.0000071730   0.0000026961   0.0153763432  -0.0648050733
56  5  -0.0604334875  -0.0018438453  -0.0030617822  -0.0071151473   0.0008700772
56  6   0.0011981828  -0.0002497875   0.0004278095   0.0001015650   0.0009084274
56  7  -0.0034882280  -0.0036719439  -0.0009497599   0.0009379958   0.0009197675
56  8   0.0001484707  -0.0005964100   0.0003818921   0.0004367677  -0.0000921759
56  9   0.0000108425   0.0001333874  -0.0000035674  -0.0000490639  -0.0000444893
56 10   0.0001160166   0.0001020051   0.0001365065   0.0000037187   0.0000080607
56 11  -0.0000106468  -0.0049774141   0.0083408546   0.0228426883  -0.0103281530
56 12   0.0691253037   0.0709547994  -0.0002305813   0.0000697218   0.0000515250
57  1   0.0002387768  -0.0030689903  -0.0070054971   0.0006510145   0.0005392847
57  2   0.0003641613  -0.0001550701   0.0000769124   0.0004206917   0.0000340405
57  3  -0.0001128039  -0.0000408073  -0.0000564066   0.0000712670   0.0000354559
57  4  -0.0000119185   0.0000298533   0.0000060735   0.0386672520  -0.0626868507
57  5  -0.2850392371   0.0005935732   0.0012965831  -0.0068763465   0.0013615658
57  6  -0.0015623983   0.0014798972  -0.0016805447   0.0003972349   0.0013178795
57  7  -0.0007163179  -0.0011184163   0.0013434196  -0.0000809125  -0.0001710755
57  8   0.0008321933  -0.0007542375   0.0000205513   0.0003233703  -0.0000088998
57  9  -0.0000543833  -0.0000934987   0.0000167329   0.0000098339  -0.0000265875
57 10   0.0001697067   0.0001305594   0.0000320472  -0.0000035834  -0.0000047633
57 11  -0.0000109101   0.0028410563  -0.0050714328  -0.0159123948  -0.0414068267
57 12   0.0709547994   0.3086038815   0.0003009991   0.0003242351   0.0002462082
58  1   0.0003722020  -0.0000674155  -0.0000057854  -0.0001241458  -0.0000079137
58  2   0.0000591109   0.0000654976  -0.0000825691  -0.0000065345  -0.0001887705
58  3  -0.0000121245   0.0000044534   0.0001016237  -0.0000094476  -0.0000118352
58  4   0.0001129458   0.0000532684   0.0000127739   0.0026137522   0.0032402946
58  5  -0.0035308401  -0.0314685764   0.0118939608  -0.0027018097   0.0026013048
58  6  -0.0053794865   0.0067130379  -0.4306786733   0.0899966638   0.0903965780
58  7  -0.0000832568  -0.0000022224  -0.0000665084  -0.0000639431  -0.0001812816
58  8   0.0001022060   0.0000268431   0.0000022426  -0.0000131921   0.0000747381
58  9  -0.0000398085   0.0000299311  -0.0000175051  -0.0000056341   0.0000022839
58 10  -0.0000100684   0.0000032104  -0.0000028458  -0.0000129516  -0.0000071453
58 11  -0.0000013619  -0.0011236108  -0.0000415610  -0.0000158241   0.0005690406
58 12  -0.0002305813   0.0003009991   0.4572335539  -0.0991224495  -0.0912648368
59  1   0.0009949606  -0.0003075119   0.0001367416   0.0000775554   0.0002713604
59  2   0.0000032497   0.0000747594  -0.0000093440  -0.0000504321  -0.0000128344
59  3   0.0001079064   0.0000326970   0.0000181820  -0.0000605928  -0.0000175794
59  4  -0.0000120940  -0.0000420905  -0.0000071239   0.0014275362   0.0025387427
59  5   0.0037461525   0.0289885956  -0.0031764238  -0.0034029542  -0.0052577412
59  6  -0.0029233761  -0.0038467377   0.0730517784  -0.0380066537  -0.0044696913
59  7  -0.0000689212   0.0000416165  -0.0000922407   0.0000439197   0.0001433811
59  8   0.0000828518   0.0000225433  -0.0000068816  -0.0000179807  -0.0000470060
59  9  -0.0000170606   0.0000190565  -0.0000026900  -0.0000006273   0.0000133532
59 10  -0.0000078972   0.0000018581  -0.0000094652   0.0000018638   0.0000088440
59 11  -0.0000005663   0.0004098785   0.0001682233   0.0003050081  -0.0005799395
59 12   0.0000697218   0.0003242351  -0.0991224495   0.0411989079   0.0072514261
60  1   0.0003484672  -0.0000462090   0.0000058800  -0.0000698832   0.0000560470
60  2  -0.0000253180   0.0000562309  -0.0000780206  -0.0000000263  -0.0001428205
60  3   0.0000069406   0.0000172816   0.0000787414  -0.0000143073  -0.0000147688
60  4   0.0000836105   0.0000373904   0.0000003552  -0.0007182426   0.0041908931
60  5  -0.0037184858  -0.0442528184   0.0096104516   0.0129026364   0.0059991791
60  6  -0.0038798614  -0.0013136275   0.1312776197  -0.0173806436  -0.0727707145
60  7  -0.0000815090  -0.0000578097  -0.0000512500  -0.0000614824  -0.0001034808
60  8  -0.0000103945   0.0000288711   0.0000008062  -0.0000087278   0.0000389832
60  9  -0.0000262857   0.0000248673  -0.0000122026  -0.0000007139   0.0000034555
60 10  -0.0000089639   0.0000015587  -0.0000056875  -0.0000079526  -0.0000055286
60 11   0.0000062590  -0.0013716890   0.0003858220   0.0004108199   0.0000806979
60 12   0.0000515250   0.0002462082  -0.0912648368   0.0072514261   0.0643012375
$end
