$vibrational normal modes
 1  1   0.0345090699   0.0362694938   0.0431952057   0.1771333418  -0.1209818667
 1  2   0.0069016925   0.0039618731   0.0002381850  -0.0104406754   0.0478556856
 1  3   0.0000429196   0.0083787525   0.0353214457   0.0172961989  -0.2746386126
 1  4   0.0132817624  -0.1027318155  -0.0004293155   0.0221274406   0.0087256871
 1  5   0.0651154649   0.0010531818  -0.0013391821   0.0566889921  -0.0059816394
 1  6   0.0252578998   0.0591736095   0.0145643226   0.1702478291  -0.2434712223
 1  7  -0.0683161402   0.0034079903   0.0301036910   0.0398932748  -0.0084312695
 1  8   0.0528715159   0.0106019089  -0.0159691681   0.0166204858   0.0092685943
 1  9   0.0456921516   0.0035696366  -0.1452171944   0.0494598008  -0.0085650702
 1 10   0.0156461770   0.0188330333   0.0254236217  -0.0061406720  -0.0071176927
 1 11   0.0236406133  -0.0008857808  -0.0054247679  -0.0045006840  -0.0049620470
 1 12   0.0021949783   0.0016078235  -0.0014779817   0.0000049343  -0.0000091052
 2  1  -0.1721863279   0.1119103924   0.0625532709   0.0384971590   0.0740158183
 2  2  -0.0142836570  -0.0135728147  -0.0129090405   0.0726759744  -0.2211914447
 2  3  -0.0088891175  -0.0715418980   0.0930298501  -0.2287030444   0.0243979530
 2  4   0.0270431545   0.0592277253  -0.0018018623   0.0859541866  -0.0147493900
 2  5  -0.0127038534   0.0011172992  -0.0226915129   0.1173870617   0.0111985145
 2  6  -0.0448779371  -0.0115302134  -0.0188536293   0.2438933091   0.1321253412
 2  7  -0.0626735185  -0.0729654369  -0.0123253860  -0.0528709452   0.0273832328
 2  8   0.0077774524   0.0288881306  -0.0403031264   0.0192633180  -0.0185489358
 2  9  -0.0145450894   0.0299287421  -0.0519805943   0.0275431939   0.0034927987
 2 10  -0.0237193953  -0.0374647084  -0.0564696334  -0.0026484687  -0.0130633851
 2 11  -0.0553813140   0.0026464849   0.0128037390   0.0228102396   0.0207717671
 2 12   0.0008075197  -0.0103941923   0.0078891017  -0.0000000262  -0.0000458120
 3  1   0.0179714523  -0.0662455304   0.0102769114   0.0839889136   0.1153245023
 3  2   0.1715315367   0.0210020807   0.0579572846  -0.1945524383  -0.0820297657
 3  3   0.0300908624   0.2217573565   0.0617852074  -0.0755180521   0.0104182101
 3  4  -0.0518187372   0.0309449288   0.0071124972   0.0252104722  -0.0090327551
 3  5  -0.0052088343  -0.0045097081   0.0478388291   0.0399405703  -0.0582915337
 3  6  -0.0053366087  -0.0391565547   0.0395858521   0.0720072026   0.0324360477
 3  7   0.0386021770  -0.0887727648  -0.0570488074   0.0264058774  -0.0615709969
 3  8   0.0235395311  -0.0922121714  -0.0058760401  -0.0313597279   0.0454852455
 3  9   0.0058145118   0.0333112594  -0.0084084983   0.0085905490   0.0014321918
 3 10  -0.0094564940  -0.0127719557  -0.0189886141   0.0029731614  -0.0009736901
 3 11  -0.0226176972   0.0017064213   0.0104918007  -0.0578995179  -0.0424869161
 3 12  -0.0314461125   0.0323698279  -0.0214330717  -0.0000345465  -0.0000142041
 4  1   0.0523997620   0.0376185323   0.0555871602   0.1746919733  -0.1122260986
 4  2  -0.0056006900  -0.0008345952   0.0049761611  -0.0049710294   0.0464438983
 4  3  -0.0146984621  -0.0016109207   0.0308443986   0.1239163481  -0.2116668598
 4  4   0.0117148347  -0.1612236418  -0.0000186049  -0.0053000301  -0.0315399298
 4  5   0.0465921896   0.0010488427  -0.0025574834   0.0865292102   0.0001615572
 4  6  -0.0342634956  -0.0826273254  -0.0137629582   0.0490473604   0.2578246550
 4  7   0.1098455599   0.0406017909  -0.0131651656  -0.0246432277   0.0025689129
 4  8   0.0568996517   0.0194370337  -0.0115586188   0.0216191558   0.0237194481
 4  9   0.0669576477  -0.0528505965   0.0523198187  -0.1434344751   0.0180454408
 4 10  -0.0006171274  -0.0156568346   0.0065183723   0.0045527125  -0.0008860627
 4 11  -0.0067782604  -0.0093806501  -0.0211151417   0.0007407661  -0.0026523635
 4 12   0.0030006942   0.0033998590  -0.0006315434  -0.0000270685   0.0000148565
 5  1  -0.0732011524   0.1579785221   0.0937042722   0.0099795581   0.0951174743
 5  2   0.0128531039   0.0197746026  -0.0466923372   0.0363292984  -0.2299385789
 5  3   0.0832046706   0.0014418002  -0.0687191762   0.0304134974   0.1619951385
 5  4  -0.0259485997  -0.2019705812  -0.0101811013  -0.0365164889   0.0142899620
 5  5   0.0231727599  -0.0004601964  -0.0158783597  -0.0269531056  -0.0187793338
 5  6  -0.0596257993   0.0378877482  -0.0017586531   0.1190846593  -0.1092422716
 5  7   0.1373464388   0.1446694098   0.0275554628   0.0811663964  -0.0168465180
 5  8  -0.0021165556  -0.0259775463   0.0365459960   0.0181712304   0.0081025086
 5  9   0.0130421160  -0.0405048429   0.0343959729  -0.0343638884   0.0125474994
 5 10  -0.0031730369   0.0586017239  -0.0506240985  -0.0026758197   0.0102675344
 5 11   0.0154019633   0.0249592306   0.0530107966  -0.0114448185   0.0087619958
 5 12  -0.0077944373  -0.0228831139   0.0036829861   0.0000082505   0.0001357627
 6  1  -0.0052514750  -0.1359534835   0.0600477976   0.1135808497   0.1520906301
 6  2   0.0182217061  -0.0769249774   0.1576621409  -0.0848391853  -0.0772414334
 6  3  -0.2532357023   0.0170534472  -0.0247977121   0.0021745155   0.0645808416
 6  4  -0.0064044947  -0.0584097062   0.0242387126  -0.0123989989   0.0053806556
 6  5   0.0053418220   0.0046155491   0.0527621861   0.0096444336   0.0587764257
 6  6  -0.0175864469   0.0107507420   0.0512563163   0.0329227398  -0.0184382974
 6  7  -0.0250696884   0.1168535059   0.0747162181  -0.0307266058   0.0306697635
 6  8  -0.0190187814   0.0848386911  -0.0171234416  -0.0690177530  -0.0050009464
 6  9   0.0255068720   0.0008694145   0.0129997603  -0.0030446374   0.0030802774
 6 10  -0.0013799663   0.0195982293  -0.0165226988   0.0001529582   0.0045002551
 6 11   0.0059407715   0.0071223743   0.0151285996   0.0501156048  -0.0097265484
 6 12   0.0002055141   0.0726885938  -0.0104193901   0.0000146007   0.0000409408
 7  1  -0.0155418296   0.0255360578   0.0100009723   0.1913540300  -0.1359804277
 7  2   0.0163866638   0.0051596266   0.0003871844  -0.0077142951  -0.0510100369
 7  3  -0.0020158037  -0.0128384215   0.1477148581   0.0471635993   0.0393210355
 7  4  -0.0038193560  -0.1231507496  -0.0037065792   0.0107205064  -0.0962718881
 7  5  -0.1217653324   0.0008184401   0.0000482031   0.0166972594   0.0007145677
 7  6  -0.2893277771  -0.1181863458  -0.0113824527  -0.1024167408  -0.0279483877
 7  7  -0.0530435449  -0.0549656789   0.0063330471   0.0103763234   0.0010864687
 7  8   0.0497602506   0.0144550612   0.0679711292  -0.0084107684  -0.0048043309
 7  9   0.0104660585  -0.0421417101   0.0662866104   0.1747687242   0.0153869055
 7 10   0.0022657202  -0.0137007145   0.0112365042  -0.0243093654   0.0314250541
 7 11  -0.0015918713   0.0197972598  -0.0088159233  -0.0020357525   0.0021824606
 7 12   0.0017799758   0.0017364857  -0.0000889966   0.0000269570   0.0007093202
 8  1  -0.0527990696   0.1291227924   0.1710534067  -0.0109958357   0.0973720206
 8  2  -0.0251573423  -0.0338428181  -0.0075952592   0.0731973687  -0.1569323505
 8  3   0.0035016392   0.0676466309  -0.1289809442   0.1654681295   0.0234899666
 8  4  -0.0113601948  -0.1583556552   0.0090453662  -0.0573608834   0.0209489599
 8  5   0.0854162828  -0.0168420942  -0.0036427431  -0.0092903590  -0.0146330458
 8  6   0.1777750955  -0.0224643266   0.0190492412  -0.1039604316   0.0472343396
 8  7  -0.1521593161  -0.1431660031   0.0110423842  -0.0598098426  -0.0014633761
 8  8   0.0573540854   0.0197807103   0.0252483787  -0.0084894812   0.0160288687
 8  9   0.0126569525  -0.0149573420   0.0224414258   0.0384323583  -0.0721341991
 8 10  -0.0053317189   0.0076100379  -0.0079197565   0.0204492222  -0.0256974830
 8 11   0.0040588196  -0.0573788414   0.0248089729   0.0127819909  -0.0168405852
 8 12  -0.0105289151  -0.0112992665   0.0006831758  -0.0000280689  -0.0005710414
 9  1   0.1001801815  -0.0040380352  -0.0909873721   0.1433669893   0.2059483922
 9  2   0.0935189160   0.0944555548   0.0338277821  -0.2061787641  -0.0744460954
 9  3  -0.0089893598  -0.1842093897  -0.0624409216   0.0508303857   0.0076973293
 9  4   0.0021984653  -0.0464528684  -0.0295889236  -0.0196333207   0.0117004845
 9  5   0.0332925399   0.0568908006   0.0117333369   0.0047297450   0.0577043611
 9  6   0.0599747500   0.0431435395  -0.1022453857  -0.0262969759  -0.0110986199
 9  7   0.0114112474  -0.1093160238  -0.0934701758   0.0688769861   0.0188303586
 9  8   0.0184860473  -0.0100848003   0.0137059143   0.0330928179  -0.0403677868
 9  9   0.0076368406  -0.0075638152   0.0041868553   0.0015572758  -0.0239823955
 9 10  -0.0017911756   0.0033909840  -0.0033220296   0.0079938280  -0.0106052097
 9 11   0.0012163265  -0.0165355542   0.0081188155  -0.0397515316   0.0621262283
 9 12   0.0292467401   0.0364567266  -0.0021434062  -0.0000068732  -0.0002191548
10  1   0.0008285077   0.0265655595   0.0213832359   0.1893377245  -0.1276891335
10  2   0.0041962217   0.0023518711  -0.0058966360   0.0026477351  -0.0106863113
10  3  -0.0012052430  -0.0062150012   0.1895894073   0.0801012814   0.0895006181
10  4  -0.0015513550  -0.0092070303  -0.0102478213   0.0062621858  -0.0680106499
10  5  -0.1092081403   0.0031553642  -0.0003103081  -0.0357506716  -0.0030896180
10  6   0.1072040579   0.0275678655   0.0035806591  -0.0045467784   0.0543055482
10  7  -0.0210658789  -0.0462382654   0.1247156715   0.1230133153  -0.0022588864
10  8  -0.0039701367   0.0017094674   0.0762367540  -0.0435541558  -0.0276500204
10  9  -0.0920230572   0.0800437200  -0.0769118108  -0.1186103992  -0.0132206855
10 10  -0.0016029923   0.0053702095  -0.0036194453   0.2262991383  -0.2685894802
10 11  -0.0000747392  -0.0003999933  -0.0006647999  -0.0001123788  -0.0000144901
10 12   0.0001582980   0.0000099732  -0.0000050073  -0.0001019636  -0.0032981166
11  1   0.0449499627   0.1742967091   0.2024051940  -0.0392828476   0.1181927366
11  2   0.0012779447  -0.0069417849   0.0242585465  -0.0048966510   0.0286580558
11  3  -0.0029568774   0.0114208083  -0.0248677496   0.1365056057  -0.0573072786
11  4   0.0124464452   0.1351305042   0.0640174672   0.0199308052   0.0004387820
11  5  -0.0107348420  -0.0344943693   0.0171587174   0.0218403326   0.0329972854
11  6  -0.1013763167  -0.0179919509  -0.0335651150  -0.0174396361   0.0169854467
11  7   0.0020062321  -0.0458623761   0.0449712897   0.1085432521   0.0133292981
11  8  -0.0062721321   0.0141644767   0.0413895129  -0.0341941798  -0.0117488137
11  9  -0.0549394283   0.0498140370  -0.0466299145  -0.0614658748  -0.0005763617
11 10  -0.0000110440   0.0021737226  -0.0009986012  -0.3749070963   0.4379990203
11 11   0.0005468558  -0.0015536719   0.0021475648   0.0003149038  -0.0000929327
11 12  -0.0004132206  -0.0000721014   0.0000084170  -0.0000163399  -0.0004791619
12  1   0.0792429021  -0.0700891066  -0.0448143617   0.1728957765   0.2429285837
12  2  -0.0554776664   0.0266969869  -0.0737325559   0.0104959717   0.0065046518
12  3   0.0096623875  -0.0341645493  -0.0206894647   0.0408743111  -0.0227372548
12  4   0.0105718438   0.0504964598  -0.1871435574   0.0058747449   0.0038784484
12  5   0.0008876395   0.1017708574  -0.0536618889  -0.0183117337  -0.1033249643
12  6  -0.0214452312  -0.0558433465   0.0953089468  -0.0073248491   0.0277198370
12  7  -0.0476737965   0.0428840149   0.1095575570  -0.0634682528  -0.0394481881
12  8   0.0044569002  -0.0367470155   0.0196376871   0.0157020210  -0.0179695373
12  9  -0.0156518812   0.0106157956  -0.0122688801  -0.0153788326   0.0005795052
12 10   0.0000968758   0.0004728358  -0.0001692009  -0.1384361698   0.1618714161
12 11   0.0001839433  -0.0004287491   0.0007359186  -0.0005970807   0.0011550320
12 12   0.0004171489   0.0003890706   0.0000159363  -0.0000004871   0.0000115742
13  1   0.0600676373   0.0354688562   0.0614758400   0.1765425603  -0.1047510560
13  2  -0.0209511204  -0.0025162051  -0.0238848158  -0.0016194214   0.1579315317
13  3   0.0000421336  -0.0095320046   0.3652279553  -0.0736625560   0.2222397867
13  4  -0.0170835358  -0.0250521839   0.0041410823  -0.0399695340   0.0957590736
13  5   0.1466345227  -0.0000746527   0.0002759922   0.0054676396   0.0023567431
13  6   0.0743695918   0.0200252591  -0.0019924513   0.0096192828   0.0055036273
13  7   0.0003816000  -0.0009775468  -0.0258832606  -0.0265856666   0.0006226216
13  8   0.0129946800   0.0035859374   0.0024628185   0.0021864290   0.0019469427
13  9   0.0070859790  -0.0069384164   0.0071975166   0.0145101661   0.0058769965
13 10   0.0006765063  -0.0002023600   0.0004698400  -0.1223935289   0.1440603075
13 11   0.0000082958  -0.0002237858   0.0002616445   0.0000001116   0.0000525782
13 12  -0.0000442159   0.0000011205   0.0000045628   0.0000167674   0.0001751282
14  1   0.1047591466   0.2293415388   0.1709047265  -0.0458023824   0.1324290607
14  2   0.0486107168   0.0455980109   0.1172719253  -0.0039987603   0.1017483644
14  3  -0.0125565804  -0.0084700052   0.0518331910   0.0694380113  -0.0011081997
14  4   0.0092647422   0.1373390905  -0.0162026808   0.0033099385   0.0675724577
14  5   0.0918519659   0.0201260082  -0.0079350347   0.0311470187  -0.0124808791
14  6  -0.1647555234  -0.0577320824   0.0071376061  -0.0238809380  -0.0100652430
14  7  -0.0135668836  -0.0052318652   0.0397025238   0.0317358754  -0.0025007904
14  8  -0.0336535359  -0.0128364274  -0.0473523114   0.0176488832   0.0078299920
14  9   0.0264467383  -0.0193481640   0.0152333808   0.0160014035  -0.0061668727
14 10  -0.0005696552  -0.0004269541  -0.0001450806   0.2460613176  -0.2876894071
14 11  -0.0001789196   0.0006340316  -0.0010668177  -0.0000012546  -0.0001784836
14 12   0.0001171026  -0.0000166395  -0.0000118097   0.0000162472   0.0007943292
15  1  -0.0093085745  -0.2106423546   0.0941200206   0.1743434941   0.2332917295
15  2  -0.2188058395  -0.1248024419  -0.3541016676   0.0024154526   0.0249408814
15  3   0.0377771398   0.0163366248  -0.0022979034   0.0280420769  -0.0128340958
15  4   0.0014814126   0.0460185132   0.0530893872   0.0032535394   0.0182189745
15  5   0.0247263026  -0.0538506330   0.0158794292   0.0185109850   0.0274631303
15  6  -0.0639595699  -0.0083957021  -0.0234334662  -0.0081340439  -0.0090294867
15  7   0.0059709084  -0.0135089899  -0.0043718042   0.0298321667   0.0063870336
15  8  -0.0129507960   0.0015135405  -0.0174308480   0.0025148831   0.0049564732
15  9   0.0086509972  -0.0059428679   0.0048255867   0.0047314080  -0.0024435315
15 10  -0.0002589216  -0.0001763568  -0.0000541704   0.0894665961  -0.1046036040
15 11  -0.0000597795   0.0002334895  -0.0003641897  -0.0001956196   0.0000840332
15 12   0.0000965699  -0.0000401639   0.0000090598   0.0000041725   0.0002602721
16  1  -0.0607528647   0.0159354815  -0.0200035194   0.2040987600  -0.1496582091
16  2   0.0253022391   0.0063046272   0.0098761504   0.0172929454  -0.1842550535
16  3  -0.0002566555   0.0037865553   0.0330614280   0.3082569996   0.0326938424
16  4   0.0180774809   0.2577179780   0.0025858485   0.0202719326   0.0031926566
16  5  -0.0338586851  -0.0057742228   0.0023861919  -0.0231454918   0.0021543153
16  6   0.0749189164   0.0452448276   0.0039171421   0.0316743189  -0.0284343365
16  7   0.0255636611   0.0406208088  -0.0436088861  -0.0429554089  -0.0002669016
16  8  -0.0136589039  -0.0056680261  -0.0441620167   0.0196144815   0.0112402578
16  9   0.0356380465  -0.0275426283   0.0230110446   0.0301471298   0.0043836044
16 10   0.0005314282  -0.0006594715   0.0004538954  -0.0152538856   0.0193849962
16 11   0.0001007237   0.0004483929   0.0000503518   0.0000178794   0.0000011988
16 12  -0.0000296633   0.0000025310   0.0000038012  -0.0011595482  -0.0588894390
17  1   0.0591915987   0.1454012311   0.2725865432  -0.0573703796   0.1192884319
17  2  -0.0352067891  -0.0505816307  -0.0575001334  -0.0765891896   0.1347085187
17  3  -0.0083477444  -0.0194808038   0.0812315131   0.0027421361  -0.0090568914
17  4   0.0041858891   0.0057006049  -0.0041195394   0.0245821967  -0.0932085735
17  5  -0.1568668872   0.0272242593  -0.0028111095  -0.0431927560  -0.0064642849
17  6   0.1015461487   0.0489136835   0.0108603080   0.0322033219  -0.0479859247
17  7   0.0315424590   0.0655380705  -0.1053107696  -0.1179550408  -0.0030026438
17  8   0.0373465820   0.0092861885   0.0327435312  -0.0061336032  -0.0030219222
17  9  -0.0053552227  -0.0012773326   0.0027842610   0.0066338620  -0.0011099403
17 10   0.0000427700   0.0002468788  -0.0002630610   0.0333313033  -0.0381523189
17 11  -0.0000324249   0.0000236655  -0.0002152531  -0.0000348720  -0.0000016414
17 12   0.0000436528  -0.0000044973  -0.0000025069   0.0002977570   0.0144261672
18  1   0.1746198706   0.0504710913  -0.1819431315   0.1987517704   0.2901845659
18  2   0.0167591417   0.1624508231   0.1607919274   0.2142533363   0.0657189070
18  3   0.0253127793   0.0442404323   0.0293628696  -0.0151692643  -0.0056806555
18  4  -0.0010924971  -0.0120082296   0.0094063716   0.0071949681  -0.0306354876
18  5  -0.0483208678  -0.0914764173   0.0176982534  -0.0054285248   0.0252164078
18  6   0.0268612135   0.0233294044  -0.0154452772   0.0095135815  -0.0183013824
18  7   0.0162721203   0.0122606607  -0.0462005476  -0.0255527772   0.0043752992
18  8   0.0125814378   0.0082450624   0.0123024178  -0.0058728093   0.0000183714
18  9  -0.0034251317   0.0012243653  -0.0001384049   0.0006801165  -0.0005914148
18 10  -0.0000120387   0.0001466055  -0.0001191937   0.0121161282  -0.0138791489
18 11  -0.0000177361  -0.0000211108  -0.0000766116   0.0000589128  -0.0000975472
18 12  -0.0000294827  -0.0000136069  -0.0000036897   0.0001617027   0.0079791313
19  1   0.1035682306   0.0486664717   0.0895067311   0.1600742773  -0.0969947644
19  2  -0.0150233140  -0.0065371242   0.0077207426   0.0028308256  -0.0546715720
19  3   0.0044360000   0.0024890857  -0.1136818277  -0.1097674040  -0.0486307062
19  4  -0.0314098924  -0.0433623125  -0.0009330873   0.1180891695   0.1079911352
19  5  -0.0263363436   0.0002608387   0.0012615656   0.0095657365  -0.0133232207
19  6  -0.0624304436   0.3088004656   0.0515705645  -0.1350165263   0.0026975943
19  7   0.0501457583  -0.0267928658   0.0205634052  -0.0134359343   0.0281377808
19  8   0.0543995900   0.0076020945  -0.0645771289   0.0259133150  -0.0050669438
19  9  -0.0622218888   0.1157703763   0.0900683672   0.0023719736   0.0018202588
19 10  -0.0505757233   0.0122584032   0.0197644288  -0.0403644742  -0.0379718860
19 11  -0.0031358492   0.0006085114   0.0043789303  -0.0008398861  -0.0093667461
19 12   0.0204495516  -0.0027850651  -0.0087547340   0.0007617028  -0.0000157946
20  1  -0.1923819447   0.1408442961  -0.0146977530   0.0594060170   0.0718043078
20  2   0.0237630219   0.0410482291  -0.0648461216   0.0048595469  -0.1536794711
20  3  -0.0387849818   0.0008187268   0.1821810486  -0.2055096510  -0.1588958629
20  4   0.0831593028   0.0728933170   0.0017500301  -0.0109203760  -0.0302257840
20  5   0.0477172101   0.0009981659  -0.0069458699  -0.0172706977   0.0320760751
20  6   0.1038823648  -0.1036292463   0.0169867155  -0.2500713324  -0.0578630099
20  7   0.0723232091   0.0762474043   0.0068349173   0.0448047939  -0.0544231561
20  8   0.0517854905   0.0047818752  -0.0393229939  -0.0108213156  -0.0093301032
20  9  -0.0131667403   0.0150323395   0.0167281837  -0.0011720679  -0.0036257069
20 10   0.0618881119  -0.0184146590  -0.0237706595   0.0027493659   0.0030802846
20 11   0.0066361579  -0.0018200006  -0.0099855108   0.0000294063   0.0196879724
20 12  -0.0487478210   0.0100867344   0.0376093378   0.0000234149   0.0000092825
21  1  -0.0891708653  -0.2007312120   0.1639371830   0.0541017775   0.0611071035
21  2   0.0935668318  -0.1490337425   0.2236501844   0.0114457096  -0.0442198265
21  3   0.1247697109  -0.0197491427   0.0817167294  -0.0553556715  -0.0750361458
21  4  -0.1455699542   0.0418732270  -0.0014091841  -0.0084726531  -0.0243676770
21  5   0.0240070407  -0.0019715611   0.0203896781  -0.0313619351  -0.0736059412
21  6   0.0242023647  -0.0037222017  -0.1171654113  -0.0743391833   0.0089740877
21  7  -0.0540334366   0.1135588937   0.0268287288  -0.0026353606   0.0920213364
21  8   0.0065331084   0.0185606227   0.0066937545   0.0530305364   0.0173621535
21  9  -0.0235666516   0.0020812982  -0.0008237091   0.0005144097  -0.0013274785
21 10   0.0210869175  -0.0065758945  -0.0084637965   0.0318849572   0.0274527914
21 11   0.0039078025  -0.0010546261  -0.0068703017   0.0116774855   0.0258702163
21 12  -0.0248394533  -0.0156421945  -0.0819044816  -0.0003212730   0.0000089377
22  1   0.0858213092   0.0481131442   0.0770481876   0.1616625089  -0.1067511779
22  2   0.0002535143   0.0103973440  -0.0091229994   0.0036455987  -0.0019445084
22  3  -0.0019765704   0.0033237524  -0.1803681523  -0.1241964785  -0.0107651469
22  4  -0.0238901202   0.0128629712  -0.0001890473   0.0314466779   0.0959426053
22  5  -0.0390600777  -0.0002766645   0.0117958487  -0.2009449859   0.0074441897
22  6  -0.0116098636  -0.0313352853  -0.0194115470   0.0222752334   0.0648361719
22  7  -0.0775426951   0.0442806452  -0.0478471617   0.0345380905  -0.0824255788
22  8   0.0047338210  -0.0070200585  -0.0336993166  -0.0525037075  -0.0267077440
22  9  -0.0686223524  -0.1724468596  -0.0300433748  -0.0072391257  -0.0000044078
22 10   0.0176869061  -0.0036589241  -0.0057040583   0.3236408663   0.2784422034
22 11   0.0010109244  -0.0000105559  -0.0004922854   0.0000615364   0.0005564629
22 12  -0.0011531158   0.0001234649   0.0004622897  -0.0031106331   0.0000319251
23  1  -0.2929829253   0.0907232477  -0.0402523437   0.0870896643   0.0501778951
23  2  -0.0075697365   0.0326411696   0.0023165321  -0.0194350688   0.0586935899
23  3  -0.0107374971   0.0034047325   0.0410351574  -0.0335800489  -0.1137479887
23  4  -0.0319461348   0.0173873859   0.0003925186  -0.1375093113   0.0215825562
23  5   0.0036933775  -0.0002118079   0.0195962940  -0.3462222935   0.0174522052
23  6  -0.0951069396   0.0924746721   0.0368043042   0.0667564805   0.0361943821
23  7   0.0434274991  -0.0941659351   0.0172970155  -0.0493141052   0.0541106271
23  8  -0.0407990969   0.0034413023   0.0476336414   0.0287715970   0.0185078064
23  9   0.0541606061   0.0832481747   0.0052296980   0.0030017673  -0.0005848979
23 10  -0.0007031844  -0.0013576466  -0.0009172968   0.0808436182   0.0671301943
23 11  -0.0007193476  -0.0000984388   0.0000618196   0.0000925132  -0.0000102257
23 12   0.0000301140   0.0001405062   0.0011013747   0.0011642805  -0.0000210223
24  1  -0.0662394547  -0.1320716993   0.1148614629   0.0250355172   0.0250099266
24  2   0.2443689726  -0.0182984926   0.0102078514   0.0516156394   0.0239548937
24  3   0.0398828350  -0.0203485314   0.0181781774  -0.0062479400  -0.0252835000
24  4   0.1496916427  -0.0145497656   0.0003132058  -0.0532673926   0.0065826095
24  5   0.0043563083   0.0005445975   0.0041053032  -0.1097711861   0.0085628940
24  6  -0.0648846447   0.1393532777   0.0256087725   0.0124057917   0.0585999504
24  7  -0.0445354792   0.0063775771  -0.0363111487   0.0181218187  -0.0607574609
24  8  -0.0050215765  -0.0072876260  -0.0163327165  -0.0408485277  -0.0186046181
24  9  -0.0397612700  -0.1198985982  -0.0178680668  -0.0069926922   0.0000199627
24 10   0.0208475024  -0.0033849601  -0.0060083297  -0.4207138096  -0.3590488944
24 11  -0.0002769174  -0.0000543180  -0.0000558491  -0.0000353671   0.0004184159
24 12  -0.0004549904  -0.0004745628  -0.0029224683  -0.0005335259   0.0000144907
25  1   0.0963397146   0.0724472806   0.0793496747   0.1352270442  -0.1337266904
25  2   0.0791318267   0.1895375379  -0.1572295863   0.0314707581   0.0164524942
25  3  -0.0775889032   0.0005224147  -0.2330375627  -0.1440632132   0.0311021899
25  4  -0.1703424512   0.1039270137   0.0007078341  -0.0924376278  -0.0738075278
25  5   0.0194237887  -0.0011928637   0.0046727458   0.0135874531  -0.0157326117
25  6   0.0216492988  -0.0713608188  -0.0316391063   0.0076687395  -0.0076193889
25  7  -0.0058325406   0.0181828110   0.0102577336  -0.0045393803   0.0459436995
25  8   0.0054687793  -0.0192039466   0.0033248419  -0.0040701357   0.0029626311
25  9   0.0100483579   0.0111652149   0.0007884742  -0.0000582033  -0.0000771207
25 10   0.0020729764  -0.0002691055  -0.0006192487  -0.1816371322  -0.1555376826
25 11  -0.0003349801  -0.0000177843   0.0001059269  -0.0000053171   0.0000108781
25 12  -0.0000564831   0.0000066940  -0.0003732984   0.0000522682   0.0000110413
26  1  -0.4150929010  -0.0456378860   0.0684078574   0.0909608140   0.0198024493
26  2  -0.1314696621   0.3137205124   0.0899614908  -0.0468729941   0.1740089071
26  3   0.0205079785   0.0109092312  -0.1151764417   0.0452302013   0.0520958305
26  4   0.0063013706  -0.0388875288  -0.0006912888   0.0843149843   0.0705598951
26  5  -0.0413932896   0.0000236681  -0.0037890625   0.0674274561  -0.0014079772
26  6   0.0334079831  -0.0585861947  -0.0131073432  -0.0158338906  -0.0128287827
26  7  -0.0003399660   0.0156703478   0.0034854347   0.0033667392   0.0122422503
26  8   0.0099617912  -0.0100481609  -0.0092657631  -0.0100501831  -0.0038875674
26  9  -0.0094907735  -0.0189000978  -0.0012934112  -0.0011208104   0.0000561311
26 10   0.0016403226  -0.0000215526  -0.0002533695  -0.0612434569  -0.0520591840
26 11   0.0001310023   0.0000091607  -0.0000427768   0.0000562457   0.0001029694
26 12  -0.0000679043  -0.0000753093  -0.0004260070  -0.0003233767   0.0000076097
27  1  -0.0877365917  -0.1482024536   0.1412862446   0.0093873731   0.0011493801
27  2   0.2652268291   0.1589008532  -0.0624858663   0.0628468749   0.0617307702
27  3  -0.0005636870  -0.0208022787  -0.0486099608   0.0028270773   0.0374854082
27  4   0.0723528510   0.0236927183   0.0005614795  -0.0762479576  -0.0885742816
27  5   0.0309348190   0.0003773151  -0.0092764065   0.1422574981  -0.0049238456
27  6  -0.0229008953   0.1162822795   0.0271558044  -0.0173258367  -0.0004035304
27  7   0.0048952955  -0.0101979062  -0.0090834961   0.0085868612  -0.0622204488
27  8  -0.0113624001   0.0392888806   0.0076379011   0.0286188097   0.0055140114
27  9   0.0082209638   0.0440554252   0.0087177452   0.0027660080   0.0000193786
27 10  -0.0087767540   0.0015172722   0.0026804442   0.2765263507   0.2362374606
27 11   0.0003187491   0.0000241845  -0.0000637638   0.0000919276  -0.0000202959
27 12   0.0001444298   0.0000385532   0.0009110706   0.0007749624  -0.0000212632
28  1   0.0538192376   0.0160812044   0.0611528704   0.1974841956  -0.0819962341
28  2  -0.0858742040  -0.1939894410   0.1615407803  -0.0333239176   0.0449240973
28  3   0.0859393688   0.0096147219  -0.2457753009  -0.1295285556   0.0769863008
28  4   0.1883155279   0.0482789941   0.0010647064  -0.0614347359  -0.0162745573
28  5  -0.0098054700   0.0007126379  -0.0071027612   0.0158434983   0.0229832581
28  6   0.0360443770  -0.1174261010   0.0068876282   0.0093212916  -0.0268319898
28  7   0.0316480230  -0.0199954284   0.0101481127  -0.0063009980  -0.0078242752
28  8  -0.0103247272   0.0195575918   0.0174411589   0.0254596130   0.0099260197
28  9   0.0281063790   0.0631794778   0.0089300410   0.0027708656  -0.0000697324
28 10  -0.0050695823   0.0007271212   0.0012734544  -0.0252507291  -0.0220530699
28 11  -0.0002040762   0.0000050428   0.0000979273  -0.0000004953  -0.0000059437
28 12   0.0000386777  -0.0000127265   0.0002769714  -0.0583699757   0.0011714469
29  1  -0.2309276476   0.2174571644  -0.2016987017   0.1077332467   0.0687516768
29  2   0.1206982437  -0.3197455161  -0.0492658153  -0.0125800682   0.1558941317
29  3  -0.0199151492   0.0054686763  -0.0917279894   0.0227894122   0.0222000144
29  4  -0.0788805230   0.0082282155  -0.0001459353  -0.0466469385   0.0183446658
29  5  -0.0389936920  -0.0008618239  -0.0026193878   0.1499511841  -0.0269304931
29  6  -0.0076666105   0.0812062661  -0.0137100701  -0.0210023928   0.0207085740
29  7  -0.0439074561   0.0426376606  -0.0214760640   0.0234104041  -0.0418851927
29  8   0.0012019796   0.0065516416  -0.0055315375  -0.0037474670  -0.0027979973
29  9  -0.0099021519  -0.0178581716  -0.0003195194  -0.0011566527   0.0001292820
29 10   0.0013922103   0.0000138824  -0.0002685205  -0.0079914437  -0.0064849534
29 11   0.0002346322   0.0000064340  -0.0000660131  -0.0001309231  -0.0000846030
29 12  -0.0000679676   0.0000613158  -0.0002120721   0.0126021950  -0.0002531451
30  1  -0.0142971793  -0.0431336047   0.0307298924   0.0184120864   0.0228957638
30  2   0.3620108430  -0.1129163572  -0.1078057045   0.0748836508   0.0553072132
30  3  -0.0119126337  -0.0235400902  -0.0253072931   0.0252329251   0.0089792083
30  4   0.0243139653  -0.0415852378  -0.0007862248   0.0787301882   0.1133003135
30  5  -0.0602074761   0.0008765688  -0.0056426147  -0.0328294411   0.0309384829
30  6   0.0533988859  -0.1747613132   0.0091446159   0.0081233650  -0.0567328299
30  7   0.0826430803  -0.0601476657   0.0475286140  -0.0412833542   0.1055955155
30  8   0.0154151915  -0.0309739207  -0.0065225478  -0.0093087321  -0.0007534020
30  9  -0.0004521517   0.0009060813  -0.0020293946   0.0004826382  -0.0001198133
30 10  -0.0023409933   0.0001994739   0.0005966180   0.0368088786   0.0310076467
30 11  -0.0000811657  -0.0000130879   0.0000155512   0.0000276155  -0.0000114788
30 12   0.0000210062   0.0000404056   0.0004962704   0.0129846780  -0.0002548058
31  1   0.0148778597   0.0526710773   0.0258117623   0.1608220025  -0.1549904409
31  2   0.0861202142   0.0311407388  -0.0394128781  -0.0372191135   0.0730093308
31  3   0.1644774505   0.0852981280   0.1341903668  -0.0325120067  -0.4131807031
31  4   0.0173931387  -0.0371792830  -0.0193107437   0.0350303375  -0.0218908319
31  5   0.1124670507  -0.0106733773  -0.1999730847   0.0648953997  -0.0637012910
31  6   0.1187216408   0.0908485624  -0.3463251981   0.1702540958  -0.4034255695
31  7  -0.1143330611  -0.1229321839   0.1609897025  -0.2007838406  -0.1072677349
31  8  -0.3218357149   0.0469420426   0.0552007649  -0.4917019016  -0.3588993513
31  9   0.1330986307   0.0504443295   0.5378660355  -0.1534491591   0.0265814917
31 10  -0.1142071979  -0.1161247044  -0.1735649779   0.0242655602   0.0464637075
31 11  -0.1183984317   0.0049107716   0.0379125926  -0.0778660603  -0.0511364484
31 12  -0.0557470081   0.0502564339  -0.0261377566  -0.0000567380   0.0000271299
32  1  -0.2728087158  -0.0214747009   0.1909669946   0.0334124653   0.0478374169
32  2  -0.1402792334  -0.1853400218   0.1611896524   0.2631680061  -0.1949280552
32  3  -0.0841064658  -0.3264359903   0.1008622482  -0.2279253927  -0.0413163002
32  4  -0.0255410020   0.0711144722   0.0229516730   0.0887924548  -0.0329022025
32  5   0.0229815496   0.0053910169   0.3984779811   0.1537689584  -0.3389000717
32  6   0.0415888411  -0.1442151935   0.0047594313   0.2448725064  -0.0163895589
32  7   0.1058092916  -0.2882192129  -0.0932629879  -0.0121112118  -0.1925299309
32  8  -0.0830102964  -0.1948032212   0.0131873817  -0.2555418525  -0.0447722176
32  9   0.0524548369   0.0938685261   0.2470830245  -0.0620545791  -0.0399414289
32 10   0.2359730178   0.3423451735   0.4540036209   0.0220329311   0.0200775381
32 11   0.1762562601  -0.0101497999  -0.0551879304   0.1229589653   0.0804014359
32 12   0.0877638418  -0.0703907136   0.0448442838   0.0000636520   0.0000065929
33  1   0.0438013528  -0.0238975310  -0.0307972158   0.0823664561   0.1165211655
33  2   0.2237121780   0.0753892209  -0.0004786173  -0.2550422592  -0.0844666637
33  3   0.0837527751   0.3102393866   0.0778409701  -0.0844702017   0.0022214068
33  4  -0.0351997383   0.0388020303  -0.0036696796   0.0248997771  -0.0097242077
33  5  -0.0056213319  -0.0079869883  -0.1170718006   0.0276516528   0.0367841835
33  6  -0.0135550474   0.0081034566  -0.0373399683   0.0720295346   0.0479882510
33  7  -0.0205967181  -0.0435214223  -0.0057003534  -0.0313011254  -0.0119577850
33  8  -0.0198078464  -0.0179269347  -0.0074861173  -0.0501534850  -0.0138847398
33  9   0.0042424864   0.0257818719   0.0365825687  -0.0025809075   0.0190728297
33 10  -0.1002853192  -0.1368525627  -0.1903235176  -0.0064874187  -0.0063909432
33 11   0.6639514111  -0.0359641288  -0.2026660924   0.4040883229   0.2630864842
33 12   0.3015356971  -0.2392544481   0.1481123269   0.0000324317   0.0000248720
34  1  -0.0114535745   0.0096080631   0.0162702135   0.2080387699  -0.1118241577
34  2  -0.0459424312  -0.0157109399   0.0303445400   0.0045151214   0.0770579372
34  3  -0.1585930327  -0.0601376066   0.1079372621  -0.0347036359  -0.4020608177
34  4   0.0627281922  -0.0406570428   0.0187825574   0.0317452274  -0.0237281089
34  5   0.1112999690   0.0133443133   0.1600924290   0.1911885792   0.0768359541
34  6   0.1844595012  -0.1473949621   0.3327794076   0.1576350595  -0.3015851834
34  7  -0.2767701268   0.0059144977  -0.2099922553   0.1644553550   0.1471141118
34  8  -0.3118232344  -0.2006449352   0.2994188255   0.2682237837   0.2927761770
34  9  -0.4243993746  -0.1955365317   0.4453795089  -0.1368348011   0.0227662426
34 10  -0.0857726353  -0.0949201013  -0.1440659509  -0.0121807727   0.0147281461
34 11  -0.1615336603   0.0048658374   0.0322549068   0.1328191593   0.1093554821
34 12   0.0335715710  -0.0699472940   0.0431236533   0.0000163712   0.0000206623
35  1  -0.1329386966   0.1876393546  -0.0313707421   0.0498112781   0.0855213131
35  2   0.0618094087   0.0919596111  -0.1183067417  -0.0460664055  -0.2134786944
35  3   0.0151305712   0.0780019856   0.1406772419  -0.2415245285  -0.0321907450
35  4   0.0798047700   0.0732003766  -0.0142775178   0.0716396419  -0.0242243471
35  5   0.0033032939   0.0005809582  -0.2653586935   0.1318593869   0.2467461983
35  6  -0.0058690920  -0.0161589383   0.0039132448   0.2318871787   0.1437523880
35  7  -0.2326510094   0.0633848080  -0.0141744383  -0.0724333309   0.1987160206
35  8  -0.1694525141   0.0939339777   0.0809044965   0.1682622769   0.0212729531
35  9  -0.2099501751  -0.0811504967   0.1987218007  -0.0570437066  -0.0201870116
35 10   0.1362843690   0.1917006239   0.2480296089  -0.0043871943  -0.0023383831
35 11   0.4889938689  -0.0198743588  -0.0943267974  -0.3979874263  -0.3270185128
35 12  -0.1008601100   0.1944030827  -0.1372620717  -0.0007383738   0.0000348913
36  1   0.0904031604   0.0459640077  -0.1022465824   0.0852571813   0.1265058632
36  2   0.2958529285   0.1669934549  -0.0944308042  -0.3574739110  -0.0852918332
36  3   0.1329973286   0.4485429523   0.0923758550  -0.0706817993  -0.0050329994
36  4  -0.0029820288   0.0236874479  -0.0178448743   0.0050641487  -0.0070198702
36  5  -0.0064103856  -0.0106835823  -0.3510859624   0.0035887817   0.2210464190
36  6  -0.0256237211   0.0495992930  -0.0748846949   0.0593879485   0.0765252613
36  7  -0.1059691735   0.0957881987   0.0459480156  -0.0572346525   0.0990542615
36  8  -0.0515965777   0.0895969389   0.0108297396   0.0479086484  -0.0241267690
36  9  -0.0455676853  -0.0272137030   0.0573887159  -0.0223210648  -0.0408702621
36 10   0.2310298349   0.3197755909   0.4327540730   0.0070572677   0.0051864576
36 11  -0.3925252435   0.0157855558   0.0770948475   0.2980977403   0.2471678282
36 12   0.0726120442  -0.1464731498   0.1023587357   0.0004435041  -0.0000278596
37  1   0.0724252815   0.0213926604   0.0732128149   0.1907944780  -0.0782237459
37  2  -0.0845600540  -0.0304558858   0.0436538791   0.0457974727   0.0690454316
37  3  -0.1436300379  -0.1375057319  -0.0629434534   0.2440274944  -0.2503395687
37  4   0.0569997873  -0.2830895874  -0.0065643893  -0.0635187228  -0.0106686579
37  5   0.1266016141   0.0054470484  -0.2100962435   0.0347705882   0.0344112415
37  6   0.0610933589   0.0007155494  -0.3707047569  -0.0544462342   0.2602487419
37  7   0.3076351607   0.0500966523   0.0456349990  -0.2573401621  -0.2222142187
37  8  -0.2991511368  -0.2367940765  -0.0727593566  -0.2140144479   0.4180068131
37  9  -0.4050478245   0.2590640245  -0.2005374601   0.4600283564  -0.0185308707
37 10   0.0085603771   0.1252794622  -0.0887032264   0.0150728705  -0.0355831737
37 11   0.0322324393   0.0460431748   0.0977496168   0.0794992389  -0.0088145972
37 12  -0.0138701902   0.1038428657  -0.0168888943   0.0000279158  -0.0001181800
38  1   0.0270438068   0.2909546700  -0.0343967724   0.0150811507   0.1212026730
38  2   0.1384799677   0.1897273116  -0.1819657664  -0.1192181451  -0.2353851728
38  3   0.3843252251  -0.0361709929  -0.0836536786   0.0707835851   0.1209819339
38  4  -0.0680390848  -0.2188142611  -0.1030438593  -0.0536339990   0.0144255670
38  5   0.0621713002   0.1342334182   0.3754410188   0.1138809239   0.3154483176
38  6  -0.0025621590   0.0526028243   0.0295804949   0.0975254306  -0.0056960915
38  7   0.0104091929   0.3269184050   0.2293752817  -0.1752836206  -0.0179516791
38  8  -0.1461530348   0.1001088111  -0.0582514229  -0.2218541694   0.1618369548
38  9  -0.0911144201   0.0818534117  -0.0384038558   0.0827063113  -0.0958006363
38 10  -0.0015682450  -0.5159247824   0.3720134317  -0.0030905964   0.0027950326
38 11  -0.0493868541  -0.0699858849  -0.1507171537  -0.1276097646   0.0098424851
38 12   0.0141480972  -0.1672918829   0.0232666819  -0.0000151973  -0.0001820139
39  1  -0.0317045324  -0.1791566695   0.1020452715   0.1150943971   0.1506659513
39  2  -0.0346579012  -0.1337515439   0.2070313344  -0.0277718857  -0.0712184467
39  3  -0.3691986594   0.0023335827  -0.0389841292   0.0138771233   0.0671429017
39  4   0.0151462586  -0.0746600602   0.0508321421  -0.0175885454   0.0089914250
39  5   0.0090694564  -0.0354953484  -0.1093239752  -0.0428854535  -0.0393434988
39  6  -0.0163122918   0.0215748605  -0.0282313481   0.0244744386  -0.0495151171
39  7   0.0524586506   0.0599357734   0.0212295166   0.0068646623  -0.0122564795
39  8  -0.0401640701  -0.0028066910  -0.0020224381  -0.0441942101   0.0235737166
39  9  -0.0297197676   0.0246925944  -0.0114663164   0.0717027397   0.0259382975
39 10  -0.0003878126   0.2001785579  -0.1489009314  -0.0069278373   0.0129235941
39 11  -0.1827885192  -0.2616884932  -0.5558279275  -0.4159640364   0.0287739121
39 12   0.0576208057  -0.5435967172   0.0758862688  -0.0000786972  -0.0003797624
40  1   0.0986944732   0.0642157447   0.0827610554   0.1438360212  -0.1210994951
40  2   0.0466844353   0.0194899172  -0.0259091921  -0.0473497188   0.0684270469
40  3   0.0947558909   0.1392447553  -0.0270445833   0.2457195838  -0.2655778118
40  4  -0.0359558100  -0.2720991685   0.0106888100  -0.0640151064  -0.0199265861
40  5   0.1348649155  -0.0086630552   0.1775736306   0.1226099008  -0.0494686411
40  6   0.1361285256  -0.2474080787   0.3104634567  -0.0728475336   0.3836057188
40  7   0.1043680078   0.2352146069  -0.2801242563   0.0680304760   0.2228011252
40  8  -0.3541472725   0.0466221859  -0.0836110000   0.0512323517  -0.5973289783
40  9  -0.1567756249   0.2254169602  -0.1638890320   0.4096621537  -0.0205724447
40 10   0.0066876825   0.0939840006  -0.0657867946   0.0208797800  -0.0309792307
40 11   0.0451619386   0.0733999310   0.1553585885  -0.0881834738   0.0419930852
40 12  -0.0250005569  -0.1440559678   0.0250066526   0.0001660362  -0.0000758565
41  1  -0.1120028995   0.0831328608   0.1865187704  -0.0011969850   0.0837439452
41  2  -0.0623493796  -0.0832399131   0.0327346444   0.1267810929  -0.2041643391
41  3  -0.0894168988   0.0464545757  -0.0976502416   0.0735486869   0.1352525985
41  4  -0.0039317653  -0.2379329806   0.0496652919  -0.0537035810   0.0248305329
41  5   0.0581614422  -0.0854149068  -0.2333751261  -0.0974404802  -0.2329118657
41  6   0.0192525528  -0.0134915732   0.0189455449   0.0979364005  -0.1041473824
41  7   0.2340377859   0.0794428081  -0.1851858067   0.2123478685   0.0152672718
41  8  -0.1184575520  -0.1427205296   0.0453610242   0.1386555193  -0.2215295947
41  9  -0.0877140023   0.0377280974  -0.0443170031   0.1025629564  -0.0613769343
41 10  -0.0006943370  -0.2936251325   0.2086504186  -0.0093835546   0.0060036382
41 11  -0.1390524364  -0.2254885784  -0.4810230339   0.2679123545  -0.1144190429
41 12   0.0788790215   0.4391940047  -0.0673269698  -0.0001461353  -0.0003630470
42  1  -0.0781747489  -0.2487921187   0.1732811846   0.1121862045   0.1406749727
42  2  -0.1064980166  -0.2250163326   0.2806382936   0.0569866218  -0.0523451155
42  3  -0.5359029683   0.0147078553  -0.0369233377   0.0045489845   0.0563037877
42  4   0.0436776390  -0.0606630922   0.0999456378  -0.0106458444   0.0151490672
42  5   0.0126267345  -0.1063125095  -0.3283236764  -0.1060257074  -0.2143512262
42  6   0.0124488906   0.0166086726  -0.0678419113   0.0511340505  -0.0707115691
42  7   0.1134320332  -0.0611987683  -0.1012513850   0.1104729826  -0.0236920001
42  8   0.0035417571  -0.0883744784   0.0281493957   0.0732871450  -0.0397895533
42  9  -0.0081203343  -0.0136401401   0.0012569823  -0.0564087599  -0.0747960417
42 10  -0.0011949114  -0.4729519817   0.3444174202   0.0012717365  -0.0062786873
42 11   0.1101575694   0.1776031082   0.3762841272  -0.1923066049   0.0870555343
42 12  -0.0604449361  -0.3206204701   0.0494137973   0.0001034640   0.0002114831
43  1  -0.0629043163  -0.0012230013  -0.0178952962   0.2224420636  -0.1275186221
43  2  -0.0354501890  -0.0060731751  -0.0589152043   0.0970722431  -0.1168702243
43  3   0.0321843604   0.0361555377   0.1576347682   0.0163652358   0.1570761160
43  4  -0.0158508662  -0.2737866891  -0.2605716302  -0.0269318516  -0.1052323078
43  5  -0.1224542325   0.1454241184  -0.0803252651  -0.0449085271  -0.1306732981
43  6  -0.3978726646  -0.2117763224   0.0278240232  -0.2677362792  -0.3060386959
43  7  -0.0631667377  -0.1568672096  -0.5967258002   0.1214773343   0.2629275595
43  8  -0.2712847660   0.2826426405  -0.3986616499  -0.2159471073   0.2247743389
43  9   0.0067386653   0.1329936897  -0.1767248958  -0.4219608102  -0.1376159847
43 10  -0.0106894368   0.0296291979  -0.0228536374  -0.0912205311   0.1031767233
43 11   0.0124658420  -0.1488220497   0.0631183122   0.0764304624  -0.1095265352
43 12  -0.0581274984  -0.0634702483   0.0030428985  -0.0000217084   0.0006138272
44  1  -0.0124322567   0.2037362019   0.0805081056  -0.0006483614   0.1090267192
44  2   0.0493819896   0.0648717732  -0.0582558399  -0.0400633290  -0.1939021000
44  3   0.1386858331  -0.0703292174  -0.1267722179   0.1502380625   0.0660943371
44  4  -0.0196331837  -0.2037214654   0.1819203810  -0.0640730902   0.0158951053
44  5   0.0749630210  -0.1559480564  -0.1096344691  -0.0669655432  -0.2262900449
44  6   0.1364829906  -0.1441790354   0.2326651549  -0.1644061461  -0.0263917902
44  7  -0.2431533210  -0.0780351264  -0.0552587769  -0.1268969482   0.0673386127
44  8  -0.0611107078   0.1353700862  -0.1250469351  -0.1382355156   0.1395858601
44  9  -0.0225855826   0.0785800228  -0.0825410078  -0.1270422729   0.3469378275
44 10   0.0287351477  -0.0152074425   0.0353058623   0.0264059750  -0.0325723803
44 11  -0.0364337371   0.5176158754  -0.2225346674  -0.2583953846   0.3654117569
44 12   0.1988796945   0.2287910884  -0.0155324265   0.0000718415   0.0023652261
45  1   0.1748145634   0.1103696660  -0.2064398359   0.1457536259   0.2189222220
45  2   0.2175373204   0.2366800898  -0.0176544928  -0.4072690624  -0.1011232216
45  3   0.1691670381  -0.3969345023  -0.0641863881   0.0421214567   0.0204606752
45  4  -0.0049745348  -0.0543762293   0.3200450911  -0.0148397811   0.0086987527
45  5   0.0208919492  -0.2026719934  -0.1069724869  -0.0518828905  -0.1925720739
45  6   0.0515891658  -0.0940542304   0.1920810125  -0.0450819392   0.0060575243
45  7  -0.1165758421   0.0312007615   0.0646487954  -0.0811687817   0.0073707911
45  8  -0.0163427246   0.0441073161  -0.0137923975  -0.0626368450   0.0364653005
45  9  -0.0301011551   0.0468956336  -0.0421421932   0.0121780578   0.5836130548
45 10   0.0482220204  -0.0438342924   0.0675686688   0.0610512553  -0.0686926807
45 11   0.0283067451  -0.3930860609   0.1684223893   0.1805763919  -0.2556727632
45 12  -0.1400542578  -0.1588737381   0.0100421217  -0.0000417303  -0.0010073326
46  1  -0.0366161297   0.0415240564  -0.0083174994   0.1755632748  -0.1702793771
46  2   0.0954973004   0.0227585351   0.0578214854  -0.1212784652  -0.1337804888
46  3  -0.0230472208  -0.0736576998   0.1511024808   0.0157216622   0.1560439151
46  4  -0.0291846667  -0.2903009701   0.2714774846  -0.0268214142  -0.1043433779
46  5  -0.1162569165  -0.1603204941   0.0733665783   0.0231860610   0.1145625420
46  6  -0.4191066443  -0.1533958700  -0.0302418092  -0.2692371835  -0.2323086103
46  7  -0.2417207265   0.0788659786   0.1448329698  -0.5836968160  -0.2646735182
46  8  -0.1692022276  -0.4233081412  -0.2144785616   0.3301011686  -0.1921115835
46  9  -0.0118349730   0.0811464137  -0.1878300772  -0.4536259006  -0.1825048996
46 10  -0.0141152244   0.0344807701  -0.0293812113  -0.0983022887   0.1118976573
46 11   0.0080694137  -0.0873984929   0.0390956768  -0.0516348268   0.0823867571
46 12   0.0364915473   0.0425845729  -0.0018043709  -0.0000020390   0.0008147048
47  1  -0.1510079821  -0.0035637137   0.3010120419  -0.0169430242   0.0716849287
47  2  -0.1509740825  -0.1977007475   0.0655692667   0.2804420836  -0.1461808977
47  3  -0.2108846328   0.3023089905  -0.1025058885   0.1462177458   0.0662537331
47  4  -0.0107465890  -0.1776916100  -0.3291896483  -0.0640672212   0.0069992184
47  5   0.0620124334   0.2422930682   0.1548359367   0.0509500920   0.3060732647
47  6   0.0373223886   0.1078600806  -0.3227095537  -0.1564878458  -0.1285882175
47  7  -0.0718936296  -0.2506734902  -0.1412899749  -0.0480662668  -0.0593696651
47  8  -0.0198309301  -0.1764449770  -0.0201794881   0.1657114994  -0.1519622450
47  9  -0.0344934517   0.0599100027  -0.1009359272  -0.1234116622   0.6214261072
47 10   0.0516428199  -0.0361705497   0.0667802653   0.0541221506  -0.0642523414
47 11  -0.0115151211   0.1688096793  -0.0774134465   0.1010868480  -0.1618967446
47 12  -0.0696412423  -0.0930497704   0.0064079129   0.0000397348   0.0013214004
48  1   0.1283356075   0.0406616044  -0.1351663642   0.1428978164   0.2090005607
48  2   0.1454835207   0.1494530738   0.0167500433  -0.2908315291  -0.0901891197
48  3   0.0579996859  -0.2690203536  -0.0698846472   0.0520416781   0.0120116056
48  4  -0.0018615358  -0.0637149695   0.1247527804  -0.0228301738   0.0148035357
48  5   0.0407661967  -0.0556259133  -0.0290463301  -0.0146476613  -0.0311693036
48  6   0.0830264942  -0.0066964713   0.0111970681  -0.0357374072   0.0120027120
48  7  -0.0492600610  -0.0500902639  -0.0156153001  -0.0328052193  -0.0055858721
48  8   0.0076229057  -0.0165263756  -0.0138656970   0.0282219826  -0.0209868275
48  9   0.0161985287  -0.0076518914   0.0024303001  -0.0474091336  -0.2530273073
48 10  -0.0209580748   0.0237287304  -0.0316671131  -0.0253861111   0.0261687938
48 11  -0.0425625663   0.5899219484  -0.2665988682   0.3063271681  -0.4970670808
48 12  -0.2125009016  -0.2790713185   0.0173494035   0.0000715000   0.0021054604
49  1  -0.0462945792   0.0172098925  -0.0100280117   0.2019301707  -0.1428336143
49  2   0.0158731709   0.0044467657   0.0025901841   0.0219059006  -0.1397898380
49  3   0.0021152313   0.0066275330   0.0729717052   0.2398997106   0.0447308001
49  4   0.0105836855   0.1469415827   0.0371261760   0.0187976738  -0.0547519372
49  5  -0.1117548311   0.0411036221  -0.0002703787  -0.0478589639   0.0000148954
49  6   0.1909207970   0.0723461940   0.0031070033   0.0254070588   0.0347774305
49  7  -0.0071105086  -0.0300257415   0.0986357211   0.1056964404   0.0025402107
49  8  -0.1102300427  -0.0376753961  -0.1910495446   0.0710123269   0.0371298594
49  9   0.1137474552  -0.0767704330   0.0619692679   0.0790387696   0.0129308532
49 10   0.0012544383  -0.0027296451   0.0019253791  -0.0981379106   0.1163411530
49 11   0.0001799425  -0.0028123984   0.0011394299   0.0000392178   0.0000769636
49 12  -0.0000908581  -0.0000025653  -0.0000046853   0.0191815465   0.9615350546
50  1   0.1230440682   0.1771530196   0.2889182927  -0.0749653109   0.1330116294
50  2  -0.0153884137  -0.0312071004  -0.0188002869  -0.1151999720   0.2714587920
50  3  -0.0237125523  -0.0516416436   0.2066901214  -0.2189513751   0.0313368441
50  4  -0.0132945431  -0.3494569876  -0.2365122929   0.0184064977  -0.2765253535
50  5  -0.3965236221  -0.2865170390   0.0301189357  -0.1081840167   0.0275522591
50  6   0.4738814634   0.1449733887  -0.0073626437   0.0088975746   0.1556666477
50  7  -0.0753283414  -0.1745863592   0.3667783556   0.3848029037   0.0086300422
50  8  -0.3043150257  -0.1035768177  -0.5005285361   0.1828946896   0.0946541169
50  9   0.2868141983  -0.1893143777   0.1540604565   0.1983504311   0.0343899022
50 10   0.0031061642  -0.0078841059   0.0057704197  -0.2736787298   0.3209732019
50 11   0.0001896063   0.0024569203  -0.0000417121  -0.0001233319   0.0003104705
50 12   0.0000355605   0.0001036968   0.0000285930  -0.0046793780  -0.2334356336
51  1   0.1551501451  -0.0002804300  -0.1433380957   0.2167217567   0.3118089956
51  2  -0.0859076888   0.1132515375   0.0374783673   0.3185987336   0.1191868371
51  3   0.0706662570   0.1241241826   0.0740162003  -0.0842903986   0.0040676272
51  4  -0.0216798221  -0.1391203490   0.6848976860   0.0081559024  -0.1043324428
51  5  -0.1605155710   0.8221159447  -0.0621442481  -0.0607420432  -0.0530124926
51  6   0.1530488055   0.0353391325   0.0126631093   0.0015143527   0.0510603842
51  7  -0.0259536980  -0.0560748159   0.1155540988   0.1263283511   0.0044530499
51  8  -0.0974275469  -0.0308648277  -0.1597721256   0.0566655424   0.0287035753
51  9   0.0916880108  -0.0598049220   0.0488332952   0.0626416743   0.0111533986
51 10   0.0010218219  -0.0025141547   0.0018550382  -0.0876635791   0.1018301812
51 11   0.0000578173   0.0009616347  -0.0000811145   0.0006448363  -0.0009823750
51 12  -0.0005045656  -0.0003176828  -0.0000462893  -0.0025915304  -0.1295913569
52  1   0.1493244515   0.0754888729   0.1162513686   0.1290095400  -0.1064943926
52  2   0.0386116989   0.0232157630  -0.0735055465   0.0606911057  -0.1273840714
52  3  -0.0129971526  -0.0322689911  -0.1380069518  -0.2015131836   0.0403926429
52  4   0.2369571938  -0.0373107104  -0.0017404736   0.2489772847   0.1369284035
52  5  -0.0438229160   0.0019072118  -0.0318591478   0.1852321485  -0.0056162723
52  6  -0.0529620981   0.4889066596  -0.0066792667  -0.3325427590   0.2844567380
52  7  -0.2942282485   0.3066893952  -0.1406581318   0.0677548499   0.3501548802
52  8  -0.2114896582  -0.4099888310   0.3819994173  -0.1913917362   0.1076298119
52  9   0.5250234622   0.0725171399  -0.1925972397  -0.0053100822  -0.0109913090
52 10   0.1798038996  -0.0439545053  -0.0577852905   0.1452445753   0.1237685085
52 11   0.0175219998  -0.0050939527  -0.0264323273  -0.0121165096   0.0363105977
52 12  -0.1305330130   0.0474901307   0.1866542837  -0.0007597607   0.0000123849
53  1  -0.2342210498   0.0633303842   0.0794813038   0.0486106193   0.0597147445
53  2  -0.0536986465  -0.0535004274   0.0578887074   0.0963091814  -0.1725263943
53  3   0.0180384350  -0.1223614032   0.1632405242  -0.2317013033  -0.1438383751
53  4  -0.1307260302   0.1186626086  -0.0095946912   0.0069157479  -0.0463101491
53  5   0.0384957113   0.0080820557  -0.1557112642   0.0901725422   0.2909914465
53  6   0.1175098733  -0.1271462971   0.2491706023  -0.2915783500   0.0345825744
53  7   0.0574130689   0.0436643126  -0.1100803233   0.1011369765  -0.1157964636
53  8  -0.0576327960  -0.1819778206   0.1166322514  -0.1905518685   0.0008210298
53  9   0.2324660316  -0.0976356818  -0.1370948694   0.0022203640   0.0190735920
53 10  -0.3082172283   0.0732606332   0.1086193877   0.0111093911   0.0141168868
53 11  -0.0567523185   0.0154479046   0.0784043969   0.0342347854  -0.1231731686
53 12   0.4177233917  -0.1422532291  -0.6036176186  -0.0005357145   0.0000036459
54  1  -0.1613976780  -0.3119145158   0.2758546158   0.0522067248   0.0491094581
54  2  -0.0280189025  -0.2806598697   0.4139171476   0.1069081036  -0.0407616393
54  3   0.2042940934  -0.1650636673   0.0693535992  -0.0521577657  -0.0937670650
54  4  -0.5271740481   0.0965973559  -0.0157256159  -0.0366180801  -0.0559878440
54  5   0.0195092214   0.0065756418  -0.1608782296   0.0431903606   0.2612821199
54  6   0.0376886201  -0.0975274950   0.2138438876  -0.0541939337   0.0101298959
54  7   0.0656910805  -0.0635239710  -0.0614417442   0.0413823620  -0.1209743777
54  8  -0.0226597028  -0.0577087272   0.0255166568  -0.0910918667  -0.0099023782
54  9   0.0535036606  -0.1242435263  -0.0805962640   0.0044110150   0.0318926404
54 10  -0.5273383718   0.1299985129   0.1876576934  -0.0658350979  -0.0533516392
54 11   0.0472341172  -0.0128034577  -0.0655916246  -0.0253165111   0.1027851077
54 12  -0.3387844158   0.1124547791   0.4649915617  -0.0003963975   0.0000165253
55  1   0.1227045275   0.0319988621   0.1065957954   0.1766960357  -0.0629163161
55  2  -0.0947337169  -0.0475001383   0.1009876376  -0.0448822379  -0.1306209953
55  3   0.0252357977   0.0322659285  -0.1156483963  -0.1926508819  -0.0078572120
55  4  -0.3337658962   0.0392386376  -0.0004870611   0.2187816795   0.0759822806
55  5  -0.0296973132  -0.0010463642   0.0004700480   0.2935900864  -0.0303111137
55  6   0.0261827282   0.2431727193   0.1427094410  -0.2872210422  -0.0967388913
55  7   0.4882452843  -0.5113929072   0.1373529150  -0.2539505650  -0.1797625895
55  8  -0.3915853077   0.3461399313   0.2998262772   0.1356854593   0.0074279084
55  9   0.0727741630  -0.4813005759  -0.2553113976  -0.0255652839  -0.0131194902
55 10   0.2693275111  -0.0617791131  -0.0860521268  -0.1379111415  -0.1159004847
55 11   0.0150630084  -0.0042247691  -0.0251908157   0.0207789262   0.0681090715
55 12  -0.0991555359  -0.0155966087  -0.0858805533   0.0010618106  -0.0000272196
56  1  -0.0931755400   0.2744205022  -0.1451293498   0.0652333196   0.0977272843
56  2   0.1503369604   0.1988049863  -0.2753007325  -0.1277311536  -0.1801512774
56  3  -0.1323712077   0.1911143249   0.1637708754  -0.2441636212  -0.0803435453
56  4   0.4648917065   0.0405419433   0.0197214660   0.0565406209   0.0092459749
56  5   0.0347524775  -0.0102118055   0.2187547386  -0.0502679764  -0.3869751392
56  6   0.0860255526   0.0008492690  -0.3647911220  -0.2687861347   0.0133466519
56  7   0.0331361817   0.1091360196   0.1149441620  -0.1118672686   0.1388750601
56  8  -0.1668129316   0.1780183912   0.1567166869   0.1464342808   0.0335205362
56  9  -0.0068039742  -0.3100529109  -0.1856205735   0.0019172137   0.0336876026
56 10  -0.5435788147   0.1323152383   0.1933287257  -0.0215322718  -0.0127707844
56 11  -0.0237500809   0.0065515264   0.0374764476  -0.0331001455  -0.1112460266
56 12   0.1666931466   0.0210691476   0.1514733875  -0.0002767051   0.0000059621
57  1  -0.1143008243  -0.2412352326   0.2036155540   0.0550609130   0.0591097711
57  2   0.0451425016  -0.1974093338   0.2971040439   0.0408261605  -0.0482786520
57  3   0.1537539031  -0.0679436998   0.0848140216  -0.0582352349  -0.0883844783
57  4  -0.2992055191   0.0651125922  -0.0063103372  -0.0127052785  -0.0399641970
57  5   0.0256539071   0.0009551904  -0.0440850039   0.0236196863   0.0435240350
57  6   0.0429569831  -0.0460436865   0.0079704065  -0.0908171402  -0.0219834803
57  7   0.0273033046   0.0243407792   0.0114362595   0.0038787247  -0.0011943614
57  8  -0.0070540452   0.0215571080   0.0118926230   0.0228554802   0.0092538169
57  9  -0.0070371929  -0.0160840035  -0.0056556981  -0.0028056368  -0.0133194466
57 10   0.2282666904  -0.0577912437  -0.0823368144   0.0094544755   0.0085428317
57 11  -0.0949133047   0.0257038587   0.1478496809  -0.1209133945  -0.4189377434
57 12   0.6357831430   0.0764548357   0.5241312739   0.0016281547  -0.0000346177
58  1   0.0424990034   0.0176973353   0.0527890443   0.1964061516  -0.0909065035
58  2  -0.0689169801  -0.1635528289   0.1364980934  -0.0317730519   0.0906535785
58  3   0.0740713671   0.0113998369  -0.3059223570  -0.0926231574   0.1461737639
58  4   0.1541329753   0.0251889698   0.0006802480   0.1982293968  -0.2137880146
58  5   0.1964714368   0.0017260507   0.0012984209  -0.2083214967   0.0349639398
58  6   0.0268372231  -0.1224648628  -0.0003993664   0.0104860847  -0.0020309933
58  7  -0.0098158829   0.0171034755  -0.0191285169   0.0215691311  -0.0916009869
58  8  -0.0299697261   0.0559955453   0.0370840516   0.0516524613   0.0189690850
58  9   0.0515514021   0.1102342239   0.0162420295   0.0047426782   0.0001011234
58 10  -0.0075350380   0.0014910703   0.0022827509  -0.0625341792  -0.0534032250
58 11   0.0003092450  -0.0001609780  -0.0002796983  -0.0002831272   0.0001993565
58 12  -0.0010322987   0.0001690220  -0.0006431133   0.9533443545  -0.0190182301
59  1  -0.3026857768   0.1739511817  -0.2055842541   0.1244269761   0.0529020935
59  2   0.0895316965  -0.2856377787  -0.0026906165  -0.0346905928   0.3156413758
59  3   0.0047837225   0.0155708696  -0.3088948419   0.1116185193   0.2905814504
59  4   0.0295043212   0.0021995119   0.0008511989   0.5781828380  -0.8420788796
59  5   0.7203468289   0.0037634192   0.0065459916  -0.3727287300   0.0301087398
59  6  -0.0785726701   0.2207560245   0.0734298099  -0.0415354009  -0.0494962424
59  7   0.1193600142  -0.1022039719   0.0785968847  -0.0722681056   0.2514657497
59  8   0.0838813935  -0.1332242381  -0.0903653861  -0.1108964350  -0.0395096753
59  9  -0.1127699958  -0.2234002054  -0.0352204820  -0.0073972059  -0.0001807325
59 10   0.0135750616  -0.0006767498  -0.0011326488   0.1537103110   0.1329000438
59 11   0.0000150332   0.0000857954   0.0002167231  -0.0001682480  -0.0002753738
59 12   0.0001582868   0.0001541269   0.0006536892  -0.2073898577   0.0041294560
60  1   0.0000000000   0.0000000000   0.0000000000   0.0000000000   0.0000000000
60  2   0.4571289761  -0.0157533681  -0.2494916678   0.0993476827   0.1067101928
60  3  -0.0819290129  -0.0243955024  -0.0852593855   0.1028087122   0.0622744551
60  4  -0.2137915739  -0.1340004821  -0.0032478575   0.6188508706   0.0438058661
60  5   0.1363210630   0.0010896816   0.0217266990  -0.5137139970   0.0316173126
60  6   0.0783068993  -0.3220953125  -0.0973625178   0.0297517890   0.1091000985
60  7  -0.2376578671   0.2273622570  -0.1715475233   0.1671400887  -0.5531699585
60  8  -0.1598528803   0.2836558669   0.1758467162   0.2354357783   0.0837092930
60  9   0.2255545752   0.4727561753   0.0771370822   0.0189404837   0.0007926166
60 10  -0.0279833869   0.0047956153   0.0069244995  -0.3220063754  -0.2744068661
60 11  -0.0006856871   0.0001773684   0.0005980545  -0.0001352888  -0.0006358888
60 12   0.0012480153  -0.0000076886   0.0010609434  -0.2096975991   0.0041572245
$end
