$energy      SCF               SCFKIN            SCFPOT
     1 -1291.041902838      1286.359048654     -2577.400951492
     2 -1291.046047624      1286.770821760     -2577.816869384
     3 -1291.047826959      1286.726326557     -2577.774153516
     4 -1291.048698084      1286.759592369     -2577.808290454
     5 -1291.049475891      1286.829886784     -2577.879362675
     6 -1291.049649433      1286.912774381     -2577.962423814
     7 -1291.050258559      1286.912031246     -2577.962289805
     8 -1291.050541428      1286.875125655     -2577.925667083
     9 -1291.050793890      1286.845437576     -2577.896231466
    10 -1291.051023565      1286.840637172     -2577.891660737
    11 -1291.051195094      1286.845529788     -2577.896724882
    12 -1291.051316862      1286.856568472     -2577.907885335
    13 -1291.051493960      1286.869559111     -2577.921053071
    14 -1291.051588848      1286.873081105     -2577.924669953
    15 -1291.051702342      1286.867676579     -2577.919378921
    16 -1291.051879012      1286.856045848     -2577.907924860
    17 -1291.052044744      1286.846996279     -2577.899041022
    18 -1291.052203534      1286.844222302     -2577.896425836
    19 -1291.052345754      1286.846906670     -2577.899252424
    20 -1291.052438747      1286.862843455     -2577.915282202
    21 -1291.052522449      1286.864699937     -2577.917222385
    22 -1291.052621524      1286.867273305     -2577.919894828
    23 -1291.052708522      1286.869199970     -2577.921908491
    24 -1291.052757262      1286.865886051     -2577.918643314
    25 -1291.052807358      1286.859356753     -2577.912164111
    26 -1291.052850171      1286.857047647     -2577.909897818
    27 -1291.052892766      1286.852246876     -2577.905139642
    28 -1291.052940762      1286.850652025     -2577.903592787
    29 -1291.052986677      1286.848852825     -2577.901839502
    30 -1291.053044752      1286.848481676     -2577.901526427
    31 -1291.053102511      1286.847101650     -2577.900204161
    32 -1291.053155923      1286.844729657     -2577.897885580
    33 -1291.053235578      1286.842635774     -2577.895871352
    34 -1291.053260231      1286.840276782     -2577.893537013
    35 -1291.053299790      1286.844544967     -2577.897844757
    36 -1291.053356779      1286.851352238     -2577.904709017
    37 -1291.053375661      1286.855734768     -2577.909110428
    38 -1291.053386714      1286.862620685     -2577.916007399
    39 -1291.053398989      1286.868182933     -2577.921581922
    40 -1291.053408993      1286.871189710     -2577.924598703
    41 -1291.053419220      1286.870789560     -2577.924208779
    42 -1291.053436711      1286.868642963     -2577.922079674
    43 -1291.053461197      1286.863604951     -2577.917066148
    44 -1291.053474286      1286.860021591     -2577.913495877
    45 -1291.053487134      1286.861157249     -2577.914644384
    46 -1291.053506098      1286.862534308     -2577.916040407
    47 -1291.053521710      1286.869290493     -2577.922812203
    48 -1291.053531052      1286.867824686     -2577.921355738
    49 -1291.053542553      1286.869723483     -2577.923266035
    50 -1291.053554718      1286.862532332     -2577.916087050
    51 -1291.053568556      1286.856081893     -2577.909650449
    52 -1291.053583290      1286.851974808     -2577.905558098
    53 -1291.053592260      1286.853229377     -2577.906821637
    54 -1291.053607661      1286.858530708     -2577.912138369
    55 -1291.053626243      1286.865220060     -2577.918846303
    56 -1291.053642108      1286.868561789     -2577.922203897
    57 -1291.053669243      1286.865986680     -2577.919655923
    58 -1291.053688728      1286.858678847     -2577.912367576
    59 -1291.053697811      1286.858920011     -2577.912617822
    60 -1291.053709391      1286.857060648     -2577.910770039
    61 -1291.053718944      1286.864375470     -2577.918094414
    62 -1291.053728550      1286.868910820     -2577.922639369
    63 -1291.053736990      1286.870454295     -2577.924191285
    64 -1291.053746490      1286.868626006     -2577.922372496
    65 -1291.053751980      1286.865457677     -2577.919209657
    66 -1291.053758921      1286.862050314     -2577.915809235
    67 -1291.053766488      1286.860078045     -2577.913844534
    68 -1291.053771131      1286.861270834     -2577.915041965
    69 -1291.053776930      1286.862146273     -2577.915923203
    70 -1291.053780389      1286.862566838     -2577.916347227
    71 -1291.053783371      1286.860971973     -2577.914755344
    72 -1291.053788611      1286.857646330     -2577.911434941
    73 -1291.053795588      1286.853552995     -2577.907348583
    74 -1291.053800722      1286.852000016     -2577.905800738
    75 -1291.053804870      1286.851215578     -2577.905020448
    76 -1291.053809750      1286.851468708     -2577.905278458
    77 -1291.053824254      1286.855276053     -2577.909100307
    78 -1291.053839713      1286.859667175     -2577.913506888
    79 -1291.053845489      1286.860564006     -2577.914409494
    80 -1291.053855761      1286.859684794     -2577.913540555
    81 -1291.053863505      1286.858099872     -2577.911963377
    82 -1291.053869599      1286.858124966     -2577.911994565
    83 -1291.053885908      1286.862243391     -2577.916129299
    84 -1291.053893289      1286.865135032     -2577.919028321
    85 -1291.053902886      1286.866676528     -2577.920579414
    86 -1291.053915191      1286.864631574     -2577.918546765
    87 -1291.053915383      1286.863835317     -2577.917750700
    88 -1291.053918429      1286.861359792     -2577.915278220
    89 -1291.053929320      1286.858491884     -2577.912421204
    90 -1291.053935909      1286.858677798     -2577.912613707
    91 -1291.053938461      1286.859413337     -2577.913351799
    92 -1291.053939983      1286.860249415     -2577.914189398
    93 -1291.053942713      1286.860363007     -2577.914305719
    94 -1291.053943893      1286.860560478     -2577.914504371
    95 -1291.053942590      1286.860895817     -2577.914838408
    96 -1291.053943212      1286.859650215     -2577.913593426
    97 -1291.053949504      1286.858915263     -2577.912864767
    98 -1291.053965703      1286.856028075     -2577.909993778
    99 -1291.053980681      1286.853921529     -2577.907902210
   100 -1291.053986028      1286.856532342     -2577.910518370
   101 -1291.053991988      1286.858872919     -2577.912864906
   102 -1291.053996049      1286.857795736     -2577.911791785
   103 -1291.053996155      1286.858333664     -2577.912329818
   104 -1291.053998862      1286.856763553     -2577.910762416
   105 -1291.054001030      1286.856900039     -2577.910901069
   106 -1291.054006085      1286.857337001     -2577.911343086
   107 -1291.054010686      1286.858646725     -2577.912657411
   108 -1291.054016466      1286.859566477     -2577.913582943
   109 -1291.054018836      1286.860521981     -2577.914540817
   110 -1291.054021894      1286.861904092     -2577.915925986
   111 -1291.054023177      1286.861054500     -2577.915077677
   112 -1291.054024124      1286.860816750     -2577.914840874
   113 -1291.054025119      1286.860971229     -2577.914996348
   114 -1291.054026313      1286.860925070     -2577.914951384
   115 -1291.054027198      1286.860997498     -2577.915024696
   116 -1291.054028339      1286.860521433     -2577.914549773
   117 -1291.054030086      1286.859233414     -2577.913263500
   118 -1291.054033495      1286.857111594     -2577.911145089
   119 -1291.054035708      1286.855661417     -2577.909697126
   120 -1291.054036582      1286.856918732     -2577.910955314
   121 -1291.054036880      1286.856862032     -2577.910898912
   122 -1291.054037810      1286.856717593     -2577.910755403
   123 -1291.054038713      1286.856765606     -2577.910804318
   124 -1291.054039744      1286.858823987     -2577.912863731
   125 -1291.054040670      1286.860127828     -2577.914168498
   126 -1291.054040348      1286.860625549     -2577.914665898
   127 -1291.054040007      1286.861251745     -2577.915291752
   128 -1291.054039992      1286.862001960     -2577.916041952
   129 -1291.054040553      1286.861611545     -2577.915652098
   130 -1291.054042535      1286.861221217     -2577.915263752
   131 -1291.054044141      1286.859583517     -2577.913627659
   132 -1291.054046247      1286.859920421     -2577.913966668
   133 -1291.054046549      1286.859185123     -2577.913231672
   134 -1291.054046925      1286.859909427     -2577.913956352
   135 -1291.054046504      1286.860835352     -2577.914881856
   136 -1291.054046528      1286.862049555     -2577.916096083
   137 -1291.054048699      1286.863336846     -2577.917385545
   138 -1291.054049015      1286.861489767     -2577.915538782
   139 -1291.054049452      1286.859924909     -2577.913974361
   140 -1291.054049531      1286.858764266     -2577.912813797
   141 -1291.054050023      1286.857920756     -2577.911970778
   142 -1291.054051966      1286.857289407     -2577.911341373
   143 -1291.054052817      1286.857913479     -2577.911966296
   144 -1291.054052781      1286.858519589     -2577.912572369
   145 -1291.054053569      1286.858878514     -2577.912932084
   146 -1291.054053832      1286.859034945     -2577.913088778
   147 -1291.054054047      1286.858405812     -2577.912459859
   148 -1291.054054490      1286.857593401     -2577.911647891
   149 -1291.054055607      1286.856831974     -2577.910887581
   150 -1291.054055925      1286.853986971     -2577.908042896
   151 -1291.054056215      1286.854538133     -2577.908594348
   152 -1291.054058701      1286.856486042     -2577.910544743
   153 -1291.054060952      1286.857592603     -2577.911653555
   154 -1291.054062082      1286.856844873     -2577.910906954
   155 -1291.054064919      1286.856307216     -2577.910372135
   156 -1291.054066685      1286.854902142     -2577.908968827
   157 -1291.054068414      1286.856751609     -2577.910820023
   158 -1291.054068177      1286.854071731     -2577.908139908
   159 -1291.054068416      1286.856057908     -2577.910126325
   160 -1291.054069919      1286.858181853     -2577.912251772
   161 -1291.054069066      1286.858752777     -2577.912821843
   162 -1291.054069139      1286.858966996     -2577.913036134
   163 -1291.054069306      1286.860611917     -2577.914681223
   164 -1291.054069647      1286.861215728     -2577.915285375
   165 -1291.054069142      1286.860722889     -2577.914792031
   166 -1291.054068550      1286.860324114     -2577.914392665
   167 -1291.054071686      1286.861431242     -2577.915502928
   168 -1291.054072405      1286.857607666     -2577.911680071
   169 -1291.054071998      1286.855607242     -2577.909679240
   170 -1291.054074675      1286.856355543     -2577.910430218
   171 -1291.054072904      1286.855863244     -2577.909936148
   172 -1291.054072838      1286.857973402     -2577.912046240
   173 -1291.054073505      1286.861957111     -2577.916030616
   174 -1291.054074068      1286.861310557     -2577.915384625
   175 -1291.054072646      1286.860832527     -2577.914905172
   176 -1291.054071251      1286.860778236     -2577.914849487
   177 -1291.054073405      1286.860009555     -2577.914082960
   178 -1291.054073308      1286.859326045     -2577.913399353
   179 -1291.054073682      1286.858150220     -2577.912223901
   180 -1291.054074183      1286.858573690     -2577.912647873
   181 -1291.054074010      1286.857971181     -2577.912045191
   182 -1291.054074706      1286.857612669     -2577.911687375
   183 -1291.054072230      1286.855294919     -2577.909367149
   184 -1291.054073139      1286.856167941     -2577.910241080
   185 -1291.054073713      1286.857581839     -2577.911655552
   186 -1291.054073934      1286.857802327     -2577.911876261
   187 -1291.054073476      1286.857154049     -2577.911227524
   188 -1291.054072779      1286.856414799     -2577.910487579
   189 -1291.054072675      1286.856345651     -2577.910418326
   190 -1291.054072857      1286.856859265     -2577.910932122
   191 -1291.054072809      1286.857390751     -2577.911463560
   192 -1291.054072947      1286.857896169     -2577.911969115
   193 -1291.054072872      1286.857838140     -2577.911911012
   194 -1291.054073030      1286.857728554     -2577.911801584
   195 -1291.054073020      1286.857522022     -2577.911595042
$end
