$coord
    2.49918525859935     -1.83894906908843      0.27699370705118  c
    3.38188578253154     -1.32829791495246     -2.41985145752062  c
    4.56588960505789      1.06475144577607     -2.60484438105519  o
    0.83999741064527      0.19706452194017      1.15421442467584  n
   -1.81722337054789     -0.07764258750048      0.47826215082857  c
   -3.33944212283090      2.20983722238336      1.34470541179619  c
   -5.94050353098617      2.01053419430639      0.70773528366679  o
    1.58945727496442     -3.70779721801215      0.37976973420259  h
    4.15679851476410     -1.87668571396676      1.50614609891942  h
    1.78226129142766     -1.45904328976891     -3.73862682590598  h
    4.76547958092149     -2.75112362414755     -2.98503596716518  h
    3.55241463950679      2.19092690702226     -1.57678323845441  h
    1.01347610626822      0.41747514991484      3.04598692359445  h
   -1.98268555482055     -0.23943317697939     -1.57230275844538  h
   -2.66001347280638     -1.80919145560435      1.28619239681434  h
   -2.64842645727505      3.90635729287492      0.40237175420007  h
   -3.09580828873291      2.49009619619045      3.38903449161176  h
   -6.66274266668731      0.60111922988738      1.60635444299658  h
$user-defined bonds
$end
