$energy      SCF               SCFKIN            SCFPOT
     1 -364.1588959891      362.5115205161     -726.6704165052
     2 -364.1596595649      362.5751467693     -726.7348063342
     3 -364.1602073691      362.5898537725     -726.7500611416
     4 -364.1606703055      362.6300593361     -726.7907296415
     5 -364.1608515593      362.6281818259     -726.7890333851
     6 -364.1610948679      362.6232821655     -726.7843770335
     7 -364.1612256822      362.6061724306     -726.7673981128
     8 -364.1612902664      362.6012169253     -726.7625071917
     9 -364.1613571470      362.5992431058     -726.7606002528
    10 -364.1614057629      362.6021906919     -726.7635964548
    11 -364.1614390385      362.6013690976     -726.7628081360
    12 -364.1614675271      362.5976555192     -726.7591230463
    13 -364.1615049849      362.5909557616     -726.7524607464
    14 -364.1615339152      362.5857972133     -726.7473311285
    15 -364.1615677834      362.5896686669     -726.7512364503
    16 -364.1616019916      362.5968642175     -726.7584662091
    17 -364.1616373836      362.6061562849     -726.7677936685
    18 -364.1616672363      362.6112629638     -726.7729302001
    19 -364.1616901315      362.6077771639     -726.7694672954
    20 -364.1617009695      362.6050634767     -726.7667644462
    21 -364.1617101292      362.6035978122     -726.7653079414
    22 -364.1617248051      362.6056840338     -726.7674088389
    23 -364.1617380256      362.6101871107     -726.7719251363
    24 -364.1617475098      362.6119261470     -726.7736736568
    25 -364.1617617701      362.6095850294     -726.7713467995
    26 -364.1617790677      362.6020827843     -726.7638618520
    27 -364.1617916591      362.5969164292     -726.7587080883
    28 -364.1618076625      362.5950410228     -726.7568486854
    29 -364.1618193704      362.5966878198     -726.7585071902
    30 -364.1618257016      362.5971559474     -726.7589816489
    31 -364.1618354140      362.5949249248     -726.7567603388
    32 -364.1618436027      362.5918788017     -726.7537224045
    33 -364.1618470739      362.5920505578     -726.7538976318
    34 -364.1618500297      362.5948687893     -726.7567188190
    35 -364.1618517667      362.5963429782     -726.7581947449
    36 -364.1618539352      362.5982722557     -726.7601261909
    37 -364.1618575773      362.5994311361     -726.7612887134
    38 -364.1618601823      362.6003291646     -726.7621893469
    39 -364.1618632623      362.6002615559     -726.7621248182
    40 -364.1618704066      362.5977971443     -726.7596675509
    41 -364.1618723631      362.5983734538     -726.7602458169
    42 -364.1618785926      362.6022301269     -726.7641087195
    43 -364.1618836394      362.6045792099     -726.7664628493
    44 -364.1618886028      362.6058207261     -726.7677093289
    45 -364.1618955831      362.6041111728     -726.7660067559
    46 -364.1619045365      362.5992877673     -726.7611923037
    47 -364.1619100205      362.5977028888     -726.7596129093
    48 -364.1619182326      362.5954474046     -726.7573656372
    49 -364.1619270326      362.5984202146     -726.7603472471
    50 -364.1619325640      362.5998442820     -726.7617768459
    51 -364.1619372149      362.5995440137     -726.7614812286
    52 -364.1619416162      362.5994887752     -726.7614303913
    53 -364.1619451022      362.5997268642     -726.7616719664
    54 -364.1619490023      362.6016175250     -726.7635665273
    55 -364.1619516120      362.6000379776     -726.7619895895
    56 -364.1619561504      362.6002943827     -726.7622505331
    57 -364.1619593060      362.5999121422     -726.7618714482
    58 -364.1619621843      362.5997516066     -726.7617137908
    59 -364.1619643497      362.5985496593     -726.7605140090
    60 -364.1619654722      362.5981788974     -726.7601443696
    61 -364.1619664587      362.5976753427     -726.7596418014
    62 -364.1619670621      362.5969151048     -726.7588821669
    63 -364.1619676247      362.5981308574     -726.7600984820
    64 -364.1619682878      362.5986168262     -726.7605851140
    65 -364.1619690660      362.5985773007     -726.7605463667
    66 -364.1619698396      362.5983847594     -726.7603545990
    67 -364.1619702074      362.5978573164     -726.7598275238
    68 -364.1619708586      362.5968528523     -726.7588237109
    69 -364.1619715830      362.5954952695     -726.7574668525
    70 -364.1619724274      362.5964500868     -726.7584225141
    71 -364.1619461199      362.5871290246     -726.7490751446
    72 -364.1619738893      362.5968142903     -726.7587881796
    73 -364.1619743609      362.5971793380     -726.7591536989
    74 -364.1619755149      362.5984755657     -726.7604510806
    75 -364.1619758321      362.5992716925     -726.7612475245
    76 -364.1619771334      362.6015262681     -726.7635034015
    77 -364.1619778068      362.6013272180     -726.7633050248
    78 -364.1619786712      362.5996413389     -726.7616200101
    79 -364.1619789681      362.5989949903     -726.7609739584
    80 -364.1619793683      362.5986874948     -726.7606668631
    81 -364.1619807093      362.5973196751     -726.7593003844
    82 -364.1619820805      362.5972923104     -726.7592743909
    83 -364.1619828926      362.5974622780     -726.7594451706
    84 -364.1619838191      362.5980884964     -726.7600723155
    85 -364.1619847075      362.5986119670     -726.7605966745
    86 -364.1619854664      362.5970919800     -726.7590774464
    87 -364.1619858089      362.5970665655     -726.7590523744
    88 -364.1619860125      362.5974832200     -726.7594692325
    89 -364.1619860913      362.5981129736     -726.7600990649
    90 -364.1619861333      362.5982396466     -726.7602257798
    91 -364.1619861123      362.5988241630     -726.7608102753
    92 -364.1619861705      362.5989868449     -726.7609730155
$end
