$coord
    6.18656247280621     -2.38482391775395      0.62532524090896  c
    5.61081861339432      0.46501657572841      0.76292910149466  c
    3.07454537158203      1.00554113268075     -0.67164337606101  c
    2.10896695376607     -1.47481216994414     -1.85992514913439  c
    3.13876825095295     -3.95773229904965      0.33893508517840  s
   -0.70993037754482     -1.57154157862338     -2.49947374805349  c
   -2.56144249775150     -1.36067470203204     -0.28724553408232  c
   -5.31436984558787     -1.48470940207464     -1.16719637454420  c
   -7.23185361607213     -1.21402778966446      0.97201933770265  c
   -7.38396442265808      1.41678360648731      2.06910798968570  c
   -6.39854509113774      3.28716661980194      1.22616739020814  o
   -8.84346141608367      1.47167562687464      4.17117636267243  o
    3.79680945182515      2.91271053072666     -2.50622585524592  n
    6.27736773624268      3.69328693248335     -2.25804475821153  c
    7.27898848284631      5.44458241028917     -3.33962689783774  o
    7.41047380793708      2.05271254860765     -0.56395361744158  n
    7.15663024068591     -3.08449451568152      2.30016076600037  h
    7.34518791332262     -2.78643786908874     -1.03276612672626  h
    5.43235609600814      1.02205706798268      2.74366130255661  h
    1.66175953167727      1.73110104116952      0.64393019210667  h
    3.16750493368942     -1.75932753881714     -3.61178945279865  h
   -1.08854278990310     -0.04673507856647     -3.85025036296050  h
   -1.07640954512085     -3.32875463747750     -3.52667310853177  h
   -2.20390424237460     -2.87984164089690      1.06807315315551  h
   -2.26323334026490      0.41451117483756      0.72277176432628  h
   -5.66301191282567     -0.00914227671145     -2.56996657114626  h
   -5.64791328625812     -3.29403485777045     -2.11092761312153  h
   -9.13733045483972     -1.67949174916542      0.31341471609146  h
   -6.84392121713111     -2.53272489158631      2.51513795221189  h
   -8.89684881055778      3.21324193226957      4.74384174944167  h
    2.55439182612069      4.13016277032104     -3.27002807252203  h
    9.06355118325369      2.58875694463829      0.20504040418241  h
$user-defined bonds
$end
