$energy      SCF               SCFKIN            SCFPOT
     1 -1123.943941494      1120.231545572     -2244.175487066
     2 -1123.945733834      1120.436992149     -2244.382725983
     3 -1123.947528130      1120.284971235     -2244.232499365
     4 -1123.948523574      1120.261701043     -2244.210224617
     5 -1123.948933244      1120.273058815     -2244.221992059
     6 -1123.949125102      1120.280275449     -2244.229400551
     7 -1123.949248711      1120.269872024     -2244.219120735
     8 -1123.949370666      1120.253920909     -2244.203291575
     9 -1123.949440091      1120.252445286     -2244.201885377
    10 -1123.949485184      1120.247573538     -2244.197058722
    11 -1123.949535242      1120.255263805     -2244.204799048
    12 -1123.949582778      1120.252924786     -2244.202507564
    13 -1123.949625923      1120.246019361     -2244.195645285
    14 -1123.949663413      1120.238708338     -2244.188371751
    15 -1123.949711219      1120.229816776     -2244.179527996
    16 -1123.949760517      1120.231556415     -2244.181316932
    17 -1123.949806508      1120.236544879     -2244.186351387
    18 -1123.949834029      1120.238438420     -2244.188272449
    19 -1123.949859406      1120.235432133     -2244.185291539
    20 -1123.949880904      1120.228414498     -2244.178295402
    21 -1123.949905279      1120.220192679     -2244.170097958
    22 -1123.949927717      1120.217453803     -2244.167381519
    23 -1123.949940779      1120.219610914     -2244.169551693
    24 -1123.949954532      1120.225502691     -2244.175457223
    25 -1123.949966227      1120.230891704     -2244.180857932
    26 -1123.949982512      1120.234053103     -2244.184035615
    27 -1123.950009538      1120.233377170     -2244.183386708
    28 -1123.950033200      1120.229974026     -2244.180007226
    29 -1123.950054858      1120.228889815     -2244.178944673
    30 -1123.950095016      1120.233833003     -2244.183928019
    31 -1123.950124456      1120.240455746     -2244.190580202
    32 -1123.950143162      1120.247863213     -2244.198006375
    33 -1123.950173212      1120.255077591     -2244.205250802
    34 -1123.950201447      1120.259698799     -2244.209900246
    35 -1123.950227147      1120.259724718     -2244.209951864
    36 -1123.950267287      1120.255012711     -2244.205279998
    37 -1123.950305329      1120.245495668     -2244.195800997
    38 -1123.950348879      1120.241533687     -2244.191882565
    39 -1123.950403988      1120.231123160     -2244.181527149
    40 -1123.950472804      1120.230470203     -2244.180943007
    41 -1123.950531267      1120.221865958     -2244.172397225
    42 -1123.950612221      1120.258574119     -2244.209186340
    43 -1123.950746135      1120.236395170     -2244.187141306
    44 -1123.950822506      1120.199311714     -2244.150134220
    45 -1123.950879035      1120.194307720     -2244.145186755
    46 -1123.950962026      1120.224956519     -2244.175918545
    47 -1123.951027661      1120.216461335     -2244.167488996
    48 -1123.951093812      1120.214924943     -2244.166018755
    49 -1123.951154341      1120.219458042     -2244.170612383
    50 -1123.951253976      1120.246247430     -2244.197501406
    51 -1123.951287838      1120.231107258     -2244.182395095
    52 -1123.951323148      1120.248406103     -2244.199729251
    53 -1123.951368209      1120.246844494     -2244.198212704
    54 -1123.951404078      1120.240915112     -2244.192319190
    55 -1123.951428739      1120.234467674     -2244.185896413
    56 -1123.951460929      1120.229439625     -2244.180900554
    57 -1123.951477294      1120.229491204     -2244.180968498
    58 -1123.951491441      1120.232838089     -2244.184329529
    59 -1123.951508470      1120.240990162     -2244.192498631
    60 -1123.951516684      1120.243410418     -2244.194927102
    61 -1123.951525535      1120.245677077     -2244.197202612
    62 -1123.951540422      1120.245198304     -2244.196738725
    63 -1123.951553658      1120.240069887     -2244.191623545
    64 -1123.951560559      1120.236699327     -2244.188259886
    65 -1123.951569811      1120.231937649     -2244.183507461
    66 -1123.951576267      1120.229676531     -2244.181252798
    67 -1123.951585260      1120.229636037     -2244.181221297
    68 -1123.951591185      1120.232233009     -2244.183824194
    69 -1123.951596980      1120.235636302     -2244.187233282
    70 -1123.951605386      1120.240174984     -2244.191780369
    71 -1123.951614939      1120.240381114     -2244.191996053
    72 -1123.951625207      1120.236518132     -2244.188143339
    73 -1123.951629107      1120.234156176     -2244.185785283
    74 -1123.951637137      1120.230666027     -2244.182303164
    75 -1123.951647401      1120.227929577     -2244.179576978
    76 -1123.951650917      1120.227637087     -2244.179288004
    77 -1123.951658439      1120.229441805     -2244.181100244
    78 -1123.951676256      1120.232682787     -2244.184359044
    79 -1123.951689405      1120.232606813     -2244.184296219
    80 -1123.951692682      1120.232602965     -2244.184295646
    81 -1123.951703109      1120.229779211     -2244.181482321
    82 -1123.951721230      1120.220064715     -2244.171785945
    83 -1123.951728711      1120.222478614     -2244.174207325
    84 -1123.951737703      1120.229373130     -2244.181110834
    85 -1123.951742247      1120.233309311     -2244.185051558
    86 -1123.951748914      1120.236023696     -2244.187772610
    87 -1123.951752985      1120.237960630     -2244.189713615
    88 -1123.951760843      1120.235694034     -2244.187454877
    89 -1123.951767126      1120.229893373     -2244.181660499
    90 -1123.951770540      1120.227968485     -2244.179739025
    91 -1123.951776091      1120.224900006     -2244.176676098
    92 -1123.951782554      1120.224430196     -2244.176212751
    93 -1123.951790441      1120.222253150     -2244.174043591
    94 -1123.951796666      1120.226386759     -2244.178183425
    95 -1123.951803293      1120.229320237     -2244.181123530
    96 -1123.951814008      1120.235486539     -2244.187300547
    97 -1123.951819631      1120.235148301     -2244.186967933
    98 -1123.951824479      1120.236459144     -2244.188283623
    99 -1123.951833434      1120.235786016     -2244.187619451
   100 -1123.951840859      1120.233359383     -2244.185200242
   101 -1123.951844182      1120.233329091     -2244.185173273
   102 -1123.951848651      1120.234208764     -2244.186057415
   103 -1123.951852570      1120.230223010     -2244.182075580
   104 -1123.951856001      1120.229201859     -2244.181057860
   105 -1123.951863027      1120.225638227     -2244.177501254
   106 -1123.951869568      1120.224448081     -2244.176317649
   107 -1123.951873567      1120.223122922     -2244.174996489
   108 -1123.951880218      1120.223522115     -2244.175402333
   109 -1123.951885248      1120.225377594     -2244.177262842
   110 -1123.951887388      1120.226944032     -2244.178831420
   111 -1123.951889875      1120.232698378     -2244.184588253
   112 -1123.951891080      1120.230357005     -2244.182248085
   113 -1123.951891884      1120.230861285     -2244.182753169
   114 -1123.951892442      1120.231308298     -2244.183200741
   115 -1123.951891159      1120.235346078     -2244.187237237
   116 -1123.951893521      1120.232270716     -2244.184164236
   117 -1123.951894261      1120.232019542     -2244.183913803
   118 -1123.951895280      1120.233314074     -2244.185209353
   119 -1123.951896476      1120.233313861     -2244.185210337
   120 -1123.951898053      1120.235509173     -2244.187407225
   121 -1123.951899311      1120.236968985     -2244.188868296
   122 -1123.951902640      1120.237689475     -2244.189592115
   123 -1123.951905498      1120.236377047     -2244.188282545
   124 -1123.951907430      1120.234692049     -2244.186599479
   125 -1123.951908913      1120.232585913     -2244.184494825
   126 -1123.951909423      1120.233181641     -2244.185091064
   127 -1123.951909924      1120.234218919     -2244.186128843
   128 -1123.951910481      1120.234553578     -2244.186464059
   129 -1123.951910751      1120.234431166     -2244.186341917
   130 -1123.951911685      1120.235306961     -2244.187218646
   131 -1123.951913348      1120.234743065     -2244.186656413
   132 -1123.951914688      1120.234464867     -2244.186379556
   133 -1123.951916173      1120.234288692     -2244.186204865
   134 -1123.951918204      1120.233168891     -2244.185087095
   135 -1123.951920452      1120.232468393     -2244.184388845
   136 -1123.951924232      1120.233782805     -2244.185707037
   137 -1123.951933274      1120.234677637     -2244.186610911
   138 -1123.951935833      1120.236666036     -2244.188601869
   139 -1123.951943202      1120.238798732     -2244.190741934
   140 -1123.951947351      1120.238488507     -2244.190435858
   141 -1123.951957300      1120.241333197     -2244.193290497
   142 -1123.951968926      1120.237186099     -2244.189155025
   143 -1123.951975355      1120.236801919     -2244.188777274
   144 -1123.951988289      1120.233120845     -2244.185109134
   145 -1123.952001381      1120.234406469     -2244.186407850
   146 -1123.952015454      1120.221078549     -2244.173094003
   147 -1123.952026041      1120.229617330     -2244.181643371
   148 -1123.952044266      1120.232286437     -2244.184330703
   149 -1123.952054797      1120.233274149     -2244.185328947
   150 -1123.952033775      1120.261632395     -2244.213666171
   151 -1123.952071544      1120.251096747     -2244.203168291
   152 -1123.952035901      1120.185440530     -2244.137476431
   153 -1123.952087287      1120.238336541     -2244.190423828
   154 -1123.952096668      1120.241004770     -2244.193101438
   155 -1123.952102153      1120.232809136     -2244.184911289
   156 -1123.952117652      1120.238103558     -2244.190221210
   157 -1123.952121004      1120.228253663     -2244.180374666
   158 -1123.952123686      1120.227142382     -2244.179266068
   159 -1123.952132293      1120.227729825     -2244.179862118
   160 -1123.952136286      1120.233898790     -2244.186035076
   161 -1123.952138100      1120.233571745     -2244.185709845
   162 -1123.952142149      1120.235474320     -2244.187616469
   163 -1123.952144693      1120.234152878     -2244.186297571
   164 -1123.952147530      1120.231733773     -2244.183881303
   165 -1123.952150779      1120.230362799     -2244.182513578
   166 -1123.952155846      1120.228399035     -2244.180554881
   167 -1123.952161137      1120.225612088     -2244.177773224
   168 -1123.952165937      1120.227050182     -2244.179216119
   169 -1123.952175855      1120.227444256     -2244.179620111
   170 -1123.952180792      1120.228645108     -2244.180825900
   171 -1123.952193091      1120.230251080     -2244.182444170
   172 -1123.952199624      1120.228460836     -2244.180660460
   173 -1123.952213385      1120.230283626     -2244.182497010
   174 -1123.952223694      1120.224949728     -2244.177173422
   175 -1123.952227573      1120.223527470     -2244.175755043
   176 -1123.952234084      1120.223312504     -2244.175546588
   177 -1123.952241298      1120.222336739     -2244.174578037
   178 -1123.952242623      1120.221998542     -2244.174241166
   179 -1123.952250666      1120.229034833     -2244.181285499
   180 -1123.952263105      1120.244461104     -2244.196724209
   181 -1123.952265682      1120.238358551     -2244.190624233
   182 -1123.952269104      1120.238851394     -2244.191120498
   183 -1123.952272106      1120.234533940     -2244.186806046
   184 -1123.952273296      1120.235124256     -2244.187397552
   185 -1123.952273159      1120.233119528     -2244.185392687
   186 -1123.952274068      1120.236385169     -2244.188659237
   187 -1123.952274835      1120.238116690     -2244.190391525
   188 -1123.952275818      1120.238838824     -2244.191114643
   189 -1123.952277054      1120.238775003     -2244.191052057
   190 -1123.952278624      1120.237762405     -2244.190041028
   191 -1123.952280922      1120.234479926     -2244.186760848
   192 -1123.952281550      1120.233748887     -2244.186030438
   193 -1123.952282762      1120.233018817     -2244.185301579
   194 -1123.952284265      1120.232909441     -2244.185193706
   195 -1123.952287146      1120.233843261     -2244.186130407
   196 -1123.952289316      1120.233016939     -2244.185306255
   197 -1123.952290023      1120.230386525     -2244.182676548
   198 -1123.952292207      1120.230177947     -2244.182470154
   199 -1123.952293064      1120.230738613     -2244.183031676
   200 -1123.952294975      1120.232529285     -2244.184824260
   201 -1123.952295853      1120.231906456     -2244.184202309
   202 -1123.952297870      1120.232753682     -2244.185051552
   203 -1123.952298894      1120.232360271     -2244.184659165
   204 -1123.952301310      1120.234086710     -2244.186388020
   205 -1123.952303941      1120.232547794     -2244.184851735
   206 -1123.952305827      1120.231279140     -2244.183584967
   207 -1123.952309280      1120.230818291     -2244.183127571
   208 -1123.952310892      1120.229660017     -2244.181970910
   209 -1123.952311503      1120.229890137     -2244.182201640
   210 -1123.952312471      1120.231290078     -2244.183602549
   211 -1123.952312838      1120.232050780     -2244.184363618
   212 -1123.952313013      1120.232468230     -2244.184781243
   213 -1123.952313342      1120.232312182     -2244.184625524
   214 -1123.952313533      1120.232656231     -2244.184969764
   215 -1123.952313632      1120.232575239     -2244.184888871
   216 -1123.952314020      1120.233057130     -2244.185371150
   217 -1123.952314150      1120.232844680     -2244.185158830
   218 -1123.952314437      1120.232356346     -2244.184670783
   219 -1123.952314612      1120.232953970     -2244.185268582
$end
