$energy      SCF               SCFKIN            SCFPOT
     1 -687.0997071385      684.0918677724     -1371.191574911
     2 -687.1018505481      684.2358925550     -1371.337743103
     3 -687.1034334112      684.2385422727     -1371.341975684
     4 -687.1053449511      684.2706191871     -1371.375964138
     5 -687.1062859152      684.3024029119     -1371.408688827
     6 -687.1067459539      684.3357603755     -1371.442506329
     7 -687.1071232890      684.3746831702     -1371.481806459
     8 -687.1073586271      684.3798778413     -1371.487236468
     9 -687.1075429208      684.3777190323     -1371.485261953
    10 -687.1076666964      684.3670431659     -1371.474709862
    11 -687.1077457135      684.3601667657     -1371.467912479
    12 -687.1078006290      684.3627411998     -1371.470541829
    13 -687.1078365879      684.3680886453     -1371.475925233
    14 -687.1078641465      684.3738828214     -1371.481746968
    15 -687.1078893150      684.3751883434     -1371.483077658
    16 -687.1079188915      684.3724965196     -1371.480415411
    17 -687.1079502275      684.3645918740     -1371.472542102
    18 -687.1079783219      684.3568111428     -1371.464789465
    19 -687.1079997645      684.3536867203     -1371.461686485
    20 -687.1080161648      684.3549926843     -1371.463008849
    21 -687.1080283637      684.3607369505     -1371.468765314
    22 -687.1080428239      684.3651136722     -1371.473156496
    23 -687.1080620790      684.3685192655     -1371.476581344
    24 -687.1080795877      684.3673119245     -1371.475391512
    25 -687.1080882018      684.3645084646     -1371.472596666
    26 -687.1080975383      684.3616323492     -1371.469729888
    27 -687.1081066622      684.3598523246     -1371.467958987
    28 -687.1081111260      684.3610161892     -1371.469127315
    29 -687.1081151884      684.3621711760     -1371.470286364
    30 -687.1081210708      684.3635156774     -1371.471636748
    31 -687.1081248094      684.3635260435     -1371.471650853
    32 -687.1081286427      684.3618830148     -1371.470011658
    33 -687.1081320598      684.3601813776     -1371.468313437
    34 -687.1081336692      684.3601171619     -1371.468250831
    35 -687.1081349424      684.3614438297     -1371.469578772
    36 -687.1081361598      684.3626178746     -1371.470754034
    37 -687.1081372774      684.3636042477     -1371.471741525
    38 -687.1081394243      684.3647660068     -1371.472905431
    39 -687.1081408805      684.3645777701     -1371.472718651
    40 -687.1081435062      684.3631301655     -1371.471273672
    41 -687.1081463168      684.3617043951     -1371.469850712
    42 -687.1081481533      684.3610063866     -1371.469154540
    43 -687.1081506930      684.3615113222     -1371.469662015
    44 -687.1081517970      684.3611596587     -1371.469311456
    45 -687.1081530238      684.3603634114     -1371.468516435
    46 -687.1081542656      684.3595546146     -1371.467708880
    47 -687.1081564090      684.3592532994     -1371.467409708
    48 -687.1081592647      684.3607938621     -1371.468953127
    49 -687.1081608130      684.3626239498     -1371.470784763
    50 -687.1081621450      684.3641759072     -1371.472338052
    51 -687.1081633717      684.3649467210     -1371.473110093
    52 -687.1081641906      684.3644433524     -1371.472607543
    53 -687.1081647889      684.3634771731     -1371.471641962
    54 -687.1081651182      684.3630348592     -1371.471199977
$end
