$energy      SCF               SCFKIN            SCFPOT
     1 -512.2681388615      510.1037423724     -1022.371881234
     2 -512.2661832096      510.5546983243     -1022.820881534
     3 -512.2687616891      510.4637997388     -1022.732561428
     4 -512.2712753338      510.3012953994     -1022.572570733
     5 -512.2717162983      510.2781457598     -1022.549862058
     6 -512.2721877802      510.2498297925     -1022.522017573
     7 -512.2726403951      510.2541393965     -1022.526779792
     8 -512.2726954174      510.2864509071     -1022.559146325
     9 -512.2729018808      510.2923526761     -1022.565254557
    10 -512.2729353167      510.2905350684     -1022.563470385
    11 -512.2730211593      510.2820304131     -1022.555051572
    12 -512.2730887850      510.2666058203     -1022.539694605
    13 -512.2731203836      510.2591181169     -1022.532238500
    14 -512.2731549016      510.2524781554     -1022.525633057
    15 -512.2731995242      510.2551842286     -1022.528383753
    16 -512.2732327176      510.2564757715     -1022.529708489
    17 -512.2732557207      510.2593573074     -1022.532613028
    18 -512.2732832691      510.2594379299     -1022.532721199
    19 -512.2733078047      510.2579507819     -1022.531258587
    20 -512.2733311778      510.2559498831     -1022.529281061
    21 -512.2733536740      510.2620735631     -1022.535427237
    22 -512.2733713558      510.2625650488     -1022.535936405
    23 -512.2733932270      510.2640888571     -1022.537482084
    24 -512.2734175434      510.2610946127     -1022.534512156
    25 -512.2734342682      510.2575477884     -1022.530982057
    26 -512.2734510051      510.2528459401     -1022.526296945
    27 -512.2734740111      510.2494189304     -1022.522892941
    28 -512.2734987310      510.2559879269     -1022.529486658
    29 -512.2735076327      510.2610238281     -1022.534531461
    30 -512.2735121840      510.2662583550     -1022.539770539
    31 -512.2735165335      510.2675265375     -1022.541043071
    32 -512.2735225870      510.2674914935     -1022.541014080
    33 -512.2735268978      510.2645162804     -1022.538043178
    34 -512.2735307966      510.2614107374     -1022.534941534
    35 -512.2735369084      510.2595033890     -1022.533040297
    36 -512.2735423800      510.2596433997     -1022.533185780
    37 -512.2735447272      510.2607110808     -1022.534255808
    38 -512.2735478030      510.2618644398     -1022.535412243
    39 -512.2735498861      510.2625637590     -1022.536113645
    40 -512.2735541512      510.2655130278     -1022.539067179
    41 -512.2735587685      510.2645593949     -1022.538118163
    42 -512.2735624733      510.2654346970     -1022.538997170
    43 -512.2735683161      510.2636379854     -1022.537206302
    44 -512.2735712371      510.2638704785     -1022.537441716
    45 -512.2735740380      510.2622895378     -1022.535863576
    46 -512.2735790853      510.2607812260     -1022.534360311
    47 -512.2735815162      510.2601992202     -1022.533780736
    48 -512.2735858558      510.2620290852     -1022.535614941
    49 -512.2735911288      510.2642984291     -1022.537889558
    50 -512.2735952369      510.2632955708     -1022.536890808
    51 -512.2736033720      510.2621290628     -1022.535732435
    52 -512.2736098537      510.2595940470     -1022.533203901
    53 -512.2736122811      510.2598352104     -1022.533447492
    54 -512.2736142319      510.2607405337     -1022.534354766
    55 -512.2736170415      510.2611039579     -1022.534720999
    56 -512.2736182705      510.2634685836     -1022.537086854
    57 -512.2736196055      510.2639867269     -1022.537606332
    58 -512.2736208234      510.2662284352     -1022.539849259
    59 -512.2736217417      510.2664795268     -1022.540101268
    60 -512.2736233363      510.2652660478     -1022.538889384
    61 -512.2736244264      510.2644361692     -1022.538060596
    62 -512.2736261338      510.2626934667     -1022.536319600
    63 -512.2736267650      510.2620445772     -1022.535671342
    64 -512.2736273749      510.2631289884     -1022.536756363
$end
