$hessapprox
  0.449888286568D+00 -0.236561876684D-01  0.488701304999D+00 -0.688063750046D-01
  0.203182013414D-01  0.515424303570D+00 -0.558999799661D-01  0.350205322004D-01
 -0.135913083740D-01  0.430691028647D+00  0.637754249322D-02 -0.274503020483D-01
 -0.200389832046D-01 -0.201855849278D-01  0.477440067505D+00 -0.108147205418D-02
 -0.361550947527D-02 -0.699575969095D-01 -0.465287821383D-01 -0.148406800766D-01
  0.487257552074D+00 -0.364795063694D-01  0.485107682860D-02 -0.103326026942D-01
 -0.708374843679D-01  0.184538694283D-01 -0.107865756322D-01  0.484101811779D+00
  0.917284062100D-02 -0.727745887206D-02  0.178741115217D-01  0.686636419709D-02
 -0.927529141550D-01 -0.170508088818D-02 -0.167520938920D-01  0.912293455615D+00
 -0.218200472052D-01  0.318035396985D-01 -0.150117870873D-01 -0.321695568889D-02
  0.874024053873D-02 -0.407784202799D-01 -0.126166206733D+00 -0.355404158859D+00
  0.760143272626D+00  0.559717268244D-02 -0.158475449679D-01  0.131658036349D-01
  0.359308241303D-02  0.202772020441D-01 -0.643045017019D-03 -0.877729197310D-01
  0.671220808659D-02  0.309516261690D-01  0.196177892189D+00  0.173400649541D-01
 -0.351202140308D-01 -0.701984980555D-03 -0.476377858483D-03 -0.309673578245D-01
  0.441967901596D-01 -0.383173665202D-01 -0.561529520599D+00  0.379573052735D+00
  0.149816530850D-01  0.679019202893D+00 -0.408270207178D-04  0.317407046323D-01
 -0.572890225464D-03  0.148563307599D-01 -0.242239466073D-03 -0.769940961560D-02
  0.461892406827D-01  0.350911189845D+00 -0.378451452976D+00 -0.332306796610D-01
 -0.414591640016D+00  0.599622417196D+00 -0.215509532793D-01  0.374993186585D-02
  0.123894430713D-01 -0.260388307980D-01 -0.291442001204D-01  0.186754528055D-01
 -0.126367423735D+00 -0.319623773085D-01  0.532119286115D-01  0.115077948271D-01
 -0.275015694992D-01 -0.213353999941D-02  0.388682286325D+00  0.183267217914D-01
 -0.115789726049D-01  0.174753622405D-01  0.538901223796D-01 -0.647667456774D-02
 -0.949812513613D-02  0.409695517432D-01 -0.121861719425D+00 -0.785506257759D-02
 -0.243825621473D-01 -0.122347709451D-01  0.280364007715D-01 -0.166545061549D+00
  0.476921784231D+00  0.536718492764D-03  0.214685185335D-02  0.350128484430D-02
  0.146755524916D-01  0.166862109089D-01 -0.203468386272D-01  0.461999988810D-01
  0.128178363595D-01 -0.156827643946D+00  0.289001411750D-01  0.889080004246D-02
 -0.559840183699D-01 -0.141166432520D+00 -0.534377487318D-01  0.333818906811D+00
 -0.382520958665D-01 -0.237012628812D-01 -0.110583925095D-01 -0.872188909422D-01
 -0.428597144470D-02  0.291036814809D-01 -0.404160940564D-01 -0.128247515465D-01
  0.123082904483D-01  0.236719655108D-01 -0.360931141544D-01  0.978721765615D-02
 -0.345366075148D-01  0.233583629562D-01  0.513685537415D-01  0.546088884441D+00
 -0.242331500469D-01 -0.196086025855D-01 -0.772478565612D-02 -0.243971698193D-01
 -0.112752282100D+00 -0.691144443970D-02 -0.507080231792D-01 -0.811646946001D-01
  0.479922178407D-01  0.153000240977D-01  0.172527630859D-01 -0.259148146744D-01
  0.544657877119D-02 -0.994534706877D-02 -0.120556826998D-01 -0.102961915164D+00
  0.643523559139D+00 -0.590035604881D-02 -0.115580920323D-01 -0.468061096360D-01
  0.381613837829D-01  0.142905702238D-01 -0.978799705927D-01 -0.287899099216D-02
 -0.982186844789D-02  0.540539212697D-02 -0.222452235909D-02 -0.114474490476D-01
  0.145810417701D-01 -0.180877180584D-01  0.342858943532D-01  0.339569876875D-02
 -0.157111704900D+00 -0.309066904123D-01  0.534757003169D+00 -0.969215867491D-01
 -0.108301211035D-01  0.212870873588D-01 -0.164901606451D-01 -0.684603609188D-02
 -0.533509392060D-02 -0.134093675754D-01  0.390431023186D-01 -0.530310405060D-02
 -0.365685166865D-01 -0.433641552334D-01  0.244704547062D-01 -0.252788209365D-01
 -0.259553790506D-01  0.164570098829D-01  0.153878917168D-01 -0.181354221602D-01
 -0.428271172849D-01  0.424982415049D+00 -0.320578768598D-01 -0.879195767393D-01
  0.288478919878D-01 -0.961274681151D-02 -0.202815617865D-01 -0.162868434585D-01
 -0.327629233674D-02  0.116175448197D-01  0.881889030070D-02  0.181009069603D-01
  0.178430859713D-02  0.534050634762D-01  0.355011703293D-01 -0.144793281074D-01
 -0.202303325994D-01  0.848359931014D-02 -0.102763506958D-01 -0.159499062410D-01
  0.113948291975D+00  0.881185539270D+00 -0.328301301126D-01  0.360028423396D-01
 -0.745645092840D-01  0.170374362010D-01 -0.276246195289D-02  0.536110046876D-02
  0.151407702183D-01 -0.176261336205D-01  0.759549149615D-01  0.170693122772D-02
  0.900882824528D-02 -0.259428615166D-01  0.322543292558D-01  0.830373778612D-02
 -0.821812846086D-02 -0.618128442967D-03 -0.144687973052D-02 -0.280408252162D-01
 -0.550619381513D-01  0.324064803972D+00  0.720238271159D+00 -0.344071542002D-01
  0.665231988625D-02  0.121881455322D-01 -0.127996549062D-01  0.121727806945D-02
 -0.817205120021D-02 -0.240346794599D-01 -0.135381363571D-01 -0.335830158321D-01
 -0.943537655882D-01 -0.430191515183D-01 -0.355169491045D-01  0.284834086741D-01
 -0.452371020045D-02  0.280338831857D-01  0.176850199462D-01 -0.924988562797D-02
 -0.108536052221D-01 -0.834047072991D-01 -0.650737468166D-01 -0.332411996911D-01
  0.324328962546D+00 -0.124955167515D-01 -0.673302723387D-01 -0.139769286392D-01
 -0.162452214755D-01 -0.340406040740D-01  0.762948536913D-02  0.336729840807D-01
 -0.365837422840D-01  0.323770831114D-01  0.351463875647D-01  0.658072370410D-01
  0.196872069753D-01 -0.505589269058D-03 -0.154331158037D-01  0.172948019601D-01
 -0.129851316013D-01 -0.218976972855D-01 -0.133638786729D-01 -0.885599191088D-01
 -0.514481362924D+00 -0.328371953541D+00  0.495128197267D-01  0.680408833779D+00
  0.382136142736D-01 -0.881904898336D-02 -0.101522385418D-01  0.177194574016D-03
 -0.670709041875D-02 -0.209520727621D-01 -0.232913963004D-01 -0.473546155610D-01
 -0.792541390118D-02 -0.944248808897D-01 -0.697012450898D-02 -0.742377129381D-01
  0.415006885509D-01  0.234819183628D-02  0.441669871646D-01  0.100675470157D-02
  0.406108204123D-02  0.105304705937D-01 -0.209676194767D-01 -0.324671561034D+00
 -0.326231302347D+00  0.290036272032D-01  0.349161832429D+00  0.564638257794D+00
 -0.420065226126D-02  0.736485263985D-02 -0.523421942447D-02 -0.125479491013D-01
 -0.496043312594D-03 -0.482937335879D-02 -0.294635349414D-01 -0.386342139396D-01
  0.427960121117D-01  0.142240331476D-01  0.632969182914D-01  0.423980308346D-01
 -0.564479690182D-01 -0.268949354640D-01  0.860222535519D-02 -0.254382611553D-01
  0.127530957778D-01  0.345203022339D-01 -0.108697407804D+00 -0.147831077167D-01
  0.364883480145D-01 -0.368939210545D-01  0.351929698688D-01  0.459037461900D-02
  0.320162318079D+00 -0.210641923465D-01 -0.106526641945D-01  0.976284273181D-02
  0.567038125159D-02 -0.255074856956D-01 -0.275308590375D-01  0.946975812235D-02
  0.421023508672D-01 -0.751846426237D-01 -0.518321217174D-01 -0.405965135326D-01
  0.884470376160D-02 -0.289527401682D-02  0.241684146928D-01  0.104964766555D-01
 -0.681416627955D-01  0.412497252542D-01  0.314682015636D-01 -0.137697914270D-01
 -0.119212255201D+00  0.516234535842D-02  0.138545459312D-01 -0.240161635497D-01
 -0.324377509671D-01  0.164922376074D+00  0.556052505448D+00  0.770801096750D-02
 -0.768471977148D-02 -0.117685808803D-01 -0.133687929027D-01 -0.175115684494D-01
 -0.152816344885D-01  0.226360436698D-01  0.743885813376D-02 -0.378927352405D-01
  0.260387468338D-01 -0.208451265561D-01  0.655667735965D-01  0.395957375204D-02
 -0.990121608656D-02  0.245432632085D-01  0.174243735931D-01 -0.327791900259D-02
  0.961239958609D-02  0.310968629945D-01 -0.399259569299D-01 -0.203971669045D+00
  0.183845871603D-01 -0.984563872391D-02 -0.606049056693D-01 -0.154845393002D+00
  0.196709301043D-03  0.403119719452D+00 -0.663744696670D-01 -0.101736111530D-01
  0.575729794500D-01 -0.138400868639D-01  0.435637279450D-02 -0.153361013639D-01
 -0.231279015138D-02 -0.615872726960D-02 -0.568507135327D-02  0.211809110815D-01
 -0.196066291927D-01 -0.762212218726D-02 -0.227475920123D-01 -0.112262066881D-01
 -0.341868959164D-01 -0.615921788101D-02  0.863483976335D-02 -0.601249675658D-03
 -0.947771073363D-02 -0.197693495623D-01  0.265962494866D-01 -0.818602828181D-01
 -0.434760896579D-01 -0.278016764006D-01  0.151336259785D-01 -0.105424995204D-01
  0.211375084183D-01  0.270516707509D+00 -0.407619561394D-02 -0.358292969657D-01
 -0.197123132983D-01 -0.239045672417D-01  0.750811926304D-02 -0.499779517491D-02
 -0.327210085286D-01 -0.315140940405D-01  0.715409936286D-02 -0.301611248354D-01
  0.198827616412D-03 -0.301008197923D-01 -0.267296049996D-01 -0.364792669376D-01
  0.255442850556D-02  0.521393664117D-02  0.822484572032D-02 -0.131632067864D-01
  0.127061909053D-01 -0.435858768948D-01  0.500371956390D-02  0.608775664567D-01
 -0.118986152264D-01  0.333706676650D-01  0.100355813419D-01 -0.308075790605D-01
 -0.294579742572D-02  0.624258959035D-01  0.159941511462D+00  0.633857179455D-01
 -0.386207958645D-01 -0.184624573984D+00 -0.310745770465D-01 -0.560068702665D-02
 -0.918906501043D-02  0.197614250068D-01  0.125502599688D-01 -0.316175123013D-01
  0.145243002776D-02 -0.808281714277D-02  0.133093510265D-01  0.178777061145D-01
  0.227054727652D-02 -0.574585993709D-02 -0.128255218617D-01 -0.287677789425D-01
 -0.236215357804D-01 -0.282873980964D-01 -0.112851045405D-01 -0.271200637513D-01
  0.260106641486D-01  0.293378765720D-01 -0.145943403407D-01 -0.927694199343D-02
 -0.177722402304D-01  0.288308134985D-02 -0.300466065371D-01  0.466045132628D-01
  0.370302244907D+00 -0.949712698502D-01  0.565698263205D-01  0.154708550480D-01
 -0.354650359959D-01  0.170155941626D-01 -0.166824637350D-01  0.898250690273D-02
  0.252222111812D-01 -0.342677372423D-01  0.570358350407D-01  0.466813726487D-01
 -0.490583320134D-01  0.148098525149D-01  0.890704423952D-02 -0.836371032373D-02
 -0.172816486736D-01  0.133675057691D-01  0.587732078312D-02 -0.421700061421D-01
 -0.206935411671D-01 -0.395628582166D-02 -0.476568352915D-01  0.113233567663D-01
  0.511953734659D-01 -0.230190640013D-01 -0.344790832436D-01  0.203491261236D-01
 -0.586125126052D-01 -0.209694547711D-01 -0.786085857770D-02  0.346975054671D+00
  0.780186396464D-01 -0.130451175387D+00 -0.382476965801D-01  0.241139530915D-01
 -0.481495604797D-03 -0.163355389281D-01  0.312053580019D-01  0.108888151836D-01
  0.694519263625D-02  0.179891046337D-01 -0.322342772614D-01  0.148876912125D-01
  0.293923080327D-01 -0.230009181765D-01  0.324195153973D-02 -0.895354562899D-02
  0.278087440843D-02  0.874503070570D-02  0.334100861550D-01 -0.489422002579D-01
  0.220065563941D-01  0.133532335611D-01 -0.152851486830D-01  0.103063461763D-01
 -0.289484946934D-01 -0.434697500120D-01  0.305389964253D-01 -0.417046867590D-01
 -0.156323450577D-01 -0.422268069969D-01 -0.443797299517D-01  0.355224452358D+00
  0.284811568080D-01 -0.262345644096D-01 -0.395274549263D-01 -0.668462079271D-02
  0.409345202056D-01  0.242718183932D-02 -0.596496180726D-02  0.494605780851D-01
 -0.293626922961D-01 -0.441432880953D-01 -0.116467505290D-01 -0.136911708761D-01
 -0.115287279630D-01  0.161126568439D-01 -0.327047843075D-01 -0.107658360156D-01
  0.229562183136D-01 -0.321369286947D-02 -0.643058065825D-02  0.787615968600D-02
  0.180149143429D-01  0.147836308809D-01 -0.526136972720D-01  0.287355530884D-01
 -0.426888878564D-01  0.171757314067D-01 -0.262454364226D-01  0.446771052033D-01
 -0.304751342436D-01  0.378890574543D-02  0.191341230769D-01  0.149903057979D-01
  0.164199522104D+00  0.289625876714D-02 -0.170313031908D-01 -0.233626800825D-01
 -0.558882993401D-01  0.564876302884D-02  0.678171422761D-01 -0.219491022281D-01
  0.330939857527D-01  0.404844476729D-01 -0.220073313887D-01 -0.122751083515D-03
 -0.375419620724D-02 -0.700664672182D-02  0.496129921425D-01  0.707867034228D-02
 -0.235687966451D-03 -0.262567084348D-01  0.494801079499D-01  0.442764599432D-02
 -0.609260681298D-03 -0.171563061478D-01  0.303985672342D-01  0.471783272238D-02
 -0.411853632947D-01 -0.511198242579D-02  0.267905224683D-01 -0.403726571014D-01
 -0.880546005010D-01 -0.631764241741D-01 -0.151248034876D-01 -0.298009090803D-01
 -0.365556959151D-01  0.253989519308D-02  0.248265618871D+00 -0.181150710141D-01
  0.609797310506D-02  0.239933602313D-01 -0.103996354032D-01 -0.411854991221D-01
  0.743845153672D-02  0.242453221879D-02 -0.961344241724D-02 -0.184732130222D-01
 -0.102992826348D-02  0.163946310868D-01  0.127150993371D-01 -0.299702681537D-02
  0.216983198396D-02  0.551893902313D-02 -0.429535497311D-01 -0.302815388954D-01
  0.136701472740D-01  0.995152168438D-02 -0.366386538666D-01 -0.315339523344D-01
  0.623384639810D-01  0.462368209685D-02 -0.321372381246D-01  0.341491723930D-01
 -0.711623698992D-01  0.188051561305D-02 -0.784057600049D-02  0.322325296782D-01
  0.276048554562D-01  0.183720131374D-01  0.426453241928D-01 -0.165287923148D-01
  0.201607534814D-01  0.225431143004D+00 -0.535962050679D-02 -0.266900343154D-01
  0.141510876648D-03  0.482127480322D-01  0.174469838340D-02 -0.172804574927D+00
  0.929261948049D-02  0.100447736219D-01 -0.333175461034D-01 -0.625487069572D-02
  0.247640766295D-01  0.706305633263D-02 -0.125963620585D-01  0.265278125981D-01
 -0.258950000621D-02  0.558166137077D-02 -0.824831863573D-02 -0.482502495251D-01
  0.251376934068D-01 -0.537752620631D-02 -0.238833202136D-01  0.111028078941D-02
  0.979575350506D-02 -0.441533907825D-01  0.402578006482D-02  0.926545894413D-02
 -0.195005122180D-01 -0.204945965356D-01 -0.286183690749D-01 -0.554050851220D-02
 -0.153947325166D-01 -0.401047774490D-01  0.134406807388D-01 -0.174856537816D-01
  0.388228398577D-01  0.341578485883D+00 -0.134721220966D-01 -0.658190274621D-02
 -0.385785854414D-02 -0.195139991082D-01 -0.558742610592D-02 -0.129499852112D-01
 -0.349825730622D-02  0.910524563149D-02  0.905852671625D-02 -0.463225451763D-02
 -0.310428814551D-01 -0.337912314885D-01 -0.522627254945D-01  0.152092271198D+00
  0.305014268627D-01 -0.728236012721D-01 -0.397008560860D-04  0.566700629662D-02
 -0.291335049730D-01  0.210586750008D-01  0.379420411137D-01 -0.400059382346D-01
 -0.105047275874D-01  0.350630349689D-01  0.848779830892D-03  0.637619679759D-01
  0.220122161800D-01  0.334785517650D-01 -0.191411863267D-01  0.138468980235D-01
 -0.215593794256D-01 -0.116239112521D-01 -0.299658743665D-01 -0.220748013704D-01
 -0.236471919898D-01 -0.112727694767D-01  0.308214829573D+00  0.235326059782D-01
 -0.239707541397D-01 -0.387774929358D-03  0.197470309492D-01 -0.148851278503D-01
  0.254726400101D-01  0.477806589453D-02  0.195166612234D-02 -0.498468899675D-02
 -0.113664550878D-02 -0.342017331880D-01 -0.157554227519D-01  0.179206841412D+00
 -0.233238510901D+00  0.321288781746D-01  0.559184826825D-01 -0.680124347693D-02
 -0.132543677604D-01  0.211822481204D-01 -0.224735695355D-01 -0.718088843466D-02
 -0.677431001382D-01 -0.116588353156D-02  0.323629904102D-01 -0.162087616561D-01
 -0.104621751250D-02  0.191591210746D-02  0.198847382719D-01 -0.295402371679D-01
  0.236132523750D-02 -0.216992222701D-01 -0.434850233895D-01 -0.118358269259D-01
  0.334205796109D-01 -0.281123127460D-01  0.142532515198D-01 -0.169327795385D+00
  0.401190450790D+00  0.142029447398D-01 -0.212574858172D-01 -0.506397765393D-02
  0.179916253649D-01 -0.812500303041D-02 -0.131728051732D-03  0.362286303572D-01
 -0.123881855807D-02 -0.459683603238D-01  0.266610920730D-01  0.154107358602D-01
 -0.672808324853D-01 -0.248260264696D-01  0.401348417495D-01 -0.948491028001D-01
  0.448880973056D-02  0.996404805738D-02  0.451573755093D-02 -0.137289320465D-01
 -0.106907023861D-01 -0.283019517555D-01  0.406118326312D-02 -0.168735306197D-01
 -0.360562660869D-01 -0.460760800099D-01  0.115105292463D-01 -0.379827216644D-01
 -0.901163811218D-02 -0.631001925588D-02 -0.199433011674D-01  0.523010975417D-01
 -0.496869270976D-02  0.395388977252D-01  0.128055396487D-01 -0.519901230803D-01
  0.318007627262D-02 -0.997590648763D-01 -0.173744992810D-01  0.198452773658D+00
 -0.107116003600D-01  0.109354899106D-01 -0.489605702466D-02 -0.132686127332D-01
 -0.399061501431D-02  0.233046901240D-02  0.106524763495D-01 -0.971714871520D-03
 -0.768517344607D-02 -0.699843576669D-02 -0.778945945790D-02 -0.529607792595D-03
  0.218443377661D-01 -0.913862680756D-02 -0.617548443487D-02 -0.105384235457D+00
  0.135186884222D-01  0.103562185014D+00 -0.135603399567D-01  0.158185275186D-02
 -0.296571374210D-02  0.280380180104D-01 -0.491357913144D-02 -0.652287662945D-02
  0.507084480282D-02  0.212064641708D-01  0.900499278760D-03 -0.700470153421D-02
  0.626135381906D-03  0.148480835046D-02 -0.466169240886D-02  0.194633485208D-01
 -0.272820785615D-02 -0.261002690224D-02  0.680258233356D-02  0.145534161070D-02
  0.205275233058D-01 -0.249919932394D-01 -0.432172680991D-02  0.108797427067D+00
  0.319097536767D-02  0.802615513295D-02  0.154662789957D-03 -0.168014410766D-01
 -0.360817032552D-01  0.256465831451D-02  0.102637830399D-01 -0.228458654601D-01
 -0.489455814571D-03  0.205242716549D-01 -0.811673383172D-02  0.342855981458D-02
  0.154574191020D-02 -0.182936573296D-01  0.147278620601D-01  0.498635642240D-01
 -0.897680375576D-01 -0.189047815785D-02 -0.589469059223D-02  0.260215339910D-01
  0.784804802669D-02  0.212960726463D-01  0.557895424815D-01  0.268897834413D-01
 -0.352613423586D-01 -0.354614158656D-02  0.191857010705D-01 -0.237207882314D-01
  0.174400816996D-01 -0.399264402904D-03 -0.180299481062D-01 -0.199523893788D-02
 -0.419448427471D-01 -0.580738485630D-01 -0.992271297475D-01 -0.404632892304D-01
 -0.607708989204D-02 -0.192726970994D-01  0.391157705011D-01 -0.452089948130D-02
  0.242743715990D+00 -0.553246841603D-02 -0.732652931999D-02 -0.191564302264D-02
 -0.961072472369D-02 -0.147474123820D-01 -0.175653678541D-01  0.698261944586D-03
 -0.120057071718D-01 -0.219382007143D-01  0.108230455401D-01  0.179607542374D-01
 -0.192018257525D-01  0.187897582308D-01 -0.373600804369D-01 -0.473637802273D-02
  0.109730702824D+00  0.992175122345D-02 -0.334541202920D+00  0.201556089712D-01
  0.169307689512D-01  0.571149673012D-02 -0.251775215366D-01  0.767743505987D-02
  0.714840379460D-02 -0.569405671533D-03  0.918318887798D-02 -0.417347553451D-02
 -0.250586934820D-01 -0.776742693968D-02 -0.259205317155D-01  0.116224161060D-01
  0.218438974816D-02 -0.375138937788D-01 -0.943648318346D-02 -0.206963996674D-01
 -0.561963740980D-02  0.189614135420D-01  0.278498942211D-02  0.242135481845D-01
 -0.139899065161D+00  0.263440197724D-01  0.385703732074D+00  0.250517602660D-01
 -0.155448044393D-01  0.441988913746D-01  0.895293787984D-02 -0.104041585386D-01
  0.197383849821D-01 -0.146409271161D-01  0.477392950544D-02  0.412453973262D-01
 -0.250355320346D-01  0.329666820099D-01 -0.187380024540D-01 -0.458234886617D-01
  0.712725543898D-02 -0.102105244595D-01 -0.177563450459D+00  0.193162898133D+00
 -0.996900968122D-02  0.220286973105D-01 -0.285010895921D-01 -0.344277788432D-03
  0.205546730548D-01  0.129419609613D-01 -0.341801794873D-03 -0.309841532923D-02
 -0.271928826516D-02 -0.156000217747D-01  0.427809808199D-01  0.500429229921D-01
  0.385577360113D-01 -0.313847718463D-01 -0.582361333528D-01  0.366931814271D-01
 -0.295961066912D-01  0.903204654840D-02  0.154848127606D-01 -0.371421381734D-01
  0.465899130104D-02 -0.205853490385D-02 -0.256532272664D-01  0.257488172636D-01
 -0.213921793648D-01  0.292984334701D+00 -0.526542253266D-02 -0.697700028454D-02
 -0.488936705808D-02 -0.752142852142D-03 -0.366002879804D-01 -0.752832305478D-03
 -0.951755954696D-02  0.187750367259D-01 -0.602799973997D-01 -0.177888124691D-01
 -0.263068667808D-01  0.275188317702D-01 -0.820681581875D-02 -0.683848300983D-02
 -0.332946027774D-01  0.151666764042D+00 -0.284697621935D+00  0.155170618712D-01
 -0.746009090508D-02  0.107976241155D-01 -0.308603957970D-02 -0.862157688252D-02
 -0.525615365617D-01  0.314898150263D-02 -0.499855679240D-02 -0.149569727383D-01
  0.614765495841D-02  0.806443974117D-01  0.215553023163D-01  0.298306615152D-01
  0.142090994976D-01  0.909569864238D-03  0.607386941311D-01 -0.216508167830D-01
  0.128531139393D-01 -0.553049438578D-02 -0.127107741482D-01 -0.133543446951D-01
  0.142897781377D-01 -0.899622534763D-02 -0.429381962179D-01 -0.370953142147D-01
 -0.177261779279D+00  0.413169179537D+00 -0.978302817368D-02  0.764003424863D-02
 -0.245990935678D-01 -0.187297623859D-01  0.116164516762D-01 -0.741252851944D-02
 -0.106870972994D-01 -0.676744670593D-02 -0.732558259750D-02 -0.116044947503D-01
  0.206070608674D-01 -0.669655167050D-02  0.804868082034D-02 -0.380165421831D-01
 -0.257266863610D-02 -0.293493835220D-01  0.229227253805D-01 -0.334558229576D-01
  0.921931914705D-02 -0.144171686304D-01 -0.277090378659D-01 -0.633011326577D-02
 -0.167687286174D-01  0.455444712699D-02  0.489690601124D-01  0.225867763023D-01
 -0.426889573443D-02 -0.825853915836D-02  0.468809632031D-02 -0.298148292556D-01
  0.634852032911D-02  0.189843475571D-01 -0.225563769904D-01  0.578331790617D-02
  0.370237543679D-01  0.603238459428D-02  0.206520402549D-01 -0.166861758710D-01
 -0.155382992200D-01  0.408761961241D-01 -0.899198754883D-01  0.209518589196D-01
 -0.826963343164D-01  0.152534583964D-01  0.116143380086D+00 -0.101920876179D-01
 -0.177729150175D-02 -0.351337118116D-01 -0.234280641722D-01  0.759341353511D-02
 -0.153201869256D-01 -0.325547079930D-01 -0.131478721091D-01  0.767108249600D-02
 -0.556199311785D-01  0.720667649841D-01  0.467142132890D-01 -0.472666219349D-01
 -0.856178399831D-01 -0.322511327559D-01  0.247602962986D-02 -0.620165544590D-02
  0.131859681620D-01  0.828547943036D-02 -0.429748478284D-02 -0.209921256196D-01
  0.592828938625D-02  0.717746289200D-02  0.137849524293D-01 -0.505204447465D-01
 -0.100232102662D+00  0.325393158084D-01 -0.266468123856D-01  0.189513368687D-01
 -0.478806780280D-01 -0.212201238086D-01 -0.165438340900D-01  0.145918928216D-01
 -0.165259625043D-02 -0.562481065604D-01 -0.214423319441D-01 -0.469509625027D-01
 -0.612220660231D-01  0.310410805091D-01 -0.507775491705D-02  0.359468221948D-01
  0.458953343806D-01 -0.224153264535D-01  0.367103124061D-01  0.375416181776D-01
  0.326855635514D+00 -0.149957780181D-01 -0.386591430455D-01 -0.127465984981D-01
 -0.225334966032D-01 -0.548489070420D-02  0.151726835304D-01 -0.479663535464D-02
 -0.324854174805D-01 -0.733096931215D-03 -0.685301821764D-02  0.851017673444D-03
 -0.645705148957D-01  0.416449470747D-01  0.660073396954D-02 -0.748667027459D-02
  0.183961950918D-01 -0.458383514071D-01  0.337903156706D-02 -0.942583548556D-02
 -0.131158147842D-01 -0.253925724929D-01 -0.173329927177D-01 -0.119351531364D-01
 -0.255244590434D-02 -0.161489510453D+00 -0.278598883279D+00  0.446335953361D-01
  0.182729198900D-01 -0.118139064046D-01  0.219545585805D-02 -0.514170442131D-01
 -0.574714632395D-01 -0.389652560279D-01  0.500313796188D-01 -0.262272823928D-01
  0.198141442380D-01  0.502664279385D-01  0.684055383209D-01  0.840317118621D-02
 -0.882144814060D-02 -0.793562827157D-02  0.440115728400D-01 -0.477882506871D-01
  0.717148370561D-02  0.212532323794D-01  0.166842140277D+00  0.446537160476D+00
 -0.137383868457D-02  0.221546058752D-01 -0.345026435718D-01 -0.830674715387D-02
 -0.343656592921D-02 -0.150466267437D-01 -0.603915878178D-02 -0.917377772408D-02
 -0.350862319474D-01  0.528259647868D-01 -0.461262059957D-01 -0.503839134958D-01
  0.363124585629D-02 -0.194266703035D-01 -0.248512176839D-01 -0.190710782954D-01
  0.743627133670D-02  0.330116659317D-01  0.301177472178D-01  0.188915236520D-01
 -0.512970282067D-01  0.192984536890D-01 -0.211471188960D-01 -0.648664761934D-01
  0.411301679699D-01  0.172725287093D-01 -0.840346702954D-01  0.341193481640D-01
  0.447153573110D-01 -0.125514612727D-01 -0.467147122440D-01  0.905270447076D-02
 -0.653301531169D-01 -0.181109777028D-01  0.269175584656D-02 -0.157769549998D-01
 -0.210781999535D-02 -0.238203419308D-01  0.812155078175D-01  0.251144135071D-01
  0.348481400501D-01  0.293971170218D-01 -0.345677173442D-01 -0.275164745619D-01
  0.342676162881D-01 -0.699452909887D-01 -0.641573191046D-02  0.275835470468D+00
$end
