$energy      SCF               SCFKIN            SCFPOT
     1 -656.5470227612      653.5851112282     -1310.132133989
     2 -656.5441612426      653.3711932337     -1309.915354476
     3 -656.5459100190      653.4070192811     -1309.952929300
     4 -656.5482086033      653.5128192192     -1310.061027822
     5 -656.5484710439      653.5651648152     -1310.113635859
     6 -656.5487057209      653.5995782166     -1310.148283937
     7 -656.5488236099      653.6122614304     -1310.161085040
     8 -656.5488528213      653.6138517809     -1310.162704602
     9 -656.5489009896      653.5934510859     -1310.142352076
    10 -656.5489167036      653.5775620381     -1310.126478742
    11 -656.5489269558      653.5678402764     -1310.116767232
    12 -656.5489425440      653.5650181006     -1310.113960645
    13 -656.5489553644      653.5704765319     -1310.119431896
    14 -656.5489691847      653.5792200522     -1310.128189237
    15 -656.5489867376      653.5888331430     -1310.137819881
    16 -656.5490029511      653.5901217788     -1310.139124730
    17 -656.5490134977      653.5838741134     -1310.132887611
    18 -656.5490266672      653.5727022621     -1310.121728929
    19 -656.5490436360      653.5610942479     -1310.110137884
    20 -656.5490596825      653.5555972946     -1310.104656977
    21 -656.5490694209      653.5584618002     -1310.107531221
    22 -656.5490777614      653.5635771081     -1310.112654870
    23 -656.5490859815      653.5658189256     -1310.114904907
    24 -656.5490918755      653.5652173285     -1310.114309204
    25 -656.5491001984      653.5602569974     -1310.109357196
    26 -656.5491090339      653.5545013988     -1310.103610433
    27 -656.5491181934      653.5520712751     -1310.101189468
    28 -656.5491276762      653.5542204483     -1310.103348124
    29 -656.5491354442      653.5586000130     -1310.107735457
    30 -656.5491418144      653.5615054714     -1310.110647286
    31 -656.5491464762      653.5624207018     -1310.111567178
    32 -656.5491515130      653.5605643438     -1310.109715857
    33 -656.5491574359      653.5587854735     -1310.107942909
    34 -656.5491659250      653.5584345888     -1310.107600514
    35 -656.5491746949      653.5635187519     -1310.112693447
    36 -656.5491783691      653.5647852434     -1310.113963612
    37 -656.5491840160      653.5687230628     -1310.117907079
    38 -656.5491964346      653.5728514763     -1310.122047911
    39 -656.5492021724      653.5802847669     -1310.129486939
    40 -656.5492108827      653.5779975029     -1310.127208386
    41 -656.5492303733      653.5695321007     -1310.118762474
    42 -656.5492461755      653.5604922193     -1310.109738395
    43 -656.5492658939      653.5540526293     -1310.103318523
    44 -656.5492982381      653.5589411813     -1310.108239419
    45 -656.5493234841      653.5495237510     -1310.098847235
    46 -656.5493436216      653.5589745978     -1310.108318219
    47 -656.5493687521      653.5584074191     -1310.107776171
    48 -656.5494062197      653.5607001866     -1310.110106406
    49 -656.5493887190      653.5217362465     -1310.071124965
    50 -656.5494510610      653.5585786682     -1310.108029729
    51 -656.5494745098      653.5572673561     -1310.106741866
    52 -656.5495084013      653.5209160108     -1310.070424412
    53 -656.5495483442      653.5439396703     -1310.093488014
    54 -656.5495864997      653.5127895999     -1310.062376100
    55 -656.5495948143      653.5738961959     -1310.123491010
    56 -656.5496359252      653.5770598896     -1310.126695815
    57 -656.5490194895      653.6381023476     -1310.187121837
    58 -656.5497616404      653.5773182978     -1310.127079938
    59 -656.5497963330      653.5249809213     -1310.074777254
    60 -656.5498599871      653.5676527478     -1310.117512735
    61 -656.5499120811      653.5753500736     -1310.125262155
    62 -656.5500356723      653.5660860546     -1310.116121727
    63 -656.5500022723      653.5383562837     -1310.088358556
    64 -656.5500602640      653.5878738341     -1310.137934098
    65 -656.5501282296      653.5852288255     -1310.135357055
    66 -656.5501857079      653.5768191226     -1310.127004830
    67 -656.5501925900      653.5627431705     -1310.112935760
    68 -656.5502135805      653.6008557090     -1310.151069290
    69 -656.5502657096      653.5942000066     -1310.144465716
    70 -656.5502727042      653.5631337278     -1310.113406432
    71 -656.5503242280      653.5860836309     -1310.136407859
    72 -656.5503634040      653.5714677253     -1310.121831129
    73 -656.5504161756      653.5739040104     -1310.124320186
    74 -656.5504695251      653.5710810726     -1310.121550598
    75 -656.5505118875      653.5588078931     -1310.109319781
    76 -656.5505453232      653.5503194611     -1310.100864784
    77 -656.5505755938      653.5499426339     -1310.100518228
    78 -656.5505898403      653.5499619675     -1310.100551808
    79 -656.5506111580      653.5598781373     -1310.110489295
    80 -656.5506258463      653.5558106831     -1310.106436529
    81 -656.5506409811      653.5604746939     -1310.111115675
    82 -656.5506522184      653.5574821675     -1310.108134386
    83 -656.5506626909      653.5546055144     -1310.105268205
    84 -656.5506730006      653.5584285953     -1310.109101596
    85 -656.5506801855      653.5580059866     -1310.108686172
    86 -656.5506908904      653.5597152108     -1310.110406101
    87 -656.5507062614      653.5650371677     -1310.115743429
    88 -656.5507131305      653.5670103251     -1310.117723456
    89 -656.5507215188      653.5645311915     -1310.115252710
    90 -656.5507285403      653.5658388213     -1310.116567362
    91 -656.5507364927      653.5657851305     -1310.116521623
    92 -656.5507475127      653.5692754446     -1310.120022957
    93 -656.5507564671      653.5697362424     -1310.120492709
    94 -656.5507626357      653.5718130827     -1310.122575718
    95 -656.5507712279      653.5743409068     -1310.125112135
    96 -656.5507756701      653.5763191470     -1310.127094817
    97 -656.5507807442      653.5726910752     -1310.123471819
    98 -656.5507826691      653.5744393761     -1310.125222045
    99 -656.5507848647      653.5740105565     -1310.124795421
   100 -656.5507888207      653.5752660699     -1310.126054891
   101 -656.5507920314      653.5744956025     -1310.125287634
   102 -656.5507957815      653.5764624581     -1310.127258240
   103 -656.5507996530      653.5758317750     -1310.126631428
   104 -656.5508076682      653.5750301645     -1310.125837833
   105 -656.5508170856      653.5725266164     -1310.123343702
   106 -656.5508217006      653.5703457713     -1310.121167472
   107 -656.5508258956      653.5688798843     -1310.119705780
   108 -656.5508298891      653.5681352089     -1310.118965098
   109 -656.5508311985      653.5684773043     -1310.119308503
   110 -656.5508328056      653.5686416652     -1310.119474471
   111 -656.5508345843      653.5725673487     -1310.123401933
   112 -656.5508363633      653.5712909929     -1310.122127356
   113 -656.5508388283      653.5706270611     -1310.121465889
   114 -656.5508415798      653.5711337165     -1310.121975296
   115 -656.5508445851      653.5717330227     -1310.122577608
   116 -656.5508475838      653.5723353854     -1310.123182969
   117 -656.5508501639      653.5736380601     -1310.124488224
   118 -656.5508523775      653.5758858020     -1310.126738179
   119 -656.5508543163      653.5766295198     -1310.127483836
   120 -656.5508562325      653.5759301888     -1310.126786421
   121 -656.5508579876      653.5755008720     -1310.126358860
   122 -656.5508614782      653.5744163753     -1310.125277854
   123 -656.5508657849      653.5722893239     -1310.123155109
   124 -656.5508685299      653.5707859890     -1310.121654519
   125 -656.5508766596      653.5676889037     -1310.118565563
   126 -656.5508801497      653.5658091246     -1310.116689274
   127 -656.5508822484      653.5664591058     -1310.117341354
   128 -656.5508851623      653.5681779276     -1310.119063090
   129 -656.5508868227      653.5698151118     -1310.120701934
   130 -656.5508893809      653.5710173648     -1310.121906746
   131 -656.5508911517      653.5711578181     -1310.122048970
   132 -656.5508928356      653.5701791520     -1310.121071988
   133 -656.5508937158      653.5696533279     -1310.120547044
   134 -656.5508956027      653.5687360485     -1310.119631651
   135 -656.5508971190      653.5693594909     -1310.120256610
   136 -656.5508977500      653.5697401083     -1310.120637858
   137 -656.5508983341      653.5701728741     -1310.121071208
   138 -656.5508986780      653.5702698432     -1310.121168521
   139 -656.5508988690      653.5707586109     -1310.121657480
   140 -656.5508991395      653.5707216942     -1310.121620834
   141 -656.5508997094      653.5708142262     -1310.121713936
   142 -656.5508999850      653.5707173996     -1310.121617385
   143 -656.5509003599      653.5709781145     -1310.121878474
   144 -656.5509008834      653.5707454226     -1310.121646306
   145 -656.5509012026      653.5710328527     -1310.121934055
   146 -656.5509020137      653.5704678734     -1310.121369887
   147 -656.5509022691      653.5708310464     -1310.121733315
   148 -656.5509030016      653.5706715363     -1310.121574538
   149 -656.5509032637      653.5705700851     -1310.121473349
   150 -656.5509037045      653.5709304711     -1310.121834176
   151 -656.5509042403      653.5710531400     -1310.121957380
   152 -656.5509044513      653.5701697980     -1310.121074249
$end
