$energy      SCF               SCFKIN            SCFPOT
     1 -364.1542660474      362.5167071321     -726.6709731795
     2 -364.1549317201      362.5705241695     -726.7254558896
     3 -364.1554174538      362.5733779221     -726.7287953759
     4 -364.1558842660      362.5938480173     -726.7497322832
     5 -364.1561706901      362.5992154125     -726.7553861026
     6 -364.1564624148      362.6070833437     -726.7635457585
     7 -364.1566043910      362.6056539820     -726.7622583730
     8 -364.1566738222      362.6050846030     -726.7617584251
     9 -364.1567345780      362.6024785224     -726.7592131005
    10 -364.1567793492      362.6017542400     -726.7585335892
    11 -364.1568248449      362.6012290801     -726.7580539250
    12 -364.1568637658      362.6010358501     -726.7578996159
    13 -364.1568859533      362.6031537883     -726.7600397415
    14 -364.1569012381      362.6037416935     -726.7606429316
    15 -364.1569181730      362.6027963832     -726.7597145561
    16 -364.1569290814      362.5995238857     -726.7564529671
    17 -364.1569352458      362.5955658626     -726.7525011085
    18 -364.1569406491      362.5928178383     -726.7497584873
    19 -364.1569466524      362.5910186572     -726.7479653095
    20 -364.1569559648      362.5908443221     -726.7478002870
    21 -364.1569703813      362.5907592588     -726.7477296401
    22 -364.1569878273      362.5901778770     -726.7471657042
    23 -364.1570039040      362.5876773885     -726.7446812925
    24 -364.1570159046      362.5838253735     -726.7408412781
    25 -364.1570252229      362.5829873345     -726.7400125574
    26 -364.1570364340      362.5826721694     -726.7397086034
    27 -364.1570527839      362.5849746024     -726.7420273863
    28 -364.1570653114      362.5863377420     -726.7434030535
    29 -364.1570730586      362.5884151884     -726.7454882470
    30 -364.1570805254      362.5888543299     -726.7459348554
    31 -364.1570893458      362.5883746186     -726.7454639644
    32 -364.1570984416      362.5884361102     -726.7455345518
    33 -364.1571026520      362.5907950794     -726.7478977314
    34 -364.1571058741      362.5918019514     -726.7489078255
    35 -364.1571079101      362.5940109944     -726.7511189045
    36 -364.1571096398      362.5944227900     -726.7515324298
    37 -364.1571112325      362.5951431129     -726.7522543454
    38 -364.1571129702      362.5958547053     -726.7529676754
    39 -364.1571152539      362.5950651489     -726.7521804028
    40 -364.1571171682      362.5949432624     -726.7520604306
    41 -364.1571204087      362.5947507724     -726.7518711810
    42 -364.1571239107      362.5944994166     -726.7516233273
    43 -364.1571274105      362.5940898956     -726.7512173061
    44 -364.1571288206      362.5938567582     -726.7509855788
    45 -364.1571297774      362.5936481546     -726.7507779320
    46 -364.1571306663      362.5931842264     -726.7503148927
    47 -364.1571318138      362.5926560992     -726.7497879130
    48 -364.1571326299      362.5923305119     -726.7494631418
    49 -364.1571330936      362.5920761956     -726.7492092892
    50 -364.1571342032      362.5918656152     -726.7489998184
    51 -364.1571349882      362.5921141203     -726.7492491085
    52 -364.1571357534      362.5919565227     -726.7490922760
    53 -364.1571363487      362.5922219454     -726.7493582941
    54 -364.1571373620      362.5921749423     -726.7493123043
    55 -364.1571383228      362.5922076520     -726.7493459748
    56 -364.1571387518      362.5921309725     -726.7492697242
    57 -364.1571389728      362.5927688307     -726.7499078035
    58 -364.1571392190      362.5927349785     -726.7498741976
    59 -364.1571394041      362.5924861572     -726.7496255613
    60 -364.1571395408      362.5923538593     -726.7494934001
    61 -364.1571396313      362.5921449408     -726.7492845721
    62 -364.1571399100      362.5919060271     -726.7490459372
    63 -364.1571402963      362.5918379262     -726.7489782225
    64 -364.1571404017      362.5918446754     -726.7489850771
    65 -364.1571405641      362.5916864007     -726.7488269648
    66 -364.1571407410      362.5917823265     -726.7489230675
    67 -364.1571408676      362.5918287223     -726.7489695899
$end
