$energy      SCF               SCFKIN            SCFPOT
     1 -1331.444380036      1325.259557715     -2656.703937751
     2 -1331.446388043      1325.615137256     -2657.061525299
     3 -1331.449534788      1325.478623674     -2656.928158462
     4 -1331.450502031      1325.469877936     -2656.920379967
     5 -1331.451537675      1325.541118029     -2656.992655704
     6 -1331.452317764      1325.579722310     -2657.032040075
     7 -1331.452918520      1325.650958356     -2657.103876876
     8 -1331.453189811      1325.660108701     -2657.113298511
     9 -1331.453421210      1325.660528485     -2657.113949695
    10 -1331.453544351      1325.654032558     -2657.107576909
    11 -1331.453708235      1325.676988885     -2657.130697120
    12 -1331.453895141      1325.690833832     -2657.144728973
    13 -1331.454012498      1325.708936961     -2657.162949459
    14 -1331.454155205      1325.718713584     -2657.172868788
    15 -1331.454311788      1325.711444355     -2657.165756143
    16 -1331.454430255      1325.701256259     -2657.155686514
    17 -1331.454516755      1325.698371935     -2657.152888691
    18 -1331.454612995      1325.707029942     -2657.161642937
    19 -1331.454695717      1325.723339115     -2657.178034832
    20 -1331.454748685      1325.734668182     -2657.189416867
    21 -1331.454820673      1325.741297765     -2657.196118438
    22 -1331.454900447      1325.733289900     -2657.188190347
    23 -1331.454976084      1325.714966628     -2657.169942712
    24 -1331.455034565      1325.692876099     -2657.147910664
    25 -1331.455071282      1325.688715456     -2657.143786737
    26 -1331.455114146      1325.694038948     -2657.149153094
    27 -1331.455149966      1325.709422830     -2657.164572796
    28 -1331.455176617      1325.718546064     -2657.173722682
    29 -1331.455193606      1325.721958303     -2657.177151909
    30 -1331.455206741      1325.715885219     -2657.171091959
    31 -1331.455219088      1325.705766207     -2657.160985295
    32 -1331.455235228      1325.691753754     -2657.146988982
    33 -1331.455252375      1325.682535948     -2657.137788323
    34 -1331.455276152      1325.679920507     -2657.135196660
    35 -1331.455298766      1325.687297811     -2657.142596576
    36 -1331.455318304      1325.693132761     -2657.148451065
    37 -1331.455343810      1325.695995867     -2657.151339677
    38 -1331.455364761      1325.695364959     -2657.150729720
    39 -1331.455384595      1325.694165380     -2657.149549975
    40 -1331.455403330      1325.693235307     -2657.148638637
    41 -1331.455420465      1325.707736910     -2657.163157375
    42 -1331.455435725      1325.702670044     -2657.158105769
    43 -1331.455457670      1325.706816873     -2657.162274543
    44 -1331.455470101      1325.707183158     -2657.162653259
    45 -1331.455483595      1325.705980390     -2657.161463985
    46 -1331.455509243      1325.697954012     -2657.153463255
    47 -1331.455529610      1325.693087140     -2657.148616750
    48 -1331.455554410      1325.693119876     -2657.148674285
    49 -1331.455573870      1325.691807691     -2657.147381561
    50 -1331.455591427      1325.689317723     -2657.144909150
    51 -1331.455602602      1325.693322212     -2657.148924814
    52 -1331.455649787      1325.702269474     -2657.157919262
    53 -1331.455692587      1325.708236467     -2657.163929054
    54 -1331.455693755      1325.690185789     -2657.145879544
    55 -1331.455744386      1325.717609507     -2657.173353894
    56 -1331.455781703      1325.711332574     -2657.167114278
    57 -1331.455858599      1325.699317571     -2657.155176170
    58 -1331.455873408      1325.676845210     -2657.132718617
    59 -1331.455920577      1325.693092668     -2657.149013244
    60 -1331.455969517      1325.702739647     -2657.158709164
    61 -1331.456047777      1325.699561228     -2657.155609004
    62 -1331.456039573      1325.676162713     -2657.132202286
    63 -1331.456124254      1325.697547095     -2657.153671349
    64 -1331.456188078      1325.692460547     -2657.148648625
    65 -1331.456213676      1325.667791337     -2657.124005013
    66 -1331.456256184      1325.707102400     -2657.163358585
    67 -1331.456426481      1325.692161965     -2657.148588446
    68 -1331.456493092      1325.686780493     -2657.143273585
    69 -1331.456571506      1325.684206406     -2657.140777911
    70 -1331.456650927      1325.696925268     -2657.153576196
    71 -1331.456728829      1325.660529551     -2657.117258380
    72 -1331.456751560      1325.697834373     -2657.154585933
    73 -1331.456839806      1325.689034834     -2657.145874640
    74 -1331.456833379      1325.644777171     -2657.101610550
    75 -1331.456881932      1325.695974969     -2657.152856901
    76 -1331.457039945      1325.684989056     -2657.142029001
    77 -1331.457153400      1325.655777356     -2657.112930756
    78 -1331.457067918      1325.694803553     -2657.151871471
    79 -1331.457247907      1325.679254646     -2657.136502554
    80 -1331.457340542      1325.663230927     -2657.120571468
    81 -1331.457401348      1325.656352516     -2657.113753864
    82 -1331.457587259      1325.669661380     -2657.127248639
    83 -1331.457696968      1325.657074009     -2657.114770978
    84 -1331.457748640      1325.652261633     -2657.110010273
    85 -1331.457793637      1325.654545288     -2657.112338925
    86 -1331.457886883      1325.666290396     -2657.124177279
    87 -1331.457952533      1325.675856982     -2657.133809516
    88 -1331.458010201      1325.682865280     -2657.140875481
    89 -1331.458057301      1325.699823860     -2657.157881161
    90 -1331.458096933      1325.703751067     -2657.161848000
    91 -1331.458136485      1325.706899738     -2657.165036222
    92 -1331.458149037      1325.705439640     -2657.163588677
    93 -1331.458179675      1325.704392772     -2657.162572447
    94 -1331.458198953      1325.705415758     -2657.163614711
    95 -1331.458219872      1325.706675632     -2657.164895504
    96 -1331.458243052      1325.707077338     -2657.165320390
    97 -1331.458260421      1325.707618316     -2657.165878737
    98 -1331.458273658      1325.705977506     -2657.164251164
    99 -1331.458295185      1325.704571582     -2657.162866768
   100 -1331.458316338      1325.702991539     -2657.161307876
   101 -1331.458330449      1325.702777148     -2657.161107597
   102 -1331.458345065      1325.702907389     -2657.161252453
   103 -1331.458355707      1325.700751365     -2657.159107073
   104 -1331.458360571      1325.697752544     -2657.156113115
   105 -1331.458364861      1325.694599570     -2657.152964432
   106 -1331.458369986      1325.692709918     -2657.151079904
   107 -1331.458373680      1325.691360457     -2657.149734137
   108 -1331.458378002      1325.692203423     -2657.150581425
   109 -1331.458381927      1325.693571658     -2657.151953585
   110 -1331.458385137      1325.694366916     -2657.152752053
   111 -1331.458389232      1325.694038386     -2657.152427618
   112 -1331.458392742      1325.692353193     -2657.150745934
   113 -1331.458395807      1325.691274857     -2657.149670664
   114 -1331.458399352      1325.690957061     -2657.149356413
   115 -1331.458401250      1325.691369064     -2657.149770313
   116 -1331.458402962      1325.691549531     -2657.149952494
   117 -1331.458404816      1325.691507425     -2657.149912241
   118 -1331.458406502      1325.690041628     -2657.148448131
   119 -1331.458408618      1325.688189060     -2657.146597678
   120 -1331.458409968      1325.687588812     -2657.145998780
   121 -1331.458411362      1325.688040164     -2657.146451526
   122 -1331.458413564      1325.690266887     -2657.148680451
   123 -1331.458415497      1325.693003716     -2657.151419213
   124 -1331.458416645      1325.693653962     -2657.152070606
   125 -1331.458418729      1325.692934263     -2657.151352992
   126 -1331.458420223      1325.691955560     -2657.150375783
   127 -1331.458421199      1325.691759557     -2657.150180756
   128 -1331.458422536      1325.692023652     -2657.150446188
   129 -1331.458423476      1325.694273488     -2657.152696964
   130 -1331.458424696      1325.694464355     -2657.152889050
   131 -1331.458427000      1325.694381025     -2657.152808025
   132 -1331.458428017      1325.694100008     -2657.152528024
   133 -1331.458429306      1325.694109190     -2657.152538496
   134 -1331.458430495      1325.694564291     -2657.152994786
   135 -1331.458431253      1325.695271492     -2657.153702745
   136 -1331.458431872      1325.695714744     -2657.154146616
   137 -1331.458432227      1325.695753515     -2657.154185742
   138 -1331.458432400      1325.694935058     -2657.153367458
   139 -1331.458432819      1325.694389398     -2657.152822217
   140 -1331.458433481      1325.693699938     -2657.152133419
   141 -1331.458433923      1325.693230108     -2657.151664031
   142 -1331.458434272      1325.694343900     -2657.152778172
   143 -1331.458434736      1325.694678222     -2657.153112959
   144 -1331.458435222      1325.694641510     -2657.153076732
   145 -1331.458435613      1325.694235247     -2657.152670860
   146 -1331.458435812      1325.693890604     -2657.152326417
$end
