$energy      SCF               SCFKIN            SCFPOT
     1 -385.0383627176      383.2967209176     -768.3350836351
     2 -385.0365018156      383.5651966282     -768.6016984438
     3 -385.0388375993      383.5032333916     -768.5420709909
     4 -385.0410568597      383.4078228720     -768.4488797317
     5 -385.0413980237      383.3822694294     -768.4236674531
     6 -385.0416325818      383.3702846044     -768.4119171862
     7 -385.0418194146      383.3649860641     -768.4068054787
     8 -385.0419078145      383.3655285432     -768.4074363577
     9 -385.0419341621      383.3620168427     -768.4039510049
    10 -385.0419702081      383.3539361489     -768.3959063570
    11 -385.0419899181      383.3512120316     -768.3932019497
    12 -385.0420093511      383.3526108251     -768.3946201762
    13 -385.0420353010      383.3598478956     -768.4018831966
    14 -385.0420516126      383.3621168980     -768.4041685106
    15 -385.0420648701      383.3595535395     -768.4016184096
    16 -385.0420778626      383.3520569509     -768.3941348135
    17 -385.0420859548      383.3475815600     -768.3896675148
    18 -385.0420911395      383.3487017067     -768.3907928462
    19 -385.0420953007      383.3539860525     -768.3960813532
    20 -385.0420975537      383.3583159938     -768.4004135475
    21 -385.0420989137      383.3592898647     -768.4013887784
    22 -385.0421007721      383.3581176247     -768.4002183968
    23 -385.0421027161      383.3540591657     -768.3961618818
    24 -385.0421040167      383.3513585368     -768.3934625535
    25 -385.0421052038      383.3500449150     -768.3921501189
    26 -385.0421062369      383.3506747973     -768.3927810342
    27 -385.0421074569      383.3530525506     -768.3951600074
    28 -385.0421085003      383.3552047677     -768.3973132680
    29 -385.0421091757      383.3559482296     -768.3980574052
    30 -385.0421100649      383.3544678025     -768.3965778674
    31 -385.0421105940      383.3530436878     -768.3951542819
    32 -385.0421111109      383.3524229391     -768.3945340499
    33 -385.0421116197      383.3535270498     -768.3956386695
    34 -385.0421117031      383.3542913339     -768.3964030370
    35 -385.0421119717      383.3546453203     -768.3967572920
$end
