$grad          cartesian gradients
  cycle =      1    SCF energy =     -385.0383627176   |dE/dxyz| =  0.062589
   -1.55627639103105     -2.21308094126273     -0.09057646287944      c
    1.26374111776061     -2.27199504292407     -0.68438510302059      c
    2.77661616888739     -0.36308063922885      0.84484552771482      c
    2.76026058927875      2.22109526975727     -0.34682899455707      c
    4.69578800598707      3.18203990139072     -1.19026289685679      o
    0.52638132228838      3.45263167490201     -0.46439830540066      o
   -1.72755360806264      2.51857406656974      0.72885980736366      c
   -2.84051158861323      0.29336297331303     -0.71299744627355      c
   -1.84838269647121     -2.65759743810621      1.91355557105730      h
   -2.49145082750298     -3.71845755912699     -1.16549803599357      h
    1.55743857259770     -1.97620188181477     -2.71477677118513      h
    1.96543611208278     -4.17263244619343     -0.24640138938995      h
    4.75628002896247     -0.98286734440523      0.87813683285235      h
    2.18773593447925     -0.25328377193584      2.82408419941186      h
   -3.07826559125690      4.08669148149770      0.67923370960486      h
   -1.37990636209361      2.10018303339922      2.72603009025728      h
   -4.84656169456647      0.11684554573786     -0.22597911916112      h
   -2.72076720300020      0.63777311843057     -2.75264121354426      h
  0.41620898750613D-02  0.61387067385463D-02  0.55330545209636D-02
  0.84685545282751D-02  0.10390921926801D-01  -.40670064648587D-02
  -.18518941837475D-01  0.32979433309909D-02  0.84658112857530D-03
  -.32286820509611D-01  -.12551276712272D-01  0.33556151793501D-02
  0.37056657130924D-01  0.94682024195544D-02  -.91460586144783D-02
  -.65031004855350D-02  -.98847323253906D-02  0.13442115225419D-02
  0.76016442014784D-02  -.23504460949930D-02  0.59690751326196D-02
  0.19003860234345D-02  0.78088391133771D-02  -.60385424077999D-02
  -.55808833009090D-03  -.30831312578718D-03  0.90515979153269D-03
  -.12418475790587D-03  -.57014941135278D-03  -.17067478033279D-02
  -.18772969819832D-02  -.88020701986304D-04  -.23109244561942D-02
  -.29404664987866D-03  -.24765029018339D-02  0.16575925315538D-02
  0.38303052319443D-02  -.57349409747537D-02  0.14345426443411D-03
  0.41884741868734D-02  0.19922805835761D-02  0.14615039086758D-02
  -.67089834160831D-02  -.93865633371156D-03  0.14287921257483D-02
  -.67428586335622D-03  0.20480563136886D-02  0.21046837084097D-02
  -.81864825802233D-03  -.25611441479040D-02  0.12200753987393D-02
  0.10872081794011D-02  -.36996123894650D-02  -.26936374474690D-02
  cycle =      2    SCF energy =     -385.0365018156   |dE/dxyz| =  0.130713
   -1.56460305623739     -2.22536415008132     -0.10164053923886      c
    1.24680146840182     -2.29277623524473     -0.67624995749390      c
    2.81364750927845     -0.36967178110152      0.84315234867604      c
    2.82482120349720      2.24620212009760     -0.35354112393688      c
    4.62165912334212      3.16311206859170     -1.17197264036572      o
    0.53937155359119      3.47240012762871     -0.46708732142533      o
   -1.74277027379672      2.52326904092076      0.71692212051400      c
   -2.84432096052988      0.27773625717911     -0.70091877054058      c
   -1.84726730284999     -2.65698660775815      1.91174753216285      h
   -2.49120174391430     -3.71732563039305     -1.16208168546160      h
    1.56118926602657     -1.97602519358251     -2.71015398711971      h
    1.96602629054704     -4.16767698352226     -0.24971501805142      h
    4.74861434780598     -0.97138803732367      0.87784947434887      h
    2.17935282980288     -0.25726429734771      2.82116132928406      h
   -3.06486471625428      4.08855967371501      0.67637649098216      h
   -1.37856952916795      2.09608250879682      2.72182121650359      h
   -4.84493242267556      0.12195423226231     -0.22841696373344      h
   -2.72295169714108      0.64516288716290     -2.74725250510412      h
  0.93761574686235D-03  0.11633252231856D-02  -.44982771959119D-02
  -.15507439375168D-02  -.35494893670051D-02  0.13911821819786D-02
  0.77991449251620D-02  -.16898747974877D-02  -.10161789569386D-02
  0.73602773553799D-01  0.42939081348138D-01  -.40259387320113D-01
  -.67517825223301D-01  -.42506882261809D-01  0.35887549304274D-01
  0.10132404064437D-02  -.59723192151682D-02  -.14495869011094D-02
  -.82306838468330D-02  0.31901100948770D-02  0.11831637548970D-02
  -.45353243009422D-03  0.70557985089859D-03  0.26782692408614D-02
  0.36951771309292D-04  0.52740898323074D-03  0.21398984566677D-02
  0.30522677140069D-02  0.42479350818578D-02  0.17230883541829D-02
  -.39938560852963D-03  0.14934885199395D-02  -.42628251527906D-02
  -.12239981578470D-02  0.38690526113244D-02  0.10172679453779D-03
  -.11222985492308D-01  0.13991491426553D-02  -.44800041005585D-03
  0.66144843029587D-03  0.14841147810707D-02  0.46714870454551D-02
  -.12604542813612D-02  -.49329324476784D-02  0.22803632298048D-02
  0.73867995153523D-03  0.65865140568668D-03  0.49725237557703D-02
  0.23527973489593D-02  -.11201210825226D-02  0.50142478746386D-05
  0.15310558520530D-02  -.19447471858841D-02  -.50798342493459D-02
  cycle =      3    SCF energy =     -385.0388375993   |dE/dxyz| =  0.085093
   -1.56480777543654     -2.22562865044650     -0.10093326930312      c
    1.24697454749291     -2.29228265896352     -0.67644329066463      c
    2.81251581050903     -0.36941869310253      0.84331649373472      c
    2.81262916883233      2.23902399219257     -0.34672060495287      c
    4.63275962850766      3.17025104479659     -1.17798673324738      o
    0.53926601810709      3.47352251654671     -0.46685466042874      o
   -1.74145177754671      2.52274994543997      0.71665712558184      c
   -2.84426542870541      0.27753147731557     -0.70131015027681      c
   -1.84726805867474     -2.65707406079406      1.91137372809009      h
   -2.49172041263102     -3.71804413695975     -1.16235659392223      h
    1.56127654200644     -1.97627852166564     -2.70940318348621      h
    1.96623786065055     -4.16830922218172     -0.24974985077079      h
    4.75048377941745     -0.97156398855626      0.87792429461112      h
    2.17919433948443     -0.25753797254099      2.82035029475281      h
   -3.06458099927692      4.08940845792285      0.67597313722085      h
   -1.37869000015376      2.09594770853633      2.72095213595473      h
   -4.84532571766775      0.12217044613998     -0.22843049482506      h
   -2.72322563518894      0.64553231632041     -2.74635837806830      h
  0.96857429517472D-03  0.13086606505239D-02  -.38194178145795D-02
  -.12484890688700D-02  -.27137791509062D-02  0.10707443153384D-02
  0.67577833114318D-02  -.68680251561183D-03  -.12200975731602D-02
  0.47372570534364D-01  0.26872726409988D-01  -.26854251797693D-01
  -.41817876929987D-01  -.28516213970435D-01  0.23719998591355D-01
  0.22954058068239D-03  -.45372468441798D-02  -.20143308178170D-02
  -.66623281448861D-02  0.24995151769573D-02  0.12054711934691D-02
  -.41297656865447D-03  0.73056496485974D-03  0.22713384001644D-02
  0.89980190668464D-04  0.58055703336413D-03  0.18367109563503D-02
  0.28847390522844D-02  0.40171630337407D-02  0.15275430065214D-02
  -.46489263677940D-03  0.13783542755563D-02  -.40197212557399D-02
  -.11534355246069D-02  0.34951972685914D-02  0.14011626870999D-03
  -.10101698556639D-01  0.76912799992101D-03  -.31685196225711D-03
  0.83817732342724D-03  0.16642746712484D-02  0.41860289257086D-02
  -.16119366762037D-02  -.44517924949339D-02  0.22407137383949D-02
  0.56550586222271D-03  0.68014952143321D-03  0.47546765996846D-02
  0.21591502449138D-02  -.11906366285895D-02  0.16670155506611D-04
  0.14977464824118D-02  -.19250834813823D-02  -.47184334455868D-02
  cycle =      4    SCF energy =     -385.0410568597   |dE/dxyz| =  0.017941
   -1.56708743250521     -2.22902173379633     -0.09552014416724      c
    1.24809410923474     -2.28980083086181     -0.67744854966837      c
    2.80307082406221     -0.37094770041544      0.84623054167216      c
    2.79086370184941      2.22949997013178     -0.32950332419785      c
    4.64456540639960      3.18882128848961     -1.19192774219529      o
    0.54131231620557      3.47933339516139     -0.46143019762744      o
   -1.73292444857426      2.51978090997697      0.71381254837205      c
   -2.84368668041111      0.27549711408065     -0.70434190162632      c
   -1.84755307042860     -2.65835467555245      1.90847986121459      h
   -2.49699415917079     -3.72538025480011     -1.16475412586843      h
    1.56249315807456     -1.97870191093983     -2.70191761945279      h
    1.96836292828475     -4.17408748243295     -0.25023694136876      h
    4.76729787943241     -0.97101873651035      0.87819069286490      h
    2.17677702180268     -0.26144892459872      2.81323664598997      h
   -3.06002178425779      4.09701670427175      0.67153103605403      h
   -1.37931963919519      2.09440340183888      2.71194931359157      h
   -4.84905337529816      0.12487607800169     -0.22857303785263      h
   -2.72619486577873      0.64953338795527     -2.73777705573412      h
  0.11271353257079D-02  0.21213266970274D-02  0.18042177964160D-02
  0.23015731121029D-03  0.19838688661895D-02  -.19948416173570D-02
  -.40427664215318D-02  0.14757881885358D-02  0.88747988614210D-03
  0.85533594939131D-02  0.23706506331494D-02  -.52788016874087D-02
  -.48467042973494D-02  -.67857101624170D-02  0.49513577820778D-02
  -.57440018304808D-03  -.17685334544633D-02  -.28812093830491D-02
  -.36732441266024D-03  -.14915407754558D-02  0.23321807917063D-02
  0.56975784607345D-03  0.73165539999254D-03  -.16548876699772D-02
  0.47917707929495D-03  0.10284059291703D-02  -.61903380719450D-03
  0.15326713694006D-02  0.21605413789418D-02  -.75253602351333D-04
  -.72234529554316D-03  0.64289874110162D-03  -.14740116162194D-02
  -.45764002044816D-03  0.97227201913723D-03  0.49726374216525D-03
  -.17253557560892D-02  -.19033042552260D-02  -.18764820799695D-03
  0.20331665168227D-02  0.19758984398547D-02  0.50060906853906D-03
  -.34462440296196D-02  -.13989079980416D-02  0.19483121861943D-02
  -.16008824925728D-03  0.10867055780509D-02  0.24401817140156D-02
  0.63525455439353D-03  -.14636369312044D-02  0.17727304268353D-03
  0.11039707628267D-02  -.17581010734253D-02  -.13814253266866D-02
  cycle =      5    SCF energy =     -385.0413980237   |dE/dxyz| =  0.013219
   -1.57094352524348     -2.23587650154415     -0.10042441137563      c
    1.24606480266605     -2.29648369265369     -0.67183913536830      c
    2.81534194212800     -0.37574292418815      0.84438629905710      c
    2.78193313653054      2.23035713271053     -0.31950629766991      c
    4.64226896074167      3.20142508009548     -1.20006614729603      o
    0.54443999617031      3.48575088982080     -0.45360642016586      o
   -1.73274670030483      2.52369275323515      0.70659142156979      c
   -2.84537039937639      0.27199870283803     -0.69948290479709      c
   -1.84870071659387     -2.66103728724093      1.90953910830166      h
   -2.50143411387312     -3.73156428212270     -1.16453684776098      h
    1.56479920059698     -1.98057268300688     -2.69690016437083      h
    1.96981663704551     -4.17672385049520     -0.25183403611038      h
    4.77283559838640     -0.96499932587425      0.87862391350091      h
    2.17060526901096     -0.26728319510754      2.81091143341201      h
   -3.04959112289127      4.10152499600256      0.66585538968103      h
   -1.37885187531565      2.09113347890190      2.70436336732361      h
   -4.85094152046191      0.12933097868481     -0.22925958988834      h
   -2.72952367948981      0.65506972994423     -2.73281497804271      h
  0.20604661647067D-03  0.61196520527226D-03  -.22043338587102D-02
  -.14067468494183D-02  -.20749963938055D-04  0.77708719251701D-03
  0.33876626081403D-02  -.46697818223806D-03  -.13331391896694D-02
  -.43048888149458D-02  -.35518721822167D-02  0.24317234502306D-02
  0.51686386336035D-02  -.33440797791176D-03  -.10206489155763D-02
  0.30371832089257D-03  -.42109451137490D-03  -.28506005803945D-02
  -.13258660124683D-02  0.10070852327874D-02  -.68450784121261D-03
  -.14268722757238D-03  -.86452990409819D-03  0.13345747409727D-02
  0.62754634627953D-03  0.11014363576341D-02  0.68969702509095D-03
  0.17358066839519D-02  0.25683534739364D-02  0.52482029544674D-03
  -.47576835575470D-03  0.10073761468551D-02  -.17895971867531D-02
  -.62882309675332D-03  0.21860488717009D-02  -.58397673585383D-04
  -.44053441575116D-02  -.83128933697215D-03  -.17607763851644D-05
  0.56587257306431D-03  0.21609361852657D-02  0.14601264835939D-02
  -.16369311640740D-02  -.23962943280145D-02  0.20436683980291D-02
  0.12489972260823D-03  0.48418589896419D-03  0.23860636194091D-02
  0.95324913597089D-03  -.12279190579114D-02  -.33486048481265D-03
  0.11855642612329D-02  -.10407508039786D-02  -.13841001308223D-02
  cycle =      6    SCF energy =     -385.0416325818   |dE/dxyz| =  0.013616
   -1.57361146256759     -2.24115201910855     -0.09810061470996      c
    1.24813019723028     -2.30007889677524     -0.67045586735416      c
    2.81452681693128     -0.37714121149134      0.84626069840976      c
    2.77930656231191      2.23440224132660     -0.31558817069179      c
    4.63637477089928      3.21324699650748     -1.20578539196217      o
    0.54531032956398      3.49078249857354     -0.44288941886944      o
   -1.72929480344915      2.52347678385571      0.70400613133811      c
   -2.84602142495201      0.27193079251615     -0.69979256934766      c
   -1.85075658044778     -2.66504540352085      1.90852057706264      h
   -2.50791651251910     -3.74094396703696     -1.16562409427271      h
    1.56716769973600     -1.98394403672069     -2.68995047247749      h
    1.97208109101734     -4.18323775064224     -0.25260512928471      h
    4.78616478868237     -0.95982456188134      0.87890308564291      h
    2.16583977890462     -0.27543452018006      2.80617426491256      h
   -3.04004176003171      4.10960752968295      0.65799124397341      h
   -1.37891969669455      2.08817247929947      2.69460813192353      h
   -4.85421682409704      0.13461300043736     -0.22888861062975      h
   -2.73412108079203      0.66057004515802     -2.72678379366301      h
  0.23334767467625D-03  0.67567618568692D-03  0.51310275900755D-03
  -.57005954312774D-03  0.82237390783986D-03  -.54723700506771D-03
  -.98577182620996D-03  -.27691013746250D-03  0.49327627681099D-03
  -.69300069411748D-02  -.46827748939107D-02  0.42444352376278D-02
  0.73159633460930D-02  0.20742555915641D-02  -.29076447774166D-02
  -.34681479803345D-03  -.16344112723138D-03  -.18747263789802D-02
  0.70257018630004D-03  -.25973739730822D-03  -.29689666014215D-04
  0.22605669425441D-03  -.35379052965587D-03  -.17375048892032D-03
  0.81689133693538D-03  0.12479681561717D-02  -.32339744554107D-03
  0.63792263565691D-03  0.94128323176672D-03  -.54533511285446D-03
  -.55175220444639D-03  0.78747764705355D-03  -.10673180874574D-03
  -.45226743434061D-03  0.13809172748501D-02  -.13721422369508D-03
  -.41622344624397D-03  -.16010636637299D-02  -.92577823227159D-04
  0.66027036415109D-03  0.18236978794038D-02  -.23482902284726D-03
  -.14930620487229D-02  -.11859279578981D-02  0.15839931700477D-02
  0.60634675524349D-04  0.68489574700594D-03  0.25983683173351D-04
  0.13385525024745D-03  -.12013629631015D-02  -.37015233845711D-03
  0.89364641134800D-03  -.74689125126318D-03  0.46840026618260D-03
  cycle =      7    SCF energy =     -385.0418194146   |dE/dxyz| =  0.009010
   -1.57683277191646     -2.24785103785345     -0.09869490025840      c
    1.25061335906520     -2.30564218733877     -0.66708121097940      c
    2.81888217134587     -0.37740214272369      0.84543319358292      c
    2.78010986437158      2.24042817781375     -0.31486759624780      c
    4.62638878375589      3.22597516801249     -1.21014910709868      o
    0.54728299705530      3.49707080059667     -0.42972616326741      o
   -1.72833409495494      2.52427891482818      0.70097259999695      c
   -2.84743881349549      0.27191336613051     -0.69875369562694      c
   -1.85464188266399     -2.67174639558542      1.90872864707354      h
   -2.51477926282615     -3.75086848401418     -1.16465381360058      h
    1.57074758769884     -1.98888599144702     -2.68410262841109      h
    1.97523257235063     -4.19221385652420     -0.25295970348355      h
    4.79754761348580     -0.95091937370490      0.87950763427132      h
    2.15978421364430     -0.28699676397841      2.80299749006641      h
   -3.02781985905872      4.11951075212171      0.64720481835248      h
   -1.37920533909562      2.08359688293737      2.68692206683221      h
   -4.85714241668417      0.14236442553912     -0.22766665788959      h
   -2.74039283235176      0.66738774519024     -2.72311097331232      h
  -.93663472958715D-04  -.16922301551814D-04  0.46422150555112D-03
  -.42544185300091D-03  0.11316166094355D-02  -.22223407075113D-03
  -.12979739230067D-02  -.19912054125706D-03  0.45005300968665D-03
  -.42338481507244D-02  -.28702143636064D-02  0.29821154470844D-02
  0.41009058994621D-02  0.16852002129339D-02  -.20942325410842D-02
  -.44506889715795D-03  0.10168371997200D-03  -.72632192701649D-03
  0.84948202769233D-03  -.62469283829431D-03  -.39225456725223D-03
  0.19044307267582D-03  -.11296731291421D-03  0.95475404608490D-04
  0.81867295641472D-03  0.10785081947329D-02  -.89433823076121D-04
  -.87481549183879D-04  -.46080675664278D-04  -.83363218776669D-03
  -.46820882605368D-03  0.83699435987496D-03  0.71304559730466D-03
  -.20806238866015D-03  0.44060071417548D-03  -.31632561621468D-03
  0.11438846835854D-02  -.14812474082458D-02  -.85301965883008D-04
  -.57790900434854D-04  0.11434530319730D-02  -.22429468863457D-03
  -.65425116069983D-03  -.41833056205402D-03  0.10102486314711D-02
  0.40098055373428D-03  0.51083550742128D-03  -.14047609890869D-02
  -.27425318988943D-03  -.95251289215073D-03  -.51572338376749D-03
  0.68083075479265D-03  -.24482347763965D-03  0.11753627704209D-02
  cycle =      8    SCF energy =     -385.0419078145   |dE/dxyz| =  0.003485
   -1.57808547501886     -2.25095432252810     -0.09893895085880      c
    1.25361787712716     -2.31161782040133     -0.66548449997598      c
    2.82303983635534     -0.37653576285207      0.84436488848491      c
    2.78232557435433      2.24567258458739     -0.31770069314742      c
    4.61945736255420      3.23353085862481     -1.21136309525101      o
    0.54926686870355      3.50064461322047     -0.42086944386266      o
   -1.72909051096832      2.52599410191363      0.70104384643708      c
   -2.84859724101561      0.27227145781981     -0.69947902437087      c
   -1.85915141966184     -2.67851022898599      1.90840420075544      h
   -2.51832687625152     -3.75631274876788     -1.16190859811754      h
    1.57401386254010     -1.99432028363092     -2.68277769609440      h
    1.97755767215017     -4.19838295754159     -0.25208176839033      h
    4.80146035343651     -0.94215576362663      0.88008083108967      h
    2.15722736652023     -0.29644241992622      2.80100068885383      h
   -3.01980054916581      4.12642215781473      0.63838281624537      h
   -1.38090318887476      2.07974087782846      2.68683534937621      h
   -4.85808557020882      0.14930637982114     -0.22532603995509      h
   -2.74592405284995      0.67164927663026     -2.72418281121831      h
  -.29248559742351D-03  -.96463057625978D-04  0.36698282532277D-03
  -.14173985978632D-03  -.30612161988471D-04  0.22217808142794D-03
  0.20140405354396D-03  -.89404955632033D-04  0.72520057188331D-03
  0.34078639004156D-03  0.48244224920510D-03  -.19055157048849D-03
  -.73800824746839D-03  -.29678392754556D-03  0.14316196400654D-03
  0.50511564929575D-04  -.18306383442757D-03  -.45602376979315D-04
  -.17025338525795D-04  0.65955356419289D-04  -.52537997869444D-03
  -.20029960317387D-03  -.36674783672243D-03  0.11930365979532D-03
  0.63414529269532D-03  0.66721946483903D-03  0.14995311374996D-03
  -.40285872039342D-03  -.50047390696718D-03  -.70214553464047D-03
  -.34817801267248D-03  0.10080853689264D-02  0.66159843374256D-03
  -.23813262592895D-03  0.37074243451289D-03  -.52007751929792D-03
  0.46377574496848D-03  -.87225860653749D-03  -.55709614741240D-04
  -.48660563075047D-03  0.47340562792877D-03  -.40501392203005D-05
  0.97119820033971D-04  -.25845980533870D-03  0.48470812967175D-03
  0.82355388092402D-03  0.99296804899406D-04  -.12620137645892D-02
  -.31922365515803D-03  -.60535382585450D-03  -.51464324808231D-03
  0.51406808367741D-03  0.91623313302284D-04  0.93441536846997D-03
  cycle =      9    SCF energy =     -385.0419341621   |dE/dxyz| =  0.004094
   -1.57782535163370     -2.25169742508793     -0.09962367781172      c
    1.25501356182504     -2.31339836316224     -0.66553861727010      c
    2.82358870477266     -0.37605630746963      0.84259661109462      c
    2.78321579865369      2.24699064017762     -0.31881250515980      c
    4.61793759043534      3.23610609929926     -1.21162080108687      o
    0.54971845036560      3.50201942649539     -0.41781052724435      o
   -1.72922212709655      2.52634646312157      0.70229069841240      c
   -2.84851916748489      0.27327474367975     -0.70009451129749      c
   -1.86196702264449     -2.68212992426859      1.90795443140391      h
   -2.51867026948487     -3.75710322995348     -1.15958223640896      h
    1.57578969842099     -1.99823923601118     -2.68370855082749      h
    1.97881828158442     -4.20122098591156     -0.25067398139748      h
    4.80191332640874     -0.93751749984247      0.88037400038918      h
    2.15746926662433     -0.30052143131490      2.80031860218638      h
   -3.01746430122720      4.12923108958797      0.63447252462031      h
   -1.38321506212482      2.07830772172448      2.68940268279294      h
   -4.85775750879214      0.15281242780758     -0.22346096879553      h
   -2.74882197887604      0.67279579112831     -2.72648317359986      h
  -.27863249374666D-03  -.39754519667353D-03  -.14672740141778D-03
  -.10761543202963D-03  0.13534148791347D-03  0.41793937025858D-03
  0.48658349917757D-03  -.17592381587161D-04  0.34277755174057D-03
  0.17595970744919D-02  0.10582215244466D-02  -.10020163244412D-02
  -.19152242469150D-02  -.73177254040836D-03  0.69807437330283D-03
  -.47311602003330D-05  -.15143109553684D-03  -.10326041663067D-04
  -.12532367106497D-03  -.56232059099274D-04  -.39680132796579D-03
  -.26219748699985D-03  -.22365953098868D-03  0.27031798292459D-03
  0.40584312361116D-03  0.35546873322004D-03  0.44376580559691D-03
  -.28835353044289D-03  -.30727498726342D-03  -.25985841809859D-03
  -.28350126482835D-03  0.10296340527292D-02  0.48130712310034D-03
  -.11615272716689D-03  -.33868564322068D-04  -.49713374399559D-03
  0.87473457304685D-04  -.54411761090649D-03  0.55267655938199D-04
  -.55600253560129D-03  0.19583237383439D-03  0.30458798050715D-03
  0.15934146010360D-03  0.32189603620444D-04  0.19894121318791D-03
  0.92512088883852D-03  -.11178572257640D-03  -.84279165396958D-03
  -.36336826179082D-03  -.43151317832648D-03  -.46332976631642D-03
  0.41770609403289D-03  0.15821490244280D-03  0.39386515787757D-03
  cycle =     10    SCF energy =     -385.0419702081   |dE/dxyz| =  0.003091
   -1.57652779384568     -2.25097026473055     -0.09992890129291      c
    1.25713423828513     -2.31662233692894     -0.66700248801919      c
    2.82300946254162     -0.37563229892876      0.83932204752341      c
    2.78279892551412      2.24825223389828     -0.31935894290915      c
    4.61799415099494      3.23906471691751     -1.21199417668789      o
    0.55053371107903      3.50378363977288     -0.41365947567864      o
   -1.72946561434896      2.52746820392999      0.70508902980038      c
   -2.84751422402128      0.27525232827469     -0.70173589299782      c
   -1.86686129662902     -2.68782169751274      1.90577396793116      h
   -2.51813901538701     -3.75714081588720     -1.15599253909665      h
    1.57902723277326     -2.00689310863190     -2.68666640214787      h
    1.98069049375502     -4.20425867664792     -0.24713088579702      h
    4.80189542561386     -0.92972036885040      0.88042905566947      h
    2.15968806705235     -0.30627772711208      2.79844516880959      h
   -3.01496070612283      4.13219571151621      0.62900381617683      h
   -1.38948316841686      2.07702089834258      2.69549246166117      h
   -4.85590343714421      0.15869064562126     -0.21947743971617      h
   -2.75391456196736      0.67360891695698     -2.73060840322860      h
  -.36619255019882D-04  -.18941722436209D-03  -.13460857719350D-04
  0.12340767100896D-04  -.13209718563133D-04  0.31019334868276D-03
  0.30216012211109D-03  0.88883160609121D-04  0.51717886551728D-04
  0.14110337648377D-02  0.70776864240049D-03  -.88408522385809D-03
  -.12865139998123D-02  -.25892499938443D-03  0.39571203124777D-03
  0.28573931776410D-04  -.22876847351816D-03  -.23774548188388D-03
  -.31084252009728D-03  0.68792064246759D-04  -.24035881855788D-04
  -.23228994002256D-03  -.13517246415143D-03  0.26055659807319D-04
  0.22921329173343D-05  -.15448344339836D-03  0.39545659144247D-03
  -.12967478103360D-03  -.18437065982760D-03  0.32249916786387D-03
  -.16857041325978D-03  0.97815125479886D-03  0.17486030729326D-03
  0.66760355506429D-05  -.27611628260557D-03  -.47339037849879D-03
  -.37416464441187D-03  -.80853199557685D-04  0.29335761873628D-03
  -.34149035858821D-03  -.10916072805202D-03  0.42583250518148D-03
  0.30777011500050D-03  0.16635920605909D-03  -.16488702034850D-03
  0.93232636173016D-03  -.44181331825883D-03  0.82758494727740D-04
  -.38283046414261D-03  -.12652855548837D-03  -.33140020552591D-03
  0.20015656519817D-03  0.14579603823058D-03  -.36194663376811D-03
  cycle =     11    SCF energy =     -385.0419899181   |dE/dxyz| =  0.002121
   -1.57562737996867     -2.24991063557978     -0.10065439554550      c
    1.25811910480386     -2.31833719935240     -0.66869095211679      c
    2.82225699771355     -0.37581120919645      0.83702396662848      c
    2.78131899900083      2.24852764098409     -0.31866835573745      c
    4.61921349894057      3.23927444408211     -1.21167586311841      o
    0.55091664870616      3.50518605737117     -0.41079080695988      o
   -1.72897582363237      2.52799693727686      0.70673022480831      c
   -2.84619394420583      0.27684730927362     -0.70245528715752      c
   -1.86958276620038     -2.69038976335852      1.90347036088030      h
   -2.51707471432597     -3.75604702757574     -1.15490973666788      h
    1.58135265698064     -2.01497987336328     -2.68932377290050      h
    1.98163315461251     -4.20478235907903     -0.24347030104979      h
    4.80224427595608     -0.92508191433476      0.87942877870670      h
    2.16215781581330     -0.30888872782271      2.79637276423877      h
   -3.01491886018527      4.13290970589242      0.62676142356680      h
   -1.39617930887242      2.07789358338135      2.69909303551518      h
   -4.85337244296805      0.16223745097641     -0.21612463491781      h
   -2.75728602244240      0.67335558042450     -2.73211644817291      h
  0.27274256761967D-05  -.43118442169254D-04  0.13213147043314D-03
  0.39941572164720D-04  -.41772498252435D-04  -.10975798958987D-04
  -.77478258801916D-04  0.62638511843557D-04  0.16273073546699D-03
  -.15283262223507D-03  -.87937928596044D-05  -.12628727274598D-03
  0.22860539670932D-03  0.41383001274836D-03  -.27335407712539D-03
  -.36535598470111D-04  -.29355288591240D-03  -.44858380186723D-03
  0.13001514590349D-03  -.21245265017679D-03  0.32478968833496D-03
  -.21282992628877D-03  0.57273958795068D-04  -.23029352355838D-03
  -.23060791576856D-03  -.38011222718791D-03  0.22780450735757D-03
  0.76565453674141D-04  -.22162397223177D-04  0.69894232960171D-03
  -.12389158731889D-03  0.81055212260264D-03  0.39303134178645D-04
  0.76878592839877D-04  -.22616548827883D-03  -.45313597495549D-03
  -.43479711324629D-03  0.12859359150628D-03  0.45159176939081D-03
  -.41125826887074D-04  -.15505624738301D-03  0.18339442048077D-03
  0.21187011396928D-03  0.29570151247425D-03  -.24412753959857D-03
  0.66400479647857D-03  -.47536525368407D-03  0.35876223590719D-03
  -.22793472326371D-03  0.36266406573683D-04  -.28662160174561D-03
  0.47974436968982D-04  0.98796077821520D-05  -.51998024321948D-03
  cycle =     12    SCF energy =     -385.0420093511   |dE/dxyz| =  0.002828
   -1.57475817861487     -2.24889121536102     -0.10201405362957      c
    1.25882026470096     -2.31964278463023     -0.67006700672418      c
    2.82197963781948     -0.37612691625522      0.83398688465938      c
    2.78019382545113      2.24825347165990     -0.31726777786228      c
    4.61994693979954      3.23829678999905     -1.21064060298989      o
    0.55137020763591      3.50773029995549     -0.40657725140913      o
   -1.72922157311533      2.52930412451851      0.70698599113855      c
   -2.84417901794614      0.27803966974627     -0.70214245822128      c
   -1.87127936314540     -2.69141839082637      1.90060736326386      h
   -2.51634221272586     -3.75487320406466     -1.15639966001575      h
    1.58397693435507     -2.02543959382986     -2.69200018245857      h
    1.98225560719643     -4.20460697305680     -0.23836416170929      h
    4.80401164563266     -0.92121120095964      0.87683988943451      h
    2.16452617232546     -0.31076836652555      2.79397331845347      h
   -3.01568232704150      4.13249420823782      0.62551532572834      h
   -1.40476252280182      2.08037572218252      2.70132840798793      h
   -4.85026511500818      0.16537607522592     -0.21193345814637      h
   -2.76058903479139      0.67310828398370     -2.73183056749961      h
  0.29762199179273D-04  0.21311411025804D-03  0.32277704077230D-03
  -.65417787735396D-04  0.17984772278652D-03  -.14978679232430D-03
  -.55168839019853D-03  0.15236158284376D-03  -.56237297809611D-04
  -.99856831201076D-03  -.72272905264720D-03  0.57461591765290D-03
  0.11101719654621D-02  0.68978582695500D-03  -.65139487901167D-03
  -.22994222738515D-03  -.21486314342989D-03  -.57254918216931D-03
  0.13663176502057D-03  -.84549238931253D-04  0.14519427567417D-03
  0.93747236685260D-04  0.65716802436472D-04  -.22110871436218D-03
  -.36843607756493D-03  -.41175239092056D-03  -.22413109086246D-04
  0.13253203866838D-03  -.84239473614026D-04  0.79119483020694D-03
  -.85317070572452D-04  0.55514287311079D-03  -.10498404158220D-03
  0.15804162559149D-03  -.13889973962930D-03  -.45118664838351D-03
  -.12391473227252D-03  0.23918884709805D-03  0.56826188873878D-03
  0.13088004781422D-03  -.12798157586092D-03  0.87814774043168D-04
  0.41131801030947D-03  0.11924156887461D-05  -.86695295609947D-04
  0.32752567336735D-03  -.43472781852603D-03  0.46075662229858D-03
  -.86380687907055D-04  0.19634344967578D-03  -.25665867138445D-03
  -.80357941699319D-04  -.11786067245639D-03  -.39374095563403D-03
  cycle =     13    SCF energy =     -385.0420353010   |dE/dxyz| =  0.002626
   -1.57367853219175     -2.24840566089864     -0.10490465001479      c
    1.26025477428816     -2.32255060064445     -0.67153512395666      c
    2.82369168372894     -0.37710222779529      0.83007603733088      c
    2.77891549199045      2.24875977752993     -0.31564542131430      c
    4.61977712562193      3.23650952820009     -1.20841593785649      o
    0.55304458484050      3.51267359916523     -0.39793631568175      o
   -1.72986064481158      2.53140760571636      0.70684570662182      c
   -2.84179088607533      0.27937843004285     -0.70104815079400      c
   -1.87227618426463     -2.69139543676909      1.89640906695103      h
   -2.51607865144442     -3.75319215851763     -1.16186028141216      h
    1.58819703719800     -2.04293848204919     -2.69512922405929      h
    1.98255955094233     -4.20402345518360     -0.22913157331848      h
    4.80754399398386     -0.91648189513275      0.87076004375233      h
    2.16730998813732     -0.31323894306385      2.78979858362744      h
   -3.01830087430868      4.13232590109984      0.62368553367633      h
   -1.41848108011339      2.08559400619249      2.70242868133509      h
   -4.84560898028543      0.16924436250999     -0.20477578702882      h
   -2.76521650751010      0.67343564959753     -2.72962118785806      h
  0.13586180469621D-04  0.38563231079562D-03  0.50854259432453D-03
  -.13913738855051D-03  0.46946113227767D-04  -.32653259428855D-03
  -.28616683770932D-03  0.49385938012236D-04  0.14274958513033D-03
  -.11766321420502D-02  -.48194990958548D-03  0.59181196929214D-03
  0.88859976842304D-03  0.19976478396001D-03  -.38089611629780D-03
  -.50963455264452D-04  -.15326696115220D-03  -.56720524291914D-03
  0.34473704498283D-03  -.23307851286183D-03  0.94831332663275D-04
  0.13766602297940D-03  0.30414956781050D-04  -.18008023032684D-03
  -.42584460696153D-03  -.24216517739166D-03  -.28548806276901D-03
  0.67966367063493D-04  -.29854906475608D-03  0.61659518952230D-03
  -.10554790470413D-03  0.15663115853180D-03  -.20831145921901D-03
  0.13616947969948D-03  0.38150157655042D-03  -.51002172421576D-03
  0.30650803807736D-04  0.43726442616554D-03  0.57508158285781D-03
  0.19381736033386D-03  -.42141906800588D-04  -.16781866564359D-03
  0.46874561693916D-03  -.21173282245358D-03  0.23728719943766D-03
  -.24321838806866D-03  -.19204653905812D-03  -.44613688648304D-04
  0.26631539451669D-03  0.40998105364276D-03  -.23573814683562D-03
  -.17954562523720D-03  -.28992971683754D-03  0.12027594652104D-03
  cycle =     14    SCF energy =     -385.0420516126   |dE/dxyz| =  0.001947
   -1.57308648287010     -2.24935601232940     -0.10821932715118      c
    1.26169599155901     -2.32462792329342     -0.67157512569057      c
    2.82538502900391     -0.37788443713165      0.82711507354811      c
    2.77924674257949      2.24914789191187     -0.31489736529170      c
    4.61906615530843      3.23610034436792     -1.20695134498528      o
    0.55425408105692      3.51685936887912     -0.38997863167170      o
   -1.73115503986610      2.53354189923445      0.70623233858665      c
   -2.84052541327413      0.28009863989899     -0.69978186552376      c
   -1.87142137842464     -2.69042039473591      1.89425341964891      h
   -2.51633047137518     -3.75136245136762     -1.16798051288680      h
    1.59144005652088     -2.05562263245644     -2.69628952866289      h
    1.98231976023157     -4.20488160239563     -0.22109107997877      h
    4.81061285306752     -0.91486975255139      0.86459907712024      h
    2.16852540138154     -0.31475161213666      2.78715164378086      h
   -3.02157953188583      4.13294012381079      0.62168314014150      h
   -1.42723122339069      2.08992349793671      2.70277782875981      h
   -4.84336847664272      0.17049707864603     -0.19909970903218      h
   -2.76784616325368      0.67466797371206     -2.72794803071115      h
  -.15926576823891D-03  -.12293708966502D-03  -.12843376768987D-03
  -.84435964824353D-04  0.37602178349185D-03  -.17620007200537D-03
  -.13407507209463D-03  0.24474546023334D-04  0.60639172515226D-04
  -.17714510589553D-03  -.11395830755238D-03  0.16030307080378D-03
  -.24046689924839D-05  -.43534485844987D-03  0.14409362562723D-03
  -.12621539165467D-03  -.39347141657251D-04  -.31837396799608D-03
  0.32323745510965D-03  -.21774629381692D-03  -.33268850691112D-03
  0.22732235665897D-03  0.15434561011468D-04  0.17625264351866D-03
  -.36406035690539D-03  -.16039939569640D-04  -.16867143418947D-04
  0.63722083536569D-04  -.22175630521953D-03  0.48241671549036D-03
  -.18930409547258D-03  -.78698141192778D-04  -.24041520099462D-03
  0.15909012872456D-03  0.42810918593010D-03  -.47718646659659D-03
  0.29552731161916D-03  0.48616225509389D-03  0.45717965611911D-03
  0.22121183802678D-04  -.54015408389538D-05  -.10419980823098D-03
  0.39392609409920D-03  -.23573677197396D-03  0.45483801540796D-03
  -.44323303218264D-03  -.60245962477985D-04  -.34140902685773D-03
  0.27611719660317D-03  0.49003037006773D-03  -.13402891648721D-03
  -.13939203183550D-03  -.32224750566297D-03  0.31285113775033D-03
  cycle =     15    SCF energy =     -385.0420648701   |dE/dxyz| =  0.002210
   -1.57208608287461     -2.24957597261285     -0.11021327808939      c
    1.26311854149500     -2.32766961704142     -0.67106353046504      c
    2.82716847053255     -0.37858862735150      0.82453667951252      c
    2.77993034922002      2.24987797000793     -0.31472089416404      c
    4.61841483513608      3.23725541942596     -1.20628747585715      o
    0.55567174744945      3.52044164107369     -0.38238274653898      o
   -1.73329289466330      2.53605058830574      0.70675166250688      c
   -2.84019672693829      0.28056915381569     -0.69937266494305      c
   -1.86958438920662     -2.68961300534167      1.89238159774963      h
   -2.51687933276700     -3.74942586436290     -1.17461141213218      h
    1.59473323958346     -2.06580079694326     -2.69639495394720      h
    1.98162406369666     -4.20692677896121     -0.21302901199952      h
    4.81235833545102     -0.91505435298902      0.85812467294092      h
    2.16941316499954     -0.31604147490134      2.78522686946307      h
   -3.02531699500196      4.13413150625974      0.61854092423307      h
   -1.43302971274769      2.09364018662793      2.70397088436850      h
   -4.84240817198768      0.17000288229509     -0.19406531126923      h
   -2.76963655165042      0.67672714269323     -2.72739201136875      h
  0.15445617130849D-05  -.95292497395594D-04  0.92449498420082D-04
  -.40504498701077D-04  0.21235006446160D-03  -.57851695390021D-04
  0.25708392572954D-03  0.52969814406112D-04  -.28298816736851D-04
  0.68392647570772D-03  0.26920256561351D-03  -.29128363558750D-03
  -.67692991811075D-03  -.81286540353700D-03  0.52564032977165D-03
  0.79215550903150D-04  -.42716511486907D-05  -.90797621819183D-04
  0.18426701354116D-04  0.72474456549385D-04  -.40914659549206D-03
  0.11849413332220D-03  -.23668054625845D-03  0.12248701439843D-03
  -.19185897939434D-03  0.19344567939625D-03  0.27054274249309D-05
  -.17615356905040D-03  -.46621798363649D-03  -.27535827029773D-05
  -.24263422733590D-03  -.13534194420135D-03  -.25296059468079D-03
  0.15856101805747D-03  0.43688476022627D-03  -.41150688627621D-03
  0.23673025506352D-03  0.50066180847753D-03  0.27423049396869D-03
  -.23833412824362D-03  -.19505182542144D-05  0.10195816862108D-03
  0.26206832578991D-03  -.24859135914333D-03  0.48505990902838D-03
  -.38108648912711D-03  -.27784744915386D-04  -.44368786781375D-03
  0.13030496803616D-03  0.50992972293390D-03  0.66867300596152D-04
  -.57048259779497D-04  -.26998089467047D-03  0.29501186161232D-03
  cycle =     16    SCF energy =     -385.0420778626   |dE/dxyz| =  0.002022
   -1.57117018024677     -2.24958855790957     -0.11287499679802      c
    1.26462994730464     -2.33127814106911     -0.67026699395882      c
    2.82817902651756     -0.37957006069257      0.82216236874875      c
    2.78030690887106      2.25094799114160     -0.31479322706658      c
    4.61815319410916      3.23984806610366     -1.20637428312370      o
    0.55674322295028      3.52368595275604     -0.37474616978635      o
   -1.73556463269462      2.53820250742014      0.70864858868802      c
   -2.84033604191372      0.28192233697024     -0.69922526172871      c
   -1.86701994925110     -2.68937088937844      1.89076651539753      h
   -2.51665065968926     -3.74565231976611     -1.18104875633952      h
    1.59871137787598     -2.07511684455676     -2.69568564947927      h
    1.98029375293698     -4.21030945784655     -0.20371662022984      h
    4.81290722934726     -0.91716181654672      0.85078614164709      h
    2.17112165583472     -0.31709856205440      2.78314164235013      h
   -3.03011358102683      4.13599624175300      0.61395241035086      h
   -1.43727453491971      2.09746192965025      2.70669818934586      h
   -4.84188097675131      0.16751071601316     -0.18946912983748      h
   -2.77103386952813      0.67957090801198     -2.72795476817992      h
  -.84474677866431D-04  -.46321886416395D-03  -.26317541287718D-03
  0.11775185638241D-03  0.64101812204287D-04  -.23551957879175D-04
  0.31367335184593D-03  -.50405797752742D-05  0.19782699290611D-03
  0.81309788041709D-03  0.38209146376487D-03  -.44494682400706D-03
  -.50025009325816D-03  -.65841120973671D-03  0.47282113286495D-03
  0.26863400094700D-03  0.80527433555799D-05  0.12107678390938D-03
  0.17690524043489D-04  -.10742714467174D-03  -.19324093039771D-03
  -.15945590305932D-03  -.12132356623823D-03  0.10301021989672D-03
  0.17412878775155D-04  0.30071132251512D-03  0.30668744839551D-03
  -.10514830956865D-03  -.23305436972542D-03  -.15550311443718D-03
  -.32483102702558D-03  -.89755148383018D-04  -.18253838176287D-03
  0.20072843327849D-03  0.21761961983842D-03  -.24229510544221D-03
  0.13031211768552D-03  0.40938405824383D-03  0.57935621895738D-04
  -.37714320059785D-03  0.31306051241319D-05  0.70343168536180D-04
  -.21589030275318D-03  0.11104564217933D-03  0.29098931666444D-03
  -.17646110188095D-03  -.26668488609365D-04  -.39830596761701D-03
  -.48982375892619D-04  0.39268250218504D-03  0.29707696239771D-03
  0.55572519371980D-04  -.23688944038543D-03  -.36105266264116D-04
  cycle =     17    SCF energy =     -385.0420859548   |dE/dxyz| =  0.001310
   -1.57030407930295     -2.24814861031593     -0.11380027471718      c
    1.26510942538488     -2.33355136272651     -0.66954034440458      c
    2.82795769229573     -0.38015358820571      0.82006026125738      c
    2.78005192813765      2.25148783394380     -0.31468209419961      c
    4.61777018770645      3.24241126712813     -1.20701433512871      o
    0.55646126408882      3.52522763537998     -0.37088816442987      o
   -1.73725341698319      2.53989366911400      0.71046677558336      c
   -2.84003457716686      0.28308660465099     -0.69942479138131      c
   -1.86546105838183     -2.69018791891175      1.88911977741916      h
   -2.51605974034180     -3.74244524264281     -1.18420307775216      h
    1.60200065303746     -2.07977772447609     -2.69472315474715      h
    1.97877546268384     -4.21307922715339     -0.19754212207218      h
    4.81221758854289     -0.91996125793246      0.84630717388153      h
    2.17328264779471     -0.31758558207165      2.78206511885340      h
   -3.03242989103318      4.13665285744666      0.61032749166721      h
   -1.43869775346772      2.09968212679420      2.70991521077589      h
   -4.84157518020437      0.16446254641316     -0.18787218404236      h
   -2.77180926306435      0.68198597356523     -2.72857126656281      h
  -.50979822544650D-04  -.21425349329343D-03  -.19275484315767D-04
  0.78179074581103D-04  0.52118613021873D-05  0.59420060854742D-05
  -.75723113427961D-05  0.42342520895272D-04  0.20283648432370D-04
  0.43941504814311D-03  -.28878088536896D-04  -.57101337237234D-04
  0.23011689358669D-03  -.15508658317120D-03  0.62580030008724D-04
  0.10523148943994D-03  0.21151595649360D-04  0.18533360247623D-03
  -.21662106391120D-03  0.20010970245760D-03  -.19641669794893D-03
  -.96399906317740D-04  -.11541330720134D-03  -.11789845617870D-03
  0.16655487153999D-03  0.25608266904277D-03  0.22321717013724D-03
  -.65783335113662D-04  -.16483907410768D-03  -.23714312682954D-03
  -.28935492556215D-03  0.28917880637667D-04  -.14775905037768D-03
  0.28180115329305D-03  -.11214853720647D-03  -.90317494124120D-04
  0.98168760658888D-04  0.24087042629131D-03  -.52597049120156D-05
  -.38644940576867D-03  0.52996213023224D-06  0.11598547602486D-03
  -.24988196501808D-03  0.45145753472357D-04  0.67135287954800D-04
  0.83477025091211D-04  -.13530284598933D-03  0.14447594663854D-04
  -.23416055290691D-03  0.23685349250155D-03  0.42452682955216D-03
  0.56910185254711D-04  -.20526733071329D-03  -.27000931572244D-03
  cycle =     18    SCF energy =     -385.0420911395   |dE/dxyz| =  0.001259
   -1.56953665082207     -2.24665667492371     -0.11446476458989      c
    1.26522838807688     -2.33510477214024     -0.66910937583423      c
    2.82800388432348     -0.38066459880478      0.81855166813901      c
    2.77884608312087      2.25209212430171     -0.31464413834710      c
    4.61653140902704      3.24431723360126     -1.20741923840018      o
    0.55605856939176      3.52620977008864     -0.36886571909169      o
   -1.73772795373589      2.54035274158862      0.71228668412014      c
   -2.83957669618585      0.28417663545175     -0.69915572069479      c
   -1.86504942686729     -2.69152815471150      1.88738907950315      h
   -2.51546882181023     -3.73986422145258     -1.18553248810199      h
    1.60503709237815     -2.08318614938590     -2.69379163458560      h
    1.97697085170016     -4.21449535840099     -0.19316628710010      h
    4.81140147826642     -0.92227189480517      0.84336664068468      h
    2.17585690738286     -0.31798110643208      2.78102003283997      h
   -3.03326788647708      4.13698913232099      0.60775098638342      h
   -1.44013803435901      2.10156717787061      2.71200968741947      h
   -4.84059180915609      0.16192189542839     -0.18797217790454      h
   -2.77257549452795      0.68412622040482     -2.72825323443973      h
  0.14638817054921D-04  0.41102606188101D-04  0.14207887213724D-03
  -.97812289792804D-05  -.19479965762245D-03  -.65314224716222D-04
  -.24742449939857D-04  0.22898829391549D-05  0.15515673181254D-04
  -.17266127935511D-03  -.15076525476887D-03  0.21999694364135D-03
  0.61411836975137D-03  0.14266893128206D-03  -.16708124261830D-03
  0.18444632273185D-03  0.76634475044801D-04  0.10009097487959D-03
  -.92803267203734D-05  -.48352724791853D-04  0.17025484443242D-03
  -.22673859530604D-03  0.15514277340506D-04  -.18780479921932D-03
  0.21509532283220D-03  0.16346820868254D-03  0.76534556833201D-04
  0.19670597471457D-04  -.55430756574347D-04  -.14900450843337D-03
  -.22547186214323D-03  0.97692343063976D-04  -.52465711195264D-04
  0.26405664588721D-03  -.15764697552159D-03  -.29412017896000D-04
  -.79817693266079D-04  0.10751564070705D-03  0.12478193959598D-04
  -.29658919546694D-03  0.12581900367214D-04  -.99982934704673D-05
  -.31785283827494D-03  0.12137715553948D-03  -.12845972634131D-03
  0.11381429607982D-03  -.11701379704844D-03  0.59110203718196D-06
  -.10719842705562D-03  0.10075250647968D-03  0.35476722410036D-03
  -.12577577219062D-04  -.21243558742120D-03  -.32438340164665D-03
  cycle =     19    SCF energy =     -385.0420953007   |dE/dxyz| =  0.001105
   -1.56896637720653     -2.24558557229048     -0.11547210158522      c
    1.26541632436581     -2.33578341584299     -0.66856547880298      c
    2.82800022849280     -0.38107824393448      0.81721162725556      c
    2.77744882111909      2.25249158648645     -0.31479639329203      c
    4.61437163250019      3.24601999111684     -1.20769695674313      o
    0.55504464605764      3.52690817898915     -0.36733637682674      o
   -1.73812804794053      2.54099168471694      0.71314632560530      c
   -2.83836231538588      0.28500517780667     -0.69835223727168      c
   -1.86542633000004     -2.69320896345803      1.88559728679446      h
   -2.51507690749869     -3.73755410159680     -1.18628762690281      h
    1.60841330441611     -2.08668482765247     -2.69283567809503      h
    1.97458688883507     -4.21522002997417     -0.18921829971215      h
    4.81120010395293     -0.92451789019743      0.84072437673592      h
    2.17904913033987     -0.31840929114203      2.78005102072128      h
   -3.03294707316597      4.13687771061495      0.60595492503032      h
   -1.44192975053387      2.10359765484178      2.71379826349044      h
   -4.83943298514282      0.15948879049053     -0.18910375856514      h
   -2.77325940347902      0.68666156102539     -2.72681891783636      h
  -.73833361852307D-04  0.77623642464525D-04  -.26988795369859D-04
  -.75755370344821D-05  -.11387781053709D-03  -.65673068496697D-04
  -.28778583067290D-03  -.23410778742405D-04  0.39732785754421D-04
  -.34011413135235D-03  -.15028263195488D-03  0.26651847994780D-03
  0.53024712727390D-03  0.20362647070571D-03  -.16441669741307D-03
  0.41636734175621D-04  0.96047333160848D-04  0.11063888895885D-03
  -.28769165222459D-04  0.91066250615723D-04  -.33514250618573D-04
  0.26623840064924D-04  0.10600409731702D-03  -.88739716649071D-04
  0.19614491327228D-03  0.59345020537314D-04  0.13802912046171D-04
  0.15243881670920D-03  0.15052382121829D-03  0.94723936376807D-04
  -.14575252237612D-03  0.10269826560171D-03  0.36694758625105D-04
  0.17888322574783D-03  -.15058027454421D-03  -.11149526148403D-04
  -.43214432089378D-04  -.75079926087150D-04  0.63146503977136D-04
  -.14584171356818D-03  0.98436542118495D-05  -.21444497908392D-03
  -.62966698517714D-04  -.87461914411380D-04  -.19831585033638D-03
  0.11702162326270D-03  -.12530530390354D-03  0.12093073004631D-03
  -.28096334157152D-04  -.33338276728886D-04  0.21366806243565D-03
  -.13511332193125D-03  -.19311554255695D-03  -.17796625355364D-03
  cycle =     20    SCF energy =     -385.0420975537   |dE/dxyz| =  0.000711
   -1.56851142622488     -2.24526034298026     -0.11576376664517      c
    1.26548955484624     -2.33574439308067     -0.66813752669580      c
    2.82872718001636     -0.38118707543202      0.81645049288336      c
    2.77669468432469      2.25253504424653     -0.31505067994482      c
    4.61254040497150      3.24683388695259     -1.20786102370924      o
    0.55433199227946      3.52707088383997     -0.36694552411149      o
   -1.73812404808974      2.54098341079999      0.71358109494444      c
   -2.83777455977789      0.28505978560500     -0.69769227177547      c
   -1.86624814036230     -2.69426769915807      1.88455702493352      h
   -2.51538973995123     -3.73699162234836     -1.18689503188930      h
    1.61054779891142     -2.08875554568950     -2.69238277279887      h
    1.97287216522919     -4.21511272470195     -0.18728972128568      h
    4.81145291847200     -0.92540541362803      0.83928854868227      h
    2.18108860716062     -0.31867856796041      2.78008460300510      h
   -3.03243252014489      4.13705432167509      0.60565472355353      h
   -1.44323813171890      2.10496443307015      2.71416014417431      h
   -4.83875498205052      0.15839841614263     -0.19039503807502      h
   -2.77326986816498      0.68850320264710     -2.72536327524565      h
  0.95418567965355D-04  0.18122637234713D-03  0.10714141767038D-03
  -.70953484516363D-04  -.24659290211060D-04  0.12720965411588D-05
  -.77627984420681D-04  -.27979669765053D-04  -.16547923625748D-03
  -.14525187632725D-03  -.54962714260254D-04  0.13393351004184D-03
  0.72589566740194D-04  0.34303789099105D-04  0.36777025852086D-04
  -.20715736735732D-04  0.17484758045047D-03  0.77952749877652D-04
  0.13959199027615D-03  -.24101353159802D-04  0.84174703883222D-05
  0.56649152872901D-04  0.46629893634687D-04  -.29089190950272D-04
  0.14813411003908D-03  0.29955102640637D-04  -.90057625547903D-04
  0.59210239932939D-04  0.74588669535108D-04  0.93669962063638D-04
  -.60734595346715D-04  0.77728442801836D-04  0.29533153774366D-04
  0.71174553980194D-04  -.58679658019423D-04  -.44046559040920D-04
  -.14498827172050D-03  -.12751800058339D-03  0.10444154983074D-03
  -.15014544509820D-03  0.29842460154282D-05  -.12154412055605D-03
  0.41293860458735D-04  -.92112910364029D-04  -.19136696538469D-03
  0.21740179388352D-04  -.53152081711437D-04  -.53521942410428D-04
  0.11943914562811D-03  -.70242331855552D-04  0.75507395527852D-04
  -.21027242371547D-03  -.14508502907019D-03  0.54494308900435D-05
  cycle =     21    SCF energy =     -385.0420989137   |dE/dxyz| =  0.000672
   -1.56854382691660     -2.24558172791918     -0.11623127629655      c
    1.26574335355516     -2.33572604743006     -0.66790948166884      c
    2.82930410294362     -0.38118261731220      0.81649554875331      c
    2.77638389708415      2.25260819098819     -0.31542376765309      c
    4.61150274121789      3.24737064684477     -1.20819179764106      o
    0.55399618222286      3.52673835629583     -0.36683389748691      o
   -1.73852518730464      2.54105488610033      0.71379920395257      c
   -2.83760280342778      0.28497056336072     -0.69724033851407      c
   -1.86707647434393     -2.69494484006659      1.88417694685586      h
   -2.51573757279958     -3.73687968560327     -1.18758294923560      h
    1.61195731450275     -2.09027126432110     -2.69215444994592      h
    1.97170268354243     -4.21493254188105     -0.18597085942795      h
    4.81208320798630     -0.92559057022685      0.83809783392094      h
    2.18266504695281     -0.31885347704759      2.78034268094795      h
   -3.03229894127349      4.13740916295110      0.60594191268214      h
   -1.44410944297826      2.10592496062383      2.71447154921080      h
   -4.83870453267950      0.15792962366109     -0.19128144738968      h
   -2.77273785855808      0.68995638098180     -2.72450541106388      h
  0.84155096698773D-04  0.55206194313276D-04  -.21304190671340D-04
  0.32636147627683D-05  0.90443289547659D-05  -.22239495615306D-04
  -.48824656707219D-04  -.13828566404944D-04  -.38529030952764D-04
  0.18518328401745D-04  0.10012072583720D-03  -.69323656759355D-04
  -.22268423420511D-03  -.68911610602768D-04  0.18131726043789D-03
  0.60847312906925D-04  0.11886064804981D-03  0.84801740546697D-04
  0.85076762711855D-04  -.26706863502368D-05  -.53712568588188D-04
  0.10534440212022D-03  -.14528633518085D-04  0.89759091839836D-04
  0.99985502093829D-04  0.22373532936579D-04  -.13710576084680D-04
  0.30524231965933D-04  0.84817630666943D-04  0.12413555403051D-03
  -.26042799528888D-04  0.38558524444862D-04  0.21535770269223D-04
  -.32624743197235D-04  0.48193843869407D-04  -.68501502769401D-04
  -.11974059413536D-03  -.15442146985226D-03  0.91917172078113D-04
  -.12483108315229D-03  -.81740684123727D-05  -.14989023573257D-03
  0.10005662880000D-03  -.96738680980282D-04  -.14501970672075D-03
  -.22164734695209D-04  -.94977329612965D-05  -.11334306421921D-03
  0.17346159146639D-03  -.78923824981581D-04  0.18097799748408D-04
  -.21918513776567D-03  -.86242869649661D-04  0.63317624702561D-04
  cycle =     22    SCF energy =     -385.0421007721   |dE/dxyz| =  0.000799
   -1.56885385634635     -2.24611279510218     -0.11658305968299      c
    1.26593192861017     -2.33561818103977     -0.66753566764336      c
    2.83017776660809     -0.38112818455204      0.81666177888906      c
    2.77639174959565      2.25251958372909     -0.31583638647669      c
    4.61072774242892      3.24787082246449     -1.20900096731009      o
    0.55330780760325      3.52582519280689     -0.36726172147563      o
   -1.73920648630403      2.54103009451932      0.71421922410875      c
   -2.83783824179257      0.28487443971651     -0.69707449374917      c
   -1.86836496926736     -2.69574773375780      1.88385638161202      h
   -2.51623469229063     -3.73714032252528     -1.18867125710221      h
    1.61349382826363     -2.09178266772153     -2.69199456730887      h
    1.97052863806619     -4.21481723882650     -0.18448710532162      h
    4.81306526403614     -0.92527042608765      0.83660796368674      h
    2.18479600244914     -0.31892373543703      2.78131176084022      h
   -3.03249559666305      4.13806806924246      0.60691574593274      h
   -1.44483876482108      2.10694724678978      2.71513157209710      h
   -4.83930160468835      0.15763768125078     -0.19248785673434      h
   -2.77128462576174      0.69176815453022     -2.72377134436165      h
  0.10095914548605D-03  -.92960808256951D-04  -.20661257337129D-04
  0.55303772340198D-04  0.79838157129045D-04  -.33184105611619D-04
  0.43700496317078D-04  -.19581350980763D-04  -.39697629046098D-04
  0.23544336488424D-03  0.16295197176776D-03  -.19772262537018D-03
  -.35277351166418D-03  -.12367861736606D-03  0.24766300595164D-03
  0.13132593860845D-04  0.62483325341693D-04  0.74107483055716D-04
  0.43536952553793D-04  -.27270556832160D-06  -.12574425813106D-03
  0.13714010108440D-03  -.62485649054450D-04  0.54586536615858D-04
  0.54229542686905D-04  0.22938326590061D-04  0.64178486709102D-04
  -.48890445102985D-04  0.20815992544339D-04  0.86271544610383D-04
  0.29170629217964D-04  0.72691035854734D-05  -.63209088314427D-04
  -.11715515561979D-03  0.11003850782750D-03  -.87656680242550D-04
  -.11008494446615D-03  -.13538422643724D-03  0.73815601384326D-04
  -.14955766607017D-03  -.12038028223058D-04  -.17625127037582D-04
  0.89151500751394D-04  -.22768018431131D-04  -.78982995014902D-04
  -.56220852375506D-04  0.42517301376558D-04  -.10808046614379D-03
  0.16248997346171D-03  -.79188579544415D-04  0.22818046567540D-04
  -.18359919279535D-03  -.17812090985385D-04  0.12881454067049D-03
  cycle =     23    SCF energy =     -385.0421027161   |dE/dxyz| =  0.000706
   -1.56942881378829     -2.24632183685224     -0.11725579036696      c
    1.26605084617125     -2.33601599324546     -0.66682572414942      c
    2.83130189688751     -0.38107187673203      0.81671447677127      c
    2.77623146057857      2.25244501671299     -0.31621694212737      c
    4.60979435978034      3.24873384939132     -1.21047785086500      o
    0.55240561284145      3.52459636482467     -0.36762444978358      o
   -1.74039124035495      2.54111397407712      0.71545550896721      c
   -2.83853295712811      0.28507452717347     -0.69684695576186      c
   -1.87020996317725     -2.69709460516410      1.88298347603122      h
   -2.51662149711153     -3.73712523616530     -1.19058807824267      h
    1.61587846483451     -2.09452391678529     -2.69148640166674      h
    1.96911765843735     -4.21523479475046     -0.18149764084645      h
    4.81452384851569     -0.92463531800672      0.83390808592848      h
    2.18845831522671     -0.31910342422149      2.78244129550090      h
   -3.03319472909373      4.13901670299576      0.60800887770228      h
   -1.44599784510998      2.10844945976904      2.71666032940256      h
   -4.84039263580903      0.15720872138249     -0.19408231412534      h
   -2.76899089197464      0.69448838559599     -2.72326990236852      h
  0.10675225440029D-03  -.12352141291433D-03  -.22258501132155D-04
  0.37089381460548D-04  0.93424641835399D-04  -.74047716270571D-04
  0.61443557189594D-04  0.27294749090606D-04  0.24364866101800D-04
  0.23703672872660D-03  0.79201305122178D-04  -.15643836399770D-03
  -.20792409904208D-03  -.39199308119742D-05  0.15469219042558D-03
  0.39984032046136D-04  -.18522548454525D-04  -.23115033465082D-05
  -.20434740949676D-04  -.29597853123939D-04  -.42874294451128D-04
  0.54582238309286D-04  -.14435431177443D-03  0.10669169887440D-03
  0.19183166882115D-04  0.89764448669288D-06  0.13547684429477D-03
  -.12594678614019D-03  -.78275815160025D-04  0.32892048686513D-04
  0.10679063758764D-03  -.17049096905131D-04  -.16680069527239D-03
  -.15810808886427D-03  0.97556960525068D-04  -.79986878592172D-04
  -.60016400977150D-04  -.10871597188139D-03  0.45698581696185D-04
  -.13615548901702D-03  -.17389693792801D-04  0.72781274162097D-04
  0.24338828437633D-04  0.89900876838293D-04  -.41938896755676D-04
  -.91588257720598D-04  0.11116542359614D-03  -.90825757715358D-04
  0.16052625809356D-03  -.88884041583276D-04  0.45852507749338D-04
  -.10034537253923D-03  0.72655314200646D-04  0.39137725407493D-04
  cycle =     24    SCF energy =     -385.0421040167   |dE/dxyz| =  0.000544
   -1.57011533595687     -2.24620482246109     -0.11760514764329      c
    1.26601554540985     -2.33644439281743     -0.66617988295925      c
    2.83187296828909     -0.38109946938905      0.81676575921088      c
    2.77598776396292      2.25242439451111     -0.31634951022607      c
    4.60944759910212      3.24890269654964     -1.21161011229708      o
    0.55173669466516      3.52369153813949     -0.36809132110035      o
   -1.74110177031499      2.54117986166629      0.71632227130904      c
   -2.83919798768603      0.28556020544426     -0.69705274273151      c
   -1.87145791181606     -2.69789847541237      1.88222467243470      h
   -2.51648344960398     -3.73696829624350     -1.19171333667598      h
    1.61686648666415     -2.09585299808909     -2.69077321675999      h
    1.96875226778389     -4.21568312045267     -0.17967983662745      h
    4.81544661551047     -0.92383401596014      0.83228274285541      h
    2.19101546535522     -0.31910034322671      2.78310427862464      h
   -3.03373047232509      4.13932122233681      0.60896634119316      h
   -1.44626155612236      2.10892378051452      2.71787218398562      h
   -4.84162032143213      0.15725261718202     -0.19527114392759      h
   -2.76717071175959      0.69582961770768     -2.72321199866489      h
  -.60138504027335D-05  -.13349067296449D-03  0.97477336544541D-05
  0.35370025320246D-04  0.55867709909840D-04  -.13974955023172D-03
  0.22394979094370D-04  0.11976091390795D-04  0.70620198176219D-04
  0.74690145583256D-04  0.23649862274017D-04  -.16511447613332D-04
  0.72359487046647D-04  0.11797397300028D-03  0.66435775186724D-05
  0.31622110628626D-04  -.11501797169023D-03  -.55522070523468D-04
  -.75593582689409D-04  0.24718608162333D-04  -.33388624519353D-04
  0.43842737100647D-04  -.74135859779390D-04  -.16451110281930D-04
  0.35487810070092D-04  -.17679502636658D-04  0.10060184192254D-03
  -.10478738081188D-03  -.95432274596099D-04  0.40202705121218D-04
  0.12792843059150D-03  -.15823015787550D-04  -.16796124308554D-03
  -.12199683409239D-03  0.45563207387411D-04  -.64324594487537D-04
  -.17942773941529D-04  -.72862725645426D-04  0.39236310607265D-04
  -.97375580966765D-04  -.97933039668642D-05  0.73599335811372D-04
  -.86599341139262D-05  0.98811637401934D-04  -.35485868391461D-04
  -.83198264287598D-04  0.12841625885157D-03  0.29208025122650D-04
  0.48269274753591D-04  -.10912754495954D-03  0.10905741730239D-03
  -.28399431808543D-04  0.77937179265400D-04  0.30631558260857D-04
  cycle =     25    SCF energy =     -385.0421052038   |dE/dxyz| =  0.000589
   -1.57064542560826     -2.24572154629227     -0.11787696694477      c
    1.26583656079116     -2.33690472120310     -0.66523214735475      c
    2.83219432340162     -0.38111229099708      0.81667153964263      c
    2.77559098773614      2.25224719851010     -0.31640721355742      c
    4.60905068324950      3.24857076337509     -1.21254377423160      o
    0.55112270462293      3.52328572229176     -0.36845359345623      o
   -1.74141677479662      2.54108068919518      0.71708045546976      c
   -2.83994558702583      0.28608305806820     -0.69714307270442      c
   -1.87257821520719     -2.69841921160463      1.88143129415042      h
   -2.51603783068576     -3.73665573216938     -1.19262906156077      h
    1.61704048719253     -2.09661084331834     -2.68973303154020      h
    1.96896649745744     -4.21613049087532     -0.17827246979406      h
    4.81621027123408     -0.92286462452959      0.83103871100941      h
    2.19321394907435     -0.31902395676014      2.78344948940429      h
   -3.03414132852958      4.13921352442917      0.60995160280914      h
   -1.44607404873013      2.10874137414512      2.71865050352978      h
   -4.84278525591117      0.15773878132544     -0.19658001834335      h
   -2.76560010853953      0.69648230640957     -2.72340224652786      h
  -.33686729770391D-04  -.28651272574454D-05  -.11609852488381D-04
  -.18719148770857D-04  -.23281173032037D-04  -.10317273476590D-03
  -.53550324909458D-04  0.20158188645177D-04  0.45700750933214D-04
  -.37328544896076D-04  -.82627879829836D-04  0.14521015969605D-03
  0.26258045800804D-03  0.17980519437394D-03  -.94790990748522D-04
  -.16702929159673D-04  -.10973217431256D-03  -.11397924363625D-03
  -.35070567116768D-04  0.59731637115229D-05  0.26336502992969D-04
  -.94363704191608D-04  -.16786301824473D-04  0.20874522946440D-04
  0.65996041546215D-04  -.31631067115615D-04  0.27810768394951D-04
  -.73025104768927D-04  -.11576619833840D-03  0.48340994053084D-04
  0.11584597825612D-03  0.18560214729117D-05  -.13554683131750D-03
  -.38172211152265D-04  -.18244027191111D-04  -.60522799910774D-04
  0.41670561206533D-04  -.37657551265349D-04  0.52243010223874D-04
  -.47101922467983D-04  -.60026378776307D-05  0.22913417987401D-04
  -.35983583140232D-04  0.89544680936939D-04  -.55417019921327D-04
  -.82664967714118D-04  0.13813781301776D-03  0.80275300720835D-04
  -.80477167423570D-05  -.10642450383307D-03  0.12948007122932D-03
  0.36628797407410D-04  0.57086363035164D-04  -.44087825886351D-04
  cycle =     26    SCF energy =     -385.0421062369   |dE/dxyz| =  0.000657
   -1.57111233675596     -2.24528287628247     -0.11803945736321      c
    1.26572077680542     -2.33729446812599     -0.66410153059710      c
    2.83260102768006     -0.38118654419239      0.81646512300822      c
    2.77488866637237      2.25210051618735     -0.31662466084092      c
    4.60834781532404      3.24800077940239     -1.21339595484718      o
    0.55057750060155      3.52321861622281     -0.36845333390493      o
   -1.74162515611814      2.54097992831805      0.71770595475105      c
   -2.84035675243710      0.28663955636359     -0.69737692873450      c
   -1.87381183877430     -2.69883630441718      1.88056362594470      h
   -2.51541750615973     -3.73607652237779     -1.19364736103041      h
    1.61689500332150     -2.09740395589256     -2.68835428114197      h
    1.96930180174774     -4.21654718099160     -0.17673420743880      h
    4.81688611336794     -0.92182050337184      0.82969600286706      h
    2.19541817843743     -0.31894827953976      2.78366584137129      h
   -3.03444448237550      4.13886420577824      0.61100327085683      h
   -1.44571450239107      2.10818477380630      2.71916314638609      h
   -4.84390526612261      0.15848732138033     -0.19812450147204      h
   -2.76424715279804      0.69692093773230     -2.72341074781416      h
  -.89855372989694D-04  0.55304816673457D-04  0.32457310552431D-05
  -.50231818476493D-04  -.23243505077264D-04  -.10197363840581D-03
  -.20007041990594D-04  -.34124991210277D-04  -.43632328403098D-05
  -.13690901007993D-03  -.79785030232772D-04  0.19953550374671D-03
  0.30309069639933D-03  0.14206813032215D-03  -.98284794675801D-04
  -.22550947620104D-04  -.11148755113202D-03  -.14334496029217D-03
  -.20055710650502D-04  0.26803417342181D-04  0.51667392201027D-04
  -.95761357136348D-04  0.74443506001082D-04  -.57778809691100D-04
  0.10573975868544D-03  -.28998646593129D-04  -.95708565776648D-04
  -.19779544248130D-04  -.89544674390270D-04  0.72788442621641D-04
  0.78094828702196D-04  0.12540662406166D-04  -.28381710960666D-04
  0.51814447445488D-04  -.90105822601549D-04  -.52251087683032D-04
  0.39603757246306D-04  0.53479765571851D-05  0.71727213709530D-04
  -.61167696114289D-05  -.22914872215181D-05  -.30732556016041D-04
  -.20934683810300D-04  0.30838227046442D-04  -.74138983381081D-04
  -.72265623332662D-04  0.14077234972601D-03  0.11288655638317D-03
  -.13977631359037D-03  -.98572257320189D-04  0.14886282376871D-03
  0.64377572871917D-04  0.11531527591823D-04  0.61162199668091D-05
  cycle =     27    SCF energy =     -385.0421074569   |dE/dxyz| =  0.000513
   -1.57135185658839     -2.24497391121333     -0.11821407892198      c
    1.26581882030514     -2.33781872193835     -0.66234800689868      c
    2.83309612405196     -0.38112503529828      0.81619547500740      c
    2.77383834697755      2.25185483756550     -0.31722730982409      c
    4.60688440840484      3.24734655509178     -1.21450737677955      o
    0.54989758278950      3.52366265998487     -0.36768769206474      o
   -1.74182851120774      2.54079569260787      0.71824802078137      c
   -2.84044944499860      0.28701843193237     -0.69744064576744      c
   -1.87575716651873     -2.69933833179120      1.87977146357104      h
   -2.51468136222189     -3.73506613893947     -1.19538092139503      h
    1.61671135613573     -2.09885290898239     -2.68657163899143      h
    1.96933709047610     -4.21675326601029     -0.17432799071851      h
    4.81779097454492     -0.92065950077509      0.82751639809877      h
    2.19827967720767     -0.31891632664057      2.78395956806902      h
   -3.03476921960277      4.13841434317827      0.61244288041107      h
   -1.44527064968709      2.10714504281129      2.71938317560804      h
   -4.84462837892013      0.15964560531804     -0.20053861545023      h
   -2.76291590142258      0.69762097309874     -2.72327270473497      h
  -.51396649243805D-04  0.93465152348177D-04  -.64028022594240D-04
  0.62822152350692D-05  -.97349511286149D-04  0.22846004406302D-04
  -.31874311954228D-04  -.29832237002484D-04  -.35791564281629D-04
  -.34246810679206D-04  -.47228192971940D-04  0.74515482610282D-04
  0.80210797285651D-04  -.13266548639340D-04  0.51425650666403D-04
  -.54571005398588D-04  -.66761445702862D-04  -.10952386814572D-03
  0.81038799185085D-06  0.34024628915441D-04  -.11652169866996D-04
  -.15464905003431D-03  0.65391125877723D-04  0.41563113610216D-04
  0.11803940831165D-03  -.12519813626051D-04  -.15133461971001D-03
  0.12171849986621D-04  -.42558257628410D-04  0.72658337188052D-04
  0.23239462715364D-04  0.24947752261920D-04  0.45733119441560D-04
  0.73801115174858D-04  -.40048768257729D-04  -.79790951615242D-04
  0.76944254801495D-04  0.22703024770698D-04  0.76701907940747D-04
  0.34837049062672D-04  -.20032112918441D-04  -.97535836072596D-04
  0.19254171254555D-04  -.17901555062455D-04  -.84044512955265D-04
  -.52883715830604D-04  0.14049719302545D-03  0.90845384456997D-04
  -.16762597069421D-03  -.47573966943408D-04  0.88720929725263D-04
  0.50168871474375D-04  -.46415122964133D-05  0.48504248830311D-04
  cycle =     28    SCF energy =     -385.0421085003   |dE/dxyz| =  0.000557
   -1.57145549807443     -2.24495046232988     -0.11816153233397      c
    1.26587539643766     -2.33807813050178     -0.66059973615633      c
    2.83369872779954     -0.38097692563799      0.81599367889483      c
    2.77268085060231      2.25172141249261     -0.31800395943605      c
    4.60516637709820      3.24685517107679     -1.21601429661534      o
    0.54932448108829      3.52438997749084     -0.36641162308832      o
   -1.74208319184931      2.54051172229301      0.71889412641229      c
   -2.83997667221447      0.28722674485682     -0.69769968721773      c
   -1.87822257608037     -2.69987287515310      1.87940498145157      h
   -2.51394726936391     -3.73383339093198     -1.19755624018440      h
    1.61654835016075     -2.10066471731203     -2.68482507351622      h
    1.96907387157875     -4.21691248363688     -0.17131011908526      h
    4.81851764918599     -0.91956086766279      0.82480698393275      h
    2.20125786592892     -0.31881795046579      2.78457303281046      h
   -3.03524072256245      4.13799416960337      0.61419075889851      h
   -1.44472149871160      2.10560967844162      2.71934967257701      h
   -4.84479257332484      0.16093454175907     -0.20336218489309      h
   -2.76170167797365      0.69842438561780     -2.72326878245058      h
  0.41991660524730D-04  0.35670288257683D-04  -.90367416563375D-04
  0.17809201935198D-04  0.18056333880523D-04  0.34303777395616D-04
  0.75294305059925D-04  -.71721918033500D-04  -.58716243983374D-04
  0.41025404255882D-04  -.12402185384980D-04  -.10716601598881D-03
  -.16096700264190D-03  -.15389153481576D-03  0.21613997819425D-03
  -.35014612999637D-04  -.29209694556775D-04  -.68210705790106D-04
  -.12177739220694D-04  0.31986703817322D-05  0.19305987523088D-05
  -.10693861272654D-03  0.20219789836767D-05  0.10492322346654D-03
  0.94317993746292D-04  0.67212334865663D-05  -.11995321530646D-03
  0.25016119092936D-04  0.19469284165879D-04  0.34297211383000D-04
  -.25829919804028D-04  0.20546540914296D-04  0.11789091231633D-03
  0.88850917248466D-04  -.60462130624786D-04  -.68031743963706D-04
  0.36309111346444D-04  0.48893568086895D-04  0.61169743859078D-04
  0.41083432404290D-04  -.36042764844223D-04  -.86436847040718D-04
  0.33888530900833D-04  -.15757051765881D-04  -.92579032832373D-04
  -.27828061272380D-04  0.14573340178146D-03  -.11365602062687D-04
  -.16194426249348D-03  0.20533805881073D-04  0.91393185235218D-05
  -.16284341073826D-04  -.50811518147002D-06  0.10282457319304D-03
  cycle =     29    SCF energy =     -385.0421091757   |dE/dxyz| =  0.000609
   -1.57169328123478     -2.24502486560750     -0.11789488104389      c
    1.26589990221884     -2.33845848250869     -0.65904939773835      c
    2.83401800424839     -0.38062453059872      0.81595782976508      c
    2.77184105544298      2.25183900154134     -0.31858731757482      c
    4.60376656309574      3.24667027717738     -1.21787182495474      o
    0.54888234933728      3.52508432520465     -0.36508938895871      o
   -1.74229786450992      2.54024478414815      0.71945679008591      c
   -2.83929956998968      0.28743214949748     -0.69823833761335      c
   -1.88072643184587     -2.70039941215002      1.87941940662415      h
   -2.51333057546195     -3.73276615355986     -1.19956864060345      h
    1.61646341239794     -2.10233459625017     -2.68360522564308      h
    1.96856929661095     -4.21685316109976     -0.16839648375924      h
    4.81900940317545     -0.91870431765601      0.82218772598883      h
    2.20384118564845     -0.31862047104845      2.78539262326191      h
   -3.03579084356239      4.13762804050711      0.61603079360072      h
   -1.44412303382537      2.10376795201299      2.71942623422828      h
   -4.84449977770911      0.16200209424896     -0.20594598283258      h
   -2.76052790431168      0.69911736614078     -2.72362392283247      h
  0.77613279177796D-04  -.15735686112073D-04  -.45647174579638D-04
  0.90869724665127D-04  -.41166215645622D-04  0.96477740846056D-04
  0.62928037131205D-04  -.49769442519561D-04  -.56432365086595D-04
  0.69421442251215D-04  -.21954596156601D-04  -.17721365306765D-03
  -.23853638995597D-03  -.18847799339039D-03  0.26490615230046D-03
  -.39996161736888D-04  -.36649009551575D-04  -.24255227512926D-04
  -.48101842766046D-04  -.32142363755663D-05  -.44251959220198D-04
  -.44188117268848D-04  -.44581433510438D-04  0.11016857074107D-03
  0.61962412106688D-04  0.78462776358507D-05  -.40585985109469D-04
  0.38667096013571D-04  0.65130491511196D-04  -.27048069864132D-04
  -.43861520435909D-04  0.33979923882911D-04  0.65093150118642D-04
  0.45253129730860D-04  0.14373248338655D-04  -.74230463037468D-04
  0.41057397975885D-04  0.50078086906259D-04  0.24214613405519D-04
  0.40303424921962D-04  -.51497016872519D-04  -.41610553264272D-04
  0.19274465286580D-04  0.10523315118673D-04  -.96316551135274D-04
  0.14784550602346D-04  0.12842264347242D-03  -.32319881536125D-04
  -.11054606995838D-03  0.69851722162607D-04  -.53038404480998D-04
  -.88019771832992D-04  0.13236225345489D-04  0.13188460237507D-03
  cycle =     30    SCF energy =     -385.0421100649   |dE/dxyz| =  0.000463
   -1.57224205694165     -2.24507969067182     -0.11744133560689      c
    1.26549194443764     -2.33859314879720     -0.65770184994401      c
    2.83410474767362     -0.37998918579025      0.81624179664879      c
    2.77132116880054      2.25239278345111     -0.31893897132464      c
    4.60263365340175      3.24675672668045     -1.22071682853796      o
    0.54857413136776      3.52589965170880     -0.36375419417597      o
   -1.74232041475650      2.53987703821510      0.72021718641025      c
   -2.83846262360682      0.28773859035760     -0.69923393357795      c
   -1.88378158721347     -2.70094382169816      1.87980058243230      h
   -2.51277596643262     -3.73191148313040     -1.20145990485601      h
    1.61628564822587     -2.10390815716717     -2.68256638014227      h
    1.96789116536578     -4.21674236267125     -0.16517259325682      h
    4.81914891169689     -0.91794839700602      0.81942103134835      h
    2.20635842986710     -0.31808822233054      2.78659181763555      h
   -3.03647223853375      4.13705994512248      0.61863167905202      h
   -1.44325838097356      2.10094987420538      2.71956992671030      h
   -4.84371087534559      0.16291846180695     -0.20870082876564      h
   -2.75878376730786      0.69961139771452     -2.72478720004910      h
  0.92862042930852D-04  -.42469287912378D-04  0.43402506859469D-04
  0.57552985494036D-04  -.12702064778047D-04  -.23424437672892D-05
  0.97236062406858D-05  -.41198276058613D-04  0.28517629603431D-04
  -.36608817185292D-04  -.87502214018598D-04  -.63159074711772D-04
  -.62218603256281D-04  -.70537728378395D-04  0.13608959339262D-03
  -.46746202328363D-04  -.72731767502665D-04  -.22027883813336D-04
  -.70717457115982D-04  0.10055570932824D-04  -.38747306779857D-04
  -.33853408793361D-04  -.80582746791409D-04  0.11933179819565D-03
  0.44336859982085D-05  -.22634968579262D-04  0.11096741269268D-03
  0.58354251319528D-04  0.83515239784449D-04  -.10551801702571D-03
  -.41577167300149D-04  0.39258650609556D-04  -.61934849752004D-05
  0.36191841117823D-04  -.22293261620739D-04  -.33597037711997D-04
  0.38173742242006D-04  0.52148543347241D-04  -.35186748627420D-04
  0.40567870762609D-04  -.53432399256101D-04  0.20910545738155D-04
  -.36115111148448D-04  0.49915511463119D-04  -.10044164278399D-03
  0.52907342649990D-04  0.90645196961593D-04  -.25043601754829D-04
  0.32036594942053D-04  0.89594031612069D-04  -.95312056727527D-04
  -.14540847664713D-03  0.30786519858175D-04  0.48037115907930D-04
  cycle =     31    SCF energy =     -385.0421105940   |dE/dxyz| =  0.000510
   -1.57290006158656     -2.24503857174786     -0.11725764799342      c
    1.26501861599352     -2.33860965451713     -0.65680100261875      c
    2.83408600266258     -0.37938219126224      0.81639019487792      c
    2.77122471263082      2.25309732747672     -0.31905006964754      c
    4.60200819937070      3.24698513940662     -1.22304743263764      o
    0.54854919719908      3.52667010562459     -0.36285099554181      o
   -1.74209504667001      2.53954428313276      0.72080571399150      c
   -2.83776786019533      0.28812644449653     -0.70028846284165      c
   -1.88585531038847     -2.70120552428390      1.87983338278649      h
   -2.51260846405191     -3.73166355067430     -1.20227369118317      h
    1.61620634854290     -2.10493064692857     -2.68193804865854      h
    1.96730590262578     -4.21651678497785     -0.16304510292209      h
    4.81901537421747     -0.91764159990549      0.81778878683351      h
    2.20776627551255     -0.31751976968286      2.78737770447116      h
   -3.03680751868006      4.13648669077292      0.62074828649525      h
   -1.44276173640019      2.09863458064878      2.71967978879900      h
   -4.84320987576619      0.16322829947288     -0.21025061575539      h
   -2.75717286529164      0.69973542294790     -2.72582078845443      h
  0.53889821218234D-05  -.55270350154152D-04  0.11934688303800D-03
  0.19825354072744D-04  -.24265368172544D-04  -.16344438868221D-04
  -.21768036204545D-05  -.29133270378734D-04  0.35664347465936D-04
  -.16268664630725D-03  -.10530370811729D-03  0.11423518245690D-03
  0.11475532728616D-03  0.43279426252429D-04  -.18498484649965D-04
  -.17790131963139D-04  -.97263824972688D-04  -.62799136942529D-04
  -.50857342109079D-04  0.79536714422436D-05  0.13487896534214D-04
  0.83693840605442D-04  -.19867325985690D-04  -.20508381387674D-04
  -.18160215912891D-04  -.57029552198305D-04  0.16073694674346D-03
  0.81973301586796D-04  0.84474311115607D-04  -.12251598096049D-03
  -.24491453627044D-04  0.44666093229759D-04  -.84198389862233D-04
  0.25271326297236D-04  -.35518255860609D-04  -.17924712268184D-04
  0.23299510961632D-04  0.46184360622928D-04  -.70030886093735D-04
  0.28268265609806D-04  -.54692497391352D-04  0.86516466982968D-04
  -.77226614701262D-04  0.60818579829605D-04  -.96807331285779D-04
  0.51233756303829D-04  0.67286498396303D-04  -.21619522718105D-04
  0.27568170023473D-04  0.52553019146556D-04  -.55726830212474D-04
  -.15774745038050D-03  0.10540999378602D-04  0.36515269342688D-04
  cycle =     32    SCF energy =     -385.0421111109   |dE/dxyz| =  0.000475
   -1.57350483442096     -2.24484842762983     -0.11741003433534      c
    1.26449909740980     -2.33851829837881     -0.65603833196877      c
    2.83399547504815     -0.37870989522314      0.81646614250798      c
    2.77136898012400      2.25388309375613     -0.31933093129911      c
    4.60146246397647      3.24727120233570     -1.22529625220146      o
    0.54858147095962      3.52769583505866     -0.36184853567299      o
   -1.74170852804493      2.53919807838253      0.72123775653498      c
   -2.83743557816657      0.28847799066670     -0.70118636021345      c
   -1.88763373307916     -2.70122302349504      1.87941215663385      h
   -2.51276774905268     -3.73179831142296     -1.20256563231914      h
    1.61618705552906     -2.10594666747985     -2.68115630285602      h
    1.96668513312549     -4.21618062552504     -0.16112731983149      h
    4.81879344401583     -0.91757454160369      0.81660331968058      h
    2.20881967397972     -0.31678975707980      2.78779329286668      h
   -3.03687883863721      4.13576286166633      0.62297606778575      h
   -1.44246820168582      2.09626888925582      2.71981186516814      h
   -4.84275252756081      0.16328322607496     -0.21141813392124      h
   -2.75524091379502      0.69974837064074     -2.72692276655847      h
  -.21438013317943D-04  -.43626700045735D-05  0.14399494858243D-03
  -.22488596660264D-04  -.31507762568050D-04  -.63843099986430D-04
  -.48415155768394D-04  -.18050624106536D-04  0.91357681293681D-04
  -.24351064105907D-04  -.62797643258367D-04  0.16436241194387D-03
  0.11608813185374D-03  0.68081420375732D-04  -.68201181980365D-04
  -.59019222950905D-04  -.46113144000326D-04  -.88205583910983D-04
  -.24112933278253D-04  0.34094100687831D-04  -.24776843762009D-04
  0.13192682595947D-04  0.12942723857157D-04  -.14387990815989D-05
  -.36597286944160D-04  -.82223831640830D-04  0.13819416937957D-03
  0.73303029454835D-04  0.43711567784516D-04  -.11426555771088D-03
  -.26974665786363D-04  0.35213915078628D-04  -.65661915574576D-04
  0.17558949983362D-04  -.39211967165737D-04  -.14077017516383D-04
  0.20458631998579D-04  0.30158686195488D-04  -.89853077327744D-04
  0.35568679948715D-04  -.62896983463943D-04  0.92448863947891D-04
  -.72881686076956D-04  0.27642027438012D-04  -.79654949205953D-04
  0.32298544952330D-04  0.39771246165311D-04  0.16872703162876D-04
  0.90129704839445D-04  0.20837089905095D-05  -.14067625564068D-04
  -.11168569230749D-03  -.74927957753983D-05  -.43708102534026D-04
  cycle =     33    SCF energy =     -385.0421116197   |dE/dxyz| =  0.000382
   -1.57428404163533     -2.24455845309362     -0.11829229215391      c
    1.26390292702148     -2.33839384305300     -0.65438739003575      c
    2.83423738138678     -0.37773700619035      0.81602369920088      c
    2.77092944078578      2.25501591792975     -0.32036331854438      c
    4.60008984988776      3.24760730855013     -1.22866938644521      o
    0.54869479065925      3.52949764685013     -0.35959226536864      o
   -1.74120807062923      2.53857915607179      0.72213569794787      c
   -2.83697977281625      0.28896891597012     -0.70243721765414      c
   -1.89047880646047     -2.70111510567358      1.87794666158805      h
   -2.51322267712958     -3.73196081029014     -1.20313149818506      h
    1.61653347121373     -2.10841378990263     -2.67932786032539      h
    1.96567072996769     -4.21578073084585     -0.15739456792677      h
    4.81882665110532     -0.91730219846233      0.81453961310764      h
    2.21096747475715     -0.31558684334257      2.78793944108900      h
   -3.03678097520970      4.13465003456562      0.62660428188792      h
   -1.44242028239599      2.09274139478443      2.71998320969421      h
   -4.84260520511890      0.16360300326870     -0.21349985746580      h
   -2.75187099566458      0.70018540286266     -2.72807695040989      h
  -.16961643853480D-04  0.28379396109085D-04  0.16269142901907D-04
  -.91370843842267D-04  0.99945496225551D-04  -.31027057923946D-04
  0.79096643441634D-05  -.37459966740580D-04  0.80369834364977D-04
  -.21253357094797D-05  0.12262506344288D-03  0.82028814400753D-04
  0.94609055882877D-05  0.81145166489494D-05  -.26894644312256D-04
  0.50148086933433D-04  0.12151324776943D-05  -.86067597987904D-04
  0.36573908239457D-04  0.65685005460864D-04  -.38193799510797D-04
  -.29206053993175D-04  0.13851292719034D-04  0.16753659603019D-04
  -.56862742177949D-04  -.95350573402642D-04  0.38257563978780D-04
  0.42306979807949D-04  0.79154994957198D-05  -.40661450929679D-04
  -.55586254213124D-04  0.87261479590596D-05  0.43010707383537D-04
  0.21549556973775D-04  -.66379345454601D-04  -.16349917773495D-04
  0.80036699844493D-05  -.28150375679988D-05  -.81205885637519D-04
  0.43966924113332D-04  -.89822240569524D-04  0.90921880587472D-04
  -.24176779396300D-04  -.44467070176246D-04  -.41500487131715D-04
  -.24937394419708D-04  0.29312750280074D-04  -.30876614869557D-04
  0.55216340703528D-04  -.58973785182481D-04  0.64605516864890D-04
  -.22527310013159D-04  -.52317731679770D-04  -.59944584080152D-04
  cycle =     34    SCF energy =     -385.0421117031   |dE/dxyz| =  0.000334
   -1.57450304858564     -2.24451784110777     -0.11873968355077      c
    1.26391839792539     -2.33861235164425     -0.65380695469219      c
    2.83432515271379     -0.37732714540205      0.81561023444472      c
    2.77081074480691      2.25511794477991     -0.32095196538119      c
    4.59956744771550      3.24776380633689     -1.22975748882713      o
    0.54860286556780      3.53018441140790     -0.35851162334461      o
   -1.74113726117924      2.53821220802628      0.72253764850754      c
   -2.83681423141026      0.28910480601046     -0.70286802301986      c
   -1.89123982997952     -2.70082137885471      1.87720498578719      h
   -2.51356565751435     -3.73210864715960     -1.20315151718337      h
    1.61690578248613     -2.10945624686612     -2.67876868950321      h
    1.96523932885143     -4.21551563550561     -0.15598619741267      h
    4.81881695669605     -0.91724493286877      0.81405553894375      h
    2.21156084947854     -0.31493731955982      2.78763076475463      h
   -3.03665289231606      4.13437039289815      0.62789990676417      h
   -1.44249945371046      2.09152206393907      2.72015771201550      h
   -4.84270183956207      0.16376910358820     -0.21425533249195      h
   -2.75063142225903      0.70049676198105     -2.72829931580986      h
  -.42664839143364D-04  0.17222208197720D-04  -.13945898428569D-04
  -.17921240703170D-04  -.72014449132088D-05  0.76263459569112D-04
  0.16352019594137D-04  0.46527568231196D-04  0.39169118047647D-04
  0.39791361428301D-04  0.48831628437690D-04  0.40485373919874D-04
  -.17484034746551D-04  0.34165356507729D-05  -.55753198794084D-05
  0.67696403876494D-05  0.79351579555464D-04  -.43914327211070D-04
  0.63264233397656D-04  0.13340505848322D-04  -.59504748422062D-04
  -.87224830554594D-05  0.23380383239791D-04  -.94586393208085D-05
  -.52783890476197D-04  -.77778276254273D-04  -.54209905716369D-04
  0.25815039449636D-04  0.31952898762663D-05  0.46724922625474D-07
  -.60681874193259D-04  0.16332831898121D-04  0.52278494675526D-04
  -.30037382429515D-04  0.43108330076643D-04  -.47009386120563D-04
  0.35158429296384D-05  -.21144118120014D-04  -.67605824250128D-04
  0.55204846218508D-04  -.10461551029505D-03  0.73751499675177D-04
  -.23702299644171D-05  -.38451716798317D-04  -.30987243293274D-04
  -.37529181013274D-04  0.34116719050516D-04  -.50664210072965D-04
  -.49130866633385D-06  -.69933584087608D-04  0.99867802701452D-04
  0.11328657375029D-04  -.71822625420895D-04  -.19292627402565D-04
$end
