$hessapprox
  0.461495134732D+00  0.214476252479D-01  0.468230226282D+00  0.268459483365D-01
  0.537470302139D-01  0.535394495893D+00 -0.621221130814D-01  0.681656604036D-02
  0.814745028614D-02  0.462099165899D+00 -0.244144781867D-03 -0.377163203880D-01
  0.485023621086D-02 -0.136719051529D-01  0.506576122599D+00 -0.322579590565D-02
 -0.765922213680D-02 -0.815600022725D-01  0.909003573656D-02 -0.251016091075D-01
  0.484065427967D+00 -0.195502568125D-01  0.939818238487D-02 -0.547564797351D-01
 -0.629755004488D-01 -0.269434073351D-01  0.438351563935D-01  0.627972849906D+00
 -0.103571839725D-01 -0.926824326896D-02  0.232072421995D-02  0.839780476720D-02
 -0.587937091383D-01  0.187771866411D-01 -0.280614835684D-01  0.470611570490D+00
  0.847340889520D-02  0.133895559965D-01 -0.277517117469D-01  0.231359828729D-01
 -0.135128631267D-01 -0.776263554313D-01 -0.612621186381D-01 -0.171510375238D-02
  0.473653066274D+00 -0.139669991214D-01  0.108154290461D-01 -0.160148024583D-01
 -0.260465844471D-01 -0.856725402983D-02  0.387385560751D-01 -0.388152155292D-01
 -0.680178102212D-02 -0.185189429853D-01  0.989086812245D+00 -0.113347066076D-01
 -0.277189888129D-01 -0.246878358149D-01 -0.233864477017D-01 -0.416142388939D-01
 -0.521957461200D-02  0.389842959526D-01 -0.905817250507D-01  0.710046657067D-02
  0.299098255146D+00  0.641969295110D+00  0.255222882489D-01  0.958055045539D-02
  0.102010559775D-01  0.234207240850D-01  0.385547315571D-02 -0.222498756980D-01
 -0.991196047373D-02  0.261381925775D-01 -0.802727514921D-01 -0.240945552091D+00
 -0.161777191029D+00  0.485099612959D+00  0.403325389186D-03 -0.147304495910D-01
  0.433864294066D-01  0.741343840443D-02  0.144718122736D-01 -0.452614829884D-02
 -0.373265279144D-01  0.386211875563D-01 -0.173079366762D-01 -0.584487332184D+00
 -0.297334538395D+00  0.211446338392D+00  0.889937424062D+00 -0.329745329128D-02
  0.718220935786D-02  0.289340648062D-01 -0.606058813740D-02 -0.181407799335D-01
 -0.260396084831D-02 -0.383565341801D-01 -0.380955317835D-01 -0.457934704201D-03
 -0.264486615945D+00 -0.266939178817D+00  0.106431244386D+00  0.328945683089D+00
  0.475400126868D+00 -0.359278931149D-01 -0.153012236356D-01 -0.915898449721D-03
 -0.351044605623D-01 -0.172437346392D-01  0.139707647064D-01  0.329143438760D-01
  0.192312682678D-01 -0.452894731894D-01  0.241486700467D+00  0.177526658032D+00
 -0.189117654370D+00 -0.264045535913D+00 -0.921601322562D-01  0.402411079852D+00
 -0.749732942433D-02 -0.583420164401D-02 -0.712905046233D-02 -0.132983788852D-01
  0.111267671901D-01 -0.184909120789D-02  0.716718544625D-02  0.123796054301D-02
  0.224558804768D-02 -0.848917293505D-01  0.364245480116D-01 -0.278838536949D-01
 -0.776444657888D-01  0.151498806246D-01  0.112194595736D-01  0.459492439701D+00
 -0.225883900318D-02 -0.230743352462D-01  0.666168483434D-02  0.157573873017D-01
 -0.306198415453D-01  0.151949259287D-01  0.715069651764D-02 -0.142278028821D-01
  0.528825101697D-02  0.738650551339D-02 -0.806640661188D-01 -0.791764163710D-02
  0.331762819070D-01 -0.393307033427D-01  0.148666277168D-01 -0.389710238463D-01
  0.416813810627D+00 -0.161038748587D-01  0.673201008010D-02  0.150594213874D-01
 -0.142260369335D-01  0.222205321013D-01 -0.155834325280D-01 -0.467900693395D-02
  0.904195873161D-02  0.952641705125D-02  0.115703074278D-01 -0.276596342096D-01
 -0.394235656740D-01  0.174763697481D-01 -0.455152714758D-01 -0.493873090714D-01
 -0.296495655448D-01 -0.822662680926D-01  0.291822740963D+00 -0.544772020346D-02
 -0.102944544182D-01  0.153133497838D-01  0.350255720755D-02 -0.845173624765D-02
  0.122037031398D-02 -0.381138145564D-01  0.203285915589D-01  0.121387345554D-01
 -0.435574551824D-01 -0.175548750749D-01  0.291003783640D-02 -0.283667051427D-01
  0.297021347862D-01  0.144540980212D-01 -0.546777658258D-01 -0.116075244237D-02
 -0.537566542067D-02  0.479406212238D+00 -0.237819545256D-03 -0.353153867233D-01
 -0.263039423206D-01 -0.188268090684D-03 -0.151513072340D-01 -0.706732590733D-03
  0.213117766762D-01 -0.261094849908D-01 -0.151666959706D-01  0.226591183863D-02
 -0.112626017868D-01 -0.125278513727D-01 -0.273993990027D-01 -0.233677139499D-01
  0.342831322358D-02 -0.178739609385D-01 -0.428796558393D-01  0.758262737160D-02
 -0.568718537141D-01  0.515357536583D+00  0.149676592866D-01 -0.216425185905D-02
  0.316413278878D-01 -0.121004192835D-01  0.168498452615D-01 -0.329726401269D-01
 -0.359338484902D-02 -0.409420458277D-02  0.145702934107D-01 -0.345088101660D-01
 -0.159558663838D-02 -0.345834362826D-02  0.188031101792D-01 -0.801631088404D-02
 -0.314274992771D-01  0.319832157765D-01  0.579499812880D-02 -0.616865353848D-01
  0.415249478186D-01 -0.351623834983D-01  0.469250161835D+00 -0.614994349379D-01
 -0.191920555526D-01 -0.122584599901D-01 -0.143959323309D-01  0.311816782938D-02
  0.902852526443D-02 -0.267290007211D-01 -0.234818140254D-02 -0.927038175695D-02
 -0.350935338343D-01 -0.120172770397D-01 -0.488702108469D-02 -0.480555095764D-02
  0.728613530612D-02 -0.105901503065D-01 -0.342026247486D-01 -0.331186615181D-01
 -0.175842246929D-01 -0.591347319770D-01  0.186183732717D-01 -0.174987252748D-03
  0.466493929801D+00  0.389446153563D-02 -0.697186922623D-01  0.642265519794D-02
  0.214130360367D-01 -0.115021115423D-01 -0.424831709327D-02 -0.103595167150D-02
 -0.937343311350D-02  0.145244675609D-01  0.366614136777D-02 -0.160668738245D-01
 -0.113925047183D-01 -0.349465330262D-01 -0.812979749643D-02 -0.176115756426D-04
 -0.207653150161D-01 -0.256121911295D-01 -0.927582349938D-02 -0.797668314093D-02
 -0.555587129601D-01 -0.148201332179D-01  0.110173092156D-01  0.449724421807D+00
 -0.320623699465D-02 -0.207588815838D-02 -0.985416559882D-01 -0.133361566277D-01
 -0.101894070830D-01  0.192226537912D-02  0.129765117160D-01  0.843505150148D-02
 -0.544487202596D-02  0.535630601616D-01  0.294857305762D-01 -0.262720903887D-01
 -0.107315725901D-01 -0.991017206161D-02 -0.793402252742D-02  0.157393369677D-01
  0.167259601661D-01 -0.118275305193D-01 -0.153936826927D-01  0.124412771287D-01
 -0.532417199038D-01 -0.246546267361D-01 -0.605088012118D-02  0.496337760139D+00
 -0.532630451914D-01  0.480638730290D-02  0.178542206011D-01 -0.453568945184D-01
  0.633946643442D-02  0.129505561504D-01 -0.326161707386D-01 -0.637919582386D-03
  0.320435374459D-01 -0.305448907336D-01  0.447950692175D-02  0.173149254146D-01
 -0.234971609259D-01 -0.195825198455D-01 -0.256392821591D-01 -0.133192309499D-01
 -0.979932376014D-02 -0.120597717648D-01 -0.384785409665D-02  0.182127265204D-02
  0.825651533278D-04  0.225416219362D-02  0.228740807554D-01 -0.382430662886D-01
  0.342132615394D+00  0.576120065919D-02 -0.264891125999D-01  0.129451588944D-01
  0.721837532555D-02 -0.204023772663D-01 -0.179143385235D-01  0.137168665845D-02
 -0.238357949957D-01  0.114656643307D-01 -0.287361670965D-01  0.320729889689D-02
  0.328825092875D-01 -0.259000578559D-01  0.399132396318D-01  0.243253213466D-02
 -0.250914991849D-01 -0.456555380012D-01 -0.110163613708D-01 -0.402303689302D-02
 -0.292828537242D-01  0.287077404626D-01  0.589355628937D-02 -0.212704052618D-01
 -0.154255773471D-02 -0.449238359804D-01  0.373827823427D+00 -0.390790784949D-02
  0.836797262515D-02 -0.137139142542D+00 -0.105845994702D-01  0.139652224702D-01
 -0.459355240701D-01  0.182599378885D-01 -0.300416305042D-01 -0.499591103263D-01
 -0.904249714805D-02  0.121526267286D-01 -0.122240120474D-01 -0.105675603075D-01
 -0.164834866501D-02  0.329812616155D-01  0.338839391610D-02 -0.184171227672D-02
  0.160740845894D-01 -0.189304808396D-01  0.226473931516D-03 -0.387609868536D-02
 -0.225417706615D-01  0.175737023615D-01 -0.306920774033D-02  0.192564492595D-03
 -0.792972875590D-02  0.403970786095D+00 -0.666184663544D-01 -0.274234213864D-01
 -0.405862774790D-01 -0.413212362416D-01 -0.510025261963D-02 -0.109734862909D-01
 -0.838816028451D-02 -0.163125460851D-01 -0.662858384271D-02  0.113173880227D-01
  0.186179331450D-02 -0.279191951032D-01 -0.208241989464D-01 -0.264340825747D-02
 -0.309463140602D-01  0.719412312085D-02 -0.774157217499D-02  0.202239809116D-01
 -0.138791419780D-01  0.103512078464D-01 -0.811174748644D-02 -0.328421983176D-01
  0.130373217872D-01  0.157173728587D-01 -0.331875371341D-01  0.268261675277D-01
  0.647144774866D-02  0.398604811612D+00 -0.320738233965D-01 -0.919650103669D-01
 -0.485890148772D-01  0.143922363091D-01 -0.139451506713D-01  0.157335936369D-02
  0.317417697214D-01 -0.370468748288D-02  0.147741899384D-01  0.126213814891D-01
  0.100370614459D-01 -0.178501889565D-01 -0.136303962287D-01  0.167669941018D-01
 -0.376049380146D-01 -0.154425094402D-02 -0.414191590173D-01 -0.118300133222D-01
 -0.137083674444D-01 -0.385589002783D-01 -0.333326333481D-01 -0.176155570085D-01
 -0.494114250603D-01  0.646834692430D-02  0.202741419317D-02 -0.270834464221D-01
  0.193899252612D-01 -0.255645064641D-01  0.385806254931D+00 -0.204926405692D-01
 -0.348842516550D-01 -0.933685596560D-01  0.981060688449D-02 -0.662367390370D-02
 -0.594521332478D-02  0.275376733756D-01 -0.254284571604D-01  0.893743577072D-02
 -0.126677489779D-02 -0.259029308542D-02  0.407595737455D-01  0.870715200050D-02
 -0.104797899957D-01  0.487539822469D-01  0.609772842235D-02  0.126956485082D-01
  0.457543707762D-01 -0.350435187817D-01  0.149369053442D-01 -0.363268318524D-01
  0.688222159730D-02  0.104976286722D-01 -0.228635887939D-01 -0.580662264007D-02
 -0.836045727424D-02 -0.315940331109D-01  0.451182627498D-01  0.730674225725D-01
  0.290746278135D+00 -0.383792498347D-01  0.115114231655D-01  0.390441438289D-01
 -0.543675904202D-01  0.244609162210D-02  0.416255866131D-02 -0.300222270778D-01
 -0.170211277948D-01 -0.626136660595D-02 -0.309801970938D-01 -0.176328767176D-01
 -0.405934712470D-02  0.119944877238D-02 -0.663911800831D-01 -0.285243862438D-01
 -0.348647457774D-02  0.989025381074D-02 -0.107094221716D-01 -0.300516862688D-02
  0.102966296024D-01 -0.497228613245D-02 -0.337183110762D-01  0.100420222350D-01
  0.111937239615D-01 -0.248788124332D-01  0.306349764675D-01  0.477342837212D-01
 -0.170552676294D-01  0.268183647841D-01 -0.985163865003D-02  0.362642921316D+00
 -0.521010140771D-02 -0.238958494443D-01 -0.151903551483D-01  0.515442122870D-02
 -0.635361441630D-01  0.197123882991D-01  0.196144214098D-01 -0.241319505024D-01
 -0.368503452232D-01  0.105814377264D-01 -0.324822986795D-01 -0.248604716284D-01
  0.264905277157D-02 -0.594933090445D-01 -0.346282572412D-01  0.203003882938D-01
  0.504114792271D-02  0.404158286327D-01  0.574813903815D-03 -0.569854856355D-02
 -0.142407371155D-01  0.175147987546D-01 -0.143230531024D-01 -0.397696085202D-02
 -0.381255348410D-01 -0.714843870803D-02 -0.191123717489D-01 -0.243627067773D-01
 -0.314200219909D-01  0.724595807121D-02  0.414929726712D-01  0.294869127586D+00
  0.792496027496D-02 -0.960385310734D-02 -0.180565753978D-01  0.793804021248D-02
  0.316811467388D-01 -0.110222315391D+00 -0.314010741208D-01  0.698865931217D-02
 -0.218849899880D-01  0.266267243625D-01  0.515417204307D-02 -0.240755611292D-01
  0.286847459351D-01 -0.201240286152D-02 -0.406102284113D-02  0.652170979888D-02
 -0.175029928482D-01 -0.272487440576D-01  0.103636179776D-01 -0.126161265380D-01
  0.144441750492D-02  0.202212483382D-01  0.272890385878D-02 -0.280267595412D-01
  0.288847438643D-02 -0.152502860248D-01 -0.236349890185D-01 -0.123326556017D-01
 -0.769572717265D-02 -0.215194103197D-01  0.140191731352D-02 -0.915412484485D-02
  0.386045125281D+00 -0.375524127885D-01  0.993407023408D-02  0.144242569622D-02
 -0.646204303188D-01  0.311261804821D-01 -0.268833204845D-01 -0.349784321513D-01
 -0.256327544716D-01  0.303282071301D-02 -0.471584788414D-02 -0.356877048560D-02
 -0.630566899283D-02 -0.202909679775D-01 -0.492901403011D-02 -0.245202874281D-01
 -0.447403201506D-02 -0.204298538501D-01 -0.972133728460D-02 -0.889153364637D-02
  0.132741826702D-01  0.110484435590D-01 -0.144337883867D-02  0.155041096985D-01
  0.350771436127D-02 -0.565426459472D-01  0.790468101323D-02  0.115137646174D-01
 -0.811066635749D-01  0.203497689866D-01  0.601329322173D-02  0.735790582257D-02
 -0.266739372768D-01 -0.112055955035D-01  0.381472985456D+00 -0.215116702935D-01
 -0.145151491231D-01 -0.872903155805D-02  0.192497715626D-01 -0.120368308574D+00
  0.603368580935D-01  0.246740029339D-01 -0.282286346411D-01 -0.416439645920D-02
  0.131606613812D-01 -0.315560277498D-01 -0.547092679508D-02 -0.261311871415D-02
 -0.173202899994D-01  0.246221026774D-02  0.141477138419D-01 -0.827236527689D-02
  0.250300489829D-01  0.472737699359D-02 -0.931322724426D-02 -0.209282503308D-02
 -0.277835318503D-01 -0.404514348628D-02 -0.146862876914D-02 -0.791259109180D-03
 -0.452827594529D-01 -0.195608123782D-01 -0.759387073149D-02 -0.895384904230D-02
 -0.581209646719D-02 -0.117893717448D-01 -0.218312647539D-01  0.286362352467D-01
 -0.156058628854D-01  0.458551237457D+00 -0.961716961457D-03 -0.121625842246D-01
 -0.257300586287D-01 -0.131374914776D-01  0.478118544837D-01 -0.106616649326D+00
 -0.402213586035D-02 -0.236029066736D-01 -0.176707745979D-01 -0.406119830173D-02
 -0.402591658289D-02  0.102746853531D-01  0.213902648550D-01  0.145046825959D-01
  0.223865035929D-01  0.160174138227D-03 -0.397101324456D-01 -0.551251440543D-01
  0.126850802975D-01 -0.131698270490D-01 -0.574471045144D-02 -0.173130570068D-01
 -0.661924901420D-02  0.365153600306D-02  0.298383628495D-01 -0.316248605798D-01
 -0.209386868667D-01 -0.103779843554D-01 -0.220067855079D-01 -0.169146772131D-01
 -0.425247589561D-01  0.124787992495D+00 -0.850201075038D-01  0.315065255813D-01
 -0.188240342116D-02  0.297266709955D+00 -0.982200832197D-02  0.343493777373D-01
  0.353495719929D-01 -0.156509992583D-01  0.294498952399D-01 -0.346209233199D-01
 -0.168573055156D+00  0.251993466268D-01  0.269364172406D-01 -0.918110655560D-02
 -0.184447308779D-01 -0.682148448526D-02  0.564428502334D-02  0.265965747115D-02
  0.581918950689D-02 -0.337298013928D-01  0.958552075095D-02  0.544039169594D-02
 -0.241553909516D-03 -0.169166052012D-01  0.178910816184D-01  0.126256884560D-01
  0.192324583754D-01 -0.430652489785D-01 -0.231366060205D-01  0.135021707826D-01
 -0.138662415472D-01 -0.224007563806D-01  0.325029548473D-01  0.250154809741D-01
 -0.294677977972D-01  0.168522846929D-01  0.865021718353D-03 -0.544461840833D-01
 -0.484889776944D-02  0.131393232359D-01  0.461857188159D+00 -0.456354044986D-02
  0.115898702589D-02 -0.216903907440D-01 -0.444666686892D-01 -0.189703960986D-01
 -0.687049964233D-02  0.721838220101D-02 -0.672957179002D-01 -0.105221257561D-01
  0.332916076888D-01 -0.295735530312D-01 -0.461166461102D-03  0.147485923001D-01
 -0.444500800520D-01  0.137665518866D-01  0.364935705653D-01 -0.250085346296D-01
  0.120783916589D-01  0.210317233048D-01 -0.456128028637D-02  0.437252387036D-02
  0.190786633913D-01 -0.639588837199D-02  0.131487560118D-01  0.388805414974D-01
  0.152235449063D-01  0.429065230630D-02 -0.445989143891D-01  0.345346139709D-01
 -0.123511033383D-01  0.116944259654D-01  0.614864938895D-02  0.267581117171D-02
 -0.101748842321D+00 -0.398653433099D-01  0.764654273572D-02 -0.810439690852D-01
  0.287950622594D+00 -0.620500972141D-02 -0.977831434051D-03 -0.324856102206D-02
 -0.174286575050D-01 -0.468796192194D-02 -0.250621144211D-01  0.267846564953D-01
 -0.886167279709D-02 -0.564338568997D-01 -0.201116661795D-01  0.105295798916D-01
 -0.326826876672D-01 -0.213607076767D-01  0.116284076422D-01 -0.110183919204D+00
 -0.630465381345D-02  0.146578863626D-01 -0.295419915784D-02 -0.674990714579D-02
  0.178251081383D-01  0.677148712213D-02  0.428283731256D-03  0.872884614716D-02
  0.896844803843D-02  0.462916791738D-02 -0.208960223192D-01  0.103077537056D-01
  0.121904654565D-01  0.492921942518D-01 -0.103548191938D+00 -0.355332247174D-01
 -0.371293409165D-01 -0.350047219212D-01 -0.128936369397D-01 -0.184699260674D-01
  0.922298137880D-02  0.263555764631D-01 -0.104524315005D-01  0.303136847553D+00
 -0.297905736623D-01 -0.236239770645D-01 -0.118473153276D-01 -0.107336474246D-01
 -0.785950475122D-02 -0.156460757847D-01 -0.696557533040D-01  0.105876697663D-01
  0.363376826649D-01  0.664499962802D-02  0.484819173002D-02  0.245880440491D-01
  0.123944561397D-01  0.226881312156D-01  0.446953918007D-01  0.103843558307D-01
  0.385973033492D-01  0.574729193428D-01 -0.139475235222D-01 -0.489587860672D-02
 -0.407665338271D-01 -0.171224898155D-01 -0.123460793509D-01 -0.342726556639D-01
  0.158368046687D-01  0.507038730701D-01 -0.128504390786D-03 -0.568841559563D-01
 -0.386402442816D-01  0.113574303688D-01 -0.312602585128D-01  0.309170415708D-01
 -0.136521150880D-02 -0.190451379949D-01  0.561539477829D-02 -0.343260272248D-01
 -0.339263556696D-01 -0.365828733586D-01  0.919986688822D-01  0.338025183601D+00
 -0.102750318212D-01 -0.265926698113D-01  0.298317259633D-02 -0.110459240707D-01
 -0.337195040664D-01 -0.338548634104D-01  0.860990958573D-02 -0.655926171668D-01
  0.119396613051D-01 -0.121881868177D-01 -0.184627688811D-01  0.541109141686D-01
  0.172030958852D-01 -0.743189433438D-03  0.297363819214D-01  0.223313483624D-01
 -0.377485041097D-01  0.256220220456D-01  0.959196515055D-02 -0.377335846814D-02
  0.192426979991D-01 -0.173198825895D-02 -0.269756641580D-02  0.706066612330D-02
 -0.399230322390D-01 -0.958272901962D-01  0.103726521237D-03 -0.301238723578D-02
 -0.855255174098D-02 -0.423560403288D-01 -0.620934904393D-02 -0.194461251534D-01
 -0.215896231292D-01  0.662503714480D-02 -0.796073056362D-01 -0.513751325696D-01
  0.204321496734D-01 -0.648167980454D-02 -0.188537286876D-01  0.739466499604D-02
  0.370697273712D+00  0.191219695919D-01  0.133863123801D-01 -0.570605912109D-01
 -0.452264984538D-02 -0.230668181918D-01 -0.134037523332D-01  0.531617152804D-01
 -0.104162202191D-01 -0.128480641093D+00  0.345712492848D-02 -0.109102919890D-01
 -0.635228837220D-01 -0.368836421298D-01 -0.133435968622D-01 -0.217464432011D-01
 -0.289842168241D-02  0.424713825215D-01  0.230333170139D-01 -0.536047141484D-03
  0.822781630320D-03 -0.188041726030D-01 -0.677948674904D-02 -0.279998942213D-02
  0.942072525054D-03  0.528000971784D-01  0.300695406318D-01 -0.642792469817D-01
 -0.211425371829D-01 -0.297362379449D-02  0.181637438204D-01 -0.115425365293D-02
 -0.215636194053D-01 -0.360292341146D-01  0.151110143511D-01 -0.320942558084D-02
 -0.335883012361D-01 -0.296520225949D-01  0.416421084369D-02 -0.199463024068D-01
 -0.269883462486D-01  0.150207138677D-01  0.417886589698D+00 -0.127241470152D-01
 -0.637634330443D-02 -0.141433994785D-01 -0.103683080083D-01  0.372039312840D-02
  0.143941568797D-01 -0.189602896686D-01  0.198296483431D-01  0.472636743197D-02
 -0.154681189192D-01  0.151573548079D-01  0.961309385353D-02 -0.212228337767D-01
 -0.924902678045D-02  0.247103412787D-01 -0.529332085250D-01 -0.263182416582D-02
  0.340501722876D-03 -0.914320673159D-01  0.257592538271D-01 -0.188543255596D-01
 -0.278588422834D-01 -0.239744618065D-01 -0.179705481012D-02  0.191624021564D-01
  0.149263464924D-01  0.162284438942D-01  0.347139131922D-01  0.244482003839D-01
 -0.765745032855D-01 -0.314449872869D-01  0.113851746716D-02 -0.132919393759D-01
  0.123725650728D-01  0.230556303809D-01  0.348797461959D-01 -0.373082116431D-01
  0.218790922709D-01 -0.490957477316D-01 -0.163698066637D-01  0.383093134191D-01
  0.311615460037D-01  0.365625285982D+00  0.253612742862D-01 -0.122364333725D-01
  0.663394688601D-02  0.214320050055D-02  0.617926238218D-02 -0.102437674870D-01
 -0.308622249471D-01 -0.511653548490D-02 -0.139215589713D-02 -0.407742992879D-01
 -0.236170770654D-01  0.106212919540D-01  0.690848335209D-03 -0.305553851987D-01
  0.275775292269D-02 -0.216323946730D-01 -0.923007377806D-03  0.943320393476D-03
  0.298040370708D-01 -0.821728025261D-01  0.297841884931D-01  0.637350363935D-02
 -0.286580898055D-01 -0.125008253929D-01  0.162553720633D-01 -0.184680973106D-01
 -0.212444615400D-01  0.409162986437D-01 -0.161802895370D-01 -0.966926185114D-02
 -0.142913496817D-01 -0.109646679786D-01  0.384476642601D-02  0.261878370291D-01
  0.729160511867D-02  0.178170256808D-02 -0.100795808811D-01 -0.240964897148D-01
 -0.606477510763D-02  0.143251568290D-01  0.111139422663D-01 -0.128876211317D-01
 -0.580820251002D-01  0.427200028744D+00  0.204196471807D-01  0.527166528569D-02
  0.702437725891D-03  0.217368270056D-01 -0.449132481081D-01  0.920025047725D-02
 -0.712129977906D-02 -0.154497130038D-01 -0.110638688796D-01 -0.816223037771D-02
  0.318940490542D-02 -0.153143427584D-01  0.361730112266D-02  0.329260344027D-01
  0.987204329542D-02  0.695665144049D-02 -0.114412581556D-02 -0.527493483516D-01
 -0.173006446896D-01  0.460601283672D-01 -0.823661900138D-01  0.394581219592D-02
  0.276182332757D-04 -0.354258907483D-01  0.261764285700D-01 -0.203581080535D-01
  0.637736274147D-02  0.253738181020D-01  0.161016148244D-01  0.494176145961D-02
  0.377482710779D-01 -0.231255075506D-01  0.188239576680D-01  0.150985583192D-01
 -0.644100022236D-01  0.260998171251D-01 -0.116548472749D-01 -0.362292788091D-02
  0.242952554969D-01 -0.458346819256D-01 -0.313460796416D-01 -0.222376252513D-01
  0.156163629055D-01  0.467064391751D-01  0.249003863612D+00 -0.164593205176D-01
 -0.647587118897D-02 -0.418075173798D-01 -0.115537053608D-01  0.144340409161D-01
 -0.318347178138D-01 -0.257549009460D-01  0.838066781920D-02 -0.131454725744D-02
 -0.288178121530D-01  0.114153026823D-01  0.373641697604D-01 -0.600862348579D-02
  0.623250107014D-02  0.536756141151D-01 -0.313414683898D-01  0.308098896458D-02
  0.158748468372D-01 -0.505298138654D-01  0.121602880815D-01 -0.233387711836D-01
 -0.845037593616D-02 -0.789710873256D-02 -0.990577960402D-02 -0.413855751021D-01
 -0.126613481831D-01 -0.444254630836D-01 -0.177791964846D-01 -0.284362739417D-01
 -0.885283444791D-02  0.462431403974D-01 -0.101685518323D+00 -0.458313505780D-01
 -0.174102699226D-01  0.304746187471D-01  0.392204830524D-01 -0.120291320906D-01
  0.548717058999D-01  0.357806010590D-01 -0.368625704214D-01 -0.103399351372D-02
 -0.183416402302D-02 -0.474712460449D-01 -0.177244405714D-01 -0.136155673551D-01
  0.325765747206D+00 -0.272104404106D-02 -0.324808410946D-01 -0.369046482620D-02
  0.102129080195D-02 -0.251844837016D-01  0.636947745847D-02 -0.208146984617D-01
  0.457996954193D-02 -0.434256439864D-02 -0.286892681356D-02  0.130000669913D-01
 -0.619270939096D-02 -0.344259894268D-01  0.550598799158D-02 -0.341924900650D-01
  0.880090527476D-02  0.370780004204D-01  0.933394382906D-01  0.300279200344D-01
 -0.733794669212D-01  0.376065223861D-01  0.210306701491D-01 -0.237491481359D-01
 -0.473071339483D-01 -0.437369506479D-01 -0.383651804954D-01 -0.219382946472D-01
  0.507844421605D-02 -0.413816970948D-01  0.163969134168D-02 -0.380361404964D-01
  0.201287449146D-01  0.963632012414D-02  0.251759165294D-01 -0.135508553131D-01
 -0.229704587754D-01 -0.225339456433D-01 -0.552179894898D-04  0.828428477941D-02
 -0.276315990165D-01 -0.300152304826D-01 -0.127370668222D-01  0.142658978217D-01
 -0.578568952992D-01  0.892033690515D-01  0.460312146731D-01  0.300547720851D+00
 -0.175941582034D-01 -0.360883445017D-01 -0.212359834562D-01 -0.880666425249D-02
  0.106910187136D-01  0.502599164848D-02  0.126732771511D-01 -0.637961427176D-02
  0.211390300470D-02 -0.626820886301D-02 -0.386081117208D-02 -0.150867355963D-02
  0.475147822490D-02 -0.392195407694D-02 -0.461613251661D-01  0.547684452548D-02
  0.177641640840D-01 -0.237307449300D-01 -0.157671228340D-01  0.408868113552D-01
 -0.129452448160D+00  0.239026890234D-01 -0.289034792500D-01 -0.195190099678D-01
  0.395377547365D-03  0.376240967934D-01  0.262023485234D-01 -0.223391648635D-02
 -0.213835628553D-01 -0.395961106585D-01 -0.238414784495D-01  0.801834113161D-02
  0.458977798997D-02  0.955027059998D-02  0.694795829973D-02 -0.172853486441D-01
  0.217974944015D-01  0.164144742706D-02 -0.513812973911D-02 -0.581664789325D-01
  0.214301415854D-01 -0.799560888224D-02  0.239400331637D-01 -0.187687008433D-01
 -0.500508732882D-01  0.196420588312D-01 -0.900404017747D-02  0.399481036106D+00
 -0.327291238029D-01  0.790375763975D-02 -0.282307408554D-01 -0.286506890104D-01
 -0.276657455757D-01  0.149593929547D-01  0.692577324420D-02 -0.177416455276D-01
  0.224459588282D-02 -0.115834265184D-01 -0.120587067477D-01 -0.226922699031D-01
 -0.378180466442D-01 -0.992451054116D-02  0.726349840695D-02 -0.415618033585D-01
 -0.374462467624D-01 -0.275702600703D-01 -0.521394370410D-01 -0.628564132629D-02
  0.233616776083D-01 -0.127212111021D+00 -0.511990494822D-02  0.408541793612D-01
  0.165534000503D-02  0.115712009836D-01 -0.158208124519D-01 -0.399456949978D-01
 -0.302754015564D-01 -0.963806310171D-02 -0.291428281254D-01  0.291272260947D-01
  0.394663223844D-01  0.106109622646D-01 -0.364725996344D-01 -0.125887622353D-01
  0.243901774807D-02  0.349684896026D-01  0.112529209309D-01 -0.155014572241D-01
  0.103546178606D-01 -0.151021380396D-01 -0.346324484443D-01  0.251072318135D-01
  0.304000735859D-02  0.602596411574D-02  0.185876612255D-01  0.151793571688D-01
  0.395410204855D+00  0.278099874520D-01 -0.253888534843D-01 -0.793759419800D-02
  0.555504463763D-03  0.582792584395D-02 -0.128551529588D-01 -0.324131404082D-02
 -0.452131486892D-02  0.457716093768D-02 -0.143812940854D-01  0.166862220449D-01
  0.964925277086D-02 -0.229183818320D-01  0.614142055203D-01 -0.158259642143D-01
 -0.355774730318D-01 -0.348967103109D-01 -0.247285312804D-01 -0.278157600822D-01
 -0.341779313167D-01  0.842394337781D-02 -0.315562698347D-02 -0.567706605228D-01
  0.102975753774D-01  0.788860822243D-01 -0.381295717607D-01  0.295249313385D-02
  0.199202938697D-01 -0.366697258621D-01  0.183080818053D-02  0.645414319126D-01
  0.167017765086D-01  0.344682500461D-02 -0.196991601753D-01 -0.134047003776D-01
  0.156008251794D-01 -0.312810476894D-01 -0.100720684927D+00 -0.165890826468D-01
 -0.386899146280D-02  0.266578790821D-01  0.983351032231D-02 -0.582686264781D-01
 -0.646829980574D-01 -0.177031541819D-01 -0.268239226484D-02  0.327305924921D-02
  0.127757876927D-01  0.146294010618D-01  0.304773884864D+00 -0.326990630405D-02
 -0.111791242838D-02 -0.282157937922D-01  0.165007983848D-01  0.101181700338D-02
  0.399580266565D-01 -0.749129965754D-02  0.107067118095D-01  0.128887257839D-01
 -0.281481564361D-01 -0.261329825928D-01 -0.230491111192D-01 -0.459889067874D-01
 -0.849712980840D-02  0.107570435167D-01 -0.364689697615D-01 -0.133652582312D-01
 -0.454068417209D-01 -0.624350893211D-02 -0.262761366581D-01 -0.467036725522D-01
  0.329960292232D-01 -0.288069113330D-02 -0.713098600124D-01 -0.784886395776D-01
 -0.181462730353D-01 -0.615401648013D-01  0.269152782201D-01  0.224024551027D-01
 -0.591478966056D-01  0.326328897602D-01  0.431446148526D-01  0.432667338882D-01
 -0.286823217586D-01  0.214261531887D-01  0.656574622846D-02 -0.760530617834D-02
 -0.934735738675D-02  0.258942791444D-01  0.293394667085D-01  0.129621123398D-01
  0.228257390951D-01  0.260502325511D-01 -0.885465533195D-02 -0.271303799088D-01
  0.285643315127D-01 -0.350054379119D-01 -0.580147614297D-01 -0.203137779853D-01
  0.810300750273D-02  0.286196252827D+00  0.552374094874D-02 -0.303204464867D-02
  0.393905032341D-01 -0.115531517561D-01 -0.177288646223D-01 -0.188197493236D-01
 -0.296065032879D-01 -0.766825355376D-02 -0.307512579877D-01 -0.488989503888D-01
  0.106368108059D-02 -0.753268686490D-03 -0.546999640473D-01  0.122567275289D-01
  0.190596727422D-01 -0.311797908663D-01  0.289331594083D-01  0.192798479895D-01
 -0.156964825562D-01  0.148105299592D-01 -0.132414352594D-01  0.313473634600D-02
 -0.661890331420D-02  0.410541815983D-01  0.535099373448D-03 -0.349782900759D-01
  0.460270014712D-01  0.402438331766D-03  0.365867305512D-01  0.209867467792D-01
 -0.602342458161D-01  0.140422040655D-03 -0.374749560138D-01 -0.629648147315D-02
 -0.609498788686D-02 -0.435068278262D-01 -0.326526111077D-01  0.188480136054D-01
 -0.337371295051D-01 -0.321860696967D-01 -0.554322090767D-01 -0.273197580439D-01
 -0.136796508085D-01  0.628155493159D-02 -0.760404138766D-01 -0.261808409980D-01
  0.227493738213D-01 -0.463085261614D-02  0.278498039559D-01  0.165473671420D-01
  0.697017670180D-01  0.325418923847D+00  0.198108094305D-01 -0.201955366670D-01
  0.313199556273D-01 -0.329979249549D-02 -0.891863760882D-02  0.531384262611D-02
 -0.207595098368D-01 -0.631435676111D-02  0.506476763116D-02 -0.140828060993D-01
 -0.143605457770D-01 -0.481877676674D-02  0.233923099542D-01 -0.596168044204D-01
 -0.192339447317D-01  0.127703657110D-02 -0.860054414333D-02 -0.307142750380D-01
  0.206895665472D-02 -0.247943037696D-01 -0.352633938023D-01  0.703170176767D-02
 -0.464412293159D-01 -0.904090968798D-02  0.211502519607D-01  0.506895933294D-02
  0.442945651764D-01  0.463620589162D-01 -0.378990098821D-01  0.366413623693D-01
 -0.479971966742D-01 -0.285177742367D-01  0.632296600639D-03  0.622064117078D-01
 -0.972761859501D-02  0.170166567855D-01 -0.186170390503D-01  0.224584482296D-01
  0.220364661859D-01 -0.302282794125D-01  0.207912663060D-01 -0.186017877871D-02
 -0.439073407071D-01 -0.762560697825D-01 -0.174134077857D-01 -0.848438213435D-02
 -0.480945334325D-01 -0.294692599342D-01  0.307408163379D-01 -0.259718016247D-01
  0.298669627187D-01 -0.266640068909D-01  0.367390092148D+00 -0.123807413319D-01
  0.115602661040D-01 -0.174204708168D-03  0.946667048976D-02 -0.759783005722D-02
 -0.169648519115D-01 -0.439045121287D-01  0.243497699040D-01  0.188564375413D-03
  0.116063664825D-01  0.233214789780D-01 -0.131633747814D-01  0.531488205154D-01
  0.414257066688D-02 -0.349081115285D-01  0.223945035602D-01  0.116266020790D-01
 -0.161469563312D-01  0.107303418730D-01 -0.228073049243D-02 -0.176168251215D-01
  0.286493568635D-01  0.265048570136D-01 -0.128345873927D+00 -0.369288952769D-01
 -0.308824886319D-02 -0.417233810795D-01  0.192420718414D-01  0.196979609827D-03
 -0.272326324813D-01 -0.648562561999D-02 -0.349303180778D-02 -0.193855811080D-01
  0.123873373714D-01 -0.956898932638D-02  0.916647888587D-02 -0.313234744685D-01
  0.115331147979D-01  0.560563193806D-02 -0.264477729828D-01 -0.836742706382D-03
  0.424334088426D-02 -0.279038556395D-01 -0.144718423580D-02 -0.529782304013D-01
 -0.736139244164D-02 -0.486984424686D-01 -0.177240393917D-01 -0.566512741392D-02
  0.814829000036D-02 -0.278340651979D-01  0.307759283067D-01 -0.443727291957D-01
  0.394994111885D+00
$end
