$coord
  -11.03541961460225     -2.15890498175345      3.17374732589555  c
  -10.38099341186776     -1.61979175941700      0.41021150295063  c
   -8.40437501649804      0.28207790330737      0.16515332398537  n
   -7.63994953673759      0.81295546102732     -2.43103997998606  c
   -5.42531699214968      2.67931311286592     -2.48929026336696  c
   -3.09589694600175      1.83625341287941     -1.28420677910059  n
   -1.75443015766126     -0.19801784173436     -2.58605542756398  c
    0.90463120091288     -0.51189333535694     -1.52735412590739  c
    2.40362419095300      1.75096163636911     -1.96789782171066  n
    4.88116031081313      1.77274090039536     -0.75952621193290  c
    6.84708635569753      0.27816459784593     -2.28866818346205  c
    9.39788493505728      0.20394609386738     -1.24660679365782  n
    9.72928215967505     -1.18710804843207      1.11733802369483  c
   12.46071444026182     -2.04660883188884      1.43435004411673  c
   14.18316928262035      0.12563486991369      1.38358531238640  n
  -12.05783800471765     -0.05459046170605      4.64057679819230  n
   -9.34057467420384     -2.83189989481085      4.14233213586756  h
  -12.41147740575054     -3.70081455497776      3.22545313994379  h
  -12.12361094255195     -1.08908385475024     -0.61380937444120  h
   -9.69859663469896     -3.36851754959370     -0.46068550374396  h
   -9.00008675972505      1.91388366392172      0.97964333911736  h
   -9.19796415020056      1.57702487921501     -3.58938603847423  h
   -7.08111834310177     -0.97295198056802     -3.30854689001973  h
   -6.01910375108287      4.43835556558706     -1.56951098640538  h
   -5.00254016692772      3.16357584258856     -4.45320155555891  h
   -3.50204751779925      1.28336142562256      0.50736449667140  h
   -2.73168881066442     -2.03107317971846     -2.48448759601962  h
   -1.61018350656818      0.31445740557854     -4.58315922934234  h
    0.78006237512642     -0.99488668748776      0.50427199907017  h
    1.79190487487718     -2.12903499246006     -2.45800681963021  h
    1.36106136092496      3.25602505812025     -1.40848060080181  h
    4.80843583737392      1.04124327006467      1.19096811214728  h
    5.51489245408405      3.73779464966271     -0.63746886093018  h
    6.93473986601720      1.09472886035828     -4.18459882918103  h
    6.21544259217792     -1.67587913129115     -2.52236134523251  h
   10.07641014788311      1.98349147077694     -1.04480283653585  h
    8.51545867736050     -2.85974415274747      1.05046903248688  h
    9.17685206994652     -0.09071521536054      2.79321749000072  h
   12.65186434652559     -2.97508650212303      3.27037154995109  h
   12.88801652368250     -3.45511888787463     -0.03102782496784  h
   15.92239811764404     -0.37526183139035      2.00572876792189  h
   14.39879836164468      0.73092065834700     -0.42172637227487  h
  -13.57787869168979      0.73966851251187      3.78758384098915  h
  -10.75279755634124      1.31040820406267      4.94303328708684  h
$user-defined bonds
$end
