$energy      SCF               SCFKIN            SCFPOT
     1 -1263.350659171      1257.940944838     -2521.291604009
     2 -1263.350660527      1257.944864869     -2521.295525396
     3 -1263.350664151      1257.943280895     -2521.293945046
     4 -1263.350668315      1257.943798257     -2521.294466572
     5 -1263.350670841      1257.943786979     -2521.294457820
     6 -1263.350674716      1257.946553541     -2521.297228257
     7 -1263.350677825      1257.948310543     -2521.298988368
     8 -1263.350682146      1257.949377557     -2521.300059703
     9 -1263.350685631      1257.950149003     -2521.300834633
    10 -1263.350690631      1257.948554234     -2521.299244865
    11 -1263.350694831      1257.945568491     -2521.296263323
    12 -1263.350700571      1257.947162186     -2521.297862756
    13 -1263.350704499      1257.948914835     -2521.299619335
    14 -1263.350708700      1257.948583700     -2521.299292400
    15 -1263.350713024      1257.951727458     -2521.302440482
    16 -1263.350716519      1257.952709404     -2521.303425923
    17 -1263.350719724      1257.952249501     -2521.302969225
    18 -1263.350722427      1257.950885782     -2521.301608209
    19 -1263.350726567      1257.947692866     -2521.298419432
    20 -1263.350729458      1257.945581444     -2521.296310902
    21 -1263.350732700      1257.945046330     -2521.295779030
    22 -1263.350736311      1257.944059136     -2521.294795448
    23 -1263.350738788      1257.944269095     -2521.295007882
    24 -1263.350740950      1257.944142605     -2521.294883554
    25 -1263.350742649      1257.944889000     -2521.295631649
    26 -1263.350745194      1257.945223858     -2521.295969052
    27 -1263.350747742      1257.945177422     -2521.295925164
    28 -1263.350749154      1257.945222900     -2521.295972055
    29 -1263.350751062      1257.944715273     -2521.295466335
    30 -1263.350752518      1257.944220361     -2521.294972879
    31 -1263.350754517      1257.946656766     -2521.297411282
    32 -1263.350756759      1257.947597711     -2521.298354470
    33 -1263.350758492      1257.947369925     -2521.298128417
    34 -1263.350760074      1257.947388319     -2521.298148392
    35 -1263.350761968      1257.947166370     -2521.297928338
    36 -1263.350764424      1257.947683021     -2521.298447445
    37 -1263.350767118      1257.946474726     -2521.297241844
    38 -1263.350769716      1257.948128191     -2521.298897907
    39 -1263.350771560      1257.949674400     -2521.300445961
    40 -1263.350773748      1257.951509878     -2521.302283627
    41 -1263.350775827      1257.952346980     -2521.303122807
    42 -1263.350778104      1257.951270477     -2521.302048582
    43 -1263.350779436      1257.950124703     -2521.300904139
    44 -1263.350781448      1257.947934692     -2521.298716140
    45 -1263.350783360      1257.945248836     -2521.296032196
    46 -1263.350785325      1257.945609498     -2521.296394823
    47 -1263.350786542      1257.945809865     -2521.296596407
    48 -1263.350788287      1257.949692051     -2521.300480338
    49 -1263.350789760      1257.952184452     -2521.302974212
    50 -1263.350790856      1257.952906222     -2521.303697078
    51 -1263.350791728      1257.953123038     -2521.303914766
    52 -1263.350792786      1257.951005499     -2521.301798285
    53 -1263.350794204      1257.946700928     -2521.297495132
    54 -1263.350795598      1257.944058300     -2521.294853898
    55 -1263.350797714      1257.939964847     -2521.290762560
    56 -1263.350800239      1257.938786815     -2521.289587054
    57 -1263.350804166      1257.941731064     -2521.292535230
    58 -1263.350804631      1257.944848947     -2521.295653578
    59 -1263.350806905      1257.944131451     -2521.294938355
    60 -1263.350810915      1257.944003615     -2521.294814531
    61 -1263.350813726      1257.944521216     -2521.295334942
    62 -1263.350815637      1257.945319017     -2521.296134653
    63 -1263.350818659      1257.945720011     -2521.296538670
    64 -1263.350821681      1257.946453428     -2521.297275109
    65 -1263.350823753      1257.946820080     -2521.297643833
    66 -1263.350825550      1257.947561735     -2521.298387285
    67 -1263.350827319      1257.948848889     -2521.299676208
    68 -1263.350829633      1257.949166591     -2521.299996225
    69 -1263.350833947      1257.948299920     -2521.299133867
    70 -1263.350837864      1257.946056160     -2521.296894023
    71 -1263.350842675      1257.940929508     -2521.291772183
    72 -1263.350846571      1257.940470533     -2521.291317104
    73 -1263.350848904      1257.937204439     -2521.288053343
    74 -1263.350852340      1257.938746057     -2521.289598396
    75 -1263.350857138      1257.940091526     -2521.290948665
    76 -1263.350861033      1257.941386253     -2521.292247286
    77 -1263.350865219      1257.942663418     -2521.293528637
    78 -1263.350872592      1257.944725602     -2521.295598194
    79 -1263.350887133      1257.945094076     -2521.295981209
    80 -1263.350895820      1257.942828350     -2521.293724170
    81 -1263.350906771      1257.941799276     -2521.292706047
    82 -1263.350912737      1257.940910418     -2521.291823155
    83 -1263.350919698      1257.939648537     -2521.290568235
    84 -1263.350922750      1257.941095362     -2521.292018111
    85 -1263.350926685      1257.940613410     -2521.291540094
    86 -1263.350930753      1257.948885681     -2521.299816433
    87 -1263.350934095      1257.941538978     -2521.292473073
    88 -1263.350937370      1257.935211454     -2521.286148824
    89 -1263.350941150      1257.937969420     -2521.288910570
    90 -1263.350945412      1257.940304794     -2521.291250206
    91 -1263.350948981      1257.942436281     -2521.293385262
    92 -1263.350953099      1257.948080273     -2521.299033372
    93 -1263.350955625      1257.948734000     -2521.299689625
    94 -1263.350958327      1257.947750612     -2521.298708938
    95 -1263.350960756      1257.945350833     -2521.296311589
    96 -1263.350962939      1257.942847481     -2521.293810420
    97 -1263.350965963      1257.941326248     -2521.292292210
    98 -1263.350969166      1257.941648218     -2521.292617385
    99 -1263.350971820      1257.944130142     -2521.295101962
   100 -1263.350974978      1257.944448860     -2521.295423838
   101 -1263.350977166      1257.946580021     -2521.297557186
   102 -1263.350979592      1257.945882568     -2521.296862160
   103 -1263.350980986      1257.946312711     -2521.297293697
   104 -1263.350982388      1257.945975595     -2521.296957984
   105 -1263.350984156      1257.947018889     -2521.298003045
   106 -1263.350985817      1257.947681305     -2521.298667122
   107 -1263.350986959      1257.949074135     -2521.300061094
   108 -1263.350987900      1257.949732518     -2521.300720418
   109 -1263.350989368      1257.950358640     -2521.301348008
   110 -1263.350991225      1257.951779319     -2521.302770544
   111 -1263.350993426      1257.951446815     -2521.302440241
   112 -1263.350996042      1257.951216485     -2521.302212527
   113 -1263.350998539      1257.950849092     -2521.301847631
   114 -1263.351000798      1257.950898622     -2521.301899420
   115 -1263.351003820      1257.951600512     -2521.302604331
   116 -1263.351006004      1257.952785947     -2521.303791952
   117 -1263.351008222      1257.954780550     -2521.305788772
   118 -1263.351009758      1257.955260946     -2521.306270704
   119 -1263.351010777      1257.955116692     -2521.306127469
   120 -1263.351011937      1257.953684679     -2521.304696616
   121 -1263.351012670      1257.951401265     -2521.302413935
   122 -1263.351013776      1257.950056018     -2521.301069795
   123 -1263.351014637      1257.946887509     -2521.297902146
   124 -1263.351015704      1257.946720286     -2521.297735990
   125 -1263.351016914      1257.945239970     -2521.296256884
   126 -1263.351017478      1257.944027234     -2521.295044713
   127 -1263.351018603      1257.948288077     -2521.299306681
   128 -1263.351019977      1257.947445867     -2521.298465844
   129 -1263.351022464      1257.945530186     -2521.296552650
   130 -1263.351024235      1257.943652408     -2521.294676643
   131 -1263.351027412      1257.939677347     -2521.290704759
   132 -1263.351030885      1257.935797676     -2521.286828561
   133 -1263.351036205      1257.936517649     -2521.287553853
   134 -1263.351041764      1257.940166733     -2521.291208497
   135 -1263.351047048      1257.940730736     -2521.291777784
   136 -1263.351052006      1257.941038927     -2521.292090932
   137 -1263.351071832      1257.942245994     -2521.293317826
   138 -1263.351093111      1257.945271607     -2521.296364719
   139 -1263.351103794      1257.946238386     -2521.297342180
   140 -1263.351114056      1257.946680959     -2521.297795015
   141 -1263.351126520      1257.946435707     -2521.297562227
   142 -1263.351129527      1257.943037066     -2521.294166593
   143 -1263.351132000      1257.943782914     -2521.294914914
   144 -1263.351135213      1257.942913761     -2521.294048974
   145 -1263.351138655      1257.942226822     -2521.293365477
   146 -1263.351142775      1257.943538935     -2521.294681710
   147 -1263.351145926      1257.937699570     -2521.288845496
   148 -1263.351149068      1257.936490969     -2521.287640037
   149 -1263.351152912      1257.931880839     -2521.283033751
   150 -1263.351155200      1257.930921213     -2521.282076414
   151 -1263.351158270      1257.933141148     -2521.284299418
   152 -1263.351161534      1257.935599802     -2521.286761336
   153 -1263.351164876      1257.941757889     -2521.292922765
   154 -1263.351167372      1257.943442033     -2521.294609404
   155 -1263.351169617      1257.944082290     -2521.295251907
   156 -1263.351172476      1257.946787102     -2521.297959577
   157 -1263.351174250      1257.943583935     -2521.294758185
   158 -1263.351176763      1257.941198738     -2521.292375501
   159 -1263.351178226      1257.940260874     -2521.291439099
   160 -1263.351179711      1257.940565141     -2521.291744852
   161 -1263.351181604      1257.943625286     -2521.294806890
   162 -1263.351183256      1257.944583465     -2521.295766721
   163 -1263.351185383      1257.951752759     -2521.302938142
   164 -1263.351187335      1257.951956444     -2521.303143779
   165 -1263.351190842      1257.950823079     -2521.302013921
   166 -1263.351192389      1257.949626872     -2521.300819260
   167 -1263.351195012      1257.947428756     -2521.298623768
   168 -1263.351199141      1257.947333765     -2521.298532907
   169 -1263.351201623      1257.945820277     -2521.297021900
   170 -1263.351204174      1257.949093463     -2521.300297637
   171 -1263.351208316      1257.952432656     -2521.303640971
   172 -1263.351211707      1257.953305170     -2521.304516878
   173 -1263.351214427      1257.950723131     -2521.301937557
   174 -1263.351217881      1257.951622642     -2521.302840523
   175 -1263.351221500      1257.949671511     -2521.300893011
   176 -1263.351225115      1257.947267906     -2521.298493021
   177 -1263.351226904      1257.945429522     -2521.296656426
   178 -1263.351228450      1257.944406380     -2521.295634830
   179 -1263.351231950      1257.950049087     -2521.301281037
   180 -1263.351232627      1257.950990655     -2521.302223281
   181 -1263.351233623      1257.950012421     -2521.301246044
   182 -1263.351233874      1257.942431454     -2521.293665328
   183 -1263.351234804      1257.945765317     -2521.297000121
   184 -1263.351235602      1257.948544776     -2521.299780377
   185 -1263.351235866      1257.948581534     -2521.299817400
   186 -1263.351236368      1257.949338253     -2521.300574621
   187 -1263.351236725      1257.948448828     -2521.299685553
   188 -1263.351237405      1257.946178934     -2521.297416339
   189 -1263.351237702      1257.945655557     -2521.296893259
   190 -1263.351237905      1257.945387854     -2521.296625758
   191 -1263.351238195      1257.944208880     -2521.295447076
   192 -1263.351238630      1257.946142743     -2521.297381373
   193 -1263.351238718      1257.946538883     -2521.297777601
   194 -1263.351239299      1257.946295978     -2521.297535277
   195 -1263.351240120      1257.944939502     -2521.296179622
   196 -1263.351240972      1257.942334054     -2521.293575027
   197 -1263.351241245      1257.941905231     -2521.293146476
   198 -1263.351241832      1257.942256055     -2521.293497887
   199 -1263.351242230      1257.944031837     -2521.295274067
   200 -1263.351242627      1257.944815949     -2521.296058576
   201 -1263.351242943      1257.944857302     -2521.296100246
   202 -1263.351243745      1257.944608153     -2521.295851898
   203 -1263.351244177      1257.943815748     -2521.295059926
   204 -1263.351244872      1257.942947577     -2521.294192449
   205 -1263.351245107      1257.942605002     -2521.293850109
   206 -1263.351245653      1257.944001928     -2521.295247581
   207 -1263.351246187      1257.945506175     -2521.296752361
   208 -1263.351246240      1257.945653939     -2521.296900178
   209 -1263.351246566      1257.944903608     -2521.296150175
   210 -1263.351246794      1257.943901791     -2521.295148585
   211 -1263.351246993      1257.943654283     -2521.294901276
   212 -1263.351247116      1257.943882644     -2521.295129760
   213 -1263.351247233      1257.944110419     -2521.295357652
   214 -1263.351247274      1257.944066544     -2521.295313818
   215 -1263.351247390      1257.944355521     -2521.295602911
$end
