$coord
   -0.89912084141014     -0.37613464437324     -0.24245732773920  c
    1.59156360248027     -1.64395884312064      0.50268547378381  c
    3.57952548254755     -1.66318154276896     -1.58932213944440  c
    4.70835335804964      0.89582752346991     -2.15739295778282  c
    4.39779037506691      2.80420320123992     -0.95891283778772  o
    6.21352853462020      0.81346878486399     -4.22870203426184  o
   -2.88187346752490     -0.47481241630566      1.85892212858492  c
   -5.38154081810305      0.79045896655407      1.17892546005580  c
   -5.19915926065805      3.46234064525948      0.89545864586998  o
   -0.50743038003005      1.59002553932704     -0.74714536252079  h
   -1.65631940539435     -1.29942611512161     -1.93790019469860  h
    1.21934174371173     -3.60219620951079      1.05354684185507  h
    2.37093331183774     -0.69793811479031      2.16459847434807  h
    2.82464262817618     -2.43544473498548     -3.35173853123479  h
    5.16314806378370     -2.89487437911632     -1.08226233265198  h
    6.90935290491707      2.49546083539238     -4.45226246142759  h
   -3.27393013513217     -2.45215050120547      2.33967733463158  h
   -2.13677044195294      0.42239147251735      3.56688958469177  h
   -6.17204964441409     -0.07067701386750     -0.53742529419668  h
   -6.74721420729896      0.50119279396830      2.69652736774737  h
   -4.12276951354634      3.83542475257254     -0.52336425444867  h
$user-defined bonds
$end
