$energy      SCF               SCFKIN            SCFPOT
     1 -461.4786189439      459.4701497032     -920.9487686471
     2 -461.4784495113      459.6461037017     -921.1245532130
     3 -461.4791598497      459.6121059663     -921.0912658160
     4 -461.4798943743      459.5668347978     -921.0467291722
     5 -461.4801491524      459.5692734764     -921.0494226288
     6 -461.4803675637      459.5705095485     -921.0508771122
     7 -461.4805515542      459.5830027184     -921.0635542725
     8 -461.4806907724      459.5794378584     -921.0601286308
     9 -461.4807558398      459.5640207130     -921.0447765528
    10 -461.4808229236      459.5307355208     -921.0115584444
    11 -461.4808537181      459.5176906781     -920.9985443962
    12 -461.4808967888      459.5108109006     -920.9917076895
    13 -461.4809420026      459.5133430731     -920.9942850757
    14 -461.4809639724      459.5259060674     -921.0068700398
    15 -461.4809735262      459.5281959081     -921.0091694343
    16 -461.4809853179      459.5261541607     -921.0071394786
    17 -461.4809937060      459.5203544623     -921.0013481683
    18 -461.4809996912      459.5157868983     -920.9967865895
    19 -461.4810067627      459.5136191078     -920.9946258705
    20 -461.4810156118      459.5155665250     -920.9965821368
    21 -461.4810217646      459.5168296929     -920.9978514575
    22 -461.4810269547      459.5168604859     -920.9978874407
    23 -461.4810336134      459.5128792451     -920.9939128584
    24 -461.4810392374      459.5084536882     -920.9894929256
    25 -461.4810446585      459.5068076009     -920.9878522593
    26 -461.4810520436      459.5079671840     -920.9890192277
    27 -461.4810574754      459.5121116780     -920.9931691534
    28 -461.4810617839      459.5155357093     -920.9965974932
    29 -461.4810648696      459.5168731134     -920.9979379831
    30 -461.4810685764      459.5173463954     -920.9984149718
    31 -461.4810723879      459.5159443987     -920.9970167866
    32 -461.4810747366      459.5156669491     -920.9967416856
    33 -461.4810759658      459.5169833665     -920.9980593322
    34 -461.4810776051      459.5182797293     -920.9993573344
    35 -461.4810797522      459.5190954301     -921.0001751823
    36 -461.4810813717      459.5191898141     -921.0002711858
    37 -461.4810838097      459.5172294858     -920.9983132954
    38 -461.4810860913      459.5152523038     -920.9963383951
    39 -461.4810867900      459.5155911389     -920.9966779289
    40 -461.4810878617      459.5156185300     -920.9967063918
    41 -461.4810883058      459.5161961665     -920.9972844722
    42 -461.4810886423      459.5163206185     -920.9974092608
    43 -461.4810889734      459.5160440101     -920.9971329836
    44 -461.4810891741      459.5162431248     -920.9973322989
    45 -461.4810893862      459.5159340588     -920.9970234450
    46 -461.4810896394      459.5160087569     -920.9970983963
    47 -461.4810898271      459.5164515363     -920.9975413634
$end
