$hessapprox
  0.470827430160D+00  0.773328303869D-02  0.519784547135D+00  0.150239336867D-01
  0.161732013822D-01  0.508169430060D+00 -0.447973394453D-01 -0.192235752122D-01
 -0.123410451078D-01  0.463199146608D+00 -0.908951816512D-02 -0.742806435365D-01
 -0.981058534355D-03  0.968358610479D-02  0.481943742568D+00 -0.102437086986D-01
 -0.926736064720D-02 -0.582029721252D-01  0.772259217964D-02  0.133867857968D-01
  0.470842316526D+00 -0.203807277274D-01 -0.272717359177D-02  0.178166099696D-01
 -0.627706286659D-01 -0.202344930491D-02  0.744335516219D-02  0.495732008205D+00
  0.153740694057D-01  0.224498905414D-02  0.413297699715D-02 -0.502067732427D-03
 -0.605921353264D-01 -0.110606706214D-01 -0.962468920755D-03  0.446520019032D+00
  0.127576704257D-01 -0.135224712164D-01  0.172929604432D-01  0.158818143255D-01
 -0.335333313822D-02 -0.948307898889D-01  0.221617827792D-01 -0.427958929491D-02
  0.485472011248D+00 -0.271023526557D-01 -0.457110104825D-02 -0.142277579278D-01
 -0.202806955002D-01  0.320337290097D-02  0.104699538218D-01 -0.541990423343D-01
 -0.222054574288D-01 -0.801376198179D-02  0.526798549690D+00  0.559800659133D-02
 -0.106549295705D-01  0.487781713065D-01 -0.137163240484D-01 -0.704627156332D-02
 -0.740389102735D-02 -0.126545769631D-01 -0.106476801839D+00  0.363416004905D-01
 -0.109233365629D+00  0.110319653232D+01  0.611025695670D-02  0.780460034552D-02
  0.215027918784D-01 -0.275930037895D-03  0.139090039411D-01 -0.265812252919D-01
  0.111939400135D-01  0.185478437368D-02 -0.200589500514D-01 -0.131148662522D+00
  0.370005011357D+00  0.731478082641D+00 -0.189042706118D-01  0.167334676514D-02
 -0.183678652162D-02 -0.200522120167D-01  0.205672047329D-01 -0.121205532500D-01
 -0.141229264913D-01 -0.722588856217D-02  0.359133407574D-02 -0.723196325826D-01
  0.113679957526D+00  0.826688176530D-01  0.396496120323D+00  0.428924598367D-02
 -0.101082908898D-01 -0.651235793971D-01  0.796263812659D-02 -0.265992871572D-01
  0.288000251931D-01 -0.145026759015D-01 -0.169469340488D-01 -0.301104927804D-01
  0.124967177413D+00 -0.675786019948D+00 -0.371902122100D+00 -0.135287699339D+00
  0.919891232508D+00 -0.138720428707D-01 -0.141403948256D-01 -0.323307694994D-01
  0.207426910418D-01  0.185199456984D-01 -0.363714345888D-02  0.383794790463D-02
  0.213165691585D-01 -0.449325092869D-01  0.963248806315D-01 -0.356904244158D+00
 -0.319341640999D+00 -0.444437137511D-01  0.369672954542D+00  0.516053359979D+00
 -0.859259280756D-02  0.165355238192D-01  0.104562008481D-01 -0.246033138028D-01
 -0.195274195262D-01 -0.121696457499D-01 -0.341842483946D-01  0.636897251046D-02
 -0.252002531048D-02 -0.112160514568D+00  0.325451774309D-01  0.873048143358D-01
 -0.245020366484D-02 -0.414468269495D-01  0.119677610668D-01  0.437104134232D+00
 -0.134703917495D-01 -0.335179960422D-01  0.315466853891D-01 -0.137730294193D-01
 -0.436171185216D-01 -0.194532618590D-01 -0.161044967739D-01 -0.192937040056D-01
  0.522036700698D-01 -0.217377305215D-01 -0.568158806254D-01  0.315499936547D-01
  0.466832390033D-01 -0.398816387919D-01 -0.726088706105D-01  0.893355331533D-01
  0.607726583999D+00 -0.589471871694D-03 -0.350363967666D-02 -0.234410950730D-01
  0.132016097866D-01  0.135560137200D-01 -0.134361158012D-01 -0.128278854282D-01
 -0.176761117925D-02 -0.375479370524D-01  0.573810324992D-01 -0.588996702065D-01
 -0.171792741678D+00 -0.551422912914D-02  0.351041425016D-01 -0.216142042535D-01
 -0.656024749998D-01 -0.259522920991D-01  0.442083825585D+00 -0.341758795137D-01
 -0.137840605599D-01 -0.102632462672D-01 -0.170832299703D-01  0.980733123966D-02
  0.249414846339D-01 -0.117189608552D-01  0.246162124456D-02 -0.202805265747D-01
 -0.836483486134D-02 -0.224129904522D-01 -0.513198610826D-02 -0.111348838786D-01
  0.282188285202D-01  0.187299552803D-01 -0.128052444818D-01 -0.176319151135D-01
  0.791854739821D-02  0.464751490783D+00  0.258147666759D-02 -0.137267008784D-01
 -0.981946719114D-02  0.756718130618D-02 -0.205183036050D-02  0.613906124429D-02
  0.148407706419D-02 -0.864901860069D-02 -0.238136864773D-01 -0.353740878161D-02
  0.674379625847D-02  0.221452294468D-01  0.208355228303D-02 -0.253152013176D-02
  0.146272795215D-01 -0.931771143059D-02 -0.335067766830D-02 -0.702570300365D-03
  0.210998788918D-01  0.456558861321D+00 -0.141354581705D-01  0.143963146953D-02
 -0.786840875843D-01  0.323796558014D-02  0.890692233320D-02  0.379756099624D-01
 -0.181544315621D-01 -0.484097952378D-02 -0.456807781545D-01  0.112317258323D-01
 -0.408368280216D-01 -0.265957937552D-01 -0.901335663909D-03  0.183928345108D-01
  0.231622371426D-01 -0.257203461447D-02 -0.122519574057D-01 -0.459282550834D-02
  0.559503409728D-02  0.193293655680D-01  0.491489993525D+00 -0.245168401479D-01
 -0.356830327126D-02  0.152789927302D-02  0.945195051614D-02  0.751414966744D-02
 -0.132046787603D-01 -0.176198302030D-01  0.922437192298D-02 -0.301367179939D-02
 -0.908981255020D-02  0.841997280160D-02 -0.909242316670D-05 -0.145761312136D-01
  0.100637912218D-01 -0.812432761397D-02 -0.144907770306D-01 -0.932793008037D-03
  0.519330580327D-02 -0.654790066015D-01 -0.868209803890D-02 -0.727686864565D-02
  0.475001348840D+00  0.134513710704D-01 -0.138229389647D-01  0.191189530903D-01
  0.531668880829D-02 -0.213101861781D-01  0.506154856762D-02  0.798523844655D-02
 -0.158292416109D-01  0.112314412666D-01 -0.155127272163D-01  0.258972549244D-01
  0.120602111935D-01 -0.121727522121D-01  0.749370396294D-02  0.244431371214D-02
 -0.257160101767D-01  0.209559527716D-01  0.937105070126D-02  0.139680454551D-01
 -0.546577971161D-01 -0.303373749514D-02  0.562463962248D-02  0.440591092266D+00
  0.928000212837D-02 -0.281002317033D-03  0.101077006764D-01 -0.213402539750D-01
 -0.750621469218D-02 -0.281748692257D-01  0.195752218366D-01 -0.189743057697D-02
  0.121938655631D-01 -0.381628706385D-02 -0.184131165034D-01 -0.772206137291D-02
 -0.912594454700D-03 -0.251794043902D-02 -0.730346101917D-02  0.256045882783D-01
  0.925308744082D-02  0.175472032467D-01 -0.132296938231D-01  0.502951946167D-02
 -0.894494208374D-01 -0.534185699444D-01 -0.143832201178D-01  0.555998779908D+00
 -0.139722795694D-01 -0.175501112368D-01  0.275649179565D-01  0.882521380434D-02
  0.127014239645D-01  0.376090820101D-02 -0.186428127410D-01 -0.164542084904D-02
  0.207882431582D-02 -0.243409062298D-01 -0.249972097405D-02 -0.575158030771D-02
 -0.462514064992D-01  0.471315339157D-02 -0.215457769866D-01  0.230591426376D-01
  0.489780993291D-01  0.822369677948D-02 -0.281168019032D-01  0.129039092607D-01
 -0.384330474162D-02 -0.545793479914D-01 -0.451564801631D-01 -0.125444769721D-02
  0.454304891247D+00  0.903678850735D-02 -0.173108077481D-01 -0.379149595165D-02
  0.861602341609D-02 -0.135630964258D-01  0.256681236991D-01 -0.310139272198D-02
 -0.244124455171D-01  0.756534952790D-03 -0.295630542954D-01 -0.255199248866D-02
  0.743364216538D-02 -0.582443689974D-02  0.312170727971D-01  0.107674766043D-01
 -0.198005854428D-01  0.308138910636D-01  0.687883782522D-02  0.143760383663D-01
 -0.480569181848D-01  0.621012032323D-02  0.334407527993D-02 -0.122102793082D+00
 -0.967133780932D-02  0.378965437653D-01  0.419424009599D+00  0.170457213728D-01
  0.143446606260D-01 -0.369321435613D-01  0.559999467756D-02 -0.632487945045D-02
  0.263937946195D-02  0.278919043091D-01 -0.200538830947D-01 -0.976504570056D-02
  0.600065870003D-03 -0.129433667843D-01  0.701227728864D-03 -0.676791865361D-02
 -0.244851448765D-01  0.558418975157D-02 -0.246312181213D-01 -0.603411459246D-01
 -0.887568810223D-03 -0.337010508739D-02  0.517764274782D-02 -0.135613052968D-01
  0.858158268302D-02  0.337260949639D-01 -0.102116984273D+00 -0.212091952274D+00
 -0.694587846197D-01  0.502038431641D+00 -0.370653882673D-01 -0.142202221590D-01
  0.751602531184D-02 -0.233016852459D-01  0.505507127527D-03  0.369600233458D-02
  0.364925102135D-02 -0.157031158475D-02  0.169439094533D-01 -0.198378878308D-02
 -0.103921297140D-02 -0.351390441072D-01 -0.243726000173D-01  0.503330672291D-01
 -0.773254737995D-01  0.154797009882D-01 -0.114994103320D-01  0.148855038778D-02
 -0.182741893167D-01 -0.649857840616D-02  0.920212273916D-02 -0.272572471054D-01
 -0.489572508137D-02  0.111099513273D-02  0.101248669468D-01  0.264239947027D-02
  0.529642507873D-01  0.334818498996D+00 -0.333318566105D-01 -0.849183944153D-01
  0.540633795342D-02  0.607392488439D-02  0.132030464491D-01 -0.147989043151D-01
  0.803185407531D-03 -0.101131603854D-01  0.708136879815D-02  0.578418592401D-02
 -0.504583664659D-01 -0.296553116780D-01 -0.818807211813D-02  0.286587042425D-01
 -0.492064285877D-03  0.105921779957D-01 -0.458634072105D-01  0.148685075379D-01
 -0.276987848718D-01 -0.139849298970D-01 -0.483070601568D-02 -0.136754340941D-01
 -0.178254930475D-01  0.588775661094D-02 -0.107480544563D-01 -0.108491731687D-02
 -0.587935995868D-02  0.977292418045D-02  0.438728441965D+00  0.667790205707D-02
  0.261209382803D-01 -0.226642179930D-01 -0.184962063970D-02  0.152703434914D-01
 -0.160218429663D-01  0.613989351663D-02 -0.862503661730D-02 -0.211117989195D-01
  0.922815335073D-02 -0.161151418666D-01 -0.521876340051D-01 -0.241258658974D-01
  0.511305887761D-02 -0.701136756115D-01  0.378170231946D-01 -0.493369640027D-02
 -0.278491244190D-01  0.220976904025D-01 -0.103815105030D-01  0.449215331840D-02
  0.171237615999D-01 -0.185378942290D-01 -0.373539760047D-01 -0.243886389604D-01
 -0.215144148034D-01 -0.426767229531D-01 -0.361085986413D-01  0.146157835304D-01
  0.396963521514D+00 -0.533727761841D-01 -0.241707384244D-01 -0.322778909897D-01
 -0.245954891697D-01  0.214506443885D-01  0.122538256515D-01 -0.430973355614D-01
  0.149234304461D-01 -0.497139590798D-02 -0.244025528965D-01  0.101865770727D-02
  0.230862557701D-03 -0.180837905423D-01  0.156320811485D-01 -0.458915278650D-01
 -0.695531684391D-02 -0.550948174837D-01  0.196327150737D-01 -0.165158393252D-01
 -0.347611549547D-02  0.601359538029D-02 -0.152402477944D-01  0.941400141847D-02
  0.351513602370D-02 -0.410057183084D-01  0.144536558425D-01  0.640589968681D-02
 -0.251636594262D-01 -0.260226780779D-02 -0.395751116805D-03  0.365237661728D+00
 -0.108365939064D-01 -0.696746517960D-01 -0.407478718459D-02  0.315917389981D-01
  0.436156151862D-02  0.266104083006D-01  0.154061888124D-01 -0.383567142100D-02
  0.256702877413D-02  0.163546402795D-01  0.221771901307D-01 -0.107630909826D-01
 -0.888216150316D-02 -0.977531735732D-02 -0.673069211689D-01  0.294616207553D-01
 -0.229203761321D-01 -0.126959898072D-01 -0.151284937916D-01 -0.497426984881D-02
  0.113311482962D-01 -0.362381437208D-01 -0.187688103791D-01 -0.134881817244D-01
 -0.126808918796D-01 -0.182746557559D-01  0.198777102394D-01 -0.244714148060D-01
 -0.435307063132D-01 -0.439263143743D-02 -0.438107664892D-02  0.404056882428D+00
 -0.126923019446D-01 -0.214585395537D-01 -0.824413785063D-01  0.731528984325D-02
  0.157407692026D-01 -0.166087738815D-02 -0.160665324457D-01 -0.569605973179D-02
 -0.291724902958D-01 -0.248166383123D-02  0.125877104572D-01  0.857030146364D-02
 -0.105202095752D-01 -0.436682908110D-01  0.309624861250D-01 -0.174733465132D-01
  0.201224334129D-01 -0.942313282230D-02  0.826700893914D-02  0.742952299574D-02
 -0.322769241470D-01  0.376811505589D-02  0.325039263242D-02 -0.332144595473D-01
  0.395672354352D-01  0.982897029613D-02 -0.256346636394D-01  0.302572442962D-01
  0.285808687211D-01  0.569139031349D-02 -0.328212636919D-02  0.242342274294D-01
  0.413796929745D+00 -0.233906099351D-01  0.257174662968D-01 -0.187825012945D-01
 -0.421299931737D-01 -0.131588045643D-01  0.805656403602D-02 -0.251569535004D-01
 -0.223566137613D-01  0.836730395262D-02 -0.273142795338D-01 -0.183406856074D-01
  0.233688636529D-01 -0.333098008073D-01 -0.225218335574D-01  0.275919905061D-01
 -0.338158531332D-01 -0.200076108817D-01  0.225825507687D-01 -0.165350240093D-01
 -0.790233908498D-02 -0.150658226921D-01 -0.167410224400D-01  0.897004276348D-02
 -0.286539984609D-02  0.481341099529D-01  0.127465235394D-01  0.421778869148D-01
 -0.665638194080D-01  0.281781199179D-01  0.655386848570D-02 -0.247535579367D-01
  0.142105160904D-01 -0.258086556999D-01  0.386545351491D+00  0.181848070413D-01
  0.857326656399D-02 -0.357777248497D-03 -0.275194563395D-01 -0.130274538722D+00
  0.342650785062D-01 -0.208078423864D-01 -0.154753918331D-01 -0.107747341237D-01
  0.471417664507D-02 -0.256564823143D-01  0.331712999772D-02  0.404180821334D-01
 -0.152504905507D-01  0.137305009856D-01  0.549816717397D-02 -0.209962993214D-01
 -0.901121123020D-02  0.130929727645D-01 -0.524622928718D-02  0.902790303624D-02
  0.116588942281D-01 -0.295314404578D-01  0.970560817109D-02 -0.908163028150D-02
 -0.410724349670D-01  0.242459576969D-01 -0.164758614838D-01 -0.319548073217D-02
  0.225279911341D-01  0.587298254855D-02 -0.292674868687D-01 -0.137710436917D-01
  0.570989907804D-02  0.348774138225D+00 -0.174954323618D-01 -0.909254407025D-02
 -0.261277221997D-01 -0.490386604208D-02  0.146873836858D-01 -0.319281147462D-01
 -0.128007078984D-01  0.317305412304D-01 -0.382647598799D-01  0.218255407043D-01
  0.142654511466D-01 -0.498121057496D-01  0.469389361683D-01  0.263959174509D-01
 -0.117266469937D-01  0.260864922081D-01  0.367570101357D-01 -0.444274318645D-01
 -0.231772588118D-01 -0.272448413637D-01 -0.332671666284D-01 -0.184605694318D-02
 -0.782209052737D-02  0.411596611479D-02  0.367029236762D-01 -0.627014557336D-02
  0.596620324904D-01  0.108218489519D-01 -0.184750253417D-02 -0.593053751812D-02
 -0.895325785366D-03 -0.139229028875D-01 -0.317142466336D-01  0.839459195753D-02
 -0.262064894968D-01  0.350470459048D+00 -0.293359643140D-01  0.190561751016D-01
 -0.400556453052D-02 -0.584581451692D-01 -0.421506807674D-02 -0.413836637075D-01
 -0.153644382215D-01  0.115314514338D-01  0.158112797746D-01 -0.202843833675D-01
  0.686840674014D-02  0.204123270849D-01 -0.509672535948D-01  0.143329969573D-01
  0.345586348670D-01 -0.301102064560D-02  0.642001771008D-02  0.259112264048D-01
 -0.949083267040D-02 -0.343369426967D-01  0.200809741595D-01  0.139880047833D-01
 -0.960890704730D-02  0.168315830660D-01  0.268425710629D-01 -0.443992222462D-02
  0.509729453912D-02 -0.425197276479D-01  0.665291674609D-02 -0.440146348252D-01
 -0.743032579006D-02  0.163017876782D-01 -0.149580645398D-01 -0.437700905458D-01
  0.234146474551D-01 -0.776468828861D-02  0.342683556646D+00  0.620443579688D-02
 -0.149181675621D-01  0.313522378741D-01 -0.516465592196D-02 -0.482326219788D-01
 -0.504047009113D-01  0.639963497477D-03  0.772321671723D-02 -0.977820670602D-02
  0.827569359803D-02 -0.156320716165D-01  0.129989257100D-01  0.661441600415D-01
 -0.399111536079D-01  0.286456558923D-01 -0.126109353353D-01 -0.266419478860D-01
 -0.218981168569D-01 -0.334437618815D-01 -0.523484273746D-01 -0.111119800345D-01
 -0.141449549674D-01  0.465512845614D-02  0.516084443559D-02  0.156733952007D-01
  0.893203496677D-02  0.127943876474D-01  0.287339270792D-01 -0.449650431392D-01
  0.254510284373D-01  0.161679729892D-01 -0.242428813381D-02 -0.483779979343D-03
  0.150898582306D-01 -0.109456703391D-01 -0.600235844490D-01  0.789131715287D-02
  0.338985966299D+00  0.162846910792D-01  0.966268219286D-02  0.224830807828D-01
 -0.223508419368D-01 -0.602360734421D-01 -0.839986934725D-01  0.173521979391D-02
  0.110849064146D-02 -0.187140016194D-01 -0.769835256483D-02 -0.671983975770D-02
 -0.177851828345D-01 -0.181377368701D-01  0.338801470765D-02 -0.290626912267D-01
 -0.568139267237D-02  0.686592597948D-03 -0.131401839501D-01  0.977701447756D-02
  0.669725932422D-02 -0.225489307786D-01  0.198931393031D-01  0.266195792232D-01
  0.294384206102D-02 -0.198108060551D-01  0.257358704459D-01 -0.894496078882D-02
 -0.172835495889D-01 -0.173929204218D-01 -0.104768119566D-01  0.128743928993D-01
  0.260908689783D-01  0.434739907313D-02  0.462740832881D-02 -0.164447636657D-01
  0.208556106310D-01 -0.636500541048D-03  0.266822923769D-01  0.363670018254D+00
 -0.177604428925D-01  0.193829371906D-01 -0.113070880486D-01 -0.211775975883D-01
  0.408986455504D-02 -0.898453561672D-02 -0.573134455889D-01 -0.360740181146D-01
 -0.484118765006D-01 -0.320773655225D-01 -0.138757117346D-01 -0.284097010151D-01
 -0.260617036661D-01 -0.986963928248D-02 -0.233827404768D-01 -0.300138987164D-01
  0.692094107759D-02 -0.147690726511D-01  0.227725993152D-02  0.272510447446D-01
  0.315839156880D-01 -0.102470591305D-01 -0.776219116854D-02  0.180837842969D-01
  0.257793100133D-01 -0.877515935656D-02  0.347004305769D-01 -0.213131727107D-01
  0.981598585486D-02 -0.222956953758D-01  0.131268277757D-01  0.404376305368D-02
 -0.984808071169D-03 -0.237287702481D-01  0.109066625372D-01 -0.163110666028D-01
 -0.414784505672D-01 -0.126690030360D-01 -0.872716726208D-02  0.356910091511D+00
  0.100004423678D-01 -0.536972081991D-02 -0.698999859094D-02  0.247892906967D-01
  0.128093521503D-01  0.232402956395D-01  0.123705783983D-01 -0.714136998203D-01
 -0.109940066400D-01  0.249810930198D-01 -0.650031222519D-01 -0.436132032802D-01
 -0.145613755061D-01 -0.455923974103D-01 -0.250643333505D-01  0.202329064275D-01
 -0.172580445392D-01 -0.142355089763D-01 -0.112268192542D-02 -0.241341713943D-02
  0.370299449013D-02 -0.198424781120D-01 -0.113273780374D-01  0.362906624446D-02
 -0.612909014329D-02 -0.154270129452D-01 -0.787026412042D-02  0.327676169470D-02
 -0.110511187430D-01 -0.236270681130D-01  0.286675672993D-01 -0.435561666592D-01
  0.193208524880D-01 -0.129475062534D-01  0.206466731428D-01  0.638663980195D-02
  0.155801525712D-01  0.205270007229D-01  0.127998797826D-01 -0.180538770068D-01
  0.356702195899D+00 -0.336985579406D-02 -0.331000965379D-02 -0.456551351958D-01
  0.105445447163D-01 -0.250504847414D-01 -0.206493158452D-01 -0.203323024427D-01
 -0.272073625649D-01 -0.853460540310D-01 -0.169343399955D-01  0.174970941543D-01
 -0.866444826864D-02  0.689877713726D-02  0.205398367121D-01  0.208818503977D-02
 -0.385365132955D-01 -0.569693733221D-03 -0.188795541173D-02  0.170404973806D-01
  0.126800576928D-01  0.498229301746D-02 -0.408817889801D-02 -0.174700912537D-01
 -0.143133315262D-01 -0.140112446192D-01 -0.206964902526D-01 -0.161557353502D-01
  0.233267152111D-01 -0.925307454687D-02  0.938148159830D-02 -0.304708938609D-01
  0.232992116734D-01 -0.402484030379D-01  0.113666479355D-01 -0.143904972145D-01
 -0.315179457686D-01  0.136436135801D-01 -0.246141422226D-01 -0.345185146469D-01
 -0.603436215026D-02  0.488876385972D-01  0.395686856913D+00 -0.327390868879D-01
  0.205737351979D-01 -0.312412007404D-01 -0.383434103722D-01  0.610184813503D-02
  0.431742319373D-02 -0.943031183329D-01  0.261467993963D-01 -0.129844421991D-01
 -0.195415468962D-01 -0.269006180539D-01 -0.146900327460D-01 -0.277282341828D-01
 -0.339770883034D-01  0.183336552100D-03 -0.108745367701D-02 -0.128561349824D-01
 -0.126828304341D-01 -0.127707658189D-01  0.138660915323D-01 -0.299952701824D-03
  0.137456086674D-01  0.115866505911D-01  0.133343494906D-01  0.665347951689D-02
  0.191519112501D-01  0.201231011267D-01  0.266781003854D-01  0.154884390951D-01
 -0.604677555807D-02 -0.424748892567D-01 -0.272536011632D-02 -0.146355687840D-01
 -0.188283040000D-01 -0.838340418042D-02 -0.365356845840D-01 -0.281655206497D-01
  0.990033291278D-02 -0.547230444119D-04 -0.609829448699D-01 -0.108178233606D-01
  0.386839508381D-01  0.377647465790D+00  0.931457410393D-02 -0.556192679085D-02
  0.249100834420D-02 -0.403010511605D-02 -0.381732368344D-02 -0.694435660415D-02
  0.145197375972D-01 -0.936850429290D-01 -0.115877520301D-01  0.513726317311D-02
 -0.715788716238D-01 -0.184735160162D-01 -0.286226830786D-01 -0.670721149119D-01
  0.169610374851D-01  0.222997829973D-01 -0.817298966372D-02  0.141824413892D-01
  0.634901542584D-02 -0.885678883025D-02 -0.381980689664D-02 -0.791767311861D-03
 -0.609697074224D-02  0.749370773701D-02  0.320997268064D-02 -0.140089487833D-01
  0.152704437157D-01  0.206833908654D-01 -0.865160508856D-02 -0.244219624997D-01
  0.216370423065D-01 -0.236266664208D-02 -0.629175738699D-03 -0.308692890795D-01
  0.273742557188D-02 -0.149710027934D-02 -0.145025290293D-01 -0.336802452202D-03
 -0.696314522469D-02 -0.605426740125D-01 -0.107177652298D+00 -0.329136555330D-02
 -0.387532540275D-01  0.370621820372D+00  0.263569650702D-02  0.586045520177D-02
 -0.223645790855D-01  0.114108008907D-01 -0.162434825838D-01 -0.238068130970D-01
 -0.121614273312D-01  0.334706138754D-02 -0.564333720588D-01 -0.203150424185D-01
 -0.153313137833D-01 -0.365888993393D-01 -0.446358267926D-01 -0.158352528522D-01
  0.412261687754D-02 -0.297223328701D-01  0.792140496110D-02 -0.393014621763D-01
  0.279480553955D-03 -0.188341520855D-01 -0.220563119710D-01 -0.165799369021D-02
 -0.977136339419D-02 -0.192199807856D-01 -0.221426810233D-01  0.287514799578D-02
  0.325133113771D-01 -0.854761986506D-02  0.542318506197D-02 -0.357475770850D-02
 -0.170935044659D-01  0.156940786642D-02 -0.756453303131D-02 -0.360754158614D-01
 -0.346169840344D-02 -0.266990661312D-01  0.526371033937D-01 -0.219763999371D-01
 -0.423883122284D-01  0.317754324708D-01  0.231377890502D-01 -0.563485603400D-01
  0.303663629152D-01 -0.104829294645D-01  0.309964433957D+00 -0.881826405515D-02
  0.150604093811D-01 -0.969554976608D-02 -0.117396124533D-01  0.914190165254D-02
  0.552048723427D-02 -0.423557369942D-01 -0.117494350943D-01 -0.248382665094D-01
 -0.510526169109D-01 -0.307318659169D-01 -0.204857294081D-01 -0.192465664670D-01
  0.148189117542D-01 -0.331289138903D-02 -0.117967895781D+00 -0.878556899960D-01
 -0.977411774074D-02  0.535078576498D-02  0.492091679545D-02 -0.198225623873D-02
 -0.138296778493D-01 -0.172153651177D-01  0.921714377981D-02 -0.500076056083D-01
 -0.182359128663D-01 -0.217482979310D-01  0.404002467737D-02  0.219469035903D-01
  0.225032008717D-01 -0.397402643666D-01  0.348079629628D-01  0.276527015389D-03
 -0.559633814220D-02  0.241420634080D-01  0.589800862448D-01  0.572428267926D-01
  0.126605589509D-01 -0.405474443222D-01 -0.354115526793D-01  0.457367747568D-03
 -0.186908449143D-01 -0.229638807035D-01  0.143192487484D-01 -0.148385656626D-02
  0.353509611601D+00 -0.173343253505D-01 -0.396610771296D-01 -0.195595092477D-01
 -0.196165183682D-01 -0.303232985424D-01  0.165541005427D-01 -0.844256654180D-02
 -0.276345773795D-01 -0.153323640594D-01  0.101632237437D-01 -0.429821354845D-01
 -0.317326061050D-02  0.144115212998D-01  0.262587672160D-01  0.798608864774D-02
 -0.106772979888D+00 -0.346172708979D+00  0.436035526903D-01  0.838015646250D-02
 -0.572222207248D-02  0.312977739908D-01  0.109657946646D-01  0.139128622365D-01
 -0.166804883304D-01  0.173344392753D-01  0.107745777132D-01  0.139252948086D-01
 -0.968642639801D-03 -0.371504767211D-01  0.129577864353D-01 -0.520728633767D-01
 -0.434804694591D-01  0.120647046613D-01 -0.292881648277D-01 -0.190764427691D-01
  0.370409739614D-01 -0.265695184692D-01 -0.454210916868D-01 -0.666230796444D-02
  0.270671567142D-01  0.447823581573D-02 -0.978503147892D-02  0.207684239144D-01
 -0.154306716664D-02  0.804577967513D-02  0.978427873816D-01  0.502096643241D+00
 -0.561554635366D-02 -0.109271772073D-01 -0.158958741411D-01 -0.431933218065D-02
 -0.532935497868D-02 -0.235151382286D-01 -0.519321641017D-02  0.114700189335D-01
 -0.306280500416D-01 -0.230192699748D-01  0.322884560522D-01 -0.453449413867D-01
 -0.250620450101D-01 -0.411102526587D-02 -0.241718160811D-01 -0.481761197538D-01
  0.129812641450D-01 -0.918409448749D-01  0.119976083883D-01  0.225381365255D-02
  0.185688644077D-01  0.237907082356D-01 -0.560181397707D-02  0.294820488572D-01
  0.209818828843D-01 -0.985116144928D-02 -0.168209875434D-01  0.309903850300D-01
 -0.181171273231D-01 -0.174411374548D-01  0.124282354048D-01 -0.273938826618D-01
 -0.217327349052D-01  0.296482283995D-01 -0.122516929023D-01 -0.300924673557D-01
 -0.493671004953D-01  0.221519060143D-01 -0.170283791874D-01  0.125722192565D-01
  0.419638385780D-02 -0.355524114715D-01  0.125182262167D-01  0.233619898846D-01
 -0.324685848265D-01  0.401623713472D-01 -0.730011393448D-01  0.267020394629D+00
 -0.169572873339D-01 -0.115335846476D-01  0.200166621024D-01 -0.220356917333D-01
 -0.258042553936D-01 -0.204713516778D-01 -0.189915332741D-01  0.714842277389D-02
 -0.604635994925D-02  0.824306376247D-02  0.266824988425D-01  0.181365820307D-01
  0.357053213433D-01 -0.539358530180D-02 -0.631919353645D-03  0.196401144412D-01
  0.600062839054D-02  0.950448221922D-02 -0.433205988445D-01  0.741731388844D-02
  0.955463640601D-02 -0.301289681878D-01  0.291262622229D-01  0.233174508549D-02
 -0.941857786903D-01  0.146363681571D-01 -0.408939185562D-01  0.566102520812D-01
 -0.128206269504D-01  0.575326838334D-02 -0.332679126844D-01  0.616734762170D-02
  0.186758305881D-01  0.512958623645D-01 -0.561001301504D-01 -0.472332897958D-01
 -0.342940073937D-01 -0.285223789249D-01 -0.133842783818D-01 -0.133801098122D-01
 -0.121814817960D-01 -0.151172087807D-01 -0.687235246915D-01 -0.719751874911D-02
  0.732701088124D-01  0.480358450944D-02 -0.833667600483D-02 -0.125418024560D-01
  0.285150938376D+00  0.163685928214D-01 -0.110100938215D-01  0.698537562962D-02
  0.111499604207D-01 -0.137960140200D-01 -0.444459768365D-01  0.369068361218D-01
  0.753373512803D-02  0.738981795457D-02  0.793851559595D-02  0.389601105356D-01
  0.336172901770D-01 -0.353713665480D-02 -0.274289332128D-01  0.933248852354D-02
 -0.138196324954D-01  0.154486706856D-01  0.646339748908D-02  0.157671530862D-02
 -0.106623157246D+00  0.441273562328D-02  0.157069764817D-02 -0.422576463247D-01
  0.130624605936D-02  0.394217272254D-02 -0.387365768758D-01  0.295233409286D-01
 -0.117822313266D-01  0.113761995550D-01 -0.180114278222D-01  0.321108201787D-02
 -0.522899748049D-02  0.117823467285D-01 -0.249921300147D-01  0.348546065737D-03
 -0.151385692947D-01 -0.419686320338D-01 -0.488877354514D-01 -0.208109935281D-02
  0.217962280393D-01 -0.188879487111D-01  0.483297890209D-02  0.387165356493D-02
 -0.119872670415D-02 -0.347821857426D-01 -0.562425113771D-02 -0.245386737722D-01
  0.143701042457D-01  0.158376928816D-01  0.366844886299D+00  0.497058968552D-02
 -0.629531724704D-02 -0.166844171003D-01 -0.656540714234D-02 -0.340798722595D-01
 -0.480593173370D-01  0.199798940893D-01 -0.209678014319D-01 -0.231159240282D-01
  0.198933318944D-01  0.194603163797D-01  0.228320408653D-01  0.273889478063D-01
  0.224671222548D-02  0.687244350988D-02  0.185670948509D-01  0.325924337792D-01
  0.224321731551D-01 -0.117430066219D-01  0.165561811413D-01 -0.540473202353D-01
 -0.204481404440D-01  0.305395836285D-01 -0.148906420274D-01  0.218458751915D-01
  0.249926957185D-01  0.132852550412D-01 -0.172271915423D-01 -0.386137930655D-02
  0.367127040654D-01  0.193953082438D-01  0.284962581968D-01 -0.405031519859D-01
 -0.317906650926D-01 -0.320153851087D-01 -0.393955528477D-01  0.646618633434D-02
  0.273379606768D-01 -0.941912018368D-01  0.160630940482D-01 -0.261041011396D-01
 -0.276002372315D-01  0.101911313493D-02 -0.271283294776D-01  0.717979710587D-02
 -0.158934702847D-01  0.328090933412D-01  0.465545694449D-01 -0.417925911736D-01
 -0.575127755629D-02  0.295482928521D+00 -0.136295474089D-01 -0.141601486963D-01
  0.214430410116D-01 -0.546085548626D-02 -0.198886973569D-02  0.115203475360D-01
  0.153256130194D-02  0.126356169039D-01  0.242210046091D-01 -0.475191676299D-02
  0.196151180950D-01  0.792170779920D-02 -0.207448981615D-01 -0.301927323484D-01
  0.393211236069D-01 -0.124258795813D-01  0.423577048173D-01 -0.111309768838D-01
 -0.712802441210D-01 -0.473249938714D-03 -0.330197428782D-01 -0.624322236232D-01
  0.102862628004D-01 -0.282141981405D-01 -0.342604975814D-01  0.977142641717D-02
 -0.280999511742D-02 -0.104346666219D-01 -0.146568616170D-01  0.225478376380D-01
  0.386608752244D-01 -0.391107683084D-01 -0.518896489470D-02 -0.256352897267D-01
 -0.124086606151D-01 -0.316052661266D-01  0.469946987030D-03 -0.377622534478D-01
  0.498289426304D-01 -0.231453635853D-02 -0.214361034263D-01  0.222393286583D-01
 -0.364370407747D-03  0.451519917564D-02 -0.286167229601D-01  0.377694390466D-01
  0.147625896161D-01 -0.101596677486D-01 -0.192662747287D-01  0.136982229919D-01
  0.109348379816D-01  0.360052228576D+00 -0.268342136062D-01 -0.245182519198D-01
 -0.247601516859D-01 -0.147222351206D-01 -0.103961946513D-02 -0.226672934124D-01
  0.115499490185D-01 -0.882031857643D-02  0.159630107103D-01  0.258887792182D-01
 -0.566062434607D-01 -0.271144398779D-01 -0.212345939490D-02 -0.271224708064D-01
  0.226998560586D-01  0.418202196852D-01  0.187831896944D-02  0.106453273384D-01
 -0.477727578583D-02 -0.679159365463D-01 -0.260815760597D-01  0.261320367228D-01
 -0.182274849489D-01  0.246797804815D-01 -0.172728271455D-01 -0.102805119446D-01
  0.343715248108D-02 -0.285343514292D-01 -0.998156482660D-02 -0.115451402033D-01
 -0.690485852212D-01  0.273140440108D-01 -0.415127860638D-01 -0.348140463185D-03
 -0.783792849203D-02 -0.336043428214D-01 -0.231170813364D-01 -0.250229823667D-01
  0.249742827769D-01  0.607582015285D-01 -0.148429449056D-02 -0.258375461132D-01
  0.159455481518D-01 -0.151598021691D-01 -0.166706169538D-02  0.864775117410D-02
  0.339739797231D-01  0.327699844625D-01 -0.657476825992D-02 -0.407778372639D-01
 -0.310964899081D-01  0.506447797958D-01  0.255128984188D+00 -0.490097341205D-03
 -0.386684473150D-02 -0.186285287511D-02 -0.112098298258D-01  0.158963054298D-01
 -0.289451100757D-01 -0.132440351245D-01  0.225227248002D-01  0.186438852417D-01
 -0.110117122805D-01 -0.968837370760D-03 -0.948963664984D-02  0.132658445212D-01
  0.109344869466D-01 -0.364031586937D-02 -0.224060919689D-01 -0.120729160515D-01
 -0.440018278947D-02 -0.273292984286D-01 -0.234433465074D-01 -0.724208525201D-01
 -0.159201353944D-02 -0.990103563959D-02 -0.342078120563D-01  0.124253045669D-01
 -0.107213059431D-01 -0.161844486856D-01  0.311453013675D-01 -0.266882618350D-02
 -0.325124514823D-02  0.413191502450D-02 -0.376139317777D-02 -0.109096651171D-01
 -0.188105713445D-01  0.182061420779D-01 -0.280444649283D-01  0.356075103254D-01
 -0.593548830610D-02 -0.143686953637D-01  0.853248432089D-02 -0.103239756988D-01
 -0.543461230345D-02 -0.274312019645D-01  0.711886914803D-02 -0.409184871712D-01
 -0.273348053100D-01 -0.137312694300D-01  0.149275339044D-01  0.217187601237D-01
 -0.466840632325D-02 -0.349244285281D-01 -0.138805074141D-01  0.659843696490D-01
  0.402817378283D+00  0.242475588444D-02  0.134404381969D-01  0.212753780110D-01
  0.344530793755D-02 -0.269974041526D-01  0.115716581398D-01  0.814859766360D-02
 -0.219360897221D-01 -0.223303913514D-02 -0.607506438064D-02 -0.119243175326D-01
 -0.212383334378D-01  0.313375120000D-01 -0.243982836636D-01 -0.585289026550D-02
 -0.467156130363D-01  0.143107894949D-01 -0.498679477177D-01 -0.332568772294D-01
 -0.171209123544D-02  0.353360995275D-02 -0.480701207321D-01  0.869554338916D-02
 -0.199882860028D-01 -0.365730541616D-01  0.859856305402D-02 -0.318378741045D-01
 -0.626503348508D-01  0.260276065944D-01 -0.128934575221D-02  0.382223238793D-01
  0.207217268185D-01  0.133311626289D-01 -0.207586242103D-01 -0.323748869252D-01
  0.107225203321D-01  0.206574683778D-01 -0.699842365031D-01  0.162673681120D-01
 -0.161819362945D-01 -0.564505034309D-02  0.157455661463D-02  0.507491022750D-01
  0.233593414505D-01 -0.134975592493D-01 -0.478448777966D-01  0.266895120544D-01
  0.214091079567D-01 -0.415221070913D-02 -0.526070505634D-02  0.164951058180D-01
 -0.769490833859D-01 -0.918146198859D-02  0.305399431855D-01  0.302972398788D+00
 -0.455553766168D-02 -0.453343989211D-01 -0.166251561541D-01  0.146247681006D-01
 -0.150446730325D-01  0.912220477255D-02  0.946815993495D-02 -0.118819248375D-01
 -0.415711205183D-02 -0.117424001537D-01 -0.153929012894D-01 -0.215927592847D-02
 -0.796459527996D-01  0.228729509720D-03  0.258132074149D-01 -0.459948229652D-02
  0.793760680195D-02  0.149159010652D-01  0.103410844633D-02 -0.882853563184D-02
  0.631482293713D-02 -0.360951448336D-02 -0.494810788562D-01 -0.207610192811D-02
 -0.448364913189D-01 -0.289534730580D-01 -0.241975582030D-01  0.106180410154D-01
 -0.481616528818D-01  0.277997854804D-01  0.185391324345D-01 -0.664506590545D-01
 -0.628921492261D-02  0.312638278782D-01 -0.339405700348D-02  0.532917662395D-01
  0.143458751847D-01  0.534109369484D-01 -0.497133858031D-01  0.470504797275D-01
 -0.282977364443D-01  0.109887909300D-01  0.309128583981D-01 -0.565775207264D-02
 -0.179059635818D-02 -0.456811977973D-02  0.163901864171D-01 -0.478293529777D-01
  0.698084633591D-02 -0.160114267112D-01 -0.448508688559D-01 -0.229391566834D-01
 -0.177958571700D-02  0.273471262236D-03  0.475821013478D-01  0.349111849898D+00
 -0.932757193431D-02  0.983740009639D-02 -0.542655172522D-01  0.265272040577D-02
  0.199303512094D-01  0.598650227214D-02 -0.107224055260D-01 -0.177653313591D-02
 -0.219919435814D-01 -0.122703577923D-03 -0.372411719125D-02  0.264921523453D-02
  0.254312701369D-02  0.486014432555D-01 -0.149098243629D-01  0.317437179038D-01
 -0.264410859619D-01  0.427709677835D-01 -0.955211638804D-02 -0.221193770599D-01
 -0.205523780222D-01  0.302277198342D-02 -0.456635166162D-01 -0.100272972801D+00
 -0.177040359801D-01 -0.319901614918D-01 -0.321567146824D-01 -0.429221105028D-02
  0.840856517767D-02 -0.456607214320D-01 -0.171619397148D-01 -0.226395061808D-01
 -0.120632321757D-01 -0.176775598842D-01  0.218352575951D-01 -0.243424611336D-01
 -0.191871862921D-02 -0.419677635859D-02  0.676339688576D-02  0.590163864957D-02
  0.442175552723D-02 -0.191857071202D-01  0.888446822286D-02 -0.108826481592D-01
 -0.132482736943D-01  0.306176446168D-01 -0.339526646787D-02  0.619329436680D-01
 -0.256004626785D-02 -0.236600689091D-01 -0.226313786062D-01 -0.176754849085D-01
  0.353928577302D-01 -0.730861158873D-01  0.350587086782D-01  0.472329012165D-01
  0.394636515627D+00 -0.243126829979D-01 -0.206659089085D-01  0.808147942135D-02
 -0.210096268448D-01 -0.563021284571D-02  0.262716822972D-02  0.198094424534D-02
 -0.553151533659D-02 -0.111370632943D-02 -0.202645283966D-01  0.298311808863D-01
  0.195795553523D-01 -0.302282721183D-01  0.824787511815D-02 -0.168199903225D-02
  0.316327810518D-02  0.219289907383D-01  0.246031656241D-01 -0.364905459147D-01
  0.138176706986D-01 -0.106604537768D-01 -0.700211944057D-01 -0.573649896127D-02
  0.246869713934D-01 -0.196286160102D-01 -0.474734868123D-02 -0.390172704059D-02
 -0.411365491676D-01 -0.184275857882D-01  0.226233598650D-02 -0.788208101007D-02
 -0.377801843665D-01 -0.886180217760D-02 -0.240287040241D-01  0.420830724745D-02
 -0.108105568054D-01 -0.358632316943D-01 -0.391035021682D-02  0.269119368605D-01
 -0.319890997861D-01  0.430520615413D-02 -0.115115520132D-01  0.302773024493D-02
  0.149353890534D-02  0.461484551533D-02  0.291582276416D-01 -0.183144644147D-01
 -0.236606108901D-03 -0.206806525277D-01  0.129774877175D-01  0.420216487785D-02
 -0.700474321740D-01  0.305869322840D-01  0.119010932548D-01 -0.269479388719D-01
 -0.191369715456D-01 -0.436154298622D-01  0.440031474055D+00 -0.755512519237D-02
 -0.467186029418D-01 -0.116758311655D-01  0.221521222850D-02 -0.161611395458D-01
 -0.234272215056D-01 -0.101924611330D-01  0.128398645991D-01 -0.145919866433D-01
 -0.121837212835D-01  0.205546620018D-01  0.712623504758D-02 -0.181574634863D-01
 -0.146637850262D-01 -0.225790351387D-01  0.106512056453D-01  0.167162576689D-01
  0.371785138238D-02  0.977255004622D-02 -0.116665145474D-01  0.101890796945D-02
 -0.202186799752D-02 -0.406587164165D-01  0.569812545852D-02  0.591882031744D-02
 -0.344157855936D-01  0.104428035976D-01 -0.194512155194D-01 -0.489222967073D-01
  0.430813921424D-02  0.738931691604D-02 -0.349560032128D-01 -0.360810351620D-01
  0.463219882202D-01 -0.975604677873D-02 -0.172742743724D-03 -0.375888285622D-02
 -0.406600557406D-01 -0.470600080508D-02 -0.590669514680D-01  0.550136666998D-01
 -0.168547088637D-01 -0.113839299934D-01  0.310366065179D-01  0.473551007537D-01
 -0.346570053696D-01  0.348418784601D-01  0.465309709102D-01  0.381533453193D-01
  0.476336543094D-03  0.187957939350D-01  0.214234364685D-01 -0.358822373190D-01
  0.259746254566D-01  0.827539789094D-02 -0.543825970374D-01  0.181421963860D-02
 -0.189118505212D-01  0.276589624971D+00 -0.423597196210D-03  0.545124006028D-02
 -0.314300766175D-01 -0.154898797836D-01 -0.204483906244D-01 -0.723353105506D-02
 -0.144643819621D-01  0.161591411470D-01  0.119714435137D-01  0.116789932389D-01
 -0.794108299518D-02  0.304874196711D-02 -0.294187175459D-01 -0.724090488367D-02
  0.707712878779D-02  0.367787081883D-01 -0.165549246934D-01  0.154920763640D-01
 -0.186358899526D-02  0.505435485757D-02 -0.147761105155D-01  0.389789323915D-01
  0.221564207139D-02 -0.132308294588D+00 -0.185214560722D-01  0.427744786624D-02
 -0.553149400439D-01 -0.213547667193D-01 -0.898797883847D-03 -0.603349714143D-01
  0.259477969834D-01  0.483045384265D-02 -0.215658485477D-01 -0.989983334254D-02
 -0.400664218452D-01  0.104604864975D-01 -0.501168521741D-01  0.677779548477D-03
 -0.341661870120D-01  0.557740833281D-02  0.493242598164D-01  0.140523306621D-01
 -0.925196334440D-02  0.173231198097D-01 -0.614572978693D-02  0.555414299008D-01
  0.315528463139D-02  0.161026060870D-01  0.114869751658D-01  0.144214937903D-01
  0.885521948024D-02 -0.228448553684D-01  0.216281607962D-01 -0.284947650310D-01
  0.828933984786D-02  0.176400878542D-02 -0.546065478141D-01 -0.443986764892D-01
 -0.483975238972D-01  0.369830296528D+00 -0.234278532891D-01  0.700161276821D-02
 -0.474351639777D-02 -0.270820922283D-01  0.366816729595D-02  0.467636710674D-02
  0.191783764490D-01  0.259445310691D-01  0.126121484856D-01  0.564221280359D-03
  0.190704132623D-01 -0.146476353235D-01 -0.129841671503D-01  0.340105977833D-01
 -0.719301805310D-02 -0.371665442396D-01 -0.119719234528D-01 -0.128818758888D-01
 -0.255657771640D-01 -0.390565780243D-01  0.787808185027D-02 -0.178674057999D-01
  0.193519105559D-01  0.146821043568D-02 -0.142158759888D+00 -0.607825045770D-01
  0.126864874342D+00 -0.493638665275D-01  0.101317412341D-02  0.180999128039D-02
 -0.312659315108D-01  0.316779597710D-02  0.114956310443D-01 -0.139182890330D-01
  0.153302101018D-01 -0.909374019745D-02 -0.414509823782D-01  0.308309147847D-01
 -0.388732024516D-02  0.433385972004D-01 -0.219238985041D-01  0.337786646925D-01
 -0.948443613248D-02  0.384717129745D-01  0.289601520349D-01 -0.252996102265D-01
  0.393311147548D-01 -0.328082666276D-01 -0.420645862665D-01 -0.438611391329D-01
 -0.417610716554D-01 -0.848733500644D-02 -0.694397978274D-01  0.547200785159D-02
 -0.317817311468D-01 -0.367865720814D-01  0.319054262492D-01  0.316950165199D-02
  0.472192017681D-01  0.437689849437D-01  0.473118671405D+00  0.487046884635D-02
 -0.949520900477D-02 -0.222613561517D-02 -0.113230458123D-01 -0.456790462668D-02
  0.210260054775D-01 -0.196148100599D-01  0.181982436007D-01  0.187612621450D-01
 -0.712115515310D-02 -0.148874556291D-01 -0.169678369360D-01  0.185680177692D-01
  0.492214361473D-02 -0.342151070707D-02 -0.317297040530D-01 -0.169744925722D-01
 -0.246404133081D-01  0.586270221016D-02 -0.416977662183D-01 -0.145775890951D-01
  0.898893122530D-02 -0.516080184559D-01  0.907129233762D-02  0.432878854029D-02
 -0.709092154530D-01  0.487888975794D-01  0.148411590775D-01 -0.121077783200D-01
  0.794106961427D-02  0.324688969949D-01 -0.384284815744D-01  0.464712662923D-02
  0.145248760805D-01 -0.141036291321D-01 -0.177128276109D-01  0.201217390391D-01
 -0.178862247744D-01  0.647372338938D-02 -0.123940398431D-01 -0.259174141208D-01
  0.596048895309D-01 -0.485166791217D-01  0.165432000906D-01  0.446411043467D-01
 -0.481291382685D-01  0.209791103400D-01  0.120388359298D-01  0.163142797446D-01
 -0.456047172168D-01 -0.167620673123D-02 -0.458155226467D-02  0.341617434214D-01
 -0.648473494070D-01  0.117135068310D-01 -0.280268570268D-01 -0.985693914033D-03
  0.313957018367D-01 -0.592251165942D-01 -0.473434020005D-02 -0.588943619357D-03
  0.356635839652D+00 -0.253137936162D-02 -0.102950850848D-02 -0.305731250307D-01
  0.233598322428D-02  0.297493199368D-01 -0.676193821875D-02 -0.180844324349D-02
 -0.546935089656D-02  0.320202385805D-01  0.155876295246D-03 -0.502236167816D-02
  0.118285960258D-02  0.411017487399D-01 -0.419467351778D-02 -0.131379485509D-01
 -0.168352050049D-01  0.155652691532D-01 -0.347433396496D-01 -0.703494445561D-03
  0.132396638341D-01 -0.501609454191D-01 -0.720062362695D-02 -0.234540478008D-01
 -0.118411403625D-01  0.187914355711D+00  0.585404300017D-01 -0.239271606163D+00
 -0.218489568965D-02  0.194236010617D-01 -0.165920753048D-01  0.296106731461D-01
  0.115325636159D-01 -0.632427649392D-01 -0.159594798804D-01  0.218901457299D-01
  0.772613559699D-02 -0.328919457982D-01  0.171701571483D-01  0.202693992143D-01
  0.248277061305D-01 -0.302250953856D-01  0.168872203183D-01  0.364240444098D-01
  0.219194704307D-01  0.953475641146D-01 -0.270313606302D-01 -0.581197964519D-01
 -0.520554934991D-01  0.102237154757D-01  0.410139578587D-02 -0.441635594246D-01
 -0.483178903016D-02 -0.122879546438D-01 -0.258051064291D-01 -0.442631836126D-01
  0.217176307892D-02 -0.576575290468D-02  0.732179311974D-02  0.570331256095D-02
 -0.105133274614D-01 -0.183674095928D+00 -0.812043034550D-01  0.431194705930D+00
$end
