$coord
    0.83242707683616     -1.98568654542043     -0.29288676390525  c
   -1.77701226846363     -2.09090446103280     -0.31722889945118  c
   -3.21871143311461      0.00874739548151      0.42342583231736  c
   -1.95286220055460      2.21797159899274      1.17371898449085  c
    0.65361336461025      2.30757559506192      1.19258551237054  c
    2.09218149000205      0.21185866355579      0.46454997573774  c
    4.86886927313725      0.40456953739584      0.54440340185008  c
    6.05034889986082      2.25222056157484      1.19171781935846  o
    6.06150526933411     -1.75176546835232     -0.19219221568840  o
   -5.82401154507727     -0.06418656008735      0.32964286236916  n
    1.91535085982706     -3.62214364281244     -0.86173307371718  h
   -2.72484490640026     -3.80739873452649     -0.91056722082048  h
   -3.03916008640384      3.85914569505319      1.74280864338936  h
    1.62631924401797      4.00797374339497      1.77897686780849  h
    7.85512233340093     -1.40657942404049     -0.05642036319267  h
   -6.77002129527169      1.23617155499478      1.34500938433825  h
   -6.64911407574099     -1.77757139895961      0.30483388046885  h
$user-defined bonds
$end
