$dipgrad          cartesian dipole gradients
  0.48202394230307D+00  0.85156671559236D-01  0.29180058676267D-01
  0.21275856748740D+00  0.10196578467317D+00  0.59243827448347D-01
  0.69421350269736D-01  0.57732880258885D-01  -.54442658029484D-01
  -.60716480404763D+00  -.28277649590008D-02  -.24382991739029D-02
  0.45506916115044D+00  0.24404779348959D-01  0.83546206672532D-01
  0.17797467696483D+00  0.65597484957149D-01  -.15860748231632D+00
  0.18342808580487D+01  0.57851267410262D-01  0.56148570430962D-01
  0.24527802878519D-01  0.10448982270536D+00  0.92889530955093D-02
  0.96763161392470D-01  0.12333308014503D-01  0.89006672452388D-01
  -.53715420371526D+00  -.58337342786044D-01  -.21385177358731D-01
  -.49213870367272D+00  -.14619889040246D-01  0.46002406427917D-01
  -.14911715900640D+00  0.63620935466616D-01  -.15758338135215D+00
  0.47633350187658D+00  -.42301810305181D-01  -.13335076215094D-01
  -.19501057602053D+00  0.80130160225347D-01  0.52689009314858D-01
  -.71135741280168D-01  0.54707142099108D-01  -.48219585805885D-01
  -.10997140352881D+01  -.36060912658613D-01  -.14085810539135D-01
  -.15461998029897D-01  -.25294040544459D+00  -.64482461882855D-01
  -.52588504517665D-02  -.64482181605527D-01  -.89649422129716D-01
  0.24993595481885D+01  0.92249507174478D-02  0.82298151877173D-02
  -.23676716498831D-01  0.14111726887483D+01  0.38840390874642D+00
  -.16395356996216D-02  0.38867393199901D+00  0.41913446509813D+00
  -.12416182593735D+01  -.34601585648413D+00  -.12021179900581D+00
  -.43784911443029D+00  -.92895612842867D+00  -.19720294986809D+00
  -.16010553466475D+00  -.19113081897525D+00  -.43069891583779D+00
  -.94679534606228D+00  0.43948731988380D+00  0.15132539409694D+00
  0.58790723963950D+00  -.91794566215628D+00  -.19349744085774D+00
  0.19693499051849D+00  -.19898123223417D+00  -.42364166387407D+00
  -.17304553560363D+01  -.38941007051044D-01  -.10024246260495D+00
  0.10672446020354D+00  -.13160455073620D+00  0.10970681042780D+00
  -.48046777785432D+00  0.90629355061799D-01  -.42517367044808D+00
  0.77916854379803D-01  0.48461314605158D-01  0.17825780792583D-01
  0.49266299504514D-01  0.15816482873327D-01  -.37137128041828D-01
  0.16570453849204D-01  -.37758631748272D-01  0.11014780539454D+00
  -.10426502944793D-01  -.78674504252677D-01  -.24752923317213D-01
  -.77459080346487D-01  -.34667085349696D-01  -.59171868880754D-01
  -.22391067481244D-01  -.58938236869400D-01  0.11891444370401D+00
  -.22069155878376D-01  0.79772406921974D-01  0.30134064086815D-01
  0.76694278377152D-01  -.19551309093009D-01  -.55917992552501D-01
  0.30711200969832D-01  -.55928524345358D-01  0.12036337634262D+00
  0.92930205448601D-01  -.47583588996435D-01  -.15492364434705D-01
  -.29439672099082D-01  0.21154245877980D-01  -.35251229417734D-01
  -.10542810009058D-01  -.34551038226036D-01  0.11111900855383D+00
  0.30495970055665D+00  -.62215363090319D-01  -.22093030451106D-01
  -.12681721337987D+00  0.27047148879975D+00  -.18268221055294D-01
  -.44872199762262D-01  -.18263107472181D-01  0.31403496769083D+00
  0.21818151037404D+00  -.44183829757761D-01  0.78250136733322D-02
  -.12471266468337D+00  0.15754456984261D+00  -.69385973761096D-01
  0.15737125250180D+00  -.81811519411892D-01  0.22597056681537D+00
  0.20941154216741D+00  0.37188049243440D-01  0.33368246156050D-01
  0.96179299201075D-02  0.11313500715194D+00  -.18565855815521D-01
  0.19978358974324D+00  0.85502530309516D-02  0.27932547373996D+00
$end
