$vibrational normal modes
 1  1  -0.1132001544   0.1303470544  -0.0410712406  -0.1157627614   0.1544302066
 1  2  -0.0050760810  -0.0004832345  -0.0000427988  -0.0796600025   0.0010611892
 1  3  -0.0919730389   0.0010030138   0.0517223502  -0.0010771962  -0.0106919392
 1  4   0.0564982449   0.0165816819  -0.0035131817   0.1173614824   0.3073678772
 1  5   0.0079472985  -0.1340329119  -0.0018636494   0.0020258897   0.1169053431
 1  6   0.0223486077   0.0014160381   0.0002545147   0.0363796279   0.0361898658
 1  7  -0.0331489020   0.0516028873   0.0295474656   0.0461066452  -0.0850357589
 1  8  -0.0014382341  -0.1145649500  -0.1046168047   0.1557070019  -0.1065738060
 1  9  -0.1143565648   0.1704014076  -0.0647181357   0.0342954069   0.0015464038
 1 10   0.0046531752  -0.0029814191   0.0454365604   0.0003650120   0.0000703952
 1 11   0.0000662752
 2  1  -0.1091985723  -0.0952878296  -0.0381631555   0.1698944510   0.1252744151
 2  2   0.0058861798   0.0587661404  -0.0732861439  -0.1639233690   0.0300540498
 2  3   0.0610561823  -0.0139185403  -0.0005015224  -0.0737118353   0.0102643930
 2  4   0.1519701925   0.0624089056  -0.0032955184   0.1333280393  -0.1846916219
 2  5  -0.0543063653  -0.0278039812  -0.0172398548  -0.0178228150  -0.2323119458
 2  6  -0.0514705246   0.0461486533   0.0098577660  -0.1871402717  -0.0106701278
 2  7   0.0411911427  -0.0244377256   0.0309959161   0.0177671972   0.0716283967
 2  8   0.0255291249  -0.0820434883  -0.0690499912  -0.0485698294  -0.0959669217
 2  9  -0.1962890037   0.0508209674  -0.0230878892  -0.0174363680  -0.0035862545
 2 10  -0.0112873736   0.0034291026  -0.0685787298  -0.0001136278   0.0000485402
 2 11   0.0000052817
 3  1   0.1366289012   0.0124105800   0.1867106799  -0.0728859323   0.1304426716
 3  2  -0.1619818144  -0.1689166399   0.2112188742  -0.0592065801  -0.0885829936
 3  3   0.0251382341   0.0098661567   0.0084298143   0.2115772249  -0.0178009657
 3  4   0.0945157533  -0.0937627925  -0.0000526527   0.0520271291  -0.0638202987
 3  5   0.1521263676   0.0004794469   0.0191217138   0.0551845810  -0.0971419524
 3  6   0.0272456855  -0.1297439677  -0.0313197269  -0.0673980531  -0.0040654790
 3  7   0.0140679941  -0.0081702313   0.0108457689   0.0062536824   0.0259210295
 3  8   0.0089214669  -0.0284150144  -0.0238108046  -0.0173515695  -0.0326405860
 3  9  -0.0674846735   0.0174350798  -0.0076063411  -0.0060540110  -0.0012376234
 3 10  -0.0039098315   0.0011947030  -0.0238498818   0.0001199319   0.0000269610
 3 11   0.0000038001
 4  1  -0.1116361351   0.1341405735  -0.0418318418  -0.1140099077   0.1571361790
 4  2  -0.0038412838  -0.0005222831  -0.0004131775  -0.1026751149   0.0031961140
 4  3  -0.1245159055   0.0067526899   0.0264273017  -0.0019275455  -0.0054098177
 4  4   0.0763317944   0.0174481692  -0.0025637274   0.0894723228   0.2843650172
 4  5   0.0059471882  -0.1265618796  -0.0041600124   0.0012627086   0.0230863342
 4  6   0.0058878517   0.0002082656   0.0002184364   0.0186981402  -0.0055273156
 4  7   0.0486427574  -0.0661705953  -0.0170805773  -0.0642229100   0.0989105650
 4  8  -0.0681647874   0.0607022322   0.0834151654  -0.2074656952  -0.0890214069
 4  9  -0.0677865358  -0.1706803513   0.0738794900  -0.0539625123   0.0159463437
 4 10   0.0353505896  -0.0000539039  -0.0100663468  -0.0008141140   0.0000425375
 4 11   0.0000365278
 5  1  -0.1500179748  -0.1901067930  -0.0076316012   0.1205865568   0.0691698292
 5  2   0.0007609058   0.0656084247  -0.0419608422  -0.0444721061  -0.0762369007
 5  3   0.0796135755   0.0156178691  -0.1352200038   0.0722307109   0.0014069243
 5  4  -0.0409434468  -0.0093648343  -0.0058173565   0.1133593526   0.1935444984
 5  5   0.0351726516  -0.0710360187   0.0314513502  -0.0338282537  -0.2114382076
 5  6  -0.0703334635  -0.0305291067  -0.0044975232   0.1936676641  -0.0742268260
 5  7   0.0734612471  -0.0181520934   0.0375520417  -0.0175016426  -0.0349541732
 5  8   0.0586488112  -0.0588901200  -0.0009695729   0.0037038836   0.0868227565
 5  9   0.1956251402   0.0274716934  -0.0111808517   0.0237371185   0.0279908181
 5 10   0.0655517454  -0.0008997211  -0.0126059224   0.0003479515  -0.0005312362
 5 11  -0.0000618557
 6  1   0.1454086875   0.0156024005   0.1362745129  -0.0476577291   0.0828764609
 6  2  -0.2721963675  -0.1899412030   0.1205872967  -0.0180739762   0.2159017704
 6  3   0.0383333315   0.0145601632  -0.0461289028  -0.2046488352  -0.0235718440
 6  4  -0.0226983444   0.0202698672   0.0080035132   0.0308470460   0.0633196767
 6  5  -0.0932342648  -0.0212497192  -0.1157800921   0.0917166878  -0.1115489108
 6  6   0.0868118765   0.0787093740   0.0166199302   0.0692594633  -0.0297355457
 6  7   0.0278418745  -0.0061793605   0.0130425793  -0.0064022462  -0.0099678301
 6  8   0.0205667012  -0.0195974686   0.0000220596   0.0026230490   0.0315132079
 6  9   0.0682508273   0.0113585792  -0.0032167826   0.0085816607   0.0096709127
 6 10   0.0226578072  -0.0003100654  -0.0043383303   0.0001754893  -0.0000825964
 6 11  -0.0000229529
 7  1  -0.1420126375   0.0583169457  -0.0324295572  -0.1465130116   0.0986109607
 7  2  -0.0387546908   0.0000765320  -0.0018817165  -0.0054147789   0.0024509995
 7  3  -0.2179496681   0.0265964033  -0.0144789805   0.0000674044  -0.0135666882
 7  4   0.0375821652   0.0147080780   0.0010906514  -0.1394255366  -0.0060903451
 7  5   0.0014719075   0.0753877632   0.0111119335  -0.0006253032  -0.0088910343
 7  6  -0.0101506761  -0.0004428406  -0.0006441966  -0.0009815519  -0.0046932034
 7  7  -0.0023676370  -0.0038942102   0.0283680883   0.0063689784   0.3423692545
 7  8  -0.0126669420  -0.0328504845   0.0026450278   0.0058425554   0.1998851230
 7  9   0.0137624291   0.0981940914  -0.0870634916   0.0419358394  -0.0013558212
 7 10   0.0037539395  -0.0010102250  -0.0010770421  -0.0009851598  -0.0000486326
 7 11  -0.0001205830
 8  1  -0.1708300942  -0.2105981855   0.0715206311   0.0925247702   0.0293934101
 8  2  -0.0382800393  -0.0012386345   0.0042901393   0.0224884396  -0.0515586983
 8  3   0.0257826278   0.0273081158  -0.1477253510   0.0037629873  -0.0143242288
 8  4  -0.0600602868  -0.0864358591   0.0218110303  -0.0155272548   0.1062765517
 8  5  -0.0635195736   0.0007708785  -0.0825782226   0.0035274792  -0.0147000056
 8  6   0.0487602070   0.0010659828   0.0001748365   0.0087840631   0.0859961364
 8  7  -0.0308460370   0.0012285013   0.0024099459   0.0021162146   0.0292039384
 8  8  -0.0147058094   0.2068176592   0.1095112132   0.1259272591   0.0028577477
 8  9  -0.3674806717   0.0089244876  -0.0013570503  -0.0192257535  -0.0024629635
 8 10  -0.0008228786  -0.0009439342   0.0007435769   0.0004187492   0.0012194470
 8 11  -0.0000353917
 9  1   0.1452796489  -0.0738995869  -0.0698091843  -0.0313744543   0.0817165060
 9  2  -0.2294804274   0.0009255836  -0.0129107099   0.0079997588   0.1474366931
 9  3   0.0143684988   0.0087572037  -0.0502081324  -0.0061086247   0.0399180726
 9  4  -0.1045620388   0.2058450809  -0.0615110395  -0.0153869315   0.0366836431
 9  5   0.1840660805   0.0054620755   0.2402319204  -0.0095625408   0.0401804165
 9  6  -0.1428252649  -0.0026662318  -0.0015398890  -0.0015204045   0.0301641972
 9  7  -0.0110427487   0.0009231401  -0.0022115415   0.0003898857  -0.0049155508
 9  8  -0.0044983711   0.0726214619   0.0371224985   0.0430799406  -0.0054399412
 9  9  -0.1268454976  -0.0107593770  -0.0126291423  -0.0061534285  -0.0008114875
 9 10  -0.0003835661  -0.0003195018   0.0002646013  -0.0012986411   0.0004235939
 9 11  -0.0000231556
10  1  -0.1740692860  -0.0214496185  -0.0218792011  -0.1809940953   0.0375467990
10  2  -0.0743208271   0.0005569398  -0.0003005401   0.0969575199   0.0030231871
10  3  -0.1158624510   0.0209066302  -0.0326636812   0.0022387160  -0.0082575107
10  4  -0.0840662940  -0.0075087944  -0.0020096745   0.0815239561  -0.2962144335
10  5   0.0055400267  -0.1265999711  -0.0046526926  -0.0005333053   0.0094760983
10  6   0.0037614343  -0.0001650789   0.0001327925   0.0434655614   0.0353658547
10  7   0.0886044121   0.0553860704   0.0085499042  -0.0642558307   0.0875274784
10  8   0.0590924966  -0.0879420630  -0.0469926362   0.2016425353  -0.0846753392
10  9   0.0478985156  -0.1746538166   0.0759043050  -0.0319081024  -0.0409701231
10 10   0.0167208603  -0.0123150119  -0.0011919133  -0.0007881234   0.0000066396
10 11   0.0001012910
11  1  -0.1493241393  -0.1333662515   0.1177033762   0.1156417167   0.0480128126
11  2  -0.0712530486  -0.0646757807  -0.0423535419  -0.0378721293  -0.0743192665
11  3  -0.0148625270   0.0368693355  -0.1478454388  -0.0691390240   0.0125180561
11  4  -0.0032135883  -0.0172711309  -0.0036720534  -0.1057626306   0.1665205571
11  5   0.0294357302   0.0568334701   0.0477351359   0.0242020923   0.2377748313
11  6  -0.0045303942   0.0091416029  -0.0255077399  -0.2036868699  -0.0739810924
11  7  -0.0174692542   0.0140492416  -0.0414328291   0.0074733214   0.0420222295
11  8   0.0587597510  -0.0339965926  -0.0715016725   0.0085052524  -0.0895499212
11  9   0.1990469540  -0.0440427450   0.0191561307   0.0085899703   0.0623741626
11 10  -0.0268348372   0.0132598590   0.0019489258  -0.0004359097  -0.0004677661
11 11   0.0001135482
12  1   0.1360398042  -0.1667302540  -0.2235933393  -0.0412674734   0.1299157833
12  2  -0.0723869815   0.1869081573   0.1224161791  -0.0105933330   0.2168359693
12  3  -0.0080831198  -0.0008038522  -0.0549673828   0.2021151075  -0.0118318241
12  4  -0.0090216675   0.0319133419   0.0190633299  -0.0433851056   0.0616688628
12  5  -0.0917842428   0.0224516466  -0.1142828432  -0.0810868814   0.0335598674
12  6   0.1317255278  -0.0228447795   0.0744150527  -0.0709376282  -0.0212980157
12  7  -0.0076145859   0.0046488057  -0.0140619941   0.0023449972   0.0166796653
12  8   0.0199163815  -0.0128501700  -0.0248518928   0.0017784530  -0.0294332223
12  9   0.0680039268  -0.0133779955   0.0072258652   0.0031878852   0.0216179248
12 10  -0.0093023969   0.0046164168   0.0006746148  -0.0000941764  -0.0002642073
12 11   0.0000367202
13  1  -0.1754073071  -0.0246792958  -0.0211892495  -0.1825049290   0.0352754732
13  2  -0.0752972916   0.0004362729  -0.0000038622   0.0843857952   0.0006562758
13  3  -0.0711993917   0.0187293359  -0.0611476231   0.0017493885  -0.0123705135
13  4  -0.0992037715  -0.0080000980  -0.0030877225   0.1114327981  -0.2885504531
13  5   0.0071110086  -0.1299448714  -0.0023809440  -0.0019091516   0.0987397221
13  6   0.0197375151  -0.0003909069   0.0012736211   0.0192657328  -0.0382279055
13  7   0.0067572521  -0.0493298435  -0.0010177314   0.0474623072  -0.0526941712
13  8   0.0060612026   0.1671115347   0.0370271779  -0.1605582310  -0.1060252829
13  9   0.1376993205   0.1781525570  -0.0671698297   0.0348805293  -0.0044726696
13 10   0.0024493429   0.0406909432   0.0015649730   0.0003675499  -0.0000768820
13 11  -0.0001394203
14  1  -0.1085636721  -0.0388854092   0.0867565356   0.1648995277   0.1041170983
14  2  -0.0658720050  -0.0544462856  -0.0730139020  -0.1588637985   0.0314488648
14  3  -0.0348681040   0.0094267152  -0.0113027408   0.0701007141   0.0096909204
14  4   0.1871325370   0.0746140639   0.0052307329  -0.0562974107  -0.2088538664
14  5  -0.0479973044   0.0180999501  -0.0024640860   0.0153244460   0.2483330307
14  6   0.0225696806  -0.0145643935   0.0463012749   0.1790351509  -0.0483714264
14  7  -0.0705701405  -0.0147980649  -0.0259724928  -0.0253608725  -0.0858931249
14  8   0.0277040803  -0.0876489815  -0.0113765747  -0.0520545062   0.0886173249
14  9  -0.1882353886  -0.0335976083   0.0140664444  -0.0409957946  -0.0121214514
14 10   0.0067900063   0.0709097069   0.0041051413   0.0000336268   0.0000494036
14 11   0.0000090015
15  1   0.1273057486  -0.1692630989  -0.1719347261  -0.0664838602   0.1772475887
15  2   0.0369584064   0.1585523879   0.2106603164  -0.0531779561  -0.0890759534
15  3  -0.0240021011  -0.0113113310  -0.0142620381  -0.2028668974  -0.0252216055
15  4   0.1101203027  -0.1085722175  -0.0138754022  -0.0146586994  -0.0728639773
15  5   0.1430965023   0.0151180000   0.0369665274  -0.0481252682   0.0641277558
15  6   0.0596082254   0.0378757613  -0.1301973846   0.0638184223  -0.0167790228
15  7  -0.0246839591  -0.0054374658  -0.0088979646  -0.0087148853  -0.0288452242
15  8   0.0093510125  -0.0304573871  -0.0038887358  -0.0173724586   0.0311221241
15  9  -0.0653567039  -0.0117954934   0.0052901663  -0.0142073352  -0.0041911837
15 10   0.0023496226   0.0244281076   0.0014185622   0.0001716383   0.0000050746
15 11   0.0000037689
16  1  -0.1450509894   0.0509968156  -0.0308283963  -0.1499536631   0.0934915552
16  2  -0.0409019390  -0.0000814432  -0.0001747064   0.0029209451  -0.0005607997
16  3   0.0569979149  -0.0080562389   0.0100127073   0.0000335832  -0.0006828146
16  4  -0.0563472748  -0.0069111684  -0.0041391915   0.1984759927   0.0063291736
16  5  -0.0015919994  -0.0114114736  -0.0062019410   0.0005604637  -0.0819289476
16  6  -0.0100591912   0.0012106212   0.0007123322  -0.0534723485  -0.0320883646
16  7  -0.2194686011   0.0443125387  -0.1287398385   0.1291033319  -0.0296286619
16  8   0.0023010758   0.0648510747  -0.1347760021  -0.0191979309   0.1761701241
16  9  -0.0291926598  -0.1118611725   0.0381947948   0.0589411134  -0.0001034830
16 10   0.0003374582   0.0017933973   0.0020160601  -0.0004616704   0.0000026950
16 11   0.0008167372
17  1  -0.0877713411  -0.0179728132   0.0086856083   0.1928884053   0.1436789503
17  2  -0.0274445391   0.0020755408  -0.0673549627  -0.2050972817   0.1061355075
17  3   0.0083753128  -0.0129370607   0.0359176631   0.0009522376  -0.0119292683
17  4   0.1684360065  -0.0210143108   0.0238972196   0.0324347883  -0.1004154438
17  5   0.0454639613   0.0025828180   0.0795174287   0.0038423276  -0.0202396511
17  6   0.0404363762  -0.0083587978  -0.0166966754   0.0028473532   0.0464277563
17  7   0.0078252503   0.0300804670  -0.0071609864   0.0203507828  -0.0067715007
17  8  -0.1979887148   0.1091728196   0.0623511406   0.1451652459   0.0015465964
17  9   0.3038910725  -0.0107569635   0.0063914274   0.0883946257  -0.0007018151
17 10  -0.0002877395  -0.0018309525   0.0020268638  -0.0000039133  -0.0000479698
17 11  -0.0000252917
18  1   0.1274359494  -0.0799290528   0.0337530284  -0.0827324507   0.1783977480
18  2  -0.0056947765  -0.0050060843   0.1941317733  -0.0715357981  -0.3066825119
18  3  -0.0035933488  -0.0013468445   0.0147059087  -0.0032905283   0.0415688984
18  4   0.0053070093   0.1400541197  -0.0719961210  -0.0021357134  -0.0346247176
18  5  -0.1320512784  -0.0054791550  -0.2306423449  -0.0070233288   0.0500065660
18  6  -0.1183754336   0.0251967283   0.0479218142   0.0015739304   0.0161794599
18  7   0.0029858720   0.0104107893  -0.0025997121   0.0071188549  -0.0027953550
18  8  -0.0684533714   0.0379700332   0.0211417027   0.0501304264   0.0003384460
18  9   0.1049634882  -0.0038241082   0.0022826656   0.0307456863  -0.0002486177
18 10  -0.0000890728  -0.0006350145   0.0006983145  -0.0000064593  -0.0000146401
18 11  -0.0000055603
19  1  -0.1478001666   0.0440318220  -0.0302344919  -0.1528215497   0.0879090969
19  2  -0.0445849203   0.0000502370   0.0008134737  -0.0100564598  -0.0030079730
19  3   0.1808187966  -0.0248127668   0.0225859742   0.0001582952  -0.0044899075
19  4  -0.0631780134  -0.0075648634  -0.0034275027   0.1283571702  -0.0067561448
19  5  -0.0090748883   0.1935970175   0.0042089252  -0.0006860887   0.0268294622
19  6   0.0011898234   0.0000026446   0.0002899162  -0.0223693528  -0.0418501204
19  7  -0.1884742214   0.0003447771   0.0507766608  -0.0216950454   0.0152667464
19  8  -0.0058790871  -0.1031752953   0.2314131866   0.0439377867  -0.0390921334
19  9   0.0571173119   0.0185998860  -0.0088028424  -0.4263227117   0.0000152975
19 10  -0.0001657559   0.0005132038   0.0003951311   0.0004244436   0.0000001095
19 11  -0.0032602945
20  1  -0.0442111645   0.0852053533  -0.0193468356   0.2452979931   0.2027514048
20  2  -0.0245813004   0.0104376681   0.0100124843  -0.0265806170   0.0385130896
20  3  -0.0202187643  -0.0127194120   0.0697138928   0.0007229813  -0.0102112585
20  4  -0.1788601957  -0.0613814878  -0.0150196877  -0.0185137141  -0.0060091742
20  5   0.0719935129   0.0636243432  -0.1274549019  -0.0038176031   0.0488290164
20  6  -0.0378667571   0.0066687967   0.0116132594   0.0255431460   0.0361762955
20  7   0.1756500602  -0.0044618748  -0.0243290477   0.0068440661  -0.0028168835
20  8   0.0022139720   0.0854151839  -0.1759440428  -0.0191249474   0.0362362156
20  9   0.0171563570   0.0160338593  -0.0140744460  -0.5215018323  -0.0001245558
20 10  -0.0000357276   0.0009885806  -0.0007435012   0.0000638385  -0.0000056083
20 11   0.0008411353
21  1   0.1179070788  -0.0867408081   0.0807525108  -0.1094898714   0.2299527001
21  2   0.1154611029  -0.0299159121  -0.0288651608  -0.0092763890  -0.1108121416
21  3  -0.0090032351  -0.0031135943   0.0253004883  -0.0009034643   0.0212335106
21  4  -0.0967247010   0.0772911415   0.0462278961  -0.0039205340  -0.0019299171
21  5  -0.2170903233  -0.0015509053   0.3776417277   0.0100949538  -0.0443217670
21  6   0.1227939466  -0.0202941949  -0.0345634474   0.0083659391   0.0121844976
21  7   0.0592147187  -0.0014655861  -0.0083355926   0.0025192859  -0.0006670784
21  8   0.0007436930   0.0288083086  -0.0592732207  -0.0063299102   0.0123346504
21  9   0.0063192588   0.0058127256  -0.0048471337  -0.1831532741  -0.0000430953
21 10  -0.0000128068   0.0003449238  -0.0002566742  -0.0000338463  -0.0000027498
21 11   0.0002712218
22  1  -0.1745454200  -0.0226892872  -0.0218599156  -0.1814668075   0.0364870622
22  2  -0.0751288039   0.0021676403   0.0015643788  -0.2572198376  -0.0041584768
22  3   0.2452063174  -0.0515163634   0.1122463759  -0.0000318420   0.0071369385
22  4  -0.2007659632  -0.0399990316   0.0057907037  -0.2012573455  -0.0104101870
22  5   0.0008495878  -0.0028284973   0.0023944200  -0.0004236598   0.0176624538
22  6   0.0023845221  -0.0003621215  -0.0002192885   0.0133478244   0.0096523663
22  7   0.0853205034  -0.0092769740  -0.0059918392  -0.0004914860   0.0036712511
22  8   0.0213582881  -0.0162040208   0.0008620251  -0.0187251233  -0.0106857716
22  9  -0.0352002633  -0.0034837980   0.0038076483   0.2281596658  -0.0000570675
22 10   0.0000922026   0.0000334831  -0.0002096544  -0.0001124594   0.0000006891
22 11   0.0000954296
23  1  -0.0242608433   0.1550492655   0.0193827436   0.2669317448   0.2207464837
23  2  -0.0528131558   0.1216992792   0.0602739995   0.1182871538  -0.0285100012
23  3  -0.0536540725   0.0017472164   0.0228668745  -0.0023797208  -0.0043357557
23  4  -0.1385354320  -0.0128014145  -0.0070709846   0.1574998062  -0.0156547948
23  5  -0.0349942753   0.1908081229   0.0445711943   0.0002014482   0.0463848017
23  6   0.0171180627  -0.0019776139  -0.0024353552   0.0155065013   0.0101881825
23  7   0.0838010643  -0.0085486645  -0.0216538737   0.0196585352   0.0060484949
23  8   0.0246938953  -0.0539174412   0.0834246726  -0.0135217429  -0.0230323257
23  9  -0.0341425281  -0.0054681257   0.0066329667   0.3393432417   0.0000926211
23 10   0.0000213121  -0.0004998950   0.0000166496  -0.0000950757   0.0000016378
23 11  -0.0007479300
24  1   0.1097777074  -0.1643190969  -0.0450799068  -0.1189564225   0.2724443544
24  2   0.2517929849  -0.3516657259  -0.1737575546   0.0410630713   0.0831246739
24  3  -0.0155785391   0.0005071547   0.0085342854   0.0081908536  -0.0077912362
24  4  -0.0430158209  -0.0212660014   0.0087062353   0.0547729853  -0.0055903557
24  5   0.0663083736   0.0737210938  -0.1071812132  -0.0027007151   0.0320258513
24  6  -0.0285225359   0.0043266632   0.0065053304   0.0055280239   0.0035559398
24  7   0.0296308558  -0.0030337732  -0.0074858295   0.0067585178   0.0020680836
24  8   0.0086647794  -0.0186985906   0.0288007086  -0.0048151876  -0.0080310100
24  9  -0.0120448525  -0.0019452062   0.0023005887   0.1188854934   0.0000315252
24 10   0.0000077938  -0.0001747557   0.0000046681  -0.0000243482   0.0000021766
24 11  -0.0002591179
25  1  -0.1165249116   0.1218908179  -0.0404356403  -0.1192073663   0.1475871080
25  2  -0.0096983763  -0.0022578640   0.0019238290   0.2667283961  -0.0046009776
25  3   0.2985776685  -0.0157942708  -0.0774217897  -0.0004101099   0.0135402732
25  4   0.2432831903   0.0328905316   0.0007893808  -0.0583894425   0.0154340818
25  5  -0.0032911268   0.0593146597   0.0042955148   0.0001492641   0.0272549440
25  6   0.0035290352  -0.0003846467  -0.0003402616   0.0180516126   0.0227367971
25  7   0.0949460733  -0.0063332660   0.0125698166  -0.0231970920  -0.0013478137
25  8  -0.0144185518   0.0458148345  -0.0833531560  -0.0027843899   0.0041495979
25  9   0.0015649209   0.0000966069  -0.0002608951   0.0349085747   0.0000215213
25 10   0.0000687349  -0.0002333545   0.0001811355   0.0000446896   0.0000089498
25 11  -0.0602797788
26  1  -0.0272804050   0.0969165134  -0.0950577723   0.2686465531   0.2370985067
26  2   0.0136639887  -0.1262803860   0.0486491440   0.1243514829  -0.0192500349
26  3   0.0231476911  -0.0070520637   0.0271356397   0.0056411474   0.0011518081
26  4  -0.1071392431  -0.0239886999  -0.0144530008  -0.1801130733  -0.0388546597
26  5  -0.0140066793  -0.1932315315   0.0258713207   0.0010723632  -0.0606326736
26  6   0.0013548767  -0.0009431450  -0.0014477094  -0.0311462515  -0.0478132547
26  7  -0.2092153976   0.0021676631   0.0641484193  -0.0544319255  -0.0057606078
26  8  -0.0103063583   0.0086609532  -0.0052372909   0.0034954577  -0.0014709392
26  9  -0.0000771851  -0.0061346115   0.0034930154   0.0527226719   0.0000412479
26 10   0.0000075420  -0.0000320410   0.0002957153   0.0000748327   0.0000039612
26 11  -0.0100905593
27  1   0.1189817602   0.0050385279   0.2858744023  -0.1234158736   0.2260296331
27  2   0.0599860139   0.3659378606  -0.1400979836   0.0436715319   0.0548830811
27  3   0.0097408846  -0.0039275519   0.0080269882  -0.0155509839  -0.0013741554
27  4  -0.0388334120   0.0035079814   0.0560907571  -0.0567262787  -0.0132702178
27  5   0.0748193582  -0.0585999456  -0.0965677258  -0.0031503956  -0.0076994570
27  6  -0.0277024201   0.0039164364   0.0054784008  -0.0105934239  -0.0163811174
27  7  -0.0717424731   0.0007006215   0.0223630554  -0.0190923399  -0.0020413448
27  8  -0.0036869082   0.0033847365  -0.0025109138   0.0011996241  -0.0004634821
27  9  -0.0000103959  -0.0021425505   0.0012054991   0.0185186854   0.0000160593
27 10   0.0000026877  -0.0000120103   0.0001027321   0.0000302943   0.0000015159
27 11  -0.0040384939
28  1  -0.1411801208   0.0609835928  -0.0312141111  -0.1460449225   0.1018525086
28  2  -0.0347992460  -0.0000917567   0.0064627079  -0.0136030173   0.0158335679
28  3  -0.2471982514   0.0338982849  -0.0301705206  -0.0014701306   0.0569458289
28  4   0.0495615702  -0.0179859377   0.0067483355  -0.2090698991  -0.0060117429
28  5  -0.0094687653   0.1791001053   0.0006590371  -0.0000824214  -0.2136062784
28  6  -0.0378083526  -0.0009586199  -0.0004146752   0.0022109437  -0.0069304543
28  7  -0.0122956145   0.0046429901  -0.0135975232   0.0013128725  -0.1798071514
28  8   0.0062913760   0.0128739986   0.0011263255  -0.0000971319  -0.0490197358
28  9  -0.0024330763   0.0628909359   0.1040990579  -0.0166289958   0.0001244530
28 10  -0.0003516020   0.0001373498   0.0001550493   0.0482768253  -0.0034002361
28 11   0.0001770633
29  1  -0.2117450941  -0.3082054386   0.0962652333   0.0433705937  -0.0258133269
29  2  -0.0400610375   0.0027917045   0.1066347389   0.2132069428   0.0562781074
29  3  -0.0430361367  -0.0051229136   0.2194554499  -0.0034026812  -0.0362925149
29  4   0.0453047048   0.0456324936  -0.0048583011  -0.0142794468   0.0772251166
29  5   0.0068752227   0.0094636362   0.0149898875   0.0056167823  -0.0073809278
29  6  -0.0144345457   0.0006954096  -0.0019528520   0.0029424479   0.0915322778
29  7  -0.0568544512  -0.0413682077  -0.0054865882  -0.0012153712  -0.0138323780
29  8  -0.0064483903  -0.0541359147  -0.0237083267  -0.0561019998  -0.0015562739
29  9   0.0654039207   0.0046363932   0.0097990792   0.0023587101   0.0003101403
29 10   0.0001044564   0.0001066887  -0.0001152252   0.0101219521   0.0798362725
29 11   0.0000277641
30  1   0.1539713873  -0.0720712496  -0.1228179932  -0.0061513682   0.0345996417
30  2  -0.3379780100   0.0081600133  -0.3056252146   0.0738555251  -0.1570254456
30  3  -0.0235294632   0.0037705630   0.0804189814  -0.0012248794   0.1048332593
30  4   0.0464513513  -0.1063020375   0.0150112731   0.0231919278   0.0262648081
30  5  -0.0200344173  -0.0079188587  -0.0436969433   0.0045791573  -0.0034481056
30  6   0.0355386076   0.0028167032   0.0026927296   0.0076671150   0.0312002233
30  7  -0.0200073986  -0.0153480334   0.0032237148  -0.0006665102   0.0071019989
30  8  -0.0027571884  -0.0205432924  -0.0054602008  -0.0186760193   0.0035114477
30  9   0.0234215519  -0.0055849275  -0.0148428200   0.0003801838   0.0000976319
30 10   0.0000610419   0.0000803778   0.0000075021  -0.0228059303   0.0276521147
30 11  -0.0000060783
31  1  -0.0894973425   0.1894395136  -0.0485900229  -0.0903482869   0.1998949805
31  2   0.0217960686  -0.0008213092   0.0001338558  -0.1562205654   0.0022127048
31  3  -0.1828631321  -0.0036755641   0.1174964045  -0.0016161532  -0.0116210375
31  4   0.2219292797   0.0432449361  -0.0021639469   0.0386841222   0.2205584499
31  5   0.0108495277  -0.1638780672   0.0052172824   0.0039560434   0.3435479934
31  6   0.0589246568   0.0087091477  -0.0013044509  -0.1911415042   0.2790587149
31  7   0.1406138426   0.2687460911   0.5079058478   0.2001812554  -0.3350970601
31  8   0.4733424262   0.2724367488   0.2957493808  -0.1266941497   0.4113638087
31  9   0.3266955838  -0.1649156983   0.0684764330   0.0132882748  -0.0281509284
31 10  -0.0853269434   0.0303120769  -0.5184877239  -0.0002241530  -0.0001899612
31 11   0.0008215726
32  1  -0.0935945384  -0.0804248745  -0.0986509514   0.1909864879   0.1552978486
32  2   0.0358121373   0.1042057040  -0.0841137283  -0.2133484153   0.0352406068
32  3  -0.0037568604  -0.0281498328   0.0312439686  -0.1638659515   0.0293864307
32  4   0.2109135769   0.1834377514  -0.0434514464   0.0791877001  -0.2352068081
32  5  -0.0200806655  -0.0387486454  -0.1845503676   0.1194972438  -0.1336619139
32  6   0.0571106556  -0.2671743827  -0.0730302537  -0.3293556335   0.1307041698
32  7   0.1559826716   0.0991631046   0.3183096058   0.1045796350  -0.0612184291
32  8   0.3084794100   0.1439490393   0.1659151942  -0.2375242483   0.1985284406
32  9   0.0518662129  -0.1498373216   0.0571743697  -0.0402521220   0.0445041478
32 10   0.1340714416  -0.0450941177   0.7852044924   0.0007642326  -0.0000860130
32 11  -0.0003756184
33  1   0.1368627196   0.0821482938   0.3464083226  -0.0851814759   0.1306234304
33  2  -0.1969157767  -0.3003081777   0.2426534725  -0.0781317430  -0.1011737758
33  3   0.0219395984   0.0431920539   0.0439874721   0.4701044119  -0.0761500396
33  4   0.2394029229  -0.3903749449   0.1177947078   0.0651445529  -0.0809449986
33  5   0.0595489741  -0.0323025659   0.5133047459  -0.3363184060   0.0185874699
33  6  -0.2210971862   0.7853524630   0.2040879314  -0.1025457395   0.0453856895
33  7   0.0561080065   0.0307369002   0.1075750641   0.0329332101  -0.0231853974
33  8   0.1048860566   0.0499589069   0.0582497882  -0.0822703849   0.0667458173
33  9   0.0172028250  -0.0535971155   0.0176574465  -0.0141463781   0.0154373691
33 10   0.0465549933  -0.0156755105   0.2729043438   0.0000646550   0.0000151002
33 11  -0.0001281465
34  1  -0.0867631537   0.1961215691  -0.0497938028  -0.0873201048   0.2047654505
34  2   0.0242109658  -0.0011383288   0.0001442474  -0.1877827819   0.0046427993
34  3  -0.0662898847  -0.0169768602   0.1280045865  -0.0049882991  -0.0025437078
34  4   0.1993933635   0.0338237533  -0.0047578985   0.2825118453   0.1832760825
34  5   0.0026748498  -0.2558857100  -0.0168382174  -0.0032191270  -0.0728208930
34  6  -0.0103648725  -0.0041914984  -0.0026688379  -0.3189391579  -0.0102771627
34  7   0.1178565575  -0.4503542401  -0.3278615325  -0.4833818570  -0.2581496323
34  8   0.3788469750   0.1802342944   0.2172558177   0.4361484125   0.4183769082
34  9   0.2632791129   0.1646695343  -0.0599144380   0.0574088277  -0.1792899040
34 10  -0.4126608380   0.0042193353   0.0814936902   0.0008702425   0.0017136687
34 11   0.0000904006
35  1  -0.1661938232  -0.2492699144  -0.0448169159   0.1033115053   0.0555953125
35  2   0.0269645968   0.1191415536  -0.0309297480  -0.0020248844  -0.1225025515
35  3   0.0370975595   0.0068092404  -0.1988785579   0.1356822260   0.0217411060
35  4  -0.1392674132   0.0908746103  -0.0563466942   0.0040119896   0.2409284456
35  5   0.1963692748   0.0154675350  -0.0175111591   0.2101865556  -0.2562583170
35  6   0.1486143403   0.1519163453   0.0392857909   0.3634207365  -0.0849648563
35  7   0.0522590633   0.1646867015   0.1911048645   0.1812588797   0.1591267069
35  8  -0.1544246205  -0.1195688546  -0.0615433832  -0.3257382643  -0.1418838635
35  9   0.0480676035  -0.1351247864   0.0593913438  -0.0298019064  -0.3262021558
35 10  -0.7562287472   0.0082329984   0.1425781405  -0.0000000632   0.0006719737
35 11   0.0002181249
36  1   0.1524709781   0.0877459769   0.2565684223  -0.0403178008   0.0460610436
36  2  -0.3928144377  -0.3437961853   0.0876183702  -0.0048954258   0.3471552698
36  3   0.0612682976   0.0756440915  -0.0232119923  -0.3828789348  -0.0864529472
36  4   0.0741156256  -0.2937396409   0.1574299631   0.0352151065   0.0840055364
36  5  -0.5535249178  -0.0634598582   0.0461536744  -0.6068701311   0.1349003611
36  6  -0.5272357392  -0.4422581247  -0.1054138833   0.1225493265  -0.0121867141
36  7   0.0058625890   0.0619648110   0.0702889442   0.0720569673   0.0542124982
36  8  -0.0587550137  -0.0438821614  -0.0253150146  -0.1192699648  -0.0549756261
36  9   0.0135455456  -0.0496142709   0.0200840077  -0.0107018534  -0.1129075691
36 10  -0.2617122492   0.0028453511   0.0493047087  -0.0013375168  -0.0003813246
36 11   0.0000716729
37  1  -0.1978449882  -0.0807117352  -0.0143071076  -0.2064953865  -0.0080242273
37  2  -0.1012141615   0.0009633751   0.0002472604   0.1777404327   0.0037861541
37  3  -0.0345484072   0.0254776941  -0.1135250641   0.0050587794  -0.0074903465
37  4  -0.2577073214  -0.0387560041  -0.0024441341   0.2130377637  -0.1937658473
37  5   0.0029830975  -0.2525685463  -0.0166580463   0.0049880864  -0.0800790313
37  6  -0.0128060605   0.0039666455  -0.0078323011  -0.2563544768   0.1300937927
37  7   0.3281554055   0.4687357442  -0.1215117766  -0.4395706790  -0.3278296161
37  8  -0.3624315908  -0.3390617035   0.1701492559  -0.3443292638   0.4092163022
37  9  -0.2608335896   0.1613311650  -0.0610437653  -0.0221335047   0.4733107262
37 10  -0.1997925130   0.1049173566   0.0133645920   0.0008207937  -0.0017412803
37 11   0.0001021319
38  1  -0.1649803200  -0.1483401872   0.1782533491   0.0944856242   0.0179136343
38  2  -0.1011988292  -0.1177851146  -0.0306366266   0.0092613331  -0.1210089669
38  3   0.0444857615   0.0589831038  -0.1802629367  -0.1364691932   0.0309640764
38  4  -0.1374592865   0.0688165327  -0.0588298261  -0.0375440046   0.2266304490
38  5   0.1843724613   0.0016558780  -0.0118495464  -0.1882391767   0.0911020732
38  6   0.2526711741  -0.0347633969   0.1400724969  -0.3868668959  -0.0193915053
38  7   0.1182053656   0.2565608497  -0.1221799120  -0.2124368565  -0.2191947714
38  8  -0.1853173992  -0.1803608838   0.0532474163  -0.3330891035   0.1857689361
38  9   0.0315760508   0.1549426430  -0.0661885735   0.0118858107  -0.7219592613
38 10   0.3068215315  -0.1543935282  -0.0202009793   0.0008424842   0.0001730501
38 11  -0.0002493690
39  1   0.1358061384  -0.2366691048  -0.3837570262  -0.0289340350   0.1297300168
39  2  -0.0373625053   0.3409282622   0.0897374028   0.0078566895   0.3531365886
39  3  -0.0208591771  -0.0596589488  -0.1134249299   0.4022838634  -0.0638540183
39  4   0.0534958592  -0.2757397844   0.1775247435   0.0178015385   0.0799236545
39  5  -0.5444884142  -0.0600712690   0.0346970106   0.5423482332   0.3232556114
39  6  -0.6351461594   0.1117084421  -0.4183754015  -0.1246519960  -0.0272064605
39  7   0.0406310095   0.0839942461  -0.0408966421  -0.0654684976  -0.0762576296
39  8  -0.0586900145  -0.0565097683   0.0158210371  -0.1101646350   0.0580399984
39  9   0.0144373410   0.0508191704  -0.0231358781   0.0046590799  -0.2499257168
39 10   0.1062468797  -0.0534910923  -0.0069961158  -0.0010399039   0.0006876797
39 11  -0.0000904637
40  1  -0.2000515712  -0.0860784085  -0.0132706125  -0.2089578848  -0.0118826016
40  2  -0.1030307487   0.0009405460   0.0002628813   0.1775750330   0.0016370135
40  3  -0.1542094472   0.0484432264  -0.1565876723   0.0020880527  -0.0165940973
40  4  -0.2110182018  -0.0260549904  -0.0002142748  -0.0133953988  -0.2092403369
40  5   0.0111068264  -0.1782440094   0.0051262338  -0.0051434473   0.3465552436
40  6   0.0606589885  -0.0010923294   0.0054728200  -0.2609132489  -0.2176473410
40  7   0.3416197568  -0.4769991316   0.3196310580   0.2885787718  -0.4371409979
40  8  -0.4249696830  -0.3505455132  -0.0131924317   0.1612163022   0.4026688271
40  9  -0.3260243769  -0.1671363486   0.0655612682  -0.0744277518   0.0798768164
40 10  -0.0437410719  -0.4576539732  -0.0225836415  -0.0001942733   0.0002067448
40 11   0.0000092187
41  1  -0.0920153001   0.0208778867   0.1230578874   0.1826523846   0.1183099805
41  2  -0.0916821329  -0.0949834955  -0.0813398779  -0.2097515817   0.0326203260
41  3   0.0182447019   0.0057769379   0.0464234181   0.1485383643   0.0342249325
41  4   0.2063287756   0.1929521767  -0.0336366480  -0.0035261802  -0.2486856013
41  5  -0.0246767940   0.0535195130  -0.1724403346  -0.1027041918   0.0977171338
41  6   0.1059969060   0.0715909278  -0.2763119713   0.3271702603   0.0351866060
41  7  -0.2495005647   0.1962057284  -0.1915981481  -0.1414823216   0.0946138930
41  8   0.2446925330   0.1749583396   0.0120472773  -0.2345855425  -0.1544921557
41  9   0.0350358005   0.1472181259  -0.0544401923   0.0002266605   0.1470591719
41 10  -0.0803261506  -0.8142914787  -0.0416617962  -0.0006353009  -0.0000342546
41 11   0.0004631124
42  1   0.1201992307  -0.2407138792  -0.2903356123  -0.0740828459   0.2143173476
42  2   0.1578060107   0.2753094205   0.2343874189  -0.0687980484  -0.0941675100
42  3  -0.0289016349  -0.0517201631  -0.0220492679  -0.4308235902  -0.0882487403
42  4   0.2359868984  -0.4231896982   0.0943054509   0.0338460055  -0.0877989639
42  5   0.0684271283  -0.0003517513   0.5183848765   0.2992108464   0.1271168750
42  6  -0.2436997168  -0.2109650224   0.7990703431   0.1011636958   0.0151720916
42  7  -0.0839827457   0.0725279606  -0.0679656849  -0.0521332745   0.0317834368
42  8   0.0869722837   0.0601030568   0.0040854942  -0.0813574128  -0.0550560412
42  9   0.0124950347   0.0491176789  -0.0212112392  -0.0002443093   0.0507499673
42 10  -0.0277148108  -0.2807459325  -0.0143713690  -0.0004214817  -0.0000589691
42 11   0.0001606564
43  1  -0.1214730309   0.1094185399  -0.0392072714  -0.1244148926   0.1377167179
43  2  -0.0160026899  -0.0015478122   0.0035300636   0.2213048482  -0.0071568100
43  3   0.2694215341  -0.0167371946  -0.0584630457  -0.0011175675   0.0084657204
43  4   0.1662581992   0.0281094917   0.0071301221   0.0247595622   0.0112123878
43  5  -0.0047958894   0.1505742763   0.0050636183  -0.0003550729   0.0470365081
43  6   0.0050633428  -0.0004456945  -0.0002534206   0.0096413911  -0.0056879508
43  7  -0.0220197005  -0.0152370602   0.1169675569  -0.1274729401  -0.0122105481
43  8  -0.0391090389   0.1108870011  -0.1990733805  -0.0051926988   0.0059959843
43  9  -0.0035227786  -0.0045026491   0.0025587049   0.1291975362  -0.0002103066
43 10   0.0005341163   0.0000381469   0.0006798103  -0.0017437912  -0.0001610008
43 11   0.9827629293
44  1   0.0010518327   0.1671259258  -0.1062119689   0.3024093319   0.2742765821
44  2   0.0114710178  -0.0914106965   0.1137512351   0.3395085758  -0.1187681515
44  3   0.1655310882  -0.0050921917  -0.0648767109  -0.0309663146   0.0508255997
44  4   0.2019301151   0.1766093081   0.3243172003  -0.5500642013  -0.0241326392
44  5   0.1494810596  -0.6198378729  -0.1017906671  -0.0004453790  -0.1480509818
44  6  -0.0322314613   0.0041758040   0.0019493489   0.0097468451   0.0911421821
44  7   0.3704016627   0.0455870865  -0.4780986340   0.4954406874   0.0611247610
44  8   0.1205046722  -0.3772567673   0.6970846853   0.0256677072  -0.0308415281
44  9   0.0364264541   0.0306277399  -0.0165727739  -0.4935884603   0.0000516085
44 10   0.0005115976   0.0005319752   0.0013965504  -0.0003543314  -0.0000399189
44 11   0.1618554667
45  1   0.1123171850  -0.0086964144   0.2980054115  -0.1404601430   0.2619011867
45  2   0.1488446931   0.2678634228  -0.3270043564   0.1169639965   0.3411514555
45  3   0.0694579914   0.0014814834  -0.0201137566   0.0869399117  -0.0624547077
45  4   0.2357791025  -0.4361608908  -0.8881253904  -0.2747741765  -0.0082466492
45  5  -0.3167660432  -0.2471980074   0.2151631529   0.0075745102  -0.0735008114
45  6   0.0331526908  -0.0082279434  -0.0042525980   0.0032969834   0.0318162060
45  7   0.1285371708   0.0157263918  -0.1652887449   0.1711862642   0.0208773102
45  8   0.0416658675  -0.1301942221   0.2404036233   0.0087832468  -0.0107482150
45  9   0.0124886358   0.0104455545  -0.0058401097  -0.1697070958   0.0000177948
45 10   0.0001773813   0.0001874347   0.0004859794  -0.0001191273  -0.0000169231
45 11   0.0648918039
46  1  -0.1581717579   0.0137559764  -0.0380043406  -0.1607685254   0.0557207751
46  2  -0.0788558108   0.0023060786  -0.0621602621   0.1276913365  -0.0825497956
46  3  -0.3158624664  -0.0345469405   0.2775643895   0.0059906550  -0.2162967320
46  4   0.2000082931   0.0754622644   0.0062677130  -0.2406624511   0.0669098316
46  5  -0.0289876528   0.2026296906  -0.0240280266  -0.0096474398  -0.2630407262
46  6  -0.0292808756  -0.0070865618   0.0009596248  -0.0348098790  -0.5747072159
46  7   0.3179410669   0.2111556147  -0.0159575059  -0.0025773898  -0.3056390117
46  8   0.0241521437   0.3120749870   0.1399102843   0.1989675257  -0.1416584846
46  9  -0.2572669142  -0.4420245202  -0.5098426663   0.0027600933   0.0035393692
46 10  -0.0035272582   0.0011503154   0.0009738918  -0.3451077761   0.3549136051
46 11  -0.0005738886
47  1  -0.2241798360  -0.2992614012   0.1919250662   0.0243818383  -0.0580763687
47  2  -0.0910969987  -0.0863735654   0.1408403168   0.2988326333   0.1143343655
47  3  -0.3368285698  -0.4463712159   0.1541777165  -0.0076137602   0.2916241930
47  4   0.1294612958  -0.0756433626   0.0051988336   0.0544281124   0.1199608783
47  5  -0.0114865328  -0.0161946542  -0.0134825027  -0.0352834371  -0.0033302178
47  6   0.0131904102  -0.0024652530   0.0024577605   0.0066398983  -0.1695321960
47  7   0.0929615935   0.0499267569   0.0074564643  -0.0052416791  -0.0541715020
47  8   0.0047715098   0.0785556158   0.0484054623   0.0436772353  -0.0469873726
47  9  -0.0545123343  -0.3536609011  -0.4530695544   0.0174714712   0.0010687911
47 10  -0.0025404324  -0.0001086777  -0.0001206437   0.4957242526  -0.4823866806
47 11   0.0008519925
48  1   0.1540653072  -0.1275273200  -0.2516538968   0.0044492476   0.0329376197
48  2  -0.3136645371   0.1244768561  -0.4132842181   0.0963187158  -0.3238701267
48  3   0.2929421819   0.5037477156   0.4521745831   0.0120814823  -0.6087346219
48  4   0.0754313304   0.1574586527  -0.0007379286  -0.0972218929   0.0408511784
48  5  -0.0113233835   0.0439897549  -0.0205437405   0.0486735560  -0.0459398197
48  6   0.0005902804   0.0012548782  -0.0026980769  -0.0352692654  -0.1673011477
48  7   0.0995926654   0.0611545819  -0.0178590847   0.0018797730  -0.0412468145
48  8  -0.0007385834   0.0979660761   0.0323373283   0.0452216349  -0.0208185476
48  9  -0.0767198633  -0.0055289818   0.0321292902   0.0018272902  -0.0006662837
48 10  -0.0007507751  -0.0005277353  -0.0002999206   0.3608773448  -0.3759983266
48 11   0.0004470926
49  1  -0.1144957305   0.1225786406  -0.0520194162  -0.1138924224   0.1393180161
49  2  -0.0296666586   0.0016111230  -0.0634594475  -0.1608397706  -0.0848129740
49  3  -0.1399750713   0.1053991584  -0.3572990512   0.0072208638  -0.2124625553
49  4  -0.1049388980   0.0234705408   0.0082876148  -0.2755231728  -0.0805259596
49  5  -0.0302511348   0.2050461424  -0.0262989643   0.0137871584  -0.2610684454
49  6  -0.0305196048   0.0034038088  -0.0063909041   0.0349996094   0.5870761776
49  7  -0.3463013984  -0.2071022016  -0.0419631438  -0.0177934017  -0.3512301573
49  8  -0.0008128930  -0.2883608516  -0.1287492261  -0.2145757237  -0.1331821056
49  9   0.2874551330  -0.4647340677  -0.5346735626   0.0263345360   0.0000238123
49 10  -0.0050603772   0.0008696239   0.0010363322  -0.3016515067  -0.3076078728
49 11  -0.0005889999
50  1  -0.2246916467  -0.3389108837   0.1045059509   0.0277980744  -0.0433543384
50  2  -0.0408599891   0.0041881003   0.1419358294   0.2837891237   0.1080351971
50  3  -0.0922697135  -0.0281677809   0.3842638176  -0.0084031213   0.1268879749
50  4   0.1233890518   0.0092486137  -0.0037660308   0.0215759804   0.1133348963
50  5   0.0147204944  -0.0021486443   0.0216430232   0.0008681638   0.0109520888
50  6  -0.0131659852  -0.0006529747   0.0011874648  -0.0104012336  -0.1973017891
50  7   0.1045422897   0.0605214716   0.0096433889   0.0074356913   0.0593781506
50  8  -0.0027453814   0.0960637717   0.0438287844   0.0514098894   0.0362674893
50  9  -0.0817585458   0.2485771971   0.2969986106  -0.0207854792  -0.0013899688
50 10   0.0016751589   0.0002494994   0.0005633229  -0.6403766297  -0.6309433509
50 11  -0.0011975212
51  1   0.1606249818   0.0000000000   0.0000000000   0.0000000000   0.0000000000
51  2  -0.4535006605  -0.1396529005  -0.4237205276   0.1078546576  -0.3523021783
51  3  -0.3713422910  -0.7086928968  -0.3019906663   0.0253066371  -0.6148758146
51  4   0.0143177539   0.1672093053  -0.0118320496  -0.1116429433   0.0444388583
51  5  -0.0097269883   0.0479174388  -0.0070678234  -0.0588160774  -0.0464389414
51  6   0.0022280645  -0.0044700128  -0.0010063237  -0.0283573105   0.0434161737
51  7  -0.0244298997  -0.0129983600  -0.0211977388   0.0027600720  -0.0105974876
51  8   0.0042621717  -0.0218251945  -0.0290296584  -0.0179863876   0.0099670987
51  9   0.0172115548   0.2022257001   0.2917965760  -0.0073404750   0.0001756515
51 10   0.0014149105  -0.0001221350  -0.0002992437  -0.0296965151  -0.0096477973
51 11  -0.0001966099
$end
