$coord
    4.94993863591855      0.50196824307247      0.52169133717351  c
    2.10429134522991      0.20414525511350      0.55222781303529  c
    1.24658645344268     -2.34193478276560     -0.49691319714139  c
    2.53299180468198     -4.20249404798707     -0.43488271031496  o
   -1.09253623700619     -2.41738731616335     -1.49770679480564  o
   -2.76279940907614     -0.26959900277055     -1.28437830828819  c
   -1.39670781361005      2.24632729893229     -1.55049531198621  c
   -2.41968499126490      4.09206744268253     -2.36892582376585  o
    1.04462486137515      2.30658758071204     -0.83712180855394  o
   -4.33852715042094     -0.40757817864722      1.12601416272441  c
    5.66597508988129      0.40493176589808     -1.40687086767501  h
    5.81704147590666     -1.00743555366035      1.61662293317297  h
    5.46314152132090      2.32177396314965      1.33669016996070  h
    1.41403503320607      0.32230730725737      2.50263817414180  h
   -3.99860768168357     -0.42297593126909     -2.92161762170528  h
   -3.17377223110354     -0.25541452054249      2.82094152035722  h
   -5.71163287482739      1.12862108413971      1.13897693939812  h
   -5.34436350114896     -2.20391060715358      1.18310561481947  h
$user-defined bonds
$end
