$dipgrad          cartesian dipole gradients
  -.12809648426439D-01  0.52524034965023D-01  -.18091029978330D-01
  -.37561567152480D-02  0.65768272465023D-01  0.15897373225897D-01
  -.42627962391355D-01  0.38979448997783D-01  0.62092437786257D-01
  0.52148874130066D+00  -.17353251791356D+00  0.11668514939258D+00
  -.33058398532698D+00  0.35465589831437D+00  -.25056503050253D+00
  0.11412637457461D+00  -.25155731808108D+00  0.38233266339962D+00
  0.17157627813239D+01  -.57895351430685D+00  0.31124917256753D+00
  -.27440532082242D+00  0.11791080621676D+01  0.11497817689641D+00
  0.47799195321684D+00  0.28264190013072D-01  0.35174450270728D+00
  -.85219190209109D+00  0.29647130629062D+00  -.71024642761608D-01
  0.47681443222720D+00  -.10132960553366D+01  0.10961838179951D-01
  -.90923312583479D-01  -.40143268179210D-01  -.35321487339296D+00
  -.14827094627481D+01  0.47139700210023D+00  -.14421136928260D+00
  0.12636171418760D+00  -.61924573787888D+00  -.51646871907916D-01
  -.39632847445086D+00  0.85206457507495D-01  -.36096322114033D+00
  0.53801643402829D+00  -.32766196122622D+00  -.85516336807466D-01
  -.44186922815062D+00  0.38127404763266D+00  0.57754783930871D-01
  -.31259962455114D-01  0.65815176453495D-01  0.31030396361523D+00
  0.16245154429876D+01  -.43465131408131D+00  0.52289551069579D+00
  -.99566618092797D-01  0.12132345085305D+01  -.39243082331648D+00
  0.54300877105666D+00  -.40075783997851D+00  0.48825324084668D+00
  -.74353902579729D+00  0.20812597806539D+00  -.18534287231868D+00
  0.38774252581902D+00  -.10288906583236D+01  0.33665400839980D+00
  -.23694176915322D+00  0.25658528471161D+00  -.48572747870727D+00
  -.14188857873741D+01  0.43486107995799D+00  -.48589895503106D+00
  0.10046411969625D+00  -.60530291033919D+00  0.13432004362216D+00
  -.41205482183796D+00  0.22537897386002D+00  -.41102726019826D+00
  0.11519229504756D-01  0.53980501877769D-01  0.54289641389852D-01
  0.31402225724854D-01  -.12277984324725D-01  0.39412115820221D-01
  0.84355712800666D-01  -.47889287154671D-01  0.22036726385335D-01
  0.20147190952876D-01  -.12614890578010D-01  0.50926064874304D-02
  -.94338831337936D-02  0.79270472412849D-01  -.19731973607159D-01
  0.57102911321446D-01  -.48535309882988D-02  -.70374269018728D-01
  0.33634974755949D-01  0.14774729963061D-01  -.14309417375904D-01
  0.53965153294965D-01  0.15555516729468D-01  0.69027255658162D-01
  -.23122161756077D-01  0.57264420442827D-01  0.35646367524022D-01
  0.29346914492243D-01  -.22582790250958D-01  -.37128691326389D-02
  -.69077903343525D-01  -.53153559900734D-01  -.70170639262804D-01
  -.81860690997856D-02  -.68169929663298D-01  0.51072230519207D-01
  -.13279081228832D-01  0.69927114137353D-02  0.76654983637934D-01
  0.53231081543337D-01  -.17841011558353D-01  0.10006056808443D-01
  0.22118131130492D-01  0.47967093783245D-01  -.72147111497341D-01
  0.41093852150935D-02  0.27302213091744D-01  -.20584672718598D-01
  0.20352947565006D-01  0.29534840070955D-01  -.84210199058754D-02
  -.38765590982477D-01  0.28105945189137D-02  -.14129722897038D-01
  -.17322893141974D-01  -.13895402714274D-01  -.98196120714401D-01
  -.21822679114131D-01  0.69500368958549D-01  -.82541126685408D-02
  -.51871878364530D-01  -.42420480494679D-02  -.51418798029650D-01
  0.69718123582662D-02  0.63937097757602D-01  0.14469229366255D-01
  0.86651101537670D-01  0.16419974267297D-02  -.18251444754042D-02
  0.11483750045815D-01  0.10662986039644D-01  0.70158718630420D-01
  0.35224893886783D-01  -.66474264412021D-01  0.25551992583902D-01
  -.86469526896266D-01  -.39536067047534D-01  0.14033963104875D-01
  0.21894398928307D-01  -.13214042335211D-02  0.45361883466826D-01
$end
