$hessian (projected)
 1  1   0.4748669611  -0.0126854312   0.0005882013  -0.1889081468  -0.0135534506
 1  2   0.0103119360  -0.0124651447  -0.0147230419  -0.0045229946  -0.0020838244
 1  3   0.0037664110  -0.0010960877   0.0014188387   0.0004433004   0.0021751506
 1  4  -0.0005652114   0.0002904707  -0.0001201974   0.0014251445   0.0011153652
 1  5   0.0005183180  -0.0007202987  -0.0000629150  -0.0002005952  -0.0232548112
 1  6   0.0077012573  -0.0086498789   0.0000429662  -0.0001084090   0.0001085647
 1  7  -0.0765440346   0.0035093201   0.0855105590  -0.0957601150   0.0851927263
 1  8  -0.0610820304  -0.0626572439  -0.0589458502  -0.0247196193  -0.0147968493
 1  9  -0.0019331698   0.0011656747   0.0000157865  -0.0000474095  -0.0000221861
 1 10  -0.0000197153   0.0000319550   0.0000131799   0.0000422960  -0.0000094082
 1 11  -0.0000111258  -0.0000365975   0.0000182793   0.0000331312
 2  1  -0.0126854312   0.5901995478  -0.0028832331  -0.0267999556  -0.0785400135
 2  2  -0.0014369971  -0.0309263216  -0.0013994174   0.0015084968  -0.0012092114
 2  3   0.0006304757  -0.0009094717  -0.0048045170  -0.0046137252  -0.0046274773
 2  4   0.0022273941  -0.0017750990   0.0002756939  -0.0035602067  -0.0046275424
 2  5  -0.0004095042   0.0034059660  -0.0009989119   0.0016972719   0.0411411918
 2  6  -0.0028380304   0.0082811795  -0.0000845965   0.0004208178   0.0001173370
 2  7   0.0040844761  -0.0479641636  -0.0127224011   0.0809586369  -0.1931051607
 2  8   0.1070592633  -0.0545289043  -0.2570905207  -0.0951318254   0.0028128003
 2  9   0.0014734807  -0.0008062388  -0.0000191406   0.0002682891   0.0000056628
 2 10  -0.0000288484  -0.0000545594  -0.0000141526  -0.0001039883   0.0000132862
 2 11   0.0001026312   0.0001206566   0.0000012469  -0.0001062349
 3  1   0.0005882013  -0.0028832331   0.5825411122   0.0172281242  -0.0015561415
 3  2  -0.0757988652  -0.0149174813  -0.0043914893   0.0003709124  -0.0014878931
 3  3   0.0006318878  -0.0013538460  -0.0022442258  -0.0027646683  -0.0018907579
 3  4   0.0002357639  -0.0002281734  -0.0004523251   0.0017651727   0.0026769166
 3  5   0.0003274292  -0.0022336327   0.0008779365  -0.0011366690  -0.0298067468
 3  6   0.0037479064  -0.0035394704  -0.0000329410  -0.0000966854  -0.0006608115
 3  7   0.0814885894  -0.0136740095  -0.2845754773  -0.0587769032   0.1088307262
 3  8  -0.1243875731  -0.0242844729  -0.0949891108  -0.0914633469   0.0324292698
 3  9   0.0038016863   0.0011068609  -0.0001442545  -0.0000007225   0.0000673510
 3 10  -0.0000128932   0.0000064780   0.0005188497   0.0000926258   0.0000342268
 3 11   0.0001224224   0.0001136974  -0.0000235306   0.0002042046
 4  1  -0.1889081468  -0.0267999556   0.0172281242   0.5102590269   0.0233254903
 4  2  -0.0371892904  -0.0890673980  -0.0227170655  -0.0037259824   0.0072899045
 4  3   0.0249658320   0.0026121021  -0.0236726825  -0.0257975046  -0.0288481161
 4  4   0.0036360746  -0.0066825719   0.0009839668  -0.0286795083   0.0322656656
 4  5  -0.0179756107   0.0004828693  -0.0040668371  -0.0010385507  -0.0766906658
 4  6  -0.0021709587  -0.0117149048  -0.0008449947   0.0010517534   0.0015588549
 4  7  -0.0157270543  -0.0007267397  -0.0002917337  -0.0099701255  -0.0007036606
 4  8   0.0002039920  -0.0119747804   0.0005570373  -0.0008291963  -0.0756981788
 4  9   0.0063970585   0.0798728241   0.0005205499   0.0014166302   0.0001024183
 4 10  -0.0009387772  -0.0003272262  -0.0004411391  -0.0002788160  -0.0000730870
 4 11   0.0000242246   0.0002627030   0.0000861395  -0.0005319830
 5  1  -0.0135534506  -0.0785400135  -0.0015561415   0.0233254903   0.4255801627
 5  2   0.0249152189  -0.0429072472  -0.1305640255  -0.0406115477   0.0095159690
 5  3  -0.0372614407  -0.0089460883   0.0042472272   0.0023423593   0.0010623213
 5  4  -0.0071552508   0.0025596178  -0.0027264174   0.0308269984  -0.0003150489
 5  5   0.0033265623  -0.0113764623   0.0080441576  -0.0023756020   0.0109708655
 5  6  -0.1368586159   0.0486492726   0.0002857474  -0.0015789140  -0.0004468321
 5  7   0.0004211616  -0.0014223853   0.0010812910   0.0238455831   0.0018117131
 5  8  -0.0016266422  -0.0327336518  -0.0032664749   0.0014905920   0.0044815875
 5  9  -0.0499573721  -0.0229330584  -0.0000631036  -0.0009993466   0.0001177284
 5 10  -0.0002185344   0.0002737405   0.0002825604   0.0005039989   0.0000299559
 5 11  -0.0002199448  -0.0004169282   0.0001219307   0.0005167276
 6  1   0.0103119360  -0.0014369971  -0.0757988652  -0.0371892904   0.0249152189
 6  2   0.5131416152  -0.0025069568  -0.0217671164  -0.1022386076  -0.0035041829
 6  3  -0.0066197094   0.0214946395  -0.0202872469  -0.0127385506   0.0048073677
 6  4   0.0018505596  -0.0032108611   0.0013543809  -0.0173568076   0.0046640972
 6  5  -0.0177640325   0.0047499671  -0.0020868875   0.0078263198  -0.0186620937
 6  6   0.0479298811  -0.0872886825  -0.0001136974   0.0014341035   0.0017488324
 6  7   0.0338398927   0.0046622596   0.0003953894  -0.0175781288  -0.0021151610
 6  8  -0.0020190209  -0.0139243140  -0.0003018808  -0.0009290457   0.0796671584
 6  9  -0.0340620148  -0.2629196715   0.0003868020   0.0007296443  -0.0001649112
 6 10   0.0002863081  -0.0000700803  -0.0007317261  -0.0002553033   0.0000315084
 6 11  -0.0000667451   0.0002853978   0.0000425460  -0.0008472367
 7  1  -0.0124651447  -0.0309263216  -0.0149174813  -0.0890673980  -0.0429072472
 7  2  -0.0025069568   0.6167053837  -0.2511070004   0.0975132921  -0.2776649496
 7  3   0.2875732148  -0.0105446076  -0.2090048791  -0.0191094969  -0.0698678554
 7  4  -0.0388420825   0.0280550677  -0.0047934136   0.0301502177   0.0105548069
 7  5   0.0039173598  -0.0089717643  -0.0065596851  -0.0007074201  -0.0166413543
 7  6   0.0203275817  -0.0041190138   0.0029422267  -0.0063395791   0.0009905328
 7  7   0.0006475127  -0.0012220568   0.0004700434  -0.0013858858   0.0001029700
 7  8  -0.0015803898  -0.0059855683   0.0012373764   0.0009459428   0.0055740878
 7  9   0.0134928412   0.0061477368   0.0033534428  -0.0033367628   0.0014247979
 7 10  -0.0001467693   0.0005439691  -0.0006445870   0.0020611993  -0.0004587619
 7 11  -0.0023428445  -0.0012582751   0.0000790841   0.0006148645
 8  1  -0.0147230419  -0.0013994174  -0.0043914893  -0.0227170655  -0.1305640255
 8  2  -0.0217671164  -0.2511070004   0.8487610493   0.0630713642   0.3029369413
 8  3  -0.5716176600  -0.0021964849  -0.0562767214  -0.1123399915  -0.0475060583
 8  4   0.0289519600   0.0001027813   0.0187569290   0.0107924829  -0.0040264073
 8  5   0.0050680222  -0.0038633799   0.0032572700  -0.0025630820  -0.0045107151
 8  6  -0.0292586424  -0.0022748584   0.0001496518  -0.0000604271  -0.0003198104
 8  7   0.0026040252   0.0009631191  -0.0012871403   0.0020510143  -0.0002217274
 8  8   0.0019127044   0.0038064871  -0.0005262981   0.0000569557  -0.0008152340
 8  9   0.0006931463  -0.0043736397   0.0029894658  -0.0041245353  -0.0006055203
 8 10   0.0003596439   0.0004771061  -0.0009869182  -0.0001615873   0.0000558423
 8 11  -0.0002658927  -0.0004669268  -0.0001711823  -0.0003279646
 9  1  -0.0045229946   0.0015084968   0.0003709124  -0.0037259824  -0.0406115477
 9  2  -0.1022386076   0.0975132921   0.0630713642   0.2813704965  -0.0067096477
 9  3  -0.0064960953  -0.0789638475  -0.0801227877  -0.0324666646  -0.0866535955
 9  4  -0.0042064460   0.0191526315  -0.0075130150   0.0151164764   0.0034816369
 9  5   0.0060842883  -0.0047646382  -0.0017106841  -0.0016646134  -0.0056208201
 9  6   0.0284392918   0.0013130266   0.0052951466  -0.0065723591   0.0018780916
 9  7   0.0012501001   0.0011810329   0.0006485382  -0.0006122724  -0.0002945782
 9  8   0.0000608963   0.0013888673   0.0007244406   0.0011245532  -0.0105322115
 9  9  -0.0288581307  -0.0134463263   0.0002341294  -0.0000694327   0.0007218278
 9 10  -0.0004104813  -0.0002780531  -0.0009491481   0.0011041833  -0.0001254283
 9 11  -0.0026573007  -0.0006739134  -0.0000759207   0.0005138231
10  1  -0.0020838244  -0.0012092114  -0.0014878931   0.0072899045   0.0095159690
10  2  -0.0035041829  -0.2776649496   0.3029369413  -0.0067096477   0.3477513703
10  3  -0.3648367332   0.0369239097  -0.0792706897   0.0649475050  -0.0205812007
10  4   0.0037922558  -0.0110149381  -0.0063602930  -0.0086309859  -0.0041763478
10  5  -0.0009077418   0.0026256124   0.0029986973  -0.0000203577   0.0069403028
10  6  -0.0003669692   0.0018293124  -0.0013286961   0.0024422695  -0.0007767258
10  7   0.0007266232   0.0007399151  -0.0006540811   0.0013228384  -0.0014094513
10  8   0.0015316646   0.0011676184  -0.0012480022  -0.0000238332  -0.0002680969
10  9  -0.0022408208  -0.0012281502  -0.0020998133   0.0031205582   0.0004417708
10 10   0.0000261653  -0.0001517136   0.0005517080  -0.0006177728   0.0000569836
10 11   0.0010903687   0.0003221375  -0.0001046513  -0.0001146272
11  1   0.0037664110   0.0006304757   0.0006318878   0.0249658320  -0.0372614407
11  2  -0.0066197094   0.2875732148  -0.5716176600  -0.0064960953  -0.3648367332
11  3   0.6155714683  -0.0042030613   0.0551191095   0.0023778420   0.0206624680
11  4  -0.0036868551   0.0085972673  -0.0014830657  -0.0059413518   0.0032619005
11  5  -0.0029611540   0.0021561374  -0.0031509916   0.0018035570   0.0027164560
11  6  -0.0105686999   0.0001256109   0.0010508401  -0.0018336357   0.0010303238
11  7  -0.0008811002  -0.0002906517   0.0006315032  -0.0012695874  -0.0015028699
11  8  -0.0006564213  -0.0004696379   0.0003914549   0.0001159003  -0.0012649052
11  9  -0.0036277296  -0.0016884785   0.0006711386  -0.0009270619  -0.0001982967
11 10  -0.0002470975  -0.0001768771  -0.0000448597   0.0004501042  -0.0000196543
11 11  -0.0007789412   0.0001280247   0.0001468636   0.0001288323
12  1  -0.0010960877  -0.0009094717  -0.0013538460   0.0026121021  -0.0089460883
12  2   0.0214946395  -0.0105446076  -0.0021964849  -0.0789638475   0.0369239097
12  3  -0.0042030613   0.0433325088  -0.0250805011   0.0254843401   0.0102367518
12  4  -0.0006335807  -0.0058451466   0.0037338202  -0.0048551614  -0.0006431268
12  5  -0.0017030074   0.0014749211   0.0001539529   0.0007029738   0.0020013796
12  6  -0.0068054606   0.0002292943  -0.0015481626   0.0022723762  -0.0004149482
12  7  -0.0001973939  -0.0007131281   0.0003409585   0.0006593154  -0.0008121667
12  8   0.0001915763  -0.0002713071  -0.0003127405   0.0003453463   0.0010306374
12  9   0.0033337275   0.0010672202  -0.0002920915   0.0001690460  -0.0000298315
12 10   0.0001125355   0.0000507263   0.0001539578  -0.0004159983  -0.0000852041
12 11   0.0008159454   0.0001200911   0.0000079106  -0.0001795122
13  1   0.0014188387  -0.0048045170  -0.0022442258  -0.0236726825   0.0042472272
13  2  -0.0202872469  -0.2090048791  -0.0562767214  -0.0801227877  -0.0792706897
13  3   0.0551191095  -0.0250805011   0.4526901905  -0.0945643400   0.1169117479
13  4  -0.1019545540   0.0408398986  -0.0026307893  -0.0136090939  -0.0053940762
13  5  -0.0041773840   0.0065863380   0.0016317010   0.0024208824   0.0159108982
13  6   0.0007399505   0.0037941681  -0.0244909202   0.0319028382   0.0031773682
13  7  -0.0000243846   0.0006063324   0.0000985264   0.0011299689   0.0005379694
13  8   0.0008496514  -0.0019554415  -0.0004604065  -0.0000482979  -0.0014002260
13  9  -0.0041582477  -0.0010591555  -0.0236937891   0.0316527618   0.0025674043
13 10   0.0020303484  -0.0009435201   0.0007419488  -0.0030433655  -0.0005363039
13 11   0.0077442995   0.0023534434  -0.0001396558  -0.0026556088
14  1   0.0004433004  -0.0046137252  -0.0027646683  -0.0257975046   0.0023423593
14  2  -0.0127385506  -0.0191094969  -0.1123399915  -0.0324666646   0.0649475050
14  3   0.0023778420   0.0254843401  -0.0945643400   0.2980402815   0.0494350906
14  4   0.0298323756  -0.1429459397  -0.0236472528   0.0342608953  -0.0289359448
14  5  -0.0047271430  -0.0048607002  -0.0117181584   0.0049951391  -0.0013021782
14  6   0.0082807045   0.0018013965   0.0112167881  -0.0066967390  -0.0047349086
14  7  -0.0000280634  -0.0001219576   0.0003249935  -0.0003881553   0.0000530072
14  8  -0.0004202317  -0.0018456694   0.0001449464   0.0002405727  -0.0002779972
14  9  -0.0010515537  -0.0008936279   0.0080479856  -0.0057930461   0.0010746518
14 10  -0.0010183132   0.0000393495   0.0002392012   0.0002608672   0.0014771219
14 11  -0.0010119560   0.0001827011   0.0014614438  -0.0001903820
15  1   0.0021751506  -0.0046274773  -0.0018907579  -0.0288481161   0.0010623213
15  2   0.0048073677  -0.0698678554  -0.0475060583  -0.0866535955  -0.0205812007
15  3   0.0206624680   0.0102367518   0.1169117479   0.0494350906   0.1232975950
15  4  -0.0082134313  -0.0170028974  -0.0625302353  -0.0082862016  -0.0023231963
15  5  -0.0017412723   0.0033086334   0.0026340723   0.0015225983   0.0070496236
15  6  -0.0021852972   0.0024386644   0.0212102119  -0.0234816980   0.0014471005
15  7  -0.0002742867   0.0001205269  -0.0000043691   0.0002550554   0.0001637065
15  8   0.0002334982  -0.0017002395  -0.0002246557   0.0000298213   0.0012816891
15  9   0.0016092960   0.0007737184  -0.0145720865   0.0213332776   0.0070135699
15 10  -0.0015813132  -0.0002138500   0.0031716535   0.0031491077   0.0006268311
15 11  -0.0036912595  -0.0014164888  -0.0000824599   0.0015391505
16  1  -0.0005652114   0.0022273941   0.0002357639   0.0036360746  -0.0071552508
16  2   0.0018505596  -0.0388420825   0.0289519600  -0.0042064460   0.0037922558
16  3  -0.0036868551  -0.0006335807  -0.1019545540   0.0298323756  -0.0082134313
16  4   0.5041787325   0.0363062044   0.0993961552  -0.0990658510  -0.0361039144
16  5   0.0071200299   0.0121715697   0.0146809158  -0.0101232962  -0.0360754994
16  6  -0.0277147122  -0.0059208795  -0.0968165052  -0.0173085860   0.0383757533
16  7   0.0001211035  -0.0001896885  -0.0000088338  -0.0003118798  -0.0000312878
16  8  -0.0000889683   0.0009541681   0.0003271070   0.0001534357   0.0001297203
16  9   0.0008591898  -0.0003190316  -0.1386305869  -0.0224527372  -0.1330724255
16 10   0.0120772380   0.0024880564  -0.0167911657  -0.0125297659  -0.0016791501
16 11   0.0153394647  -0.0122689264   0.0006489789   0.0169068965
17  1   0.0002904707  -0.0017750990  -0.0002281734  -0.0066825719   0.0025596178
17  2  -0.0032108611   0.0280550677   0.0001027813   0.0191526315  -0.0110149381
17  3   0.0085972673  -0.0058451466   0.0408398986  -0.1429459397  -0.0170028974
17  4   0.0363062044   0.4344754317  -0.0017146104  -0.0652672979  -0.1367113964
17  5   0.0009078537   0.0011223422  -0.0376641010   0.0131297150   0.0052539516
17  6   0.0024561559   0.0021221877  -0.0064649900  -0.0761329516   0.0044851404
17  7  -0.0000103428   0.0002230238   0.0000461906   0.0004397491   0.0001384782
17  8   0.0002110647  -0.0007863519  -0.0000735782  -0.0001217330   0.0000235867
17  9  -0.0007449942   0.0000276620  -0.0187770734  -0.0494847574  -0.0198656974
17 10   0.0018226921  -0.0016892791  -0.0000899149   0.0119955029   0.0002479661
17 11  -0.0202044645  -0.0171459001  -0.0015786255   0.0282010532
18  1  -0.0001201974   0.0002756939  -0.0004523251   0.0009839668  -0.0027264174
18  2   0.0013543809  -0.0047934136   0.0187569290  -0.0075130150  -0.0063602930
18  3  -0.0014830657   0.0037338202  -0.0026307893  -0.0236472528  -0.0625302353
18  4   0.0993961552  -0.0017146104   0.5283946942   0.0012735260  -0.0031569193
18  5  -0.0908932099  -0.0030694831   0.0224012563   0.0146976332  -0.0147307270
18  6  -0.0057269122   0.0179761878   0.0383945793   0.0213488172  -0.1560952485
18  7   0.0002017871  -0.0000307664  -0.0000853529  -0.0000382009   0.0000329650
18  8  -0.0000438849   0.0000340148   0.0000352608   0.0000513478  -0.0003535404
18  9  -0.0001836364  -0.0007120582  -0.1279609254  -0.0248324699  -0.2210113170
18 10   0.0179366393   0.0016869267  -0.0245605315  -0.0020584637  -0.0005399193
18 11   0.0022733918   0.0038953655  -0.0004958792  -0.0045842776
19  1   0.0014251445  -0.0035602067   0.0017651727  -0.0286795083   0.0308269984
19  2  -0.0173568076   0.0301502177   0.0107924829   0.0151164764  -0.0086309859
19  3  -0.0059413518  -0.0048551614  -0.0136090939   0.0342608953  -0.0082862016
19  4  -0.0990658510  -0.0652672979   0.0012735260   0.5792642617  -0.1434264068
19  5   0.1466407571  -0.2032700462   0.2137290155  -0.0979891119  -0.2367686528
19  6  -0.0348469072  -0.0488368712  -0.0116864219  -0.0126361179   0.0058883921
19  7  -0.0004970004   0.0006065784  -0.0002671227   0.0021952733  -0.0002493399
19  8   0.0005157692  -0.0007412752  -0.0001436028  -0.0002843142   0.0032026372
19  9  -0.0072559789   0.0061590205  -0.0129003824  -0.0187417612   0.0004654267
19 10   0.0014707689   0.0009208637  -0.0024820049  -0.0018220045  -0.0002319745
19 11   0.0011449384  -0.0000370807   0.0011641116   0.0013881164
20  1   0.0011153652  -0.0046275424   0.0026769166   0.0322656656  -0.0003150489
20  2   0.0046640972   0.0105548069  -0.0040264073   0.0034816369  -0.0041763478
20  3   0.0032619005  -0.0006431268  -0.0053940762  -0.0289359448  -0.0023231963
20  4  -0.0361039144  -0.1367113964  -0.0031569193  -0.1434264068   0.8417735794
20  5  -0.2216706557   0.2265208944  -0.5635446450   0.2050015490  -0.0740311529
20  6  -0.1112395287   0.0039143454  -0.0093634535   0.0048314343   0.0121417778
20  7  -0.0001101472   0.0000395240  -0.0001554999   0.0014902995   0.0007586426
20  8   0.0000372079  -0.0001608909   0.0001651919   0.0000909942  -0.0006336763
20  9   0.0007358786   0.0008321269  -0.0044670166  -0.0023465301   0.0019532725
20 10   0.0005777118   0.0004253107  -0.0017772682   0.0022009382  -0.0002918529
20 11  -0.0009536084   0.0031414010   0.0000474346  -0.0041136498
21  1   0.0005183180  -0.0004095042   0.0003274292  -0.0179756107   0.0033265623
21  2  -0.0177640325   0.0039173598   0.0050680222   0.0060842883  -0.0009077418
21  3  -0.0029611540  -0.0017030074  -0.0041773840  -0.0047271430  -0.0017412723
21  4   0.0071200299   0.0009078537  -0.0908932099   0.1466407571  -0.2216706557
21  5   0.3345048570  -0.1028846685   0.2006431768  -0.1616626338  -0.0348372538
21  6   0.0145733392  -0.0657412144   0.0183380292   0.0280475981  -0.0015132271
21  7  -0.0002393302   0.0001321785   0.0000876904   0.0004122748  -0.0002904142
21  8   0.0007371801  -0.0001277508   0.0000578900  -0.0001399792  -0.0015418548
21  9   0.0005203880   0.0005720907  -0.0160138089  -0.0241115782   0.0028480815
21 10  -0.0006965949   0.0007343491  -0.0000009164  -0.0008193227  -0.0000882661
21 11   0.0011199831   0.0032745525   0.0002473576  -0.0051221075
22  1  -0.0007202987   0.0034059660  -0.0022336327   0.0004828693  -0.0113764623
22  2   0.0047499671  -0.0089717643  -0.0038633799  -0.0047646382   0.0026256124
22  3   0.0021561374   0.0014749211   0.0065863380  -0.0048607002   0.0033086334
22  4   0.0121715697   0.0011223422  -0.0030694831  -0.2032700462   0.2265208944
22  5  -0.1028846685   0.2530978591  -0.2801186195   0.1463005231  -0.0627404436
22  6   0.0652264972  -0.0431811348  -0.0007392677   0.0008687016   0.0013294345
22  7   0.0002375280  -0.0002526440   0.0001378868  -0.0013808196  -0.0001758200
22  8  -0.0000213243   0.0003034405  -0.0000638951   0.0001451355  -0.0010411891
22  9   0.0022626009  -0.0021032684   0.0015621348   0.0003930961   0.0013080096
22 10   0.0000262413  -0.0002209427   0.0005373014   0.0012800460  -0.0004790572
22 11  -0.0007922642   0.0004901899  -0.0005447150  -0.0002413984
23  1  -0.0000629150  -0.0009989119   0.0008779365  -0.0040668371   0.0080441576
23  2  -0.0020868875  -0.0065596851   0.0032572700  -0.0017106841   0.0029986973
23  3  -0.0031509916   0.0001539529   0.0016317010  -0.0117181584   0.0026340723
23  4   0.0146809158  -0.0376641010   0.0224012563   0.2137290155  -0.5635446450
23  5   0.2006431768  -0.2801186195   0.6063241436  -0.2419446354   0.0550641335
23  6   0.0030237492   0.0187555344   0.0014077338  -0.0031587604  -0.0031012451
23  7  -0.0000645575   0.0000473517  -0.0000706211   0.0004576277  -0.0001062003
23  8  -0.0000562206   0.0000506889   0.0001009665  -0.0000109535   0.0010304515
23  9  -0.0015198617   0.0009922380   0.0023819993   0.0010055423  -0.0000612695
23 10   0.0000824226  -0.0003587713   0.0005527316  -0.0012936625  -0.0000012337
23 11   0.0005115609  -0.0013491101   0.0004184544   0.0015200572
24  1  -0.0002005952   0.0016972719  -0.0011366690  -0.0010385507  -0.0023756020
24  2   0.0078263198  -0.0007074201  -0.0025630820  -0.0016646134  -0.0000203577
24  3   0.0018035570   0.0007029738   0.0024208824   0.0049951391   0.0015225983
24  4  -0.0101232962   0.0131297150   0.0146976332  -0.0979891119   0.2050015490
24  5  -0.1616626338   0.1463005231  -0.2419446354   0.1421146294  -0.0391466436
24  6   0.0215422588  -0.0036253243  -0.0009756202  -0.0031356772   0.0004822033
24  7   0.0000939627  -0.0000053305   0.0000632199  -0.0006411881  -0.0000359926
24  8  -0.0000970866   0.0001366609  -0.0000731620   0.0000334173   0.0002180349
24  9  -0.0003005534  -0.0005304557   0.0022809396   0.0021605813   0.0007658194
24 10  -0.0000567979  -0.0000162905   0.0001500282  -0.0001163078   0.0001233890
24 11  -0.0002152359  -0.0004351144  -0.0000031354   0.0005731760
25  1  -0.0232548112   0.0411411918  -0.0298067468  -0.0766906658   0.0109708655
25  2  -0.0186620937  -0.0166413543  -0.0045107151  -0.0056208201   0.0069403028
25  3   0.0027164560   0.0020013796   0.0159108982  -0.0013021782   0.0070496236
25  4  -0.0360754994   0.0052539516  -0.0147307270  -0.2367686528  -0.0740311529
25  5  -0.0348372538  -0.0627404436   0.0550641335  -0.0391466436   0.4316215681
25  6  -0.0282821704   0.1375810630   0.0003311500  -0.0035761199  -0.0030258337
25  7   0.0035098759  -0.0002555907   0.0004327798  -0.0100360868  -0.0016361607
25  8   0.0002036834   0.0031107506   0.0003737492   0.0003090512   0.0022014745
25  9   0.0024681620  -0.0064507277  -0.0016155297  -0.0045220500   0.0017460924
25 10   0.0000092991   0.0001593668   0.0015750722   0.0008985310   0.0000979722
25 11  -0.0005031125  -0.0007108064  -0.0001297108   0.0018852135
26  1   0.0077012573  -0.0028380304   0.0037479064  -0.0021709587  -0.1368586159
26  2   0.0479298811   0.0203275817  -0.0292586424   0.0284392918  -0.0003669692
26  3  -0.0105686999  -0.0068054606   0.0007399505   0.0082807045  -0.0021852972
26  4  -0.0277147122   0.0024561559  -0.0057269122  -0.0348469072  -0.1112395287
26  5   0.0145733392   0.0652264972   0.0030237492   0.0215422588  -0.0282821704
26  6   0.2885970899  -0.1131468554  -0.0007858652  -0.0019859946  -0.0010682781
26  7  -0.0007212609   0.0001926551  -0.0005396893  -0.0005373721   0.0006079275
26  8  -0.0002596259  -0.0001110353   0.0009493146  -0.0001642488   0.0049797103
26  9  -0.0077657951   0.0114721926  -0.0029646287  -0.0037274535   0.0004073067
26 10   0.0001360848  -0.0000588920   0.0005192321  -0.0003138638   0.0001193415
26 11   0.0001211565  -0.0002953382   0.0000747142   0.0011438024
27  1  -0.0086498789   0.0082811795  -0.0035394704  -0.0117149048   0.0486492726
27  2  -0.0872886825  -0.0041190138  -0.0022748584   0.0013130266   0.0018293124
27  3   0.0001256109   0.0002292943   0.0037941681   0.0018013965   0.0024386644
27  4  -0.0059208795   0.0021221877   0.0179761878  -0.0488368712   0.0039143454
27  5  -0.0657412144  -0.0431811348   0.0187555344  -0.0036253243   0.1375810630
27  6  -0.1131468554   0.1551731979  -0.0024234821  -0.0045875723  -0.0016169152
27  7  -0.0003340102  -0.0007287055   0.0012314100  -0.0017005762  -0.0006120902
27  8   0.0013209053   0.0011971763   0.0001112606   0.0001342657  -0.0182644068
27  9   0.0358296475  -0.0190352650   0.0012380992   0.0013955630  -0.0001903047
27 10  -0.0000930440  -0.0000164164   0.0001641132   0.0004232025   0.0001378990
27 11  -0.0002050958  -0.0008248192   0.0002426010   0.0012612074
28  1   0.0000429662  -0.0000845965  -0.0000329410  -0.0008449947   0.0002857474
28  2  -0.0001136974   0.0029422267   0.0001496518   0.0052951466  -0.0013286961
28  3   0.0010508401  -0.0015481626  -0.0244909202   0.0112167881   0.0212102119
28  4  -0.0968165052  -0.0064649900   0.0383945793  -0.0116864219  -0.0093634535
28  5   0.0183380292  -0.0007392677   0.0014077338  -0.0009756202   0.0003311500
28  6  -0.0007858652  -0.0024234821   0.5319282120  -0.0045015557   0.0572672614
28  7  -0.0000234534   0.0000254456  -0.0000280459   0.0000367774   0.0000238504
28  8   0.0000474663  -0.0000376632  -0.0000303124  -0.0000047256  -0.0004480447
28  9  -0.0001786675   0.0000546403   0.0119234484   0.0008021036  -0.0137142009
28 10  -0.1361323951  -0.0126211979  -0.1216641978  -0.1652415622   0.1339534687
28 11  -0.0005053651  -0.1094148563  -0.1148849910   0.0004031036
29  1  -0.0001084090   0.0004208178  -0.0000966854   0.0010517534  -0.0015789140
29  2   0.0014341035  -0.0063395791  -0.0000604271  -0.0065723591   0.0024422695
29  3  -0.0018336357   0.0022723762   0.0319028382  -0.0066967390  -0.0234816980
29  4  -0.0173085860  -0.0761329516   0.0213488172  -0.0126361179   0.0048314343
29  5   0.0280475981   0.0008687016  -0.0031587604  -0.0031356772  -0.0035761199
29  6  -0.0019859946  -0.0045875723  -0.0045015557   0.5821133684   0.0014619963
29  7  -0.0000051000  -0.0000820486  -0.0000007299  -0.0001583446  -0.0000142329
29  8  -0.0000484256   0.0001413315   0.0000549957   0.0000537608  -0.0000944956
29  9   0.0000671966  -0.0001853280   0.0014929249   0.0016723343  -0.0036002215
29 10  -0.0118365734  -0.0494021972  -0.0165126811   0.1319386303  -0.1962319200
29 11   0.0016708689  -0.1132735683  -0.2519823259   0.0019318571
30  1   0.0001085647   0.0001173370  -0.0006608115   0.0015588549  -0.0004468321
30  2   0.0017488324   0.0009905328  -0.0003198104   0.0018780916  -0.0007767258
30  3   0.0010303238  -0.0004149482   0.0031773682  -0.0047349086   0.0014471005
30  4   0.0383757533   0.0044851404  -0.1560952485   0.0058883921   0.0121417778
30  5  -0.0015132271   0.0013294345  -0.0031012451   0.0004822033  -0.0030258337
30  6  -0.0010682781  -0.0016169152   0.0572672614   0.0014619963   0.4965552596
30  7   0.0001418175   0.0000010902  -0.0000073999  -0.0000790776   0.0000267122
30  8   0.0000209176  -0.0000217250  -0.0000305094   0.0000649466  -0.0003131411
30  9  -0.0002321290  -0.0008205450   0.0173071387   0.0024832148  -0.0256794787
30 10  -0.1235418350  -0.0159256028  -0.2204173800   0.0011938421  -0.0006895321
30 11  -0.0482195101   0.0004193780   0.0048012552  -0.0467518875
31  1  -0.0765440346   0.0040844761   0.0814885894  -0.0157270543   0.0004211616
31  2   0.0338398927   0.0006475127   0.0026040252   0.0012501001   0.0007266232
31  3  -0.0008811002  -0.0001973939  -0.0000243846  -0.0000280634  -0.0002742867
31  4   0.0001211035  -0.0000103428   0.0002017871  -0.0004970004  -0.0001101472
31  5  -0.0002393302   0.0002375280  -0.0000645575   0.0000939627   0.0035098759
31  6  -0.0007212609  -0.0003340102  -0.0000234534  -0.0000051000   0.0001418175
31  7   0.0861023723  -0.0030565188  -0.0933514932   0.0052468865  -0.0020153478
31  8  -0.0135091651   0.0025653902   0.0006962197  -0.0082066071  -0.0062712362
31  9  -0.0008977681  -0.0005587381   0.0000146786   0.0000084660  -0.0000246572
31 10  -0.0000023125  -0.0000092172  -0.0001872545  -0.0000434728  -0.0000156477
31 11  -0.0000542411  -0.0000390222   0.0000007230  -0.0000789722
32  1   0.0035093201  -0.0479641636  -0.0136740095  -0.0007267397  -0.0014223853
32  2   0.0046622596  -0.0012220568   0.0009631191   0.0011810329   0.0007399151
32  3  -0.0002906517  -0.0007131281   0.0006063324  -0.0001219576   0.0001205269
32  4  -0.0001896885   0.0002230238  -0.0000307664   0.0006065784   0.0000395240
32  5   0.0001321785  -0.0002526440   0.0000473517  -0.0000053305  -0.0002555907
32  6   0.0001926551  -0.0007287055   0.0000254456  -0.0000820486   0.0000010902
32  7  -0.0030565188   0.0457620312   0.0141001593  -0.0092317400   0.0018825689
32  8   0.0218465590   0.0104049601   0.0000059894  -0.0267397196  -0.0009592738
32  9   0.0008245443  -0.0001034001   0.0000128470  -0.0000495369  -0.0000007944
32 10  -0.0000058225   0.0000008101  -0.0000221390   0.0000145321  -0.0000046381
32 11  -0.0000297824  -0.0000198560  -0.0000062358   0.0000039693
33  1   0.0855105590  -0.0127224011  -0.2845754773  -0.0002917337   0.0010812910
33  2   0.0003953894   0.0004700434  -0.0012871403   0.0006485382  -0.0006540811
33  3   0.0006315032   0.0003409585   0.0000985264   0.0003249935  -0.0000043691
33  4  -0.0000088338   0.0000461906  -0.0000853529  -0.0002671227  -0.0001554999
33  5   0.0000876904   0.0001378868  -0.0000706211   0.0000632199   0.0004327798
33  6  -0.0005396893   0.0012314100  -0.0000280459  -0.0000007299  -0.0000073999
33  7  -0.0933514932   0.0141001593   0.3059540140   0.0053937822  -0.0018576383
33  8  -0.0148971354   0.0032305266   0.0002234993  -0.0104512732  -0.0006641772
33  9   0.0002308633   0.0012962644   0.0000007548   0.0000013158   0.0000013297
33 10  -0.0000022813  -0.0000038673   0.0000014171  -0.0000073356  -0.0000039809
33 11  -0.0000013625   0.0000002455   0.0000017523   0.0000021388
34  1  -0.0957601150   0.0809586369  -0.0587769032  -0.0099701255   0.0238455831
34  2  -0.0175781288  -0.0013858858   0.0020510143  -0.0006122724   0.0013228384
34  3  -0.0012695874   0.0006593154   0.0011299689  -0.0003881553   0.0002550554
34  4  -0.0003118798   0.0004397491  -0.0000382009   0.0021952733   0.0014902995
34  5   0.0004122748  -0.0013808196   0.0004576277  -0.0006411881  -0.0100360868
34  6  -0.0005373721  -0.0017005762   0.0000367774  -0.0001583446  -0.0000790776
34  7   0.0052468865  -0.0092317400   0.0053937822   0.1039784427  -0.0918494687
34  8   0.0659466742   0.0037206162  -0.0060241376   0.0060969285   0.0012166224
34  9   0.0002825925   0.0006006499  -0.0000067421  -0.0000878041   0.0000129535
34 10   0.0000046188   0.0000323226   0.0000249810   0.0000440606  -0.0000034704
34 11  -0.0000261918  -0.0000444506  -0.0000077458   0.0000499241
35  1   0.0851927263  -0.1931051607   0.1088307262  -0.0007036606   0.0018117131
35  2  -0.0021151610   0.0001029700  -0.0002217274  -0.0002945782  -0.0014094513
35  3  -0.0015028699  -0.0008121667   0.0005379694   0.0000530072   0.0001637065
35  4  -0.0000312878   0.0001384782   0.0000329650  -0.0002493399   0.0007586426
35  5  -0.0002904142  -0.0001758200  -0.0001062003  -0.0000359926  -0.0016361607
35  6   0.0006079275  -0.0006120902   0.0000238504  -0.0000142329   0.0000267122
35  7  -0.0020153478   0.0018825689  -0.0018576383  -0.0918494687   0.2073311479
35  8  -0.1180102559   0.0118596847  -0.0182278397   0.0151752908   0.0003418424
35  9   0.0005956676  -0.0001680464   0.0000015241  -0.0000056458  -0.0000101904
35 10   0.0000058467   0.0000078644  -0.0000043022   0.0000077364  -0.0000070690
35 11  -0.0000091250  -0.0000036138   0.0000037282  -0.0000094396
36  1  -0.0610820304   0.1070592633  -0.1243875731   0.0002039920  -0.0016266422
36  2  -0.0020190209  -0.0015803898   0.0019127044   0.0000608963   0.0015316646
36  3  -0.0006564213   0.0001915763   0.0008496514  -0.0004202317   0.0002334982
36  4  -0.0000889683   0.0002110647  -0.0000438849   0.0005157692   0.0000372079
36  5   0.0007371801  -0.0000213243  -0.0000562206  -0.0000970866   0.0002036834
36  6  -0.0002596259   0.0013209053   0.0000474663  -0.0000484256   0.0000209176
36  7  -0.0135091651   0.0218465590  -0.0148971354   0.0659466742  -0.1180102559
36  8   0.1309102593   0.0074137191  -0.0096931744   0.0076835134  -0.0004450884
36  9  -0.0002484665   0.0003228036   0.0000208897  -0.0000494821  -0.0000058001
36 10  -0.0000039488   0.0000051549  -0.0000083545   0.0000124320  -0.0000031156
36 11  -0.0000236757  -0.0000150268   0.0000001076   0.0000009811
37  1  -0.0626572439  -0.0545289043  -0.0242844729  -0.0119747804  -0.0327336518
37  2  -0.0139243140  -0.0059855683   0.0038064871   0.0013888673   0.0011676184
37  3  -0.0004696379  -0.0002713071  -0.0019554415  -0.0018456694  -0.0017002395
37  4   0.0009541681  -0.0007863519   0.0000340148  -0.0007412752  -0.0001608909
37  5  -0.0001277508   0.0003034405   0.0000506889   0.0001366609   0.0031107506
37  6  -0.0001110353   0.0011971763  -0.0000376632   0.0001413315  -0.0000217250
37  7   0.0025653902   0.0104049601   0.0032305266   0.0037206162   0.0118596847
37  8   0.0074137191   0.0698092403   0.0640454595   0.0268877762   0.0017376946
37  9   0.0002653519   0.0000370559  -0.0000228585   0.0000953318   0.0000040617
37 10   0.0000165848  -0.0000368732  -0.0000067123  -0.0000506479   0.0000035860
37 11   0.0000334335   0.0000399753   0.0000001333  -0.0000267707
38  1  -0.0589458502  -0.2570905207  -0.0949891108   0.0005570373  -0.0032664749
38  2  -0.0003018808   0.0012373764  -0.0005262981   0.0007244406  -0.0012480022
38  3   0.0003914549  -0.0003127405  -0.0004604065   0.0001449464  -0.0002246557
38  4   0.0003271070  -0.0000735782   0.0000352608  -0.0001436028   0.0001651919
38  5   0.0000578900  -0.0000638951   0.0001009665  -0.0000731620   0.0003737492
38  6   0.0009493146   0.0001112606  -0.0000303124   0.0000549957  -0.0000305094
38  7   0.0006962197   0.0000059894   0.0002234993  -0.0060241376  -0.0182278397
38  8  -0.0096931744   0.0640454595   0.2770383188   0.1041550555  -0.0002956005
38  9   0.0003199696   0.0003006556  -0.0000242184   0.0000343764   0.0000058325
38 10   0.0000035811  -0.0000153920  -0.0000005023  -0.0000196925   0.0000043526
38 11   0.0000141215   0.0000151880  -0.0000097732  -0.0000022805
39  1  -0.0247196193  -0.0951318254  -0.0914633469  -0.0008291963   0.0014905920
39  2  -0.0009290457   0.0009459428   0.0000569557   0.0011245532  -0.0000238332
39  3   0.0001159003   0.0003453463  -0.0000482979   0.0002405727   0.0000298213
39  4   0.0001534357  -0.0001217330   0.0000513478  -0.0002843142   0.0000909942
39  5  -0.0001399792   0.0001451355  -0.0000109535   0.0000334173   0.0003090512
39  6  -0.0001642488   0.0001342657  -0.0000047256   0.0000537608   0.0000649466
39  7  -0.0082066071  -0.0267397196  -0.0104512732   0.0060969285   0.0151752908
39  8   0.0076835134   0.0268877762   0.1041550555   0.0930627521  -0.0004241377
39  9   0.0007491711   0.0004914680   0.0000105523   0.0000342135  -0.0000091339
39 10  -0.0000023413  -0.0000003590  -0.0000122080  -0.0000124457  -0.0000003300
39 11   0.0000052696   0.0000066960   0.0000066627  -0.0000217145
40  1  -0.0147968493   0.0028128003   0.0324292698  -0.0756981788   0.0044815875
40  2   0.0796671584   0.0055740878  -0.0008152340  -0.0105322115  -0.0002680969
40  3  -0.0012649052   0.0010306374  -0.0014002260  -0.0002779972   0.0012816891
40  4   0.0001297203   0.0000235867  -0.0003535404   0.0032026372  -0.0006336763
40  5  -0.0015418548  -0.0010411891   0.0010304515   0.0002180349   0.0022014745
40  6   0.0049797103  -0.0182644068  -0.0004480447  -0.0000944956  -0.0003131411
40  7  -0.0062712362  -0.0009592738  -0.0006641772   0.0012166224   0.0003418424
40  8  -0.0004450884   0.0017376946  -0.0002956005  -0.0004241377   0.0865601451
40  9  -0.0093083596  -0.0827940069  -0.0000631472   0.0000133337   0.0000841175
40 10  -0.0008602560  -0.0000969075   0.0004462692   0.0001181700   0.0000540666
40 11   0.0000739898   0.0001066723   0.0000090709   0.0001013984
41  1  -0.0019331698   0.0014734807   0.0038016863   0.0063970585  -0.0499573721
41  2  -0.0340620148   0.0134928412   0.0006931463  -0.0288581307  -0.0022408208
41  3  -0.0036277296   0.0033337275  -0.0041582477  -0.0010515537   0.0016092960
41  4   0.0008591898  -0.0007449942  -0.0001836364  -0.0072559789   0.0007358786
41  5   0.0005203880   0.0022626009  -0.0015198617  -0.0003005534   0.0024681620
41  6  -0.0077657951   0.0358296475  -0.0001786675   0.0000671966  -0.0002321290
41  7  -0.0008977681   0.0008245443   0.0002308633   0.0002825925   0.0005956676
41  8  -0.0002484665   0.0002653519   0.0003199696   0.0007491711  -0.0093083596
41  9   0.0594887242   0.0175532697  -0.0000713796   0.0001488810  -0.0000093375
41 10  -0.0000648543   0.0002840128   0.0001512364   0.0000216202   0.0000187898
41 11   0.0002042311   0.0000598293   0.0000170150  -0.0000892486
42  1   0.0011656747  -0.0008062388   0.0011068609   0.0798728241  -0.0229330584
42  2  -0.2629196715   0.0061477368  -0.0043736397  -0.0134463263  -0.0012281502
42  3  -0.0016884785   0.0010672202  -0.0010591555  -0.0008936279   0.0007737184
42  4  -0.0003190316   0.0000276620  -0.0007120582   0.0061590205   0.0008321269
42  5   0.0005720907  -0.0021032684   0.0009922380  -0.0005304557  -0.0064507277
42  6   0.0114721926  -0.0190352650   0.0000546403  -0.0001853280  -0.0008205450
42  7  -0.0005587381  -0.0001034001   0.0012962644   0.0006006499  -0.0001680464
42  8   0.0003228036   0.0000370559   0.0003006556   0.0004914680  -0.0827940069
42  9   0.0175532697   0.2905378337  -0.0000518690  -0.0000570469   0.0000962468
42 10   0.0002752635   0.0000178320   0.0007344670   0.0001636630   0.0000299875
42 11   0.0001884613   0.0000884187  -0.0000170994   0.0002768867
43  1   0.0000157865  -0.0000191406  -0.0001442545   0.0005205499  -0.0000631036
43  2   0.0003868020   0.0033534428   0.0029894658   0.0002341294  -0.0020998133
43  3   0.0006711386  -0.0002920915  -0.0236937891   0.0080479856  -0.0145720865
43  4  -0.1386305869  -0.0187770734  -0.1279609254  -0.0129003824  -0.0044670166
43  5  -0.0160138089   0.0015621348   0.0023819993   0.0022809396  -0.0016155297
43  6  -0.0029646287   0.0012380992   0.0119234484   0.0014929249   0.0173071387
43  7   0.0000146786   0.0000128470   0.0000007548  -0.0000067421   0.0000015241
43  8   0.0000208897  -0.0000228585  -0.0000242184   0.0000105523  -0.0000631472
43  9  -0.0000713796  -0.0000518690   0.1618184373   0.0111026457   0.1351931088
43 10  -0.0017659541  -0.0004150427   0.0039880524   0.0007143453   0.0000820056
43 11  -0.0008920389   0.0008759795   0.0000190670  -0.0007333921
44  1  -0.0000474095   0.0002682891  -0.0000007225   0.0014166302  -0.0009993466
44  2   0.0007296443  -0.0033367628  -0.0041245353  -0.0000694327   0.0031205582
44  3  -0.0009270619   0.0001690460   0.0316527618  -0.0057930461   0.0213332776
44  4  -0.0224527372  -0.0494847574  -0.0248324699  -0.0187417612  -0.0023465301
44  5  -0.0241115782   0.0003930961   0.0010055423   0.0021605813  -0.0045220500
44  6  -0.0037274535   0.0013955630   0.0008021036   0.0016723343   0.0024832148
44  7   0.0000084660  -0.0000495369   0.0000013158  -0.0000878041  -0.0000056458
44  8  -0.0000494821   0.0000953318   0.0000343764   0.0000342135   0.0000133337
44  9   0.0001488810  -0.0000570469   0.0111026457   0.0625771983   0.0202767916
44 10  -0.0000839290   0.0010799960   0.0005257650  -0.0000696972   0.0003576076
44 11  -0.0002924695   0.0007372239   0.0003136886   0.0003037890
45  1  -0.0000221861   0.0000056628   0.0000673510   0.0001024183   0.0001177284
45  2  -0.0001649112   0.0014247979  -0.0006055203   0.0007218278   0.0004417708
45  3  -0.0001982967  -0.0000298315   0.0025674043   0.0010746518   0.0070135699
45  4  -0.1330724255  -0.0198656974  -0.2210113170   0.0004654267   0.0019532725
45  5   0.0028480815   0.0013080096  -0.0000612695   0.0007658194   0.0017460924
45  6   0.0004073067  -0.0001903047  -0.0137142009  -0.0036002215  -0.0256794787
45  7  -0.0000246572  -0.0000007944   0.0000013297   0.0000129535  -0.0000101904
45  8  -0.0000058001   0.0000040617   0.0000058325  -0.0000091339   0.0000841175
45  9  -0.0000093375   0.0000962468   0.1351931088   0.0202767916   0.2363795139
45 10   0.0039017226   0.0003659630  -0.0030960667   0.0000004573  -0.0003254765
45 11   0.0007902172  -0.0004188718   0.0004695950   0.0015028865
46  1  -0.0000197153  -0.0000288484  -0.0000128932  -0.0009387772  -0.0002185344
46  2   0.0002863081  -0.0001467693   0.0003596439  -0.0004104813   0.0000261653
46  3  -0.0002470975   0.0001125355   0.0020303484  -0.0010183132  -0.0015813132
46  4   0.0120772380   0.0018226921   0.0179366393   0.0014707689   0.0005777118
46  5  -0.0006965949   0.0000262413   0.0000824226  -0.0000567979   0.0000092991
46  6   0.0001360848  -0.0000930440  -0.1361323951  -0.0118365734  -0.1235418350
46  7  -0.0000023125  -0.0000058225  -0.0000022813   0.0000046188   0.0000058467
46  8  -0.0000039488   0.0000165848   0.0000035811  -0.0000023413  -0.0008602560
46  9  -0.0000648543   0.0002752635  -0.0017659541  -0.0000839290   0.0039017226
46 10   0.1454067961   0.0137514960   0.1330227201  -0.0119763239  -0.0034489832
46 11  -0.0170653104  -0.0092255571   0.0002134770  -0.0120683479
47  1   0.0000319550  -0.0000545594   0.0000064780  -0.0003272262   0.0002737405
47  2  -0.0000700803   0.0005439691   0.0004771061  -0.0002780531  -0.0001517136
47  3  -0.0001768771   0.0000507263  -0.0009435201   0.0000393495  -0.0002138500
47  4   0.0024880564  -0.0016892791   0.0016869267   0.0009208637   0.0004253107
47  5   0.0007343491  -0.0002209427  -0.0003587713  -0.0000162905   0.0001593668
47  6  -0.0000588920  -0.0000164164  -0.0126211979  -0.0494021972  -0.0159256028
47  7  -0.0000092172   0.0000008101  -0.0000038673   0.0000323226   0.0000078644
47  8   0.0000051549  -0.0000368732  -0.0000153920  -0.0000003590  -0.0000969075
47  9   0.0002840128   0.0000178320  -0.0004150427   0.0010799960   0.0003659630
47 10   0.0137514960   0.0469114994   0.0169126326   0.0128110113   0.0029418695
47 11   0.0203696332  -0.0159163999  -0.0006855908  -0.0236251763
48  1   0.0000131799  -0.0000141526   0.0005188497  -0.0004411391   0.0002825604
48  2  -0.0007317261  -0.0006445870  -0.0009869182  -0.0009491481   0.0005517080
48  3  -0.0000448597   0.0001539578   0.0007419488   0.0002392012   0.0031716535
48  4  -0.0167911657  -0.0000899149  -0.0245605315  -0.0024820049  -0.0017772682
48  5  -0.0000009164   0.0005373014   0.0005527316   0.0001500282   0.0015750722
48  6   0.0005192321   0.0001641132  -0.1216641978  -0.0165126811  -0.2204173800
48  7  -0.0001872545  -0.0000221390   0.0000014171   0.0000249810  -0.0000043022
48  8  -0.0000083545  -0.0000067123  -0.0000005023  -0.0000122080   0.0004462692
48  9   0.0001512364   0.0007344670   0.0039880524   0.0005257650  -0.0030960667
48 10   0.1330227201   0.0169126326   0.2424432855   0.0005895989   0.0006079340
48 11   0.0012012530   0.0007262292  -0.0003385549   0.0012373063
49  1   0.0000422960  -0.0001039883   0.0000926258  -0.0002788160   0.0005039989
49  2  -0.0002553033   0.0020611993  -0.0001615873   0.0011041833  -0.0006177728
49  3   0.0004501042  -0.0004159983  -0.0030433655   0.0002608672   0.0031491077
49  4  -0.0125297659   0.0119955029  -0.0020584637  -0.0018220045   0.0022009382
49  5  -0.0008193227   0.0012800460  -0.0012936625  -0.0001163078   0.0008985310
49  6  -0.0003138638   0.0004232025  -0.1652415622   0.1319386303   0.0011938421
49  7  -0.0000434728   0.0000145321  -0.0000073356   0.0000440606   0.0000077364
49  8   0.0000124320  -0.0000506479  -0.0000196925  -0.0000124457   0.0001181700
49  9   0.0000216202   0.0001636630   0.0007143453  -0.0000696972   0.0000004573
49 10  -0.0119763239   0.0128110113   0.0005895989   0.1778101538  -0.1463284334
49 11  -0.0025341921   0.0126349293  -0.0119140168  -0.0005097434
50  1  -0.0000094082   0.0000132862   0.0000342268  -0.0000730870   0.0000299559
50  2   0.0000315084  -0.0004587619   0.0000558423  -0.0001254283   0.0000569836
50  3  -0.0000196543  -0.0000852041  -0.0005363039   0.0014771219   0.0006268311
50  4  -0.0016791501   0.0002479661  -0.0005399193  -0.0002319745  -0.0002918529
50  5  -0.0000882661  -0.0004790572  -0.0000012337   0.0001233890   0.0000979722
50  6   0.0001193415   0.0001378990   0.1339534687  -0.1962319200  -0.0006895321
50  7  -0.0000156477  -0.0000046381  -0.0000039809  -0.0000034704  -0.0000070690
50  8  -0.0000031156   0.0000035860   0.0000043526  -0.0000003300   0.0000540666
50  9   0.0000187898   0.0000299875   0.0000820056   0.0003576076  -0.0003254765
50 10  -0.0034489832   0.0029418695   0.0006079340  -0.1463284334   0.2099600972
50 11   0.0004837223   0.0190161948  -0.0186698625  -0.0002142451
51  1  -0.0000111258   0.0001026312   0.0001224224   0.0000242246  -0.0002199448
51  2  -0.0000667451  -0.0023428445  -0.0002658927  -0.0026573007   0.0010903687
51  3  -0.0007789412   0.0008159454   0.0077442995  -0.0010119560  -0.0036912595
51  4   0.0153394647  -0.0202044645   0.0022733918   0.0011449384  -0.0009536084
51  5   0.0011199831  -0.0007922642   0.0005115609  -0.0002152359  -0.0005031125
51  6   0.0001211565  -0.0002050958  -0.0005053651   0.0016708689  -0.0482195101
51  7  -0.0000542411  -0.0000297824  -0.0000013625  -0.0000261918  -0.0000091250
51  8  -0.0000236757   0.0000334335   0.0000141215   0.0000052696   0.0000739898
51  9   0.0002042311   0.0001884613  -0.0008920389  -0.0002924695   0.0007902172
51 10  -0.0170653104   0.0203696332   0.0012012530  -0.0025341921   0.0004837223
51 11   0.0495979866  -0.0007240326   0.0002882590  -0.0010347449
52  1  -0.0000365975   0.0001206566   0.0001136974   0.0002627030  -0.0004169282
52  2   0.0002853978  -0.0012582751  -0.0004669268  -0.0006739134   0.0003221375
52  3   0.0001280247   0.0001200911   0.0023534434   0.0001827011  -0.0014164888
52  4  -0.0122689264  -0.0171459001   0.0038953655  -0.0000370807   0.0031414010
52  5   0.0032745525   0.0004901899  -0.0013491101  -0.0004351144  -0.0007108064
52  6  -0.0002953382  -0.0008248192  -0.1094148563  -0.1132735683   0.0004193780
52  7  -0.0000390222  -0.0000198560   0.0000002455  -0.0000444506  -0.0000036138
52  8  -0.0000150268   0.0000399753   0.0000151880   0.0000066960   0.0001066723
52  9   0.0000598293   0.0000884187   0.0008759795   0.0007372239  -0.0004188718
52 10  -0.0092255571  -0.0159163999   0.0007262292   0.0126349293   0.0190161948
52 11  -0.0007240326   0.1159495422   0.1254864220  -0.0044218047
53  1   0.0000182793   0.0000012469  -0.0000235306   0.0000861395   0.0001219307
53  2   0.0000425460   0.0000790841  -0.0001711823  -0.0000759207  -0.0001046513
53  3   0.0001468636   0.0000079106  -0.0001396558   0.0014614438  -0.0000824599
53  4   0.0006489789  -0.0015786255  -0.0004958792   0.0011641116   0.0000474346
53  5   0.0002473576  -0.0005447150   0.0004184544  -0.0000031354  -0.0001297108
53  6   0.0000747142   0.0002426010  -0.1148849910  -0.2519823259   0.0048012552
53  7   0.0000007230  -0.0000062358   0.0000017523  -0.0000077458   0.0000037282
53  8   0.0000001076   0.0000001333  -0.0000097732   0.0000066627   0.0000090709
53  9   0.0000170150  -0.0000170994   0.0000190670   0.0003136886   0.0004695950
53 10   0.0002134770  -0.0006855908  -0.0003385549  -0.0119140168  -0.0186698625
53 11   0.0002882590   0.1254864220   0.2704970763  -0.0050714667
54  1   0.0000331312  -0.0001062349   0.0002042046  -0.0005319830   0.0005167276
54  2  -0.0008472367   0.0006148645  -0.0003279646   0.0005138231  -0.0001146272
54  3   0.0001288323  -0.0001795122  -0.0026556088  -0.0001903820   0.0015391505
54  4   0.0169068965   0.0282010532  -0.0045842776   0.0013881164  -0.0041136498
54  5  -0.0051221075  -0.0002413984   0.0015200572   0.0005731760   0.0018852135
54  6   0.0011438024   0.0012612074   0.0004031036   0.0019318571  -0.0467518875
54  7  -0.0000789722   0.0000039693   0.0000021388   0.0000499241  -0.0000094396
54  8   0.0000009811  -0.0000267707  -0.0000022805  -0.0000217145   0.0001013984
54  9  -0.0000892486   0.0002768867  -0.0007333921   0.0003037890   0.0015028865
54 10  -0.0120683479  -0.0236251763   0.0012373063  -0.0005097434  -0.0002142451
54 11  -0.0010347449  -0.0044218047  -0.0050714667   0.0514297200
$end
