$vibrational normal modes
 1  1  -0.0373835628   0.1703347671   0.1051643638  -0.1133776064   0.0523994047
 1  2  -0.0418239173   0.0773298039  -0.0525899724  -0.0304165000  -0.0021334437
 1  3   0.0079839525  -0.0362267588  -0.0007473246  -0.2117371776  -0.0349014592
 1  4  -0.0973355030  -0.0935071739   0.2360273756  -0.0197621961  -0.2518316125
 1  5  -0.0263714836  -0.0573727319  -0.0470553663   0.0618945253  -0.0769424348
 1  6  -0.0983353325   0.0842880316   0.0360421903   0.0231276954  -0.0631324772
 1  7   0.0239044037   0.1176078032   0.0409635584  -0.0050152395  -0.0032325249
 1  8   0.0079375954   0.0130217494  -0.0176189848  -0.0135551945  -0.1418701723
 1  9   0.0164947763  -0.0004842955  -0.0086768631  -0.0004729860   0.0136187523
 1 10  -0.0029108605  -0.0010106471  -0.0003237313  -0.0471994383  -0.0000092712
 1 11   0.0001706285  -0.0000752832   0.0033505214  -0.0148559584
 2  1  -0.1772678883  -0.0826396592  -0.1059645979  -0.1541800809  -0.0208375057
 2  2   0.2629081112  -0.0077907010  -0.0138128886  -0.0076449627   0.0344572765
 2  3   0.0116992353   0.0340665692   0.2982591911   0.0153806973   0.0081007306
 2  4  -0.0269496361   0.1044107210   0.0201673440  -0.0246647802  -0.0408516779
 2  5  -0.0247587443   0.0145634572   0.0178195491   0.0631208309   0.0370544734
 2  6   0.0761698447   0.0754923316   0.0455902179   0.0208006401   0.1370285445
 2  7  -0.0002716933   0.0434291078   0.0285624380   0.0075161886  -0.0105159776
 2  8  -0.0132554687   0.0486532382  -0.0182557158   0.0019158340  -0.0113641087
 2  9  -0.0122318527  -0.0131050265  -0.0434405639   0.0037898054  -0.0057767132
 2 10   0.0036990489   0.0006948263   0.0000181870  -0.0127819757   0.0002450357
 2 11   0.0005527186   0.0005541357  -0.0479244125   0.0783075512
 3  1  -0.2507976590  -0.0268793443  -0.0901161686   0.1301322495  -0.2349636343
 3  2  -0.1345243156  -0.2593589721   0.0083771548   0.2193283235   0.0199647970
 3  3   0.0011956490  -0.0053795521   0.0045950162  -0.1277993825   0.0259394738
 3  4  -0.0134847073  -0.0469289797   0.0602651883  -0.0067030923  -0.0400201148
 3  5   0.0078545580   0.0066505955  -0.0481332459   0.0251536411  -0.0542741814
 3  6  -0.0485683140   0.0275495471   0.0708805939   0.0128273707   0.0122829092
 3  7  -0.0282517729  -0.1242877600  -0.0776645413   0.0105663345  -0.0165923080
 3  8   0.0549290184   0.0377349651  -0.0174726374   0.0033360456  -0.0059116406
 3  9  -0.0428822020   0.0039980760   0.0168763057  -0.0007619131   0.0018663497
 3 10   0.0013537534   0.0072708818   0.0007212325   0.0075834755   0.0003581048
 3 11   0.0018992183   0.0003849557  -0.0798032654  -0.0468828031
 4  1  -0.0429319248   0.1599490782   0.1029161899  -0.1254991179   0.0513026474
 4  2  -0.0375867244   0.0712854278  -0.0570585668  -0.0313379157   0.0035938832
 4  3   0.0074541162  -0.0268779397   0.0360017083  -0.1741131790  -0.0243744330
 4  4  -0.0689180565  -0.0676031340   0.1435355737   0.0163504311  -0.0863295578
 4  5   0.0084989861  -0.0051221131  -0.0066761614  -0.0297139410   0.0314864449
 4  6   0.0657066365  -0.0955605269  -0.0641770120  -0.0202589643   0.1436045983
 4  7  -0.0638151531  -0.2259906367  -0.0890689463  -0.0470628050   0.0314248553
 4  8  -0.0954585676  -0.0947478689   0.0593499852  -0.0039859813   0.0152869872
 4  9  -0.0136989477  -0.0018971416   0.0023236054   0.0038055986  -0.0411348270
 4 10  -0.0237367444   0.0284836258   0.0013618158   0.0001704244   0.0001992421
 4 11   0.0003657357   0.0000014359   0.0021971036   0.0005998592
 5  1  -0.1196485581   0.0176984986  -0.0847129111  -0.0433105194   0.0059065424
 5  2   0.2244728401   0.0236080546   0.0050255798   0.0405720825  -0.0057773802
 5  3   0.0146467119  -0.0354740921  -0.0681059796  -0.0246261741   0.0216415136
 5  4  -0.0633181802   0.0858501789   0.0301791533  -0.2432639058   0.0592289717
 5  5  -0.0910320533   0.0874682593   0.0535074233   0.1596467291   0.0565878897
 5  6   0.0716503553   0.0020694947   0.0251674999  -0.0495085420  -0.1858059180
 5  7   0.0433169398  -0.0403223427  -0.0764247485   0.0756794909   0.0239531454
 5  8   0.0421983753  -0.1275962856   0.0630274539  -0.0051082173  -0.0026595250
 5  9  -0.0211531420  -0.0084738186  -0.0342849253   0.0055675694   0.0471901449
 5 10  -0.0227512000  -0.0075918889  -0.0004273786  -0.0002083170  -0.0001523144
 5 11  -0.0000043964  -0.0000143138  -0.0010891849   0.0011391470
 6  1  -0.2058782766  -0.0161052586  -0.0923518214   0.0818607222  -0.0763334172
 6  2  -0.1145269452  -0.0445434692   0.0124480980  -0.0964258058  -0.0212705510
 6  3  -0.0058405300   0.0035387548  -0.0270374341   0.1577259866  -0.1415819259
 6  4  -0.2486550655   0.0944920712  -0.0602398425  -0.0259651666  -0.1779239334
 6  5   0.0597871934   0.0303301689  -0.1954965569   0.0950917995  -0.0239579584
 6  6   0.0207071995  -0.0559488120  -0.1690021643  -0.0234285098   0.0542608103
 6  7   0.0204717261   0.0953467642   0.0337175516  -0.0012487419   0.0135368613
 6  8  -0.0304987200  -0.0422649659   0.0228902470  -0.0035264706  -0.0043924856
 6  9  -0.0244123898  -0.0004737979   0.0069543374   0.0025983932   0.0006046252
 6 10  -0.0185544211  -0.0761497365  -0.0042879759   0.0017039472  -0.0009760473
 6 11  -0.0013431484   0.0001425942  -0.0066162151  -0.0030530988
 7  1  -0.1148244723   0.0651829375   0.0929950492  -0.2031538744  -0.0272345437
 7  2  -0.0053343140  -0.0029422723  -0.0569241675   0.0035275817   0.0096405938
 7  3  -0.0027340356   0.0101684387   0.0154969973  -0.0590184766  -0.0540072514
 7  4   0.0237330845  -0.2076306729  -0.0739429371  -0.0156168864   0.1779848968
 7  5   0.0536548356   0.1020359286  -0.1052678354   0.0725795047   0.0347262715
 7  6   0.0246813857  -0.0866165296  -0.0022670228  -0.0271105721  -0.0818049398
 7  7  -0.0172304379  -0.0762558608   0.1839656280  -0.1144214209   0.0002298067
 7  8   0.0082131875   0.0381093325  -0.1065357062  -0.0024912270   0.0127242731
 7  9   0.0096732143  -0.0028140665   0.0103737095  -0.0029108700   0.3325467514
 7 10  -0.2668445384   0.0009114433  -0.0003201024  -0.0001073336  -0.0011310070
 7 11   0.0008299246  -0.0002493369   0.0008240740  -0.0007939363
 8  1  -0.0731229305   0.0558028622  -0.1421295991  -0.0388091271  -0.0159456347
 8  2   0.1724759177  -0.0034914951   0.0065854800  -0.0036735618  -0.0148180497
 8  3   0.0118890001  -0.0441223832  -0.0748546192  -0.0121721484  -0.0324284711
 8  4  -0.0380528789   0.0923966465   0.1595306761  -0.0001139789   0.2221421953
 8  5   0.0427374327  -0.0730628409  -0.1280255958  -0.0163955884   0.0803069882
 8  6  -0.0213336281  -0.0626312943   0.0116450368   0.0354101952  -0.0252386707
 8  7  -0.0323298604  -0.0330818897   0.1007030777  -0.0604536221  -0.0006257152
 8  8   0.0044506782   0.0234184314  -0.0623270200  -0.0030610313  -0.0004764359
 8  9   0.0014525356  -0.0027931412   0.0018028354  -0.0037992567  -0.5223266735
 8 10   0.4527692345  -0.0006318885   0.0000236877   0.0010515285   0.0004187821
 8 11  -0.0005867589  -0.0000428132  -0.0003114605   0.0004149221
 9  1  -0.2600134037  -0.0311036021   0.0550991815   0.1344217782   0.0409045170
 9  2  -0.0147069258   0.0834137044  -0.0050720503  -0.0086029142  -0.0107411705
 9  3   0.0032784425  -0.0164502946  -0.0325481976   0.1356938633  -0.0751382785
 9  4  -0.2412335779  -0.0061982730  -0.0461799274  -0.0829158871  -0.1950496710
 9  5  -0.0646540846  -0.0226784561   0.2426011264  -0.1371472875   0.0214822739
 9  6  -0.0276389063  -0.0089569456   0.1168949082   0.0169810738  -0.0021588499
 9  7  -0.0458450950  -0.0892252986   0.1466608664  -0.0360308205   0.0155227216
 9  8   0.0110188100  -0.0230389924  -0.0419470819  -0.0053239186   0.0061503050
 9  9   0.0026532460  -0.0044040451   0.0034584159  -0.0026602662   0.0010293171
 9 10   0.0113023656  -0.0008178798  -0.0003043814   0.0002723267  -0.0004164415
 9 11  -0.0000318572  -0.0000610780   0.0002269169  -0.0000925432
10  1  -0.1518895511  -0.0002860219   0.0798639041  -0.2763274410  -0.0408818116
10  2   0.0207460664  -0.0759880401  -0.1299934851  -0.0119074039  -0.0098960708
10  3  -0.0044608357   0.0335264022  -0.0950460629   0.1552864782  -0.0447437776
10  4   0.1939134851  -0.1474259999  -0.0440887314   0.1268508184  -0.1657094674
10  5  -0.0056873287   0.0948577768   0.0904024972   0.0207703968  -0.0793997725
10  6   0.0378328797   0.0245413797  -0.0147870294  -0.0527677789  -0.0112945699
10  7   0.0170778396  -0.0007877936  -0.0173134208   0.0052953116  -0.0015640180
10  8   0.0041686320  -0.0095993813   0.0070280857  -0.0001906849  -0.0046899284
10  9  -0.0030009046   0.0001779870  -0.0039688245  -0.0002235644  -0.2230128928
10 10   0.1884588851  -0.0002633006   0.0001136138   0.0003229069   0.0001377497
10 11  -0.0000732515   0.0000487480  -0.0002318189   0.0004537053
11  1  -0.1012597027   0.0098806137  -0.1471635292  -0.0868569673  -0.0258921710
11  2   0.1927466942  -0.0484094543  -0.0370726089  -0.0106936805  -0.0275594111
11  3   0.0110952473  -0.0275192439  -0.1504818149   0.1323294941  -0.0264282313
11  4   0.0910239189   0.1595407120   0.2079196949   0.1001534689   0.0069607630
11  5   0.0028496597  -0.1218870205  -0.0223813961  -0.0598331314   0.0290951739
11  6  -0.0287764679   0.0110324972   0.0151988617   0.0270195642   0.0474981448
11  7  -0.0043977287   0.0012816113  -0.0107074239   0.0139033277   0.0025084044
11  8  -0.0115388350   0.0038512310   0.0116988293   0.0014128798   0.0057345549
11  9   0.0032052465   0.0010026459   0.0055881525   0.0010311880   0.3350084306
11 10  -0.2899390713   0.0001425502  -0.0001159152  -0.0002313520  -0.0001695206
11 11   0.0001522275  -0.0000003152   0.0002489065  -0.0000695306
12  1  -0.3352895576  -0.0507946491   0.1764274250   0.2107554251   0.0255862138
12  2   0.0524381230   0.2843377200   0.1760984422   0.0576978568   0.0212288044
12  3   0.0021959783   0.0198411820  -0.0160410763  -0.0195303774   0.0144050090
12  4   0.2084747253  -0.0443378088   0.0494727981   0.1000090728   0.0286008263
12  5   0.0262072732   0.0187519139  -0.0509754624   0.0321785466  -0.0248554498
12  6   0.0144600975   0.0042823429  -0.0246213872  -0.0172370120   0.0025212153
12  7   0.0131852819   0.0095925173  -0.0165448473   0.0001908318  -0.0026367937
12  8  -0.0027531761   0.0034028273   0.0028366349   0.0008747655  -0.0005151726
12  9  -0.0004548051   0.0004867480  -0.0006324936   0.0005297775  -0.0068878217
12 10   0.0032591110  -0.0001140705   0.0000360230   0.0000322040   0.0000643966
12 11  -0.0000111271   0.0000013974   0.0000417051   0.0001674457
13  1  -0.1350581503   0.0579492458   0.0995829932  -0.1862329891  -0.0807494452
13  2  -0.0073177059   0.0550549638   0.0541431787   0.0117450295   0.0018269391
13  3  -0.0108604581   0.0163629280  -0.0179063488  -0.0196950807  -0.1651008361
13  4  -0.0508667091  -0.1439148423  -0.1366813435  -0.0878162063   0.1557653546
13  5   0.0267437672  -0.0167404709  -0.0086836791  -0.0833246334   0.1004615673
13  6  -0.0897571412  -0.0270896711   0.0425134800   0.1650371450   0.0279073139
13  7  -0.0485606585   0.1046657139  -0.0869894118   0.0711593122  -0.0124510059
13  8   0.0036046038   0.0145495247   0.0909207996   0.0027826653  -0.0071220866
13  9  -0.0018456024   0.0059249851  -0.0046496247   0.0021091997  -0.0043503229
13 10  -0.0052216429  -0.0000513172   0.0002308208  -0.0001016804   0.0009965916
13 11  -0.0001389888  -0.0002480378  -0.0000453421   0.0001316486
14  1   0.0025047444   0.1459013026  -0.1865259742   0.0242965377  -0.0229579274
14  2   0.1017090429   0.0156208675   0.0836152092   0.0025584148  -0.0138763886
14  3   0.0071516367  -0.0728369946   0.0100817636  -0.0663724159  -0.1942332621
14  4  -0.1640007023  -0.0941397521  -0.0218736216   0.1481823102   0.2181415028
14  5   0.0742412733   0.0502700028   0.0876345377  -0.0707258179  -0.1585106963
14  6   0.0523482808   0.0803689810  -0.0208864199  -0.1273934153   0.0035612500
14  7   0.0600612667   0.0107708823  -0.0223792924  -0.0320554039  -0.0151584333
14  8   0.0076221302  -0.0080849899   0.0084291510  -0.0001336771  -0.0019465650
14  9  -0.0007123224   0.0039636085  -0.0022796716   0.0039066949   0.0292097884
14 10  -0.0108211379  -0.0000963237  -0.0000810984  -0.0001109773  -0.0010168425
14 11   0.0005958462   0.0004939117   0.0000897893  -0.0000740615
15  1  -0.2184236536  -0.0209892920   0.0430485543   0.0901154306   0.1665118510
15  2  -0.0047359018  -0.0464571241  -0.2754369091  -0.0395515065   0.0059647073
15  3   0.0179925847  -0.0393899929   0.0000037088   0.0290640323   0.2611167619
15  4  -0.1449229858  -0.1237013691  -0.0219652776   0.0651128293   0.1975858983
15  5   0.0264315031  -0.0011740463  -0.0385148657  -0.0260811331  -0.0222638210
15  6  -0.0002043100   0.0200279174  -0.0104042764  -0.0030784808  -0.0028860650
15  7  -0.0283200689   0.0502185420  -0.0356864230   0.0221577878  -0.0040865020
15  8   0.0049298946   0.0173364050   0.0465399049   0.0024465649  -0.0047262348
15  9  -0.0007293160   0.0032877272  -0.0023258275   0.0013027953   0.0067523474
15 10  -0.0097176122  -0.0001534425   0.0001453225  -0.0000945813  -0.0004331462
15 11   0.0003910517   0.0001390865  -0.0000081303   0.0000154548
16  1  -0.0869516569   0.1348254841   0.1127191182  -0.1074112445  -0.0499545370
16  2  -0.0365606749   0.0297391428   0.0064541595   0.0153294932   0.0071820866
16  3  -0.0069942019   0.0395002775  -0.0213652756  -0.0296885589   0.0647612135
16  4  -0.0218029177   0.1131356207  -0.2088778974  -0.0125682785   0.0700648568
16  5  -0.0287109343  -0.2313153114   0.0246047899   0.0523587485   0.0662737833
16  6  -0.0812848213   0.1218590896  -0.0827138241  -0.2079945191   0.0091804208
16  7   0.0811520877  -0.0972583150   0.0342241811   0.0464177262   0.1008327152
16  8  -0.0055039574   0.0488598488   0.0161239886   0.0055310806  -0.0014441351
16  9   0.0019777785  -0.0221043602   0.0083034082   0.0132313059  -0.0243811204
16 10   0.0238722733  -0.0001057264   0.0018593693  -0.0000205798   0.0399093350
16 11  -0.0316132601  -0.0008841149  -0.0004288998  -0.0002320909
17  1   0.0309409911   0.2033436656  -0.1622685692   0.0947106236  -0.0017374791
17  2   0.0866107229  -0.0018315658   0.0189311187   0.0011186685  -0.0065683236
17  3   0.0081024276  -0.0461551764   0.0141979792  -0.0210148429   0.0195296557
17  4  -0.0260699774  -0.0350621703  -0.0967053762   0.2570501384  -0.0673800135
17  5   0.0145921223   0.0528968490   0.1026877000   0.1454333325   0.0706383873
17  6  -0.0514371284  -0.0195250137  -0.0332096571   0.1732866392  -0.0343739242
17  7  -0.1353257153   0.0039490681  -0.0161223686   0.1880075833   0.1005817105
17  8  -0.0295404265   0.0044031827  -0.0793406395   0.0072845664   0.0029650999
17  9   0.0023457159  -0.0311897644   0.0088773302  -0.0283875426   0.0500454457
17 10   0.0367657759  -0.0000621714   0.0007423914  -0.0000544814   0.0067038833
17 11  -0.0049046256  -0.0017465162  -0.0000932453   0.0000245993
18  1  -0.1280678547   0.0025870894  -0.0983249005  -0.0016749057   0.1939745227
18  2  -0.0816851129  -0.0961060156  -0.0104400016   0.0067166040  -0.0112660805
18  3   0.0308551833  -0.0979189074   0.0211731998  -0.0627506187  -0.1119929221
18  4   0.1397693802   0.0355672556  -0.1500338360  -0.0306755464   0.0061513561
18  5  -0.0274256509  -0.1458135298   0.0250031569   0.0539541130  -0.0918816331
18  6   0.0412363260  -0.0417355755  -0.0087925667   0.2737163112   0.0048858769
18  7   0.1706367431  -0.0514777431   0.0074229083  -0.0027040324  -0.0544849694
18  8  -0.0136408473  -0.0274145666  -0.0286334643   0.0065831594   0.0012566151
18  9   0.0002867106  -0.0015365221   0.0010932399   0.0036684107  -0.0197570238
18 10  -0.0094502231  -0.0002417202   0.0032613039  -0.0001171159   0.0532354237
18 11  -0.0409341604  -0.0016411685  -0.0006332458  -0.0002528482
19  1  -0.0402328395   0.2225237053   0.1317689333  -0.0048504441  -0.0411198203
19  2  -0.0723800224  -0.0031977883  -0.0230968733  -0.0020268941  -0.0014656290
19  3   0.0086322525  -0.0102094041   0.0129447750   0.0093820549   0.0622559967
19  4   0.0352548160   0.2709245707  -0.0564603880   0.0350790479  -0.0057090896
19  5   0.1701467629   0.0215764935   0.0546908543   0.0005483753   0.0630578757
19  6   0.0351067327   0.0844336162  -0.0303415338   0.1219659093  -0.0105709770
19  7  -0.0563889986   0.0473954431  -0.0490474923  -0.3133985971  -0.0064510551
19  8   0.0819478509  -0.0645556394  -0.0086111537  -0.0209571075   0.0048855799
19  9  -0.0007361370   0.0082445062  -0.0066442957   0.0094473593   0.2171140047
19 10   0.2371633810   0.0014146665  -0.0001720640   0.0000800000   0.0008403212
19 11  -0.0006540402   0.0006488750   0.0000297915   0.0002971992
20  1   0.0102079939   0.1570428246  -0.1876345573   0.0346159494  -0.0216835238
20  2   0.0954603639   0.0302595013   0.0297723730   0.0163718112  -0.0059622997
20  3   0.0049719821  -0.0378430568  -0.0061823789   0.0016026131   0.0946380589
20  4   0.0335673858  -0.1488148173  -0.1597520354   0.0362664858  -0.1723046988
20  5  -0.1016054456  -0.0376592866  -0.1116855196  -0.0670595700   0.0800279138
20  6   0.0527841231   0.0314480027   0.0303995717   0.0000979048  -0.0145509633
20  7  -0.0124883495   0.0340851041  -0.0330040515  -0.1588941982   0.0119781496
20  8   0.0492329263  -0.0308590754  -0.0130099734  -0.0058095291   0.0019163829
20  9   0.0008129887  -0.0001651865  -0.0032969650   0.0042377203  -0.4369678903
20 10  -0.5256237033   0.0003871961  -0.0010128729   0.0000489286  -0.0003511118
20 11   0.0006424069  -0.0001562621   0.0000413993  -0.0001651813
21  1  -0.0842544544   0.0150413831  -0.2403495128  -0.0433344910   0.0507527600
21  2  -0.1818946617   0.0591363407  -0.0334326453  -0.0197849285  -0.0109383045
21  3   0.0112441888  -0.0348488942   0.0189521510  -0.0476278156  -0.0660086487
21  4   0.0792971380   0.1050585442  -0.0500991163   0.0692559485   0.0585765857
21  5  -0.4966143320   0.0736739119  -0.0716624316  -0.0382562684   0.0159836839
21  6  -0.0422317841  -0.0248704389   0.0308543077  -0.0960700479   0.0256132843
21  7  -0.0377433316   0.0442282336  -0.0259576851  -0.0690169622   0.0312039746
21  8   0.0135295382  -0.0036701539  -0.0050208035  -0.0081299731   0.0015431702
21  9   0.0005016125   0.0027189957  -0.0002382832   0.0030265906   0.1907414246
21 10   0.2258910997   0.0006062748   0.0000031953   0.0000467173   0.0006394722
21 11  -0.0008515127  -0.0001604673   0.0000587112   0.0002007174
22  1  -0.0175932645   0.2840170640   0.1501671491   0.0827440238  -0.0675352487
22  2  -0.1005468349  -0.0497829481   0.0056874180  -0.1040370894  -0.0181468818
22  3   0.0194076971  -0.0851520629   0.1106953023   0.2085543133   0.0004117618
22  4   0.1372813058   0.0176078219   0.1379503948  -0.1491065540   0.1611527185
22  5  -0.0757906090   0.0382261906   0.0651674655   0.0265893865  -0.0660038789
22  6  -0.0611727498  -0.0143662006  -0.0258064833  -0.0095626902   0.0248674615
22  7  -0.0098921008   0.0066444987   0.0076140481   0.0320414426   0.0112646575
22  8  -0.0006728184   0.0059668772  -0.0078501129   0.0038629340  -0.0015989480
22  9   0.0005860269  -0.0032030835   0.0014019620  -0.0024217649  -0.1469801947
22 10  -0.1716026141  -0.0003534907  -0.0001373643  -0.0000377264  -0.0002171548
22 11   0.0003488061  -0.0002206074  -0.0000099630  -0.0000516286
23  1   0.0537726171   0.1992741580  -0.2300112167   0.0518114697  -0.0355117546
23  2   0.0499729598   0.0680322203   0.0182562722   0.0709367156   0.0000948093
23  3  -0.0097307146  -0.0216629973   0.0421125166   0.1634253159   0.0996590407
23  4   0.0517793868  -0.3240518849  -0.0090767140  -0.1092242475  -0.1162538285
23  5   0.0382229188  -0.0824703266  -0.0725695803  -0.0298875579   0.0154809298
23  6   0.0320402794  -0.0022056852   0.0081710095  -0.0123440944  -0.0024807936
23  7   0.0343064853  -0.0252239990   0.0044729216   0.0123027030  -0.0237599655
23  8  -0.0169934547   0.0050397177   0.0210176654  -0.0031824989   0.0007571048
23  9  -0.0012255717   0.0050427615  -0.0005994567   0.0029187100   0.2795535841
23 10   0.3371906182   0.0001325563   0.0003411165   0.0000447168   0.0001720575
23 11  -0.0002290482   0.0001866957   0.0000104280   0.0000588694
24  1  -0.0143044654   0.0334201759  -0.3589145648  -0.1140413851   0.0525843876
24  2  -0.2492723079   0.2007898310  -0.0940867664   0.2349008771   0.0238860191
24  3  -0.0354299500   0.0934000437   0.0053406569   0.0692466985   0.0094642735
24  4  -0.0048430831   0.0929504100   0.0793150193  -0.0445130143   0.0773001764
24  5   0.1151904508   0.0195387392   0.0670603766   0.0316569055  -0.0305095069
24  6  -0.0182890097   0.0018939968  -0.0180248697   0.0281357059   0.0038432856
24  7  -0.0062859071   0.0039733809   0.0041117178   0.0096136028   0.0036549947
24  8   0.0048218635  -0.0019519421  -0.0075942974   0.0032786330  -0.0009099150
24  9   0.0003043427  -0.0025376065   0.0004773948  -0.0015941035  -0.1218835836
24 10  -0.1462632407  -0.0002558286  -0.0000360588  -0.0000341529  -0.0002845813
24 11   0.0002329920   0.0000207852  -0.0000159276  -0.0000398061
25  1  -0.0256770503   0.2279088385   0.1271171759  -0.0166613265  -0.0029150709
25  2  -0.0710563837   0.0090412470  -0.0433092375   0.1177369285   0.0022804628
25  3   0.0170099243  -0.0514128892   0.0024928432  -0.0175736669   0.0127684624
25  4   0.0064255151   0.2671642858  -0.0633320529   0.0412584626  -0.0820778997
25  5   0.0747074999   0.0797424264  -0.0995612866  -0.1134617562   0.0329977662
25  6   0.1214874431  -0.0397981028   0.1101397962  -0.0580422509  -0.0368186911
25  7   0.0634534091   0.0310859609   0.0200368938   0.1681970068  -0.0067635848
25  8  -0.0407584745   0.0411849653   0.0026208329   0.0093292269  -0.0024000475
25  9   0.0008494442  -0.0005297276   0.0027156091  -0.0049264705   0.0016743674
25 10   0.0083845365  -0.0015932925   0.0001160659   0.0000585976  -0.0003337650
25 11   0.0004747181  -0.0000837644  -0.0000244732   0.0002724226
26  1  -0.0596007176   0.0654672768  -0.1612678615  -0.0402947555  -0.0237244713
26  2   0.1566747009   0.0237064296   0.0334977704  -0.0817987528  -0.0080420804
26  3   0.0049239101   0.0045507957  -0.0825842972  -0.1685582768   0.1901168927
26  4   0.0817815177   0.1109793372  -0.1296693549  -0.1752566337  -0.0641034237
26  5   0.0583429127   0.1092315575   0.0287401101  -0.0759264455  -0.1504223249
26  6  -0.0893876985  -0.0495811848  -0.0577811151   0.0057164187   0.0892921848
26  7  -0.0204508604   0.0173874287   0.0426055987   0.0253817217   0.0000913804
26  8   0.0045660320   0.0159901918  -0.0119282486   0.0019158679  -0.0024368997
26  9   0.0015612253   0.0006422407   0.0049504543  -0.0024353468   0.0284367646
26 10   0.0164324377   0.0011086001   0.0001849073  -0.0000373383   0.0000398615
26 11   0.0000651756   0.0000471068   0.0001034008  -0.0002955635
27  1  -0.1281709036   0.0043477797  -0.2266573545   0.0034130167  -0.0798205153
27  2  -0.1915953803   0.0079449488   0.0459716838  -0.4001902072  -0.0240253044
27  3  -0.0231536479   0.0747808408   0.0045797521  -0.0773174577   0.0642628578
27  4   0.0471098855  -0.0097708639   0.0436292164   0.0143466523   0.0256674060
27  5   0.0837615007  -0.0166037101   0.0410098593  -0.0063604186   0.0559906253
27  6   0.0691275474   0.0226942143   0.0774454681   0.0039730195  -0.0732178812
27  7   0.0274634851  -0.0165172572  -0.0264422786   0.0165838527  -0.0075714984
27  8  -0.0454764089   0.0228680775   0.0018469809   0.0036841852   0.0014311440
27  9   0.0023525552  -0.0001962491   0.0008432139  -0.0007883232  -0.0096452079
27 10  -0.0090330331  -0.0006520815  -0.0000108375   0.0000081556   0.0000390147
27 11   0.0000311981   0.0000129462   0.0001728555   0.0002656706
28  1  -0.0447872115   0.1409493341   0.0946714632  -0.1605272104   0.0760273959
28  2  -0.0273345544  -0.1041789565   0.2780906210   0.0423950990   0.0137825025
28  3  -0.0352533808   0.1138169399  -0.0302078913   0.0742439840   0.1863305646
28  4  -0.1539111320   0.0244837623   0.0110345592   0.0647419081   0.0580034121
28  5  -0.1238313376  -0.0920009419   0.0096134265   0.0441090357  -0.1216334281
28  6   0.0659596052  -0.0666323707   0.0403925577   0.0035834916  -0.0053005835
28  7  -0.0719254444   0.0409263007  -0.0067483756  -0.0033091759  -0.0605274117
28  8  -0.0052715828  -0.0330996780  -0.0204159428   0.0819505332  -0.0070541093
28  9   0.0030951096  -0.0195157219   0.0069750442   0.0180834086   0.0085550771
28 10   0.0025364851   0.0008779536   0.0185903365  -0.0003593031  -0.0480555278
28 11  -0.0620806472   0.0105064353  -0.0012011892  -0.0002685817
29  1  -0.0030965206   0.2411251301  -0.0061648477   0.2214966473   0.0807210385
29  2   0.1567213646  -0.0942105082  -0.1332666454  -0.0263379525   0.0430101723
29  3  -0.0581358681   0.2092029872  -0.0157766877  -0.0419259888  -0.1374726166
29  4   0.0361626018   0.0098901827  -0.0106852775   0.0264747208  -0.0025794129
29  5  -0.0112513065   0.0175008210   0.0309410249   0.0559660435   0.0497260710
29  6  -0.0774754532  -0.0881512888   0.0629321365  -0.0750131966   0.0478473986
29  7   0.0906924643   0.0258640711  -0.0141541640  -0.0612368196  -0.0424104754
29  8   0.0065082765  -0.0060096916   0.0270541312   0.0025603429  -0.0018091885
29  9  -0.0005225749  -0.0312142258   0.0046958523  -0.0351788911  -0.0055535446
29 10   0.0006623648  -0.0000284828   0.0019129259  -0.0000144332  -0.0075172330
29 11  -0.0065001167  -0.0924934442  -0.0007370633   0.0002174266
30  1  -0.1024524335   0.0087531292  -0.1011871430  -0.0291403375   0.2810519540
30  2  -0.0716404157  -0.1900649410   0.1599878745   0.0240099258  -0.0036515483
30  3   0.0081816450  -0.0372766561   0.0164039404  -0.0068780433  -0.0830922439
30  4   0.1156825750  -0.0301982518   0.0017150810  -0.0762986845  -0.0544158010
30  5   0.1592800994   0.0269594941  -0.0056037292  -0.0166319425   0.1024530842
30  6  -0.0473790307   0.0483639851  -0.0110857961  -0.1801801279  -0.0030289365
30  7  -0.1163601906   0.0250788689  -0.0131749146   0.0446747442  -0.0323320073
30  8  -0.0056005471  -0.0031534587  -0.0139531976  -0.1074555489   0.0100747906
30  9   0.0032721004  -0.0277930865   0.0108172641   0.0334528002  -0.0051493012
30 10  -0.0084721421   0.0037499041  -0.0456026825   0.0001179488  -0.0269755506
30 11  -0.0387443846   0.0006284646  -0.0009095899  -0.0002033501
31  1  -0.0753809617   0.1581043517   0.1181894342  -0.0789004055  -0.0502857136
31  2  -0.0463190202  -0.0742593548  -0.0618430606   0.2227228489  -0.0498660341
31  3  -0.0066496691  -0.0202786289   0.0529394180  -0.5424357829   0.1350066835
31  4   0.1180105503  -0.2980606367   0.4398692370  -0.0115209736  -0.1535852885
31  5  -0.2011993524  -0.1941445472   0.4544351536  -0.1545043951   0.2272104770
31  6   0.1320590953  -0.0656095660  -0.3210499953  -0.0352036072  -0.1398984078
31  7   0.1488706644   0.6641552557   0.3153328470  -0.0171589039   0.0278529150
31  8  -0.1144386260  -0.0354518678   0.0325988657   0.0393669627   0.4509158523
31  9  -0.4265193204  -0.0113772014   0.0909125581   0.0197616368  -0.0187603009
31 10   0.0064186945   0.0230097252   0.0028374735   0.2097301344   0.0007201232
31 11   0.0043813210   0.0013323561  -0.2463154079  -0.0997942024
32  1  -0.1388439559  -0.0936187768  -0.2271481856  -0.2345592322  -0.0818587300
32  2   0.1992319802  -0.0441156970   0.0305862370  -0.2256485437   0.6030116502
32  3   0.1411582026  -0.0754356390   0.3040986334   0.1121598333  -0.0080323885
32  4  -0.0016679667   0.1824804662   0.0571669951   0.1160117388  -0.1509218203
32  5   0.0312707965  -0.0861905972   0.0408448523  -0.1896799348  -0.0538237830
32  6  -0.1364040748  -0.1411613966  -0.1125194832  -0.0531118520  -0.3346779970
32  7   0.0406095059   0.0174290740  -0.0501002616   0.0225919076   0.0271526389
32  8   0.0479970157  -0.1496398169   0.0811592195  -0.0078326416   0.0055638014
32  9   0.1176357074   0.1882206252   0.6485037487  -0.0618812854  -0.0342411380
32 10   0.0280562698  -0.0041623597  -0.0005491995  -0.0340005518  -0.0001502728
32 11  -0.0006098459  -0.0001203141   0.0255756488   0.0294034020
33  1  -0.2668386484  -0.0308678329  -0.0791828143   0.1469772557  -0.2700182481
33  2  -0.1329893639  -0.3142778235   0.0023923569   0.3246868820  -0.0277309999
33  3  -0.0110477174   0.0062809709   0.0244681308  -0.2560714329   0.0896592074
33  4   0.0643383731  -0.1273319767   0.1356649670  -0.0102094013   0.0005735358
33  5  -0.0609763154  -0.0413451120   0.1405038986  -0.0456054425   0.0685804906
33  6   0.0524960171  -0.0235728797  -0.0648855062  -0.0067571318   0.0097956955
33  7   0.0173448404   0.0855624919   0.0323291229   0.0042566338  -0.0054774276
33  8   0.0036347500   0.0250822516  -0.0024301621   0.0220126773   0.2039181269
33  9  -0.1937774357  -0.0108549991   0.0119478362   0.0097031906  -0.0176516402
33 10   0.0104523373  -0.0723405092  -0.0091607144  -0.5943060696  -0.0025560277
33 11  -0.0129638336  -0.0036347705   0.6670770287   0.2603889919
34  1  -0.0479515468   0.1219893480   0.0870979843  -0.1934476590   0.0964693893
34  2  -0.0174996305   0.1431203014  -0.0616534159  -0.1969243703   0.0254952879
34  3   0.0098545078   0.0099086439   0.2502998811   0.0193850869  -0.1243967738
34  4  -0.1673069005   0.1399839845   0.1156922339   0.2075578583  -0.4652842481
34  5   0.1899616274  -0.0995173052  -0.4022518042  -0.1292071396  -0.4416923096
34  6  -0.5578009283  -0.0410457938   0.1006049786   0.0050428083  -0.4765313918
34  7  -0.0245942396  -0.1989368877  -0.1801447444   0.0086448361  -0.0145309845
34  8   0.1237894222   0.0067842971   0.0172128947   0.0520339459   0.5423001619
34  9  -0.0078895158  -0.0810301195  -0.2922118909   0.0267934694  -0.0017664802
34 10   0.0129437993  -0.0057191377   0.0005754394   0.1956545380   0.0000912124
34 11  -0.0031461635   0.0008089420   0.0319626964   0.3714114908
35  1  -0.2252481694  -0.1214162830  -0.0458506706  -0.1577937977   0.0022234238
35  2   0.3167843013   0.0005593713  -0.0473954354   0.0910582809  -0.2797090783
35  3  -0.0651048255   0.1424663842   0.5421317330   0.0053564874   0.0231210858
35  4   0.0130907504   0.1841385579   0.0054577953   0.1168901396  -0.1248184491
35  5   0.0538671814  -0.0571234315  -0.0424844254  -0.1318068981  -0.0695964104
35  6  -0.1176583040  -0.0938982509  -0.0835736341  -0.0319215290  -0.1966513311
35  7   0.0271340721   0.0393886296  -0.0032286353   0.0186677779   0.0253338098
35  8  -0.0113030184  -0.1009038904   0.0742484608   0.0185224817   0.2973207032
35  9   0.3952537491   0.0089107238  -0.0524115451  -0.0139972108  -0.0421974445
35 10   0.0379121129   0.0164556089  -0.0006262494  -0.3535650345   0.0000508588
35 11   0.0058680493  -0.0015115043  -0.0640774033  -0.6395975124
36  1  -0.3085712129  -0.0420484499   0.0070603121   0.1885600202  -0.2380733759
36  2  -0.0795169818  -0.3012767422  -0.0311961118   0.4890963233  -0.4359492265
36  3  -0.1065424933   0.1072586712   0.1438298049  -0.3331313510   0.1172203885
36  4   0.0891320465  -0.1325230692   0.1380749091   0.0006132776   0.0099089587
36  5  -0.0601197816  -0.0583177461   0.1572131283  -0.0837601977   0.0945893181
36  6   0.0601316494  -0.1012242285  -0.1677032781  -0.0440179454  -0.0966587988
36  7   0.0500249989   0.1417696791   0.0675743989   0.0123937009   0.0399279216
36  8  -0.0403024988  -0.1525483957   0.0783740003  -0.0237905397  -0.1069908339
36  9   0.5422473138   0.0919178980   0.2067600711  -0.0450860416  -0.0215749379
36 10   0.0139363225  -0.0078041778   0.0006994532   0.2576617585   0.0000826148
36 11  -0.0037768377   0.0012134354   0.0231919563   0.4656736701
37  1   0.0152173426   0.2383658946   0.1117932725  -0.0591650242   0.1119715710
37  2  -0.0646788624   0.1566362726  -0.0363071614  -0.1020618603   0.0115709634
37  3   0.0199738462  -0.1052419006  -0.3442148350  -0.1489268995  -0.1027189750
37  4  -0.2465424465  -0.1631631184   0.1581550968  -0.3109298256  -0.1275924709
37  5  -0.1003150854   0.1549792523  -0.1695135636   0.5556314751  -0.0308769136
37  6   0.1551612716   0.4644360576   0.3618939030   0.1149037576   0.4861854633
37  7  -0.0189238273   0.0700668971   0.0463475556   0.0853059310  -0.0477775031
37  8   0.0878040168   0.1332672236   0.0050364435   0.0574998493   0.5366698237
37  9   0.2603392603   0.0947660026   0.2885320591  -0.0412505231  -0.1002129438
37 10   0.0820081907  -0.0058885419   0.0002636963   0.1433993047  -0.0005861841
37 11  -0.0034937587  -0.0012917028   0.1712701110  -0.0973708756
38  1  -0.2102652213  -0.1068301121  -0.0603176998  -0.1517574501  -0.0024699062
38  2   0.3011702347   0.0012532539  -0.0370627185   0.0656890994  -0.1965154973
38  3  -0.0441281524   0.1091624715   0.4539310909   0.0167995056   0.0134086165
38  4  -0.0069388752   0.1626897590  -0.0024750072   0.0606003560  -0.0869251613
38  5   0.0368854694  -0.0158973304  -0.0647443391  -0.0341691099  -0.0620105270
38  6  -0.0752080037   0.0051230368   0.0569323752   0.0076469584  -0.0539935560
38  7  -0.0156324616  -0.0886238433  -0.0701830387   0.0048665465  -0.0143708730
38  8   0.0462468547   0.0357631492  -0.0328529988  -0.0130604819  -0.1991134732
38  9  -0.2663259214   0.0193428197   0.1213640628   0.0016952173   0.0217840040
38 10  -0.0130032603  -0.0249095999   0.0007171199   0.5369262779  -0.0026082484
38 11  -0.0122802522  -0.0048549465   0.6117827475  -0.3339017641
39  1  -0.2102407924  -0.0157036796  -0.1962150461   0.0905852346  -0.3134889863
39  2  -0.2055678621  -0.3302099155   0.0496284109   0.1012748498   0.5265881195
39  3   0.1183364105  -0.1292252512  -0.1225002207  -0.1732975051   0.0583057506
39  4   0.0372654326  -0.1273883983   0.1681597206  -0.0110526404  -0.0269029483
39  5  -0.0843974919  -0.0647450401   0.2175190288  -0.0768456400   0.1341104582
39  6   0.1204674130  -0.0643474563  -0.1744003371  -0.0206025907   0.0580806529
39  7   0.0412237283   0.2162639999   0.1316320756  -0.0263907684   0.0226787175
39  8  -0.1174006771  -0.0280712648   0.0142249136  -0.0065460743   0.0088850758
39  9   0.3948423298  -0.1175963004  -0.5068850920   0.0256208083   0.0077735426
39 10  -0.0058177513  -0.0076567005   0.0005233710   0.2451423319  -0.0011294283
39 11  -0.0051973718  -0.0021412274   0.2637519337  -0.1646984079
40  1  -0.0040926462   0.1730257759   0.0898801616  -0.1595925273   0.1553331950
40  2  -0.0333193923   0.2117396598  -0.0414541400  -0.2425468488  -0.0203482238
40  3   0.0014304580  -0.0158023527   0.0164199563  -0.1581889508  -0.0546294465
40  4  -0.1316458305  -0.0926410671   0.2705579690  -0.0047569976  -0.2099878276
40  5  -0.1066323398  -0.1164270422   0.2658029621  -0.1449302013   0.2699248119
40  6   0.2765486338  -0.2961695547  -0.3895516588  -0.1111613934   0.0928036909
40  7   0.0518610201  -0.1615676716  -0.2891413761   0.3645870850  -0.1790980415
40  8   0.7225808617   0.3654793855  -0.1991493762   0.0414749842   0.0001007178
40  9   0.0788724856   0.0236750327  -0.0321807351  -0.0255652000   0.0906451686
40 10   0.0173248327  -0.3314717026  -0.0186373055   0.0072174005  -0.0040384398
40 11  -0.0053277038   0.0005284025  -0.0286151689  -0.0106536905
41  1  -0.1592040564   0.0276042572   0.0376123549   0.0366686953   0.0673108148
41  2   0.2893419956   0.0662311928  -0.0144340578   0.2160144678  -0.0263526519
41  3   0.0252181303  -0.0849009023  -0.1356712699   0.1388814601  -0.0904862030
41  4  -0.3158327759   0.1820873192  -0.0380702864  -0.3629187578  -0.2486087983
41  5  -0.1970762019   0.0927398193   0.2507104987   0.0993444844   0.0424171499
41  6   0.0154348092  -0.0753590713  -0.2350745780  -0.0259545193  -0.3379597231
41  7  -0.0144027556   0.0113713927  -0.5750045807  -0.5604004884  -0.1398466369
41  8  -0.5030472655   0.6884700574  -0.1913637897   0.0416429198   0.0277133602
41  9   0.0706214416   0.0257216406   0.0641575068  -0.0049947402  -0.0398228476
41 10  -0.0687099383   0.0788148308   0.0045265566  -0.0019582443   0.0012988745
41 11   0.0015320763  -0.0000754898   0.0070473920   0.0003250137
42  1  -0.1897365370  -0.0120774968  -0.1043761654   0.0649495635  -0.0432367476
42  2  -0.1169467024   0.0031269755   0.0174568196  -0.1817828732  -0.0277208590
42  3  -0.0083794139   0.0101410568  -0.0269677015   0.1500635875  -0.1429619729
42  4  -0.2468606965   0.0791308171  -0.0029328893  -0.0237538130  -0.1907008995
42  5   0.0263302035  -0.0122947329  -0.1056551216   0.0566995676   0.0669681466
42  6   0.1062752350  -0.1193986483  -0.2528365444  -0.0605403263   0.0429135912
42  7   0.0707141091   0.1138631265   0.0055082713   0.2126006581  -0.0488496812
42  8   0.3055583077   0.0550749161  -0.0473949071   0.0087196012  -0.0137497059
42  9  -0.0031822263   0.0053556965  -0.0120768087  -0.0068250852   0.0392649256
42 10   0.0023191651   0.9307436728   0.0527418131  -0.0217909990   0.0120256174
42 11   0.0173861790  -0.0013171932   0.0695493518   0.0261614099
43  1  -0.1206678661   0.1219334769   0.1232923778  -0.0808874312  -0.1377740720
43  2  -0.0393887144   0.1259831179  -0.1543349502  -0.0121895213   0.0031168746
43  3   0.0057035306   0.0123278848  -0.0219520822  -0.0352666273   0.1092918645
43  4  -0.0672559428   0.0936961957  -0.2457198316   0.0555932481   0.1300030404
43  5  -0.2372049562  -0.0578735089  -0.0253562449  -0.0693445459   0.2569669213
43  6  -0.2432432851   0.3229464333  -0.2313332148   0.0442477085   0.0337698631
43  7   0.1967529975  -0.1413491906  -0.0748799000   0.3362862171  -0.5369525369
43  8  -0.1727087492  -0.3317197876  -0.4425051273  -0.0121835728   0.0247903004
43  9   0.0000134146   0.0197000193  -0.0024941423  -0.0414371859  -0.0354063457
43 10  -0.0122948752   0.0002412363  -0.0246866271   0.0012865953  -0.4794234673
43 11   0.3615455358   0.0150129655   0.0053129353   0.0020463039
44  1   0.1014371133   0.2591786336  -0.2525707247   0.0977646668  -0.0367728549
44  2   0.0068958207   0.0296153395   0.0619946522   0.0103056004  -0.0214577224
44  3   0.0406250444  -0.0792335773   0.0224624036  -0.0776333741   0.0153530477
44  4   0.0859763637   0.2937352840  -0.1169325371   0.3502459570  -0.1633592018
44  5  -0.2516912167   0.0934520649   0.1127799389   0.2340797489   0.0977298592
44  6  -0.0401895738   0.1040502055  -0.2162431001   0.1662263307  -0.1959048539
44  7  -0.2696157260  -0.3485083099   0.5413698158  -0.0010212971  -0.5032247095
44  8   0.0170059546   0.2850920068   0.7559873300   0.0069904159  -0.0409840281
44  9  -0.0124591915   0.0820411331  -0.0271458928   0.0553722732  -0.1510976008
44 10  -0.1560467438  -0.0002755011  -0.0035807729   0.0002136007  -0.0672678109
44 11   0.0518466427   0.0038925398   0.0008355603   0.0000718356
45  1  -0.1092225392   0.0070875025  -0.0978462011  -0.0219815080   0.2635439040
45  2  -0.0720827650  -0.1727664407   0.1101605858   0.0249386783  -0.0066638654
45  3   0.0173888706  -0.0720858600   0.0199481250  -0.0535500387  -0.1457784504
45  4   0.1679472992   0.0216541762  -0.1231919224  -0.0895590772  -0.0346845200
45  5   0.1518156647  -0.2826944836   0.0629211471   0.1399918717  -0.2295329989
45  6   0.1546819252  -0.2069520971   0.1218336735   0.0974717044   0.0063107632
45  7   0.0984448771   0.0211445521   0.0252462051  -0.2020003306   0.4959020713
45  8   0.1082284534   0.2302842294   0.2307683843   0.0205522589  -0.0140703209
45  9   0.0036388319  -0.0489461827   0.0143680402   0.0403780138   0.0094055994
45 10   0.0692757640   0.0008047449  -0.0328505497   0.0017523464  -0.6293319155
45 11   0.4823175157   0.0201209164   0.0071975524   0.0027244916
46  1  -0.0100189625   0.1540617285   0.0836805172  -0.1882414737   0.1668810621
46  2  -0.0243147770  -0.1894358239   0.4577183276   0.0625181564   0.0093657531
46  3   0.0162261059   0.2401775844  -0.0428823607   0.1768997949   0.3421358558
46  4  -0.3333668349  -0.0986196935   0.2809146355   0.1570509352   0.0578540543
46  5  -0.2392401234   0.4000097520  -0.0693842366  -0.1650261007   0.0970350508
46  6  -0.0726909925   0.0994951570  -0.0975688312   0.4043135375   0.0108082661
46  7   0.3968719581  -0.1427102836   0.0178851227   0.0081325129   0.0726714172
46  8   0.0198297497   0.0847816863   0.0500139166  -0.4260256384   0.0340413141
46  9   0.0296483749  -0.3288827445   0.1105604295   0.2228678499  -0.0219858905
46 10  -0.0022791148  -0.0326249002   0.3877874432  -0.0009167452   0.2400972477
46 11   0.3389555073   0.0027837584   0.0079990323   0.0016717768
47  1  -0.0737223029   0.1873726700   0.0881007683   0.2227662222   0.1180331357
47  2   0.2376502349  -0.1422973324  -0.1883553805  -0.0825611799   0.1496935279
47  3  -0.6291267490  -0.0335128709  -0.0101687730  -0.0641766111  -0.2214976691
47  4   0.1268269067   0.1074219965   0.0237158770  -0.1081143738   0.0087176616
47  5  -0.1789592894   0.0149354029  -0.0962079677  -0.1349239101  -0.0853978674
47  6   0.1321003651   0.1657541052  -0.1306183880   0.2268969970  -0.0926331995
47  7  -0.1586130257  -0.0668651104   0.0374102328   0.1990404389   0.1250182936
47  8  -0.0292817896   0.0111602459  -0.1195122129   0.0240116056   0.0047377893
47  9   0.0075267843   0.3946731294  -0.0556458811   0.5631284626  -0.0166060845
47 10  -0.0062622039  -0.0043140820   0.0515526589  -0.0001541353   0.0310374093
47 11   0.0439531470  -0.0174572604   0.0008796615   0.0003089345
48  1  -0.1200046971   0.0045679617  -0.1020969417  -0.0102090593   0.2152675419
48  2  -0.0809810718  -0.1258573009   0.0403947141   0.0147927117  -0.0101004098
48  3   0.0237661047  -0.1020178084   0.0245772427  -0.0760886102  -0.1820357770
48  4   0.2291314516   0.0466224055  -0.1856583928  -0.1273451974  -0.0557037688
48  5   0.2486875516  -0.3078596305   0.0586714492   0.1397691963  -0.0285279224
48  6   0.0250128934  -0.0800873601   0.0955852716  -0.4828003509  -0.0007203623
48  7  -0.4069615420   0.1517798257  -0.0302052259   0.0051537267  -0.1319062652
48  8  -0.0205498254  -0.0875502521  -0.0502000686   0.2543263668  -0.0193171083
48  9  -0.0183077240   0.1672084752  -0.0623583813  -0.1821762879   0.0153355132
48 10  -0.0077267217  -0.0461068497   0.5400668562  -0.0013626108   0.3410545171
48 11   0.4925782417   0.0023658262   0.0114876203   0.0024726372
49  1  -0.0129857144   0.1952976706   0.1050579160  -0.1013825420   0.0906832847
49  2  -0.0486736919  -0.1153081594   0.2386323970   0.0679097776  -0.0257475641
49  3   0.3031093802   0.4496260169  -0.0518138110   0.0616112342   0.0495247722
49  4  -0.1252578399  -0.0306654592   0.0371957160  -0.0887391299   0.1156005416
49  5  -0.2427440595  -0.1207521501  -0.1057802529  -0.1293100285  -0.2403808417
49  6   0.2310895316   0.1541945039  -0.1239835637   0.2427040239  -0.1075583865
49  7  -0.1783309573  -0.0575466247   0.0376367902   0.1581498606   0.1131572289
49  8  -0.0341621587   0.0277011537  -0.0677840131  -0.2375476265   0.0301938393
49  9  -0.0352728092   0.4046784801  -0.1232422907  -0.1601795380  -0.0013196003
49 10  -0.0281819661   0.0133571054  -0.3468652040   0.0029711561   0.1850815157
49 11   0.2423011445  -0.4786812165   0.0012039507   0.0022065310
50  1   0.0247552634   0.2895543062   0.0039828408   0.2749459506   0.0935757199
50  2   0.1381075932  -0.1046303838  -0.1699254219  -0.0045209851   0.0080468622
50  3   0.2429292917   0.5091624573  -0.0345272725  -0.0548518664  -0.2686360943
50  4   0.0695171571  -0.0408404353   0.0097020170  -0.1190446966   0.0473085375
50  5  -0.1215946638  -0.0158676105  -0.0772261002  -0.1024807937  -0.0644354309
50  6   0.0825683238   0.1124029245  -0.0862401999   0.1433387024  -0.0509042649
50  7  -0.0318913301  -0.0582855590   0.0252403566   0.0937540589   0.1159944269
50  8  -0.0198271273   0.0468979072  -0.0221642086  -0.2746866057   0.0309614019
50  9  -0.0336472971   0.3478025920  -0.1102459309  -0.1795316963  -0.0184760581
50 10  -0.0399220612  -0.0139409777   0.3876049214  -0.0034526876  -0.2234778656
50 11  -0.2850468318   0.5214111149  -0.0017779928  -0.0024071475
51  1  -0.0344941801   0.0264304603  -0.2035705802  -0.0983305715   0.3101146082
51  2  -0.1261372123  -0.2117866068   0.3958816966   0.0723456388  -0.0695669575
51  3   0.2913000439   0.0353594878   0.0172434013   0.1138072630   0.2049122097
51  4  -0.1259121677  -0.1836552189   0.1797161201   0.2071122512  -0.1144474227
51  5   0.2323141581   0.4906192720   0.0701946508   0.0154541630   0.4938452593
51  6  -0.4160707513  -0.0097741353   0.0236065929  -0.0526815448   0.1307805464
51  7   0.4797910913  -0.0762796412   0.0116091119  -0.1353331351   0.1316700338
51  8   0.0081841223  -0.0057176690   0.0157810065   0.5115621817  -0.0460612569
51  9  -0.0126621392   0.4114190946  -0.0943458463   0.2193495306  -0.0151350386
51 10   0.0298711031   0.0012322031  -0.0051808937  -0.0000377706  -0.0055638686
51 11  -0.0112246060   0.0025650351  -0.0001534254  -0.0000873211
52  1  -0.0806250274   0.0777276072   0.0820134630  -0.2311193538   0.0627035509
52  2  -0.0021629534  -0.0902403036   0.3298231400   0.0158307199   0.0617044120
52  3  -0.4353251718  -0.2694246612  -0.0069976425   0.1016866335   0.3834130687
52  4  -0.2262073343   0.0794353032   0.0167760472   0.2750442403   0.0063231239
52  5  -0.0158271946   0.0456807796   0.1360717734   0.2041217693   0.0875274291
52  6  -0.1953222627  -0.2358086544   0.1504123996  -0.1024996731   0.1220440997
52  7   0.3199424714   0.0268311681  -0.0182317869  -0.1310054911  -0.0264050650
52  8  -0.0015000197   0.0233495506   0.0588281635  -0.3191670756   0.0317666928
52  9  -0.0453097165   0.3004690725  -0.1192285992  -0.4050369297  -0.0292407941
52 10  -0.0371695278   0.0106979517  -0.2565916137   0.0020733943   0.1470690247
52 11   0.1630672760   0.3489587863   0.0052709294  -0.0005497030
53  1   0.0159943287   0.2762472385   0.0041388117   0.2619500773   0.0914826843
53  2   0.1449036990  -0.1053240669  -0.1617529928  -0.0119571260   0.0187551436
53  3   0.1564420350   0.4274359879  -0.0293804820  -0.0558567737  -0.2505615881
53  4   0.0762149640  -0.0226775358  -0.0069666837  -0.0965895104   0.0291638117
53  5  -0.0876815945  -0.0493718944  -0.0495763509  -0.0484231979  -0.0694965430
53  6   0.0753967965   0.0247251249  -0.0132800519   0.0132264898  -0.0308554011
53  7  -0.1280738026   0.0229409021  -0.0031915788   0.0242563361  -0.0481515835
53  8   0.0015009461  -0.0349362663  -0.0219900512   0.2306432513  -0.0234873059
53  9   0.0255972947  -0.1997725411   0.0721004726   0.1948981082   0.0182240648
53 10   0.0280647721   0.0180802653  -0.4598453069   0.0038100115   0.2843650644
53 11   0.3141679774   0.6060896853   0.0097184701  -0.0007275004
54  1  -0.1331657210   0.0000000000   0.0000000000   0.0000000000   0.3849183880
54  2   0.0000000000  -0.3032622784   0.1844282527  -0.0021639282   0.0733725586
54  3  -0.2982563532   0.0293076711  -0.0018400851   0.0287337853  -0.1582942822
54  4   0.1146685411  -0.0383257441   0.2164317501  -0.2611612203  -0.0142486533
54  5  -0.1361845483   0.3189840040  -0.2612519157  -0.4314792487   0.1032331171
54  6   0.1015575108   0.4917151254  -0.3229158136   0.3369050116  -0.1380969908
54  7  -0.0045047440  -0.2087381909   0.0937194936  -0.0006396277   0.1790711953
54  8   0.0090474058   0.0387602604   0.0709455675   0.4145257986  -0.0416091559
54  9  -0.0142831214  -0.1874410638   0.0043158682  -0.5208283260   0.0546441676
54 10   0.0472987692   0.0012750566   0.0016649082  -0.0001385188  -0.0130420181
54 11  -0.0159793566  -0.0135161691  -0.0003548195   0.0000684600
$end
