$dipgrad          cartesian dipole gradients
  0.29914261746773D+00  0.13207078635297D+00  -.10668303489425D+00
  0.24264290464846D+00  0.52379354076964D-02  -.74631616870742D-02
  -.30081249056617D+00  -.47267570646236D-01  0.13585262176734D+00
  -.68644530752715D+00  -.10401503248375D+00  0.41870192232697D-01
  -.28597510963804D+00  -.21553299502485D+00  0.43177152854505D-01
  -.41238026274340D+00  -.13432341046112D+00  0.79058525825303D-01
  0.18200806042948D+01  0.37083223222381D+00  -.89578824356838D-01
  0.88395539046722D+00  0.29622953315320D+00  -.66848350301695D-01
  -.54302615475796D+00  -.77668852999523D-01  0.43892040832257D-01
  -.53924462911992D+00  -.67017812975339D-01  0.28741650559536D-01
  -.72763039789010D-01  -.20098730825271D+00  0.77419715140622D-02
  0.59744032379067D+00  0.14935214989375D+00  -.63955513963625D-01
  0.46852229496832D+00  0.16640376355690D+00  0.48440775452925D-01
  0.22752844311605D+00  -.90949625645695D-02  0.17845428641776D-01
  0.11367348487844D+00  0.73710851122835D-01  0.99399211275836D-01
  -.98886912822557D+00  -.26533684334094D+00  0.34675911272652D-01
  -.40994721872468D+00  -.17038858099872D+00  0.12440654835073D-01
  0.99318466900505D-01  0.43373508047138D-01  -.25287997736203D+00
  0.23874759924268D+01  0.65730862923372D+00  0.14805380686190D+00
  0.74122244163719D+00  0.47414660358656D+00  -.20503062860268D+00
  0.38630356777717D+00  -.91370459475324D-01  0.13076606218578D+01
  -.10445203215266D+01  -.23817036757181D+00  0.14900748145118D+00
  -.24121070432825D+00  -.47456760817709D+00  0.22775896212501D+00
  0.15541424249934D+00  0.18745438289393D+00  -.10248784130585D+01
  -.14312715510045D+01  -.25626034244204D+00  -.35623091274227D+00
  -.38626338342014D+00  -.50906187671112D+00  -.16977479769210D+00
  -.62813709124307D+00  -.20012130884148D+00  -.60351291270203D+00
  0.71676128929348D+00  0.25641276650178D+00  0.96592974802923D-01
  0.43758795788199D+00  0.13882953532642D+00  0.14327358637614D+00
  -.24789707211894D+00  0.34720886031668D-01  -.92516702571448D-02
  -.12972092598245D+00  0.38434496269087D-01  -.25265337068797D-01
  -.40637820623387D-01  0.14570733895645D+00  -.18085570051326D-01
  0.13987120710954D-01  0.46480921581552D-01  0.14938071980225D+00
  0.67205189849497D-01  -.64549908159939D-01  0.73004103040410D-01
  0.18481544163440D-01  0.65460669004141D-01  0.14530879345647D-01
  0.64891521901938D-01  0.69572650692659D-01  -.13890470703658D+00
  0.12015649085132D+01  -.57968097201360D+00  -.26848173747718D+00
  -.45691279856074D+00  0.95129799248089D+00  -.26948303829082D+00
  -.26755087535427D+00  -.42630335158172D+00  0.10268024862801D+01
  -.71932562677738D+00  0.33148559616833D+00  -.58881186864170D-02
  0.32882343284363D+00  -.85047903414429D+00  0.19391309028359D+00
  -.63343548199564D-01  0.40809306811301D+00  -.63093507146553D+00
  -.90957806356599D+00  0.21899818666662D+00  0.31476276372622D+00
  0.13357634981827D+00  -.47938059835700D+00  -.22339222802486D-01
  0.49187030380712D+00  -.92515205217964D-01  -.56916037824294D+00
  0.16098213225731D+01  -.52846856103234D-02  -.25416358773417D+00
  -.16395011144815D+00  0.11858717371195D+01  -.51633612808463D+00
  -.21065196240823D+00  -.59997463445604D+00  0.57088214881880D+00
  -.13890109525999D+01  -.79288764518908D-01  0.15520633927123D+00
  0.19075554263599D+00  -.57729573571464D+00  0.10709354467799D+00
  0.49652959520957D-01  0.14287372450630D+00  -.42161973554836D+00
  -.52721418165618D+00  -.11405439203660D+00  0.78076115903107D-01
  -.17352342501474D+00  -.99314972168127D+00  0.38496917087960D+00
  0.75476918818473D-01  0.40624403771568D+00  -.54460289147398D+00
  -.17268651176849D+01  -.12512860156264D+00  -.60709137697969D-01
  -.10015512158004D+01  -.74714403089795D+00  0.21040783397822D+00
  0.13759782157228D+00  0.20983110874588D+00  -.23168338976615D+00
  0.80200938478251D+00  -.18365074819267D+00  0.13476316894573D+00
  0.16910434360192D+00  0.36182587947273D+00  -.22793692003040D-01
  0.48320057266284D+00  0.59154382194107D-01  0.26288654604268D+00
  0.64018882356674D-01  -.83544087085113D-01  0.35817038233528D-01
  -.19969097869848D+00  0.10120675304708D+00  -.19721270077871D+00
  0.19726533312591D+00  -.59674375951769D+00  -.34682093031864D+00
  0.27316493319109D-02  0.30532319739696D-01  0.12024445805281D+00
  0.56320145469183D-01  0.12030885549275D+00  -.13363536583640D+00
  -.13447302770679D+00  0.40405009494905D+00  0.51321236400683D+00
  -.37999280774621D+00  0.86000425685620D-01  -.11389807569148D+00
  0.26598878959611D+00  -.49257932444090D+00  0.19571006430014D+00
  0.15609263015623D-01  -.16051916485328D+00  -.26101248940990D+00
  0.64134917828998D+00  -.58043335002586D+00  0.88642676190121D-01
  -.71685470056067D+00  0.12837876279832D+01  -.17962086136804D+00
  0.32724573967864D+00  -.43383434550098D+00  0.12998225308769D+00
  -.67291176751648D-01  0.29540759907642D+00  0.18264419673000D+00
  0.27266589439095D+00  -.38710939617999D+00  -.41882839670916D+00
  -.28969197386803D+00  0.34413225422277D+00  -.20383325285749D+00
  -.22107814755696D+00  -.13215072124741D+00  -.16727360896349D+00
  -.92068303426894D-01  0.81897515816506D-02  0.37167818976514D+00
  -.50019387762546D-01  0.66077228677208D-01  -.18903651026612D+00
  0.48314407710056D+00  -.37130589124269D+00  0.21788251996528D+00
  -.51879881527579D+00  0.95533971732591D+00  -.13419959266261D+00
  0.25286477137029D-01  0.52317624135412D-01  0.17554853485739D+01
  -.40276414546902D+00  0.59227877666362D-01  -.88228310525566D-01
  0.62088797188702D-01  -.46112064701530D+00  -.15052084885367D-01
  0.49410202133518D-01  -.66078198806921D-01  -.14329936156610D+01
  -.41089097030955D+00  0.23009153435246D+00  -.30084217311636D+00
  0.29517645609670D+00  -.66751413917168D+00  0.46478356887804D+00
  -.10593999176071D+00  0.16532079614246D+00  -.79709422817859D+00
  0.86351303867304D+00  -.89190577957907D+00  0.12726066631632D+00
  -.11164758863902D+01  0.19322032951563D+01  -.13167373574825D+00
  -.15309515084375D+00  0.35647621605381D+00  0.10780624963295D+01
  -.73590092892458D+00  0.58309275669094D+00  -.63373979700680D-01
  0.96918874222608D+00  -.16502364474692D+01  0.70166133714600D-01
  0.26560159376626D+00  -.39167511721369D+00  -.53377702838953D+00
  -.11088483057255D+01  0.88721817597264D+00  -.68127558004328D-01
  0.65951677567927D+00  -.12519161885414D+01  0.18322420486531D+00
  0.20122110960274D-02  0.22044254472396D+00  -.28324934025531D+00
  0.21817352166853D-01  -.31836268476826D-01  -.78520127528300D-01
  -.62947397836053D-01  0.82891671428480D-01  -.53839238864531D-01
  -.11218722775949D+00  -.50720951520753D-01  -.96973325542050D-02
  0.31586097726239D-01  -.45955753086137D-01  0.69805766114533D-01
  -.56393286284632D-01  0.10668979471114D+00  0.56690384766359D-02
  0.71801636684071D-01  0.15726477084556D-01  -.53550846192025D-01
  0.12095618375051D-01  -.78282965160114D-01  -.70448481445676D-01
  -.80605187496189D-01  0.10979137479296D+00  -.26351605666435D-01
  -.12238624226243D+00  -.19711819284640D-01  -.11783765354164D-01
  0.11375760823660D+00  0.19010161801527D-02  0.29370305480096D-01
  0.18803844997052D-01  0.12146638297722D+00  0.14358474563754D-01
  0.22646364373353D-01  -.32808294878178D-02  0.61189564894387D-02
  0.21184178997558D+00  -.56309296198368D-01  -.15397634084650D-01
  -.52691470610967D-01  0.21976276348668D+00  0.44465875177202D-01
  0.50477172365567D-01  0.37230772614589D-01  0.15314971046194D+00
  0.73563870504114D-01  0.33789442504266D-01  -.15183273751566D-01
  0.62232906136933D-03  0.10048657852767D+00  -.27493520309539D-01
  0.10756841193512D+00  -.47317048850016D-02  0.72287375183239D-01
  0.82792776409270D-01  0.16968825272663D-01  0.31916136299197D-01
  0.38412062722979D-02  -.29578752204359D-01  0.74699454027098D-01
  -.97512183017214D-02  0.30006533978848D-01  -.13822603680028D+00
  -.72771252500463D-01  -.37808384763418D-01  -.61747368289851D-02
  -.82131067507711D-01  0.14165252310988D-01  -.21692741667097D-01
  0.91953984213793D-02  -.12553290357153D-01  0.68299189150309D-01
  -.57922564902144D-01  0.12283966901412D-01  -.64507945852929D-02
  0.84859133814453D-02  0.77686089750695D-01  0.63498057826744D-01
  0.31570829984512D-03  0.48935494287966D-01  0.38068734967567D-01
  0.72375214668483D-01  0.89952166881933D-02  -.39372278737110D-01
  -.11122743996598D-01  -.93038920164507D-01  -.30729267844695D-01
  -.14882127532281D-01  -.25108021384433D-01  0.53240613924199D-04
  0.32092420554174D+00  0.72449250971446D-01  -.74652199105296D-01
  0.59638351228754D-01  0.26637528204298D+00  0.48564354074533D-01
  -.42641518995304D-01  0.34063169829010D-01  0.26927931989200D+00
  0.18402816285714D+00  0.32514179435554D-01  0.46790493228662D-02
  -.29089669273878D-01  0.33564417657455D+00  -.19815592530647D-01
  0.42996150378866D-01  -.72862922617656D-02  0.32068680823576D+00
  0.78157933471546D-01  -.66272952570528D-01  -.66617270835196D-03
  0.22249460205783D-01  0.28832676300451D+00  -.14627365771577D+00
  -.97031134967442D-01  -.10642909514244D+00  0.16542342845163D+00
  0.14775605177823D-01  0.73496319153554D-01  0.33005372902478D-01
  0.50920439597219D-01  0.29567124016231D-01  -.81359864883364D-02
  -.43255355402463D-01  -.88714114810543D-01  -.62542232505284D-01
  -.14365943460328D+00  -.13844115546030D-01  -.17686829055564D-02
  0.50979013635849D-02  -.57942135097899D-01  0.37174528716374D-01
  -.80460263595734D-02  0.11963279574912D+00  0.42277569529662D-01
  0.62617653606667D-01  0.62250637314888D-01  0.45247534353580D-01
  0.53580027009435D-01  -.30037703102342D-01  -.69176755342182D-01
  0.59469529591264D-01  -.93073227124368D-01  0.24130087161009D-01
  0.24888631706593D+00  0.51291475110594D-01  -.21975625990194D-01
  0.36071242825203D-01  0.19539350138318D+00  0.28954753305172D-01
  -.28416643113814D-01  0.21328122052246D-01  0.15460194082321D+00
  0.38452723077602D+00  -.16524717503637D+00  -.54175169993211D-01
  0.10694402053987D-01  0.19710405634589D+00  -.81461225919987D-02
  -.10068355930380D+00  0.66070157578128D-01  0.14072084097174D+00
  0.35209767367138D+00  -.72122264763566D-01  0.63818570842158D-01
  0.26975265247828D-01  0.17716206946159D+00  -.46067156676268D-01
  0.70571546487901D-01  -.82667227786676D-01  0.20734768318773D+00
$end
