$coord
   -2.42662278046827      1.58011646763883     -0.26663592261867  c
    0.39321854819365      2.28614429324977     -0.34570084102777  c
    1.95356741796759      0.08525409775873     -1.40910965634564  c
    1.56322457890117     -2.08850245821404      0.09627815261527  o
   -0.98154740754991     -2.96275152829668     -0.07294118779188  c
   -2.84130202219848     -1.00765504071597      0.96565777578359  c
   -5.35662870861093     -1.77214393583882      0.48258262099285  o
   -1.21109727316257     -5.12942334285998      1.39634482155271  o
    4.76417919655797      0.69300094284160     -1.40680075740885  c
    6.33101634330562     -0.24436036112864     -0.07106861481808  o
    5.26382386872935      2.49577192017324     -3.14474264259695  o
    1.26443633860555      2.98454938520410      2.10700121167682  o
   -3.81573978995458      3.50940581757514      0.94295489294350  o
   -3.14642714318994      1.47663901359708     -2.20365469896457  h
    0.62268414087231      3.95725717447809     -1.52786918060153  h
    1.37934230092090     -0.25807812725818     -3.37553765313798  h
   -1.41646995885535     -3.35422595014384     -2.07202874212411  h
   -2.49367404296340     -0.85497504210893      3.00631919452897  h
   -5.63840220177225     -3.35180667290444      1.34759443838880  h
   -0.16866334625540     -6.45086611133516      0.69482129094649  h
    7.05166416734998      2.88678619060989     -3.02932481913522  h
    1.73983038960898      1.46841345819109      3.01174392351587  h
   -2.83041072630581      4.05145169921422      2.38519968891558  h
$user-defined bonds
$end
