$energy      SCF               SCFKIN            SCFPOT
     1 -606.4393805312      603.9697158293     -1210.409096360
     2 -606.4417218345      604.1305631968     -1210.572285031
     3 -606.4445190733      603.9690815254     -1210.413600599
     4 -606.4451819173      603.9592359540     -1210.404417871
     5 -606.4460026567      603.9362274820     -1210.382230139
     6 -606.4464835539      603.9306783096     -1210.377161863
     7 -606.4469579613      603.9167053921     -1210.363663353
     8 -606.4472410330      603.9021199777     -1210.349361011
     9 -606.4474963243      603.8877266555     -1210.335222980
    10 -606.4476400309      603.8701976769     -1210.317837708
    11 -606.4477447527      603.8594755133     -1210.307220266
    12 -606.4478615222      603.8491468086     -1210.297008331
    13 -606.4480006692      603.8474247297     -1210.295425399
    14 -606.4480806200      603.8573763170     -1210.305456937
    15 -606.4481426202      603.8666460992     -1210.314788719
    16 -606.4482185940      603.8780126318     -1210.326231226
    17 -606.4482956419      603.8825350425     -1210.330830684
    18 -606.4483322209      603.8817643598     -1210.330096581
    19 -606.4483581400      603.8824561717     -1210.330814312
    20 -606.4483865472      603.8830176564     -1210.331404204
    21 -606.4484048744      603.8859281606     -1210.334333035
    22 -606.4484207132      603.8884892551     -1210.336909968
    23 -606.4484406409      603.8906819891     -1210.339122630
    24 -606.4484596475      603.8922714943     -1210.340731142
    25 -606.4484785694      603.8933248047     -1210.341803374
    26 -606.4484945676      603.8936294532     -1210.342124021
    27 -606.4485143952      603.8951121030     -1210.343626498
    28 -606.4485320701      603.8966495719     -1210.345181642
    29 -606.4485455813      603.8956447211     -1210.344190302
    30 -606.4485592199      603.8950145125     -1210.343573732
    31 -606.4485671673      603.8928975301     -1210.341464697
    32 -606.4485729025      603.8919715025     -1210.340544405
    33 -606.4485830312      603.8919240743     -1210.340507105
    34 -606.4486027187      603.8908529367     -1210.339455655
    35 -606.4486198786      603.8916129032     -1210.340232782
    36 -606.4486354237      603.8917298292     -1210.340365253
    37 -606.4486547457      603.8900900677     -1210.338744813
    38 -606.4486647395      603.8881232423     -1210.336787982
    39 -606.4486729870      603.8863165654     -1210.334989552
    40 -606.4486818017      603.8861498361     -1210.334831638
    41 -606.4486887342      603.8852943622     -1210.333983096
    42 -606.4486963289      603.8857821170     -1210.334478446
    43 -606.4487064249      603.8867693964     -1210.335475821
    44 -606.4487154883      603.8867233754     -1210.335438864
    45 -606.4487300014      603.8849418313     -1210.333671833
    46 -606.4487435502      603.8843654268     -1210.333108977
    47 -606.4487501336      603.8847279287     -1210.333478062
    48 -606.4487555070      603.8873775490     -1210.336133056
    49 -606.4487593951      603.8902222155     -1210.338981611
    50 -606.4487647120      603.8919400576     -1210.340704770
    51 -606.4487678429      603.8925166616     -1210.341284505
    52 -606.4487720243      603.8906191406     -1210.339391165
    53 -606.4487762005      603.8862384324     -1210.335014633
    54 -606.4487792500      603.8844035068     -1210.333182757
    55 -606.4487861190      603.8828681192     -1210.331654238
    56 -606.4487904734      603.8846074570     -1210.333397930
    57 -606.4487937868      603.8895592028     -1210.338352990
    58 -606.4487944594      603.8898360192     -1210.338630479
    59 -606.4487953500      603.8900711918     -1210.338866542
    60 -606.4487951172      603.8930120348     -1210.341807152
    61 -606.4487955318      603.8901865521     -1210.338982084
    62 -606.4487972792      603.8881023025     -1210.336899582
    63 -606.4487987987      603.8882546686     -1210.337053467
    64 -606.4488006732      603.8881349494     -1210.336935623
    65 -606.4488022138      603.8884971244     -1210.337299338
    66 -606.4488033851      603.8897172890     -1210.338520674
    67 -606.4488040378      603.8899409061     -1210.338744944
    68 -606.4488050814      603.8900999931     -1210.338905075
    69 -606.4488068824      603.8881979048     -1210.337004787
    70 -606.4488088629      603.8859708802     -1210.334779743
    71 -606.4488105087      603.8843966436     -1210.333207152
    72 -606.4488124501      603.8844258528     -1210.333238303
    73 -606.4488138699      603.8859704952     -1210.334784365
    74 -606.4488158120      603.8877653743     -1210.336581186
    75 -606.4488175262      603.8884285484     -1210.337246075
    76 -606.4488189714      603.8884100373     -1210.337229009
    77 -606.4488214781      603.8873132717     -1210.336134750
    78 -606.4488248934      603.8866091494     -1210.335434043
    79 -606.4488264544      603.8873373962     -1210.336163851
    80 -606.4488269415      603.8890565206     -1210.337883462
    81 -606.4488278992      603.8894296073     -1210.338257506
    82 -606.4488291488      603.8903114323     -1210.339140581
    83 -606.4488303752      603.8903275442     -1210.339157919
    84 -606.4488306815      603.8902800437     -1210.339110725
    85 -606.4488315598      603.8898631307     -1210.338694690
    86 -606.4488356199      603.8868827766     -1210.335718397
    87 -606.4488383437      603.8862730594     -1210.335111403
    88 -606.4488396910      603.8861479680     -1210.334987659
    89 -606.4488414220      603.8868891678     -1210.335730590
    90 -606.4488438483      603.8872780888     -1210.336121937
    91 -606.4488459597      603.8868093222     -1210.335655282
    92 -606.4488481580      603.8859681039     -1210.334816262
    93 -606.4488489245      603.8855475900     -1210.334396515
    94 -606.4488498029      603.8851561115     -1210.334005914
    95 -606.4488518303      603.8854755064     -1210.334327337
    96 -606.4488535691      603.8861674693     -1210.335021038
    97 -606.4488538258      603.8875130082     -1210.336366834
    98 -606.4488553698      603.8888342921     -1210.337689662
    99 -606.4488561499      603.8894563064     -1210.338312456
   100 -606.4488566512      603.8898066415     -1210.338663293
   101 -606.4488569956      603.8888131402     -1210.337670136
   102 -606.4488577844      603.8878309399     -1210.336688724
   103 -606.4488586420      603.8870739665     -1210.335932609
   104 -606.4488589772      603.8861792250     -1210.335038202
   105 -606.4488597633      603.8867125206     -1210.335572284
   106 -606.4488603754      603.8889741156     -1210.337834491
   107 -606.4488622405      603.8894643619     -1210.338326602
   108 -606.4488641672      603.8893762709     -1210.338240438
   109 -606.4488656828      603.8891732922     -1210.338038975
   110 -606.4488678775      603.8884080538     -1210.337275931
   111 -606.4488679147      603.8885888126     -1210.337456727
   112 -606.4488685494      603.8881314891     -1210.337000038
   113 -606.4488685403      603.8883381368     -1210.337206677
   114 -606.4488686954      603.8883998998     -1210.337268595
   115 -606.4488685155      603.8887779786     -1210.337646494
   116 -606.4488687301      603.8889284603     -1210.337797190
   117 -606.4488686960      603.8891777066     -1210.338046403
   118 -606.4488689200      603.8884918488     -1210.337360769
   119 -606.4488689684      603.8876833505     -1210.336552319
   120 -606.4488690133      603.8876665055     -1210.336535519
   121 -606.4488689710      603.8874313747     -1210.336300346
   122 -606.4488689965      603.8877415367     -1210.336610533
   123 -606.4488687982      603.8877368692     -1210.336605667
   124 -606.4488690105      603.8877542209     -1210.336623231
   125 -606.4488690516      603.8876120644     -1210.336481116
   126 -606.4488690214      603.8877854565     -1210.336654478
   127 -606.4488690973      603.8877198589     -1210.336588956
   128 -606.4488692332      603.8875575744     -1210.336426808
   129 -606.4488694236      603.8872277795     -1210.336097203
   130 -606.4488694274      603.8873289105     -1210.336198338
   131 -606.4488696694      603.8872599738     -1210.336129643
   132 -606.4488697325      603.8866983557     -1210.335568088
   133 -606.4488698193      603.8866471325     -1210.335516952
   134 -606.4488700189      603.8872215897     -1210.336091609
   135 -606.4488701019      603.8873829375     -1210.336253039
   136 -606.4488701747      603.8874574412     -1210.336327616
$end
