$hessapprox
  0.467589889480D+00 -0.257292191516D-01  0.542556879165D+00  0.333426025307D-01
 -0.272819365871D-01  0.469816220998D+00 -0.499927825149D-01  0.144621563661D-02
  0.302405614809D-01  0.441408889150D+00  0.481328752489D-03 -0.410011817000D-01
  0.115151041077D-02 -0.375426742106D-01  0.537667412970D+00  0.159151742262D-01
 -0.140259607189D-01 -0.838362094374D-01  0.117506648600D-01 -0.295218295911D-01
  0.467870982926D+00 -0.383828541758D-01 -0.697116937147D-02  0.149318546251D-01
 -0.654288176690D-01 -0.310182366787D-02 -0.504356597307D-02  0.444944808138D+00
 -0.235817504041D-02 -0.708757065627D-02  0.200819435003D-01 -0.904846230191D-02
 -0.890833282391D-01 -0.195073741775D-01 -0.304193735487D-01  0.529019739565D+00
  0.133383582022D-01  0.683275251800D-02  0.115070492986D-01 -0.259851753234D-01
 -0.542090344105D-02 -0.584715425332D-01 -0.825535312897D-03  0.323848763658D-02
  0.471069668342D+00 -0.206528528944D-01 -0.107842446011D-01  0.100187456290D-01
 -0.629016489289D-01 -0.270672071490D-01  0.287421714589D-01 -0.115306167136D+00
 -0.331910678543D-02  0.299852153610D-02  0.899339005412D+00 -0.392698345033D-03
 -0.372267257822D-02  0.161034440045D-01 -0.228083724503D-01  0.174121554401D-02
 -0.370201222051D-02  0.219326664630D-01 -0.711680486995D-01  0.247876569997D-01
 -0.494872719008D+00  0.962331540767D+00 -0.168015885043D-01  0.201890322507D-02
 -0.131232004881D-01 -0.582408621472D-02 -0.773869258934D-03  0.147974186901D-01
  0.119233560562D-01 -0.943237190216D-02 -0.929392115101D-01 -0.172581179382D+00
  0.155900576219D-01  0.521922283502D+00 -0.709334452009D-02  0.181809822598D-01
 -0.218081320158D-01  0.132127340759D-01  0.275680633815D-01 -0.365192300804D-02
  0.764734499578D-02 -0.635203241964D-02  0.287279425201D-01 -0.536086942859D+00
  0.399575135653D+00  0.165342023274D+00  0.673557868287D+00 -0.520684898608D-03
 -0.123992848662D-01 -0.132833277248D-01  0.870097748827D-02 -0.304130512595D-01
 -0.702347511897D-03 -0.753277129773D-02  0.172003540039D-01 -0.765530999370D-02
  0.343393224295D+00 -0.471865540646D+00 -0.105704525041D+00 -0.421951412730D+00
  0.499375909551D+00  0.475575124851D-02  0.122432362166D-01 -0.134569400082D-01
  0.106532889743D-01 -0.623464596879D-03 -0.209982250096D-01  0.341069953645D-01
  0.112318231049D-02 -0.151743731391D-01  0.192802687671D+00 -0.158870690641D+00
 -0.164339253513D+00 -0.141843955905D+00  0.126547471217D+00  0.234132587761D+00
  0.570164740864D-02  0.590142129940D-02 -0.125132108732D-01  0.816184576396D-02
  0.106339337084D-01 -0.101835394324D-01  0.152113298427D-01 -0.188643551499D-01
 -0.419469606326D-02 -0.152969557576D+00  0.596741090944D-01  0.243854434520D-01
  0.289746917051D-01  0.318553014224D-01 -0.293044092873D-01  0.345079995658D+00
 -0.122367452101D-01 -0.144320373234D-01  0.895749147100D-03 -0.902798881468D-02
 -0.192835678142D-01  0.131446073484D-01 -0.159143864242D-01 -0.142730941912D-01
  0.566909977262D-02  0.139471460391D+00 -0.296647306378D+00  0.518103935768D-01
 -0.434150885981D-01 -0.219328050311D-01  0.370269580594D-02 -0.120544083268D+00
  0.422365781792D+00  0.928331436464D-02  0.188115347589D-01  0.282480607355D-02
 -0.982078415235D-02  0.318506604684D-01 -0.174529877735D-01  0.110600639427D-01
  0.327315278782D-01 -0.230444083125D-01 -0.281288207710D-01  0.112844764071D+00
 -0.128902479627D+00  0.207376013443D-01 -0.354918951411D-01 -0.713998318248D-02
 -0.131362898481D+00 -0.124930185869D+00  0.483711303276D+00  0.593801712600D-03
 -0.140510850618D-01  0.223181018362D-01 -0.356663961080D-02  0.297515062180D-01
 -0.139377355726D-01 -0.518254200571D-01  0.500288483112D-01 -0.352469600503D-01
  0.165598279076D-01 -0.372905519492D-01  0.377795321350D-02 -0.158553462526D-02
  0.143608635409D-01  0.185112263455D-02 -0.133512111751D-01 -0.264715175556D-01
 -0.108733588212D-03  0.514838673592D+00  0.890305342824D-03 -0.154143127069D-01
  0.782737103157D-02  0.341513867997D-02 -0.210459590069D-01 -0.217271057590D-02
  0.458823061488D-02 -0.108716800708D+00  0.228828408313D-01  0.375427614159D-01
 -0.399232451356D-01  0.187268176224D-01 -0.132611281162D-01  0.100739800691D-01
  0.502212926842D-02 -0.289259538697D-02  0.588669149813D-02 -0.153447001023D-02
 -0.142692126402D-01  0.581059958428D+00 -0.200202014236D-02  0.357682483366D-02
 -0.123281825502D-01 -0.310994959169D-02 -0.131370881453D-01 -0.389670601329D-01
 -0.143082572850D-01  0.288423371358D-01 -0.998266997175D-01 -0.871284039940D-01
  0.777261145433D-01 -0.483557639406D-01  0.573343035601D-01 -0.207120436296D-01
 -0.127549638291D-02  0.259741977554D-01 -0.229114920115D-01 -0.457434428445D-02
  0.103237248366D+00  0.932211855126D-01  0.418933716753D+00 -0.761215135660D-01
 -0.214562799262D-01 -0.144801433705D-01 -0.222147380983D-01 -0.962669857160D-02
 -0.361233931610D-02 -0.105919356191D-01 -0.460226458564D-03 -0.878553932039D-02
 -0.322849521849D-01  0.350409845296D-01 -0.881893748253D-02  0.798068947418D-02
 -0.129798740826D-01 -0.475049403100D-02  0.170413462251D-02 -0.183648075680D-01
  0.694345211380D-02 -0.217642261258D-02  0.225841258786D-02 -0.902015409646D-02
  0.492123973059D+00 -0.890570078825D-02 -0.633837579512D-01 -0.100528875834D-01
 -0.149462028516D-01  0.108328751565D-01 -0.158495151330D-01  0.217613257865D-02
 -0.125461656359D-01  0.985317283427D-02  0.295066144481D-01 -0.327342801424D-01
  0.317387296623D-02 -0.209935292194D-01  0.200250506772D-01  0.150973206371D-01
  0.193465542060D-02  0.192128460696D-01 -0.143113868670D-01  0.490066908745D-02
 -0.407247627451D-02 -0.141008646243D-02 -0.949198306332D-02  0.474135598887D+00
 -0.214143907094D-02 -0.106329874603D-01 -0.547797637157D-01  0.323981660943D-02
  0.116188206145D-01  0.438420024982D-02  0.486805696451D-02  0.629041913765D-02
 -0.300430814350D-02 -0.272579680100D-01  0.308351876969D-01  0.297995659991D-02
  0.183127667766D-02 -0.228743203676D-01 -0.145503319720D-01  0.212933699951D-01
 -0.958894100548D-02  0.655213763655D-02  0.165304939683D-01  0.473409553930D-02
  0.189257321998D-01 -0.117857513730D-01  0.187667353195D-01  0.456692995591D+00
 -0.307794872320D-01 -0.563284308764D-02 -0.150384931390D-01 -0.249562574624D-01
  0.460452964704D-02 -0.681422603446D-02 -0.679624929353D-02 -0.183142142010D-01
  0.115906995956D-01 -0.126852603346D-01  0.232626014582D-01 -0.358136692618D-02
 -0.285780127247D-01  0.331158875609D-02 -0.192239987526D-01  0.113463912494D-01
  0.107687105477D-01 -0.112310798501D-01 -0.184977435110D-01 -0.143891230959D-01
 -0.476810054394D-02 -0.746082273058D-01  0.469696504985D-01 -0.460327885843D-01
  0.791113690432D+00  0.224390212605D-02 -0.990519772019D-02 -0.297989843819D-02
  0.648087515187D-02 -0.227267169022D-01  0.308740626307D-02 -0.111122239075D-03
  0.535374094111D-02 -0.129661230797D-01  0.157104493224D-01  0.402988301199D-02
  0.844169641203D-02 -0.481607877924D-02  0.349554213062D-01  0.975325045447D-02
  0.157776091772D-01 -0.764151401392D-02  0.734251866765D-02  0.507692514260D-02
 -0.395395789320D-02 -0.156041119364D-01  0.757233232775D-02 -0.914246871513D-01
  0.321378293304D-01  0.570056896289D-01  0.343060704456D+00 -0.173269555293D-01
 -0.439046896242D-02 -0.600598514944D-02 -0.721738619105D-02 -0.111106626091D-01
 -0.112181850207D-01  0.105755302698D-01  0.647990486176D-03 -0.548044756392D-02
  0.646231691585D-01 -0.538783554970D-01  0.859437644115D-02 -0.440876399297D-01
  0.320050073861D-01  0.139000212301D-01 -0.584402123788D-02  0.298461912137D-01
  0.322633307458D-02  0.151510062303D-01  0.135216552677D-01 -0.306471885573D-01
 -0.228014358457D-01  0.829054321678D-01 -0.103033914811D+00  0.269684885590D+00
 -0.552584488994D-01  0.435703504683D+00 -0.185796761458D-01  0.193515822869D-01
 -0.988623617790D-02 -0.100910180617D-01  0.230608182964D-01  0.248777767293D-02
 -0.221465714194D-01  0.885159233511D-02 -0.668055646702D-02  0.274151334759D-01
 -0.469621075960D-01  0.113752825396D-01 -0.451322751213D-01  0.425460308200D-01
 -0.159097115774D-02 -0.321423390609D-01  0.348764992882D-01 -0.247066782154D-01
 -0.171893969939D-01 -0.248648543420D-02 -0.132085460539D-01 -0.326786555071D-01
 -0.266789505472D-01 -0.276563293587D-02 -0.466248952268D+00 -0.647173043671D-01
 -0.213535347430D+00  0.866012908225D+00  0.341331037741D-02 -0.692227118248D-02
  0.715314439187D-02  0.141868843410D-01 -0.106831175107D-01  0.103898420707D-01
 -0.765388548758D-02  0.641451797302D-02  0.205336832749D-01  0.320697426885D-01
 -0.569374390768D-01 -0.660524942173D-02 -0.460105913960D-02  0.267095099416D-01
  0.799504124893D-02 -0.164441168449D-01  0.169969995432D-01 -0.323120093015D-01
 -0.109259821916D-01  0.109803142271D-01  0.229725581937D-01 -0.101838927834D-02
 -0.402094176956D-02 -0.765346317082D-02 -0.910157457020D-01 -0.129382467219D+00
 -0.439090393287D-01  0.132265058857D+00  0.571512810431D+00  0.367809094363D-02
  0.669187898278D-02 -0.230514379442D-01  0.114932767663D-01  0.404213248972D-02
 -0.102591409735D-01  0.461863455097D-02 -0.323472191946D-02 -0.300247039338D-02
 -0.455378685782D-01  0.266683433610D-01  0.241828268927D-01  0.614701134138D-01
 -0.293102709563D-01 -0.206803245348D-01 -0.138460009840D-02  0.942858851461D-02
 -0.738924233868D-02  0.106263816709D-01 -0.151252446400D-01  0.184766797011D-01
 -0.126483276662D-01 -0.183388711961D-01 -0.120982635429D-01 -0.130750098658D+00
 -0.138833896217D-01 -0.207971426627D+00  0.233845891311D+00 -0.127165884485D+00
  0.544372961619D+00 -0.124498524331D-02  0.537036954567D-02  0.262390867015D-03
 -0.117919518211D-01  0.136515623088D-01 -0.125411132823D-01 -0.834619582477D-02
  0.116268302631D-01  0.200668056842D-02 -0.156575230407D-01 -0.397231358523D-02
  0.435666507795D-02 -0.524382067446D-01 -0.522782252725D-02 -0.236872755534D-01
 -0.250035617515D-01  0.277828819238D-01  0.632799784738D-02  0.180407903049D-02
  0.427566055976D-03 -0.497235644102D-02 -0.186821668791D-03  0.100954436253D-01
 -0.100467710079D-01 -0.759388480225D-02 -0.164851348029D-01 -0.370827882760D-01
 -0.907436822970D-01  0.176692006186D-02 -0.531662051138D-01  0.485882553255D+00
 -0.977237172877D-02 -0.511407080402D-02 -0.126799672365D-01 -0.990215205761D-02
  0.119329101256D-01  0.710261500174D-02 -0.192389289056D-01 -0.933943440952D-02
 -0.145084888790D-03 -0.182699496618D-01  0.535621590230D-02 -0.245042646000D-02
  0.247688235165D-01  0.733382094146D-02  0.857457536686D-02  0.135806009446D-01
 -0.214697438215D-01 -0.329880753359D-01  0.197110479519D-02  0.428702267538D-02
  0.574239235660D-02 -0.426374535142D-03 -0.273870117522D-01  0.571069832850D-02
  0.351003787713D-01 -0.893263845205D-03 -0.239788826685D-01  0.287707520470D-01
 -0.152099625018D+00  0.762239941212D-01  0.181805626405D+00  0.587298070805D+00
  0.153562511292D-01 -0.195013557054D-01  0.136375440564D-01  0.195350776996D-01
 -0.222896613507D-01  0.347119465087D-02 -0.311672458941D-02  0.250941817542D-02
 -0.187196295076D-01  0.413599811206D-03  0.272548324826D-01  0.112700727272D-01
  0.223030629459D-01 -0.648131828472D-02  0.199170178061D-01 -0.113481297401D-01
 -0.199501961745D-01 -0.111994568014D-01 -0.215059165258D-01  0.880997797395D-02
 -0.298224067813D-02  0.676734604273D-02  0.790107831535D-02 -0.140121385788D-01
 -0.193747679773D-01  0.147872793887D-01 -0.226900750041D-01 -0.108078671806D+00
  0.108755905073D+00 -0.151030232681D+00  0.150859342070D+00 -0.832164226781D-01
  0.591173253595D+00 -0.171504584908D-01  0.250462196650D-02 -0.942634967147D-02
 -0.131295574196D-01 -0.146222042073D-01 -0.344762087140D-02 -0.149002883590D-01
  0.184498391460D-01  0.827252995674D-02 -0.797128101981D-02  0.354831619091D-01
  0.187603828286D-01 -0.451214846444D-02  0.215746335928D-03 -0.913725930891D-02
  0.240402893132D-01 -0.125180282534D-02  0.795471364041D-03 -0.127041989525D-01
 -0.155118892433D-02 -0.621304192873D-02 -0.113832154268D-01 -0.131203894486D-01
 -0.140595857343D-02 -0.520278287662D-01 -0.161517273281D-01  0.424724224880D-02
 -0.147592345614D+00 -0.444231421024D-01 -0.323872052624D-01  0.109332678110D-01
  0.168793068393D-01  0.236976597185D-01  0.700838514648D+00 -0.236428018763D-01
 -0.147788202245D-01 -0.131271863132D-01 -0.677373802583D-02 -0.434666184759D-02
  0.782242324459D-02 -0.463565466268D-03  0.315965611576D-02  0.209291338875D-02
 -0.301960051760D-01  0.579680588023D-01 -0.243519561177D-01 -0.371375189780D-02
 -0.164709956230D-01 -0.205120609393D-01 -0.741812730825D-02 -0.234607095696D-01
  0.211473640973D-01  0.138281837733D-01  0.978637458876D-02 -0.353313649442D-02
  0.279497580736D-02 -0.258062946691D-01 -0.693217360397D-02 -0.283835471667D-01
 -0.192448027956D-01 -0.320909571848D-01 -0.280224310893D-01 -0.153453400955D+00
  0.503861046603D-01 -0.220115547732D-01 -0.465385159665D-01  0.558696420052D-01
  0.664580841820D-02  0.523290221850D+00 -0.351479810162D-02 -0.114417206561D-01
  0.349169032185D-03 -0.159229314680D-01 -0.101071378328D-01 -0.642006708181D-02
 -0.195107633231D-02  0.505160174300D-02  0.838544731415D-02  0.835447042099D-03
  0.137723616215D-01  0.591975226522D-02 -0.380742921821D-01  0.304038401344D-01
 -0.287066049739D-01  0.990685085857D-02  0.100258119157D-01 -0.935732571408D-02
 -0.939344043524D-02  0.110357620872D-01  0.349809926396D-03  0.936220227870D-02
 -0.604409863887D-02 -0.203441697128D-01  0.391837590525D-01  0.118704933157D-01
  0.114542819797D-01  0.266033740739D-01  0.759267911758D-01 -0.590032000771D-01
  0.313237174556D-01  0.684892647398D-01  0.339161749008D-02  0.140213662625D+00
 -0.226435701724D+00  0.480023396107D+00 -0.507299374776D-01  0.871254988458D-02
  0.156834206852D-01 -0.114275860025D-01 -0.540299338145D-02  0.314888273246D-01
 -0.720388848546D-02  0.115798718528D-01  0.124661785742D-01  0.360168378570D-01
 -0.107566051291D-01 -0.662038180819D-02 -0.228008581007D-01 -0.674908084728D-03
 -0.276616551258D-02  0.638749689566D-02  0.246526293524D-03 -0.268786804584D-01
 -0.827135519232D-02  0.553114060063D-02 -0.624434076905D-02 -0.265490493023D-01
 -0.277062886430D-01 -0.182330161832D-01 -0.168415688392D-01 -0.560729141069D-03
  0.513293859077D-02  0.675899574800D-03 -0.166755582055D-02 -0.107929030098D-01
  0.327157373173D-02  0.863989257960D-02 -0.167474965002D-01  0.338057522344D-02
 -0.388911279090D-01 -0.390571882636D-01  0.245667750354D+00  0.322457452792D-01
 -0.181750211514D+00 -0.490757017820D-01  0.400130412562D-02  0.228880420512D-01
 -0.760830516563D-02  0.120805885596D-01 -0.334964405106D-02 -0.314677888767D-02
  0.121258895687D-01  0.841883274829D-03  0.547060419753D-02  0.429200357128D-02
 -0.717775578439D-02  0.139440920287D-01  0.164174548239D-01 -0.698416155219D-02
  0.830603510985D-02  0.761201860859D-02 -0.289053017808D-01 -0.209918602327D-01
 -0.152742258892D-01  0.346015007836D-02 -0.326494632241D-02  0.342536510497D-03
  0.198282183944D-01  0.628201589123D-02 -0.377201684645D-03 -0.202591737562D-01
 -0.899766178675D-02  0.609358316882D-02 -0.164776895595D-01 -0.224996673681D-02
 -0.162614615220D-02 -0.266596404307D-01 -0.664323916119D-02  0.136475838507D-02
  0.324311724279D+00 -0.173854590686D-02 -0.444522375180D-01 -0.758000652257D-01
  0.777742525204D-02 -0.131751805353D-01 -0.187136359741D-01 -0.160558923045D-01
 -0.100953936036D-01 -0.711174094687D-02 -0.123118260540D-01 -0.324074606546D-01
 -0.457624172319D-02 -0.204329129362D-01 -0.133651836256D-02 -0.677068905218D-02
 -0.571164966677D-02  0.369024761106D-01 -0.317407603039D-02  0.548708778175D-02
 -0.311332550241D-02  0.991391135945D-02  0.444942281869D-02 -0.298084496326D-01
 -0.185193846107D-02  0.537679353523D-02 -0.369781082336D-01 -0.627832081211D-02
 -0.130642164563D-02  0.190702641115D-02  0.229849104442D-02  0.358274331894D-01
  0.104711178342D-01 -0.137707266084D-01 -0.157637063239D-01 -0.141564948377D-02
 -0.368228240717D-01 -0.689446464786D-01  0.435878310968D-01  0.190543925641D+00
 -0.837276919025D-01  0.358943957376D-01 -0.360821596248D-01 -0.154148810695D-01
 -0.496542141005D-02  0.110460670658D-01 -0.125396604174D-04 -0.685652699107D-02
  0.921477347118D-02  0.414579655648D-02 -0.112035371489D-02  0.774832726701D-02
  0.173135009682D-01 -0.398306346540D-01  0.267775414168D-01  0.212004011600D-01
  0.128631052781D-01  0.536338676207D-02 -0.122246202076D-01  0.938125528712D-02
  0.612822700100D-02 -0.464385202596D-01  0.265878306080D-02 -0.366063330861D-02
 -0.243675006296D-01 -0.204415973479D-02  0.512890243799D-02  0.932958536065D-03
  0.755034906713D-02 -0.679577878121D-03 -0.293022698521D-01  0.218820387433D-01
  0.182098255831D-01  0.180290144682D-01 -0.846784812195D-02 -0.157446879255D-01
 -0.226482335499D-01 -0.990687097119D-02  0.111934228801D-01  0.238187116108D+00
  0.158503853542D-01 -0.893707003782D-01  0.540443231709D-01 -0.145980955923D-01
 -0.319426352958D-02  0.119053977365D-02 -0.110953345365D-01 -0.199437652297D-01
  0.318741059154D-02  0.258159990402D-01 -0.447549557653D-01  0.440407089118D-02
  0.103729143717D-01  0.133607250773D-01  0.732730622684D-02  0.914268435199D-02
  0.227848732929D-01 -0.917042937457D-02 -0.224591116850D-01 -0.457209547366D-01
  0.555921563023D-02 -0.168005419657D-01  0.137615787642D-01 -0.438946954130D-02
 -0.139986977673D-02  0.500080279129D-02 -0.866026579214D-03 -0.186383549807D-01
  0.153105359006D-01 -0.375769281014D-02 -0.229102129427D-01 -0.679398150599D-02
  0.518660974232D-02  0.179283584751D-01 -0.172087344954D-01 -0.138471272659D-01
  0.411592283419D-01 -0.714965965576D-02  0.451404721538D-01 -0.269775124829D-01
  0.239855645985D+00 -0.259584677364D-01  0.657345629966D-01 -0.111656119159D+00
  0.210192610984D-01  0.194895955849D-01 -0.112388059553D-01  0.181076459794D-01
 -0.532481473007D-02 -0.998875955052D-02 -0.504913286036D-01  0.432289327968D-01
 -0.156073284819D-01  0.173514786865D-01 -0.196580669025D-01 -0.295183766775D-01
 -0.104274424041D-01 -0.883939985584D-02 -0.103881258662D-01  0.793341993484D-02
 -0.492048357397D-02 -0.257167501609D-01  0.635610043680D-02  0.114566362161D-01
 -0.208166629419D-01 -0.137217948216D-01 -0.468807175481D-03 -0.151586998781D-01
 -0.823393558030D-02 -0.300322412790D-01  0.694044175103D-02 -0.162632580983D-01
  0.258439099424D-02  0.107819662726D-01 -0.182900174894D-01 -0.814277518065D-02
 -0.113014801969D-01  0.346689163956D-01  0.236494886819D-02 -0.318030407646D-01
  0.294395722822D-01 -0.114373486540D+00  0.310816892004D+00 -0.272240323471D-02
 -0.129617620367D-01  0.206274999902D-01 -0.589497843248D-01  0.405555948082D-01
 -0.300591590885D-01 -0.183059201944D-01  0.207049940561D-02 -0.390152294893D-01
  0.300908806080D-01 -0.289911290136D-01 -0.489040401692D-03  0.843665859301D-02
  0.258652293249D-01  0.165125824070D-01 -0.352116050448D-02  0.763215942911D-02
 -0.193713814039D-01  0.210045702451D-02 -0.986632798185D-02 -0.373994100980D-01
  0.829148865245D-02 -0.111658380116D-01 -0.936509340840D-02 -0.113975175884D-01
  0.227853311706D-01  0.141041435320D-01 -0.178733411688D-01  0.920590490294D-02
 -0.140095767803D-01 -0.548561558033D-01  0.347933349420D-01  0.346317290110D-01
  0.518536689620D-02 -0.787222327001D-02 -0.317890674357D-01 -0.532818634264D-01
 -0.259350117675D-01  0.456779248517D-01  0.329747332976D-01  0.881345731626D-02
  0.850858514959D-02  0.225250290140D+00  0.591024465579D-02  0.219812810212D-01
  0.109325765823D-01  0.474257660911D-01 -0.939861027855D-01  0.838874438756D-01
  0.885902436443D-02 -0.225467028680D-01 -0.108945850183D-01  0.140521931715D-01
 -0.413871097964D-01 -0.893417780955D-02 -0.117369056962D-01  0.313454270082D-02
 -0.199749906273D-01 -0.459267142132D-02  0.633341384213D-02  0.345195582499D-02
 -0.551269383808D-02 -0.416798539534D-01 -0.113510004671D-01  0.113086572028D-01
  0.600022195128D-02 -0.301508686687D-02 -0.938594377153D-02 -0.221282092535D-01
 -0.166704937567D-01 -0.171856717490D-01 -0.350448262704D-02 -0.547542797351D-02
 -0.276418742721D-02 -0.142308608689D-01  0.869928185494D-02 -0.361138540105D-01
 -0.198521544323D-01 -0.235594205469D-01  0.800745963322D-02  0.207397147989D-01
  0.256886953322D-01 -0.155951625470D-01  0.586327323242D-01  0.325913107295D-01
 -0.157929797093D-01  0.250799446795D+00 -0.449346273338D-03 -0.130891460049D-02
 -0.303784474541D-01 -0.340668221746D-01  0.551625882842D-01 -0.117599346082D+00
 -0.133442034621D-01 -0.163960575942D-02 -0.150637764180D-01  0.177424534718D-02
 -0.244890422736D-02 -0.297624695597D-01 -0.255803360759D-01  0.152760825707D-01
 -0.336780390593D-01 -0.700260142810D-02 -0.562449787312D-02 -0.205012683934D-01
 -0.209670673534D-01 -0.857998508527D-02  0.119853334693D-02 -0.335909887224D-02
  0.127377956703D-02 -0.940620787247D-02 -0.145903907792D-01 -0.112306056746D-01
 -0.232012223383D-01 -0.482581067384D-02 -0.167760490859D-01 -0.524863082587D-02
 -0.259939490325D-01  0.174811262555D-01 -0.127942474672D-01 -0.148906140416D-01
  0.125845564487D-01 -0.774744809822D-02  0.585281209290D-01 -0.669963053214D-02
 -0.157849705327D-01 -0.426329025734D-01  0.327084159710D-01  0.469057504976D-01
  0.559863702406D-01 -0.427163661228D-01  0.330587304805D+00 -0.299507230336D-02
 -0.140890344395D-02  0.820854664276D-02 -0.413997463084D-01 -0.372600552553D-02
  0.111734850390D-01 -0.114642415762D-01 -0.254948670068D-01 -0.749830588816D-02
 -0.182970833236D-01  0.897196070660D-02 -0.178334726025D-01  0.748728306926D-02
  0.158349111557D-01  0.470407809041D-03 -0.501151579429D-02  0.291572865095D-03
 -0.381825866862D-01 -0.167734733574D-02  0.223724618080D-01  0.181160802377D-01
 -0.396357744190D-03  0.686061727328D-02 -0.106481787276D-02 -0.359183565989D-03
 -0.152155536293D-01  0.789644814011D-03 -0.530911180039D-02 -0.817621055112D-02
 -0.737593535198D-03  0.388453206495D-02  0.104106053136D-01  0.505293901120D-02
 -0.162635651315D-01 -0.123228409442D-01 -0.188260841918D-01  0.593899867477D-01
 -0.859920170095D-02  0.444902748921D-03 -0.433791792231D-01  0.760948013793D-02
  0.372334489477D-01 -0.267856239283D-01  0.884390715998D-03  0.472777216856D-01
  0.154296848646D+00 -0.286045115484D-02  0.160181343069D-01  0.140733244132D-01
  0.210488363510D-01 -0.157781128078D+00 -0.288150431757D-01  0.827097476779D-02
 -0.142472870075D-01 -0.639694997628D-02  0.150762608801D-01 -0.100333760204D-01
  0.572683994681D-02  0.899410629727D-02 -0.232047464642D-01 -0.132855676948D-01
 -0.971266130308D-02 -0.178177265948D-02  0.199325228098D-01  0.575051098096D-01
 -0.213878235385D-01 -0.327115751197D-01 -0.478688291618D-02 -0.775660021407D-02
  0.110717624269D-01 -0.172235322844D-02  0.219638455424D-02 -0.647545643359D-02
 -0.248659168798D-02 -0.131774442242D-02  0.340273052255D-02  0.886231934853D-02
 -0.206857084700D-01 -0.170015266254D-01 -0.154020134512D-01  0.361543291274D-02
 -0.144308206861D-01  0.675141879424D-02  0.198505067735D-01 -0.173579842065D-01
 -0.115886316261D-01  0.831865939929D-02  0.262458075721D-01 -0.298971391669D-02
 -0.136589823422D-01 -0.165564486106D-01 -0.514684132914D-01  0.340225640869D+00
  0.138512931214D-01 -0.209992898611D-01 -0.235474888327D-01  0.499153949754D-02
 -0.495880515110D-01 -0.669402311248D-01 -0.175925864905D-01 -0.526396935633D-02
 -0.262855443702D-02  0.232087686254D-01  0.564681213845D-02  0.552544692955D-02
 -0.108699150924D-01  0.854152729013D-02  0.174997849805D-01  0.121986502169D-01
 -0.225323137393D-02  0.121710899713D-01 -0.234032500986D-01 -0.131156895133D-01
 -0.162072957136D-01  0.614244447107D-02 -0.149755821756D-01 -0.196800931650D-01
  0.113842409127D-01 -0.145432820284D-01 -0.955796225346D-02  0.192499235667D-01
  0.647733164306D-02  0.149156910530D-02  0.833368817844D-02  0.148000125008D-01
  0.704347093368D-02  0.105983213233D-01 -0.424418493706D-02 -0.115190260332D-01
  0.131340918441D-01 -0.131985584245D-01  0.183870480086D-01  0.152374272739D-01
 -0.156802137193D-01 -0.409848967563D-01  0.423839759333D-01  0.272367134095D-01
 -0.305128431858D-01 -0.402851771297D-01  0.473292947517D-01  0.201665073501D+00
 -0.567850399670D-02  0.670132724925D-02 -0.114151436986D-01 -0.182304030331D-01
 -0.232059665240D-01 -0.227531790865D-01 -0.314136396265D-01  0.694254450383D-02
  0.310208412976D-01  0.216868318867D-01  0.182256853721D-01  0.386235893897D-01
  0.201479422344D-01  0.396308087016D-02 -0.546040808556D-02  0.117266161452D-01
 -0.554363770015D-02  0.679645506279D-01 -0.187012587360D-01 -0.120608600169D-01
  0.287143856047D-01 -0.212608129051D-01  0.139788116750D-01  0.130448915689D-01
 -0.230375723180D-01  0.190330334309D-01  0.169030681819D-01 -0.931233227947D-02
 -0.298309900969D-01 -0.146230955822D-01 -0.171980626157D-01 -0.211973794354D-01
 -0.495096146757D-02 -0.194853533971D-02 -0.937428227083D-02  0.233689865068D-01
 -0.108110517271D-01  0.199680032099D-01 -0.359634523097D-01  0.305100020584D-01
  0.327636943156D-01 -0.168989109053D-01 -0.307443403307D-01  0.402457022328D-01
  0.350162343445D-01 -0.362125298549D-01 -0.107952500657D-01 -0.158000563094D-01
  0.262556573211D+00 -0.206426181359D-02 -0.131988528617D-01 -0.146960704630D-01
 -0.126247002309D-01 -0.753238684081D-02 -0.314501696878D-03  0.247457268030D-01
 -0.187804616524D+00 -0.487911568267D-01  0.102377625179D-02 -0.126835417850D-01
 -0.104658474671D-01  0.163768384018D-02  0.105424364305D-01  0.151252505719D-02
  0.133315994848D-01 -0.351873791247D-02  0.620546334711D-02  0.139540047261D-01
 -0.336178241171D-01 -0.126232877017D-02 -0.138643447011D-01  0.333520308282D-02
  0.486552964347D-02  0.396642057345D-01 -0.259371820729D-02  0.652971448231D-02
 -0.476079864120D-02  0.369426385924D-02  0.228774450537D-02  0.111659831081D-01
  0.832335766204D-02 -0.272533415039D-01 -0.577756823295D-02  0.632229747550D-03
  0.878348081925D-02  0.203334266722D-02 -0.520550134174D-02 -0.107393461463D-01
  0.671745418443D-02 -0.208993122186D-01 -0.120234140759D-01 -0.347757487345D-01
 -0.435985567352D-01 -0.236165306313D-01  0.534261387635D-02 -0.760143123371D-02
 -0.123880819411D-01 -0.404272528345D-01  0.305925830392D+00  0.255034341352D-02
  0.627009643657D-02  0.114481433448D-01 -0.162911381280D-02 -0.105543062543D-01
  0.110041899089D-01  0.107818997412D-01 -0.699896801439D-01 -0.670904165362D-01
  0.266494598669D-01 -0.504019509596D-01 -0.331334057229D-01 -0.302156867924D-01
  0.194195614334D-01  0.303388744099D-02 -0.561563695372D-02  0.727341969086D-02
 -0.376518848259D-01 -0.545563368814D-02 -0.525412157246D-02 -0.143112966934D-01
 -0.740012093562D-02  0.156088798206D-01 -0.211688937165D-02 -0.165870126209D-02
  0.169403607300D-02 -0.228063232234D-02 -0.102802216541D-02  0.575454716304D-02
 -0.210898721284D-03 -0.220685525991D-01  0.176048066209D-02 -0.666968679567D-02
  0.421206025591D-02 -0.116889848180D-01  0.506265996914D-02  0.212793889746D-01
  0.167970441237D-01 -0.754415927738D-02  0.226035194438D-01  0.124220096709D-01
  0.737323223071D-02  0.199080235370D-01  0.360032262572D-01  0.366643908261D-01
 -0.158364769230D-01 -0.172991576758D-01  0.436399581986D-02 -0.547497456497D-02
  0.620076956131D-01  0.178764990958D+00  0.449460799686D-02  0.494955645704D-02
 -0.687422495199D-02  0.931404648371D-02 -0.259450221336D-01 -0.620435662774D-02
 -0.113249306246D-01  0.100912946854D-01  0.600390233903D-02  0.128311857644D-01
 -0.389031083716D-02 -0.135514951189D-01 -0.167952922079D-01  0.308490479359D-01
  0.168681460703D-02 -0.164498383603D+00  0.207537757982D-01  0.151090783860D+00
 -0.168973434044D-01  0.163295610635D-02 -0.786928629255D-03 -0.109184807605D-02
  0.167939265847D-01 -0.130772513492D-01 -0.169899416121D-01  0.272410530335D-01
 -0.285171388402D-03  0.592748927743D-02  0.136736678330D-01  0.107787471524D-01
 -0.234146323722D-01 -0.486777935629D-02  0.318026952553D-01  0.132203510937D-01
 -0.110016019794D-02 -0.514500558600D-02  0.262381906215D-01 -0.252271942294D-02
 -0.164203934187D-01 -0.271235567774D-01  0.147376122673D-01  0.278154951420D-01
  0.968415620435D-02 -0.227699357955D-01  0.670666811519D-02  0.408650611126D-01
 -0.176361207314D-01 -0.256455587482D-01 -0.542335161415D-01 -0.129891229045D-01
 -0.838737730836D-02  0.257906210479D+00  0.843495477416D-02  0.812405535567D-02
  0.432890040902D-02  0.203529548186D-02  0.443872901310D-02 -0.994758979862D-03
 -0.149362684705D-02  0.213418995876D-02  0.937433913289D-02 -0.286509865003D-01
 -0.232555053276D-02  0.226555094434D-01 -0.348930979651D-01 -0.385955449187D-01
 -0.245147351653D-01  0.628895331387D-01 -0.314762017052D-01  0.140555248384D-01
 -0.326438646304D-02  0.473268542191D-02  0.674864545147D-02 -0.122482848974D-01
  0.425385986448D-02  0.186022769560D-01 -0.896488638835D-02 -0.121320066154D-01
  0.104913650235D-02 -0.192745125985D-01  0.483477517233D-02 -0.136076236034D-01
  0.563544861955D-05 -0.853241592492D-02 -0.463475440254D-02  0.225031768349D-02
 -0.468273859464D-02 -0.244933798359D-01  0.464153802556D-01  0.689838036085D-02
  0.961043510828D-02  0.390083973438D-01  0.653221725457D-02 -0.643416119626D-02
 -0.783010101093D-02  0.125435526394D-01  0.991180152103D-02 -0.571097284820D-02
 -0.533431948085D-02  0.271938352876D-02 -0.176959602402D-01 -0.464800507165D-02
  0.190404226602D-01  0.181463902723D-01  0.137261542253D+00  0.194234083332D-02
  0.475013240179D-02  0.468421224833D-02 -0.127656884878D-02  0.168095196780D-01
 -0.579572882888D-02  0.179096155439D-01 -0.680363838518D-02 -0.275366894242D-01
  0.351964407487D-01  0.149720752216D-01 -0.305045660895D-01 -0.141220433333D-01
 -0.132188061366D-01 -0.160156902433D-01  0.177150255449D+00  0.391621779062D-01
 -0.197201169969D+00  0.613291323309D-02  0.376549392292D-02 -0.160272770585D-01
  0.862683208879D-02  0.174370402726D-01  0.188670865981D-01  0.389851142996D-02
  0.946083853410D-02  0.161156136919D-01  0.801710211617D-02 -0.160845710267D-01
 -0.259711103970D-02  0.573937849116D-02 -0.822006610179D-02 -0.196739628401D-01
  0.682849246256D-02 -0.130132668929D-01  0.326121076472D-01 -0.181056056851D-01
  0.145487989953D-01 -0.149986091414D-01 -0.253183075113D-01 -0.120570653737D-01
  0.786859075892D-02 -0.150812735218D-01 -0.747418360959D-02 -0.133850808514D-01
 -0.600825181237D-02  0.190922313493D-01 -0.123034320794D-01  0.959845749951D-02
  0.196799057064D-01 -0.215046843304D-01 -0.171726285241D+00 -0.369745343848D-01
  0.328416268433D+00 -0.223532300015D-01  0.268335051208D-01 -0.485890589710D-02
 -0.296339969664D-02  0.293502514838D-01  0.133565072567D-01  0.183068771080D-01
  0.584667740635D-02  0.298339047361D-01 -0.780033857177D-02  0.108905852063D-01
  0.964180525720D-02  0.316145204155D-01  0.456910116555D-02  0.222987985852D-01
 -0.500878587097D-01 -0.502500716984D-01 -0.308415659625D-01 -0.350483816673D-01
  0.738492783640D-01  0.362298109227D-01 -0.701185580113D-02 -0.640052464127D-02
 -0.385125787880D-02 -0.403337136873D-02 -0.213441378610D-01 -0.876612870602D-02
 -0.780552179950D-02  0.303977904170D-02 -0.208021571834D-01  0.191746858183D-01
 -0.654908689850D-02 -0.796702130772D-02 -0.340204943557D-01  0.126252738083D-01
 -0.103126342323D-01 -0.298398393653D-01  0.714452800969D-02  0.178809627793D-01
 -0.154383224602D-01  0.160398817137D-02 -0.186641455054D-01  0.760587806080D-02
  0.402233670740D-01  0.180100436298D-01 -0.171495511214D-01  0.250532387905D-01
 -0.673331988075D-02  0.438502770667D-01 -0.458720975163D-02  0.265318733063D-01
 -0.713532498307D-01 -0.487324097207D-01 -0.468968944998D-01  0.271485235152D+00
 -0.358137390208D-02 -0.188283421214D-01 -0.226267792702D-01  0.835097029398D-02
 -0.325184562303D-01 -0.447968030767D-02 -0.712131785059D-02 -0.193227559669D-01
 -0.151336636367D-01  0.149827112125D-01 -0.349042357137D-01 -0.752956974049D-02
 -0.202416336260D-01  0.432517752941D-01  0.247713006100D-01 -0.120242854586D-01
 -0.144009009333D-01 -0.285693750023D-01  0.508028085257D-01 -0.205600816400D+00
 -0.779682659910D-01 -0.103717153163D-02 -0.193589724128D-01 -0.205751698633D-01
 -0.471428209640D-03  0.546115672076D-02  0.242285935810D-03  0.117122281367D-01
 -0.282820074120D-01 -0.856523089001D-02  0.982229998777D-02  0.172914538390D-01
  0.580415134330D-02 -0.120771634220D-01  0.178192703699D-01  0.111856902545D-01
 -0.100837352516D-01 -0.190170560058D-01  0.140356567375D-01 -0.967432135231D-02
 -0.117160038912D-01 -0.363417986369D-01 -0.118165487654D-01 -0.571385192489D-02
  0.307929809686D-01  0.757556175919D-02 -0.561898561737D-01  0.144218083513D-01
  0.360786939971D-01 -0.110004772933D-01  0.226943115823D-01 -0.261621457013D-01
 -0.179370518499D-01 -0.333576237554D-01 -0.479734360301D-01  0.403891683936D+00
  0.392623637967D-03 -0.204354798623D-01 -0.180912891302D-01  0.896965248494D-02
 -0.184177469254D-01 -0.157757005408D-01 -0.101339885998D-01  0.276319607697D-01
 -0.260780397044D-01  0.357259137469D-01 -0.507748569202D-01 -0.498106827306D-02
 -0.202683289454D-02  0.162591377837D-01  0.130837462845D-01  0.312501862531D-02
  0.953643435276D-02  0.126578039794D-02  0.377316251300D-01 -0.690866701868D-01
 -0.830140547717D-01 -0.193449644788D-02 -0.163273559006D-01 -0.795084122525D-02
 -0.188626116907D-01  0.632324570781D-02  0.243961818400D-01 -0.443921968703D-02
  0.363928096675D-02 -0.909289745057D-03  0.166550184984D-01  0.100915782947D-01
  0.267928014709D-01 -0.314080830461D-01  0.208250518078D-01 -0.827597995764D-02
  0.113786800229D-01 -0.190456446324D-01  0.108147508036D-01  0.446333867737D-02
  0.269518562574D-03 -0.842381593907D-02 -0.136512033327D-01 -0.226413918196D-01
 -0.144273460204D-01  0.361653859171D-01 -0.153900120922D-01 -0.253483439005D-01
 -0.699239756566D-02  0.187584047865D-01 -0.602679662489D-01  0.226963259349D-01
  0.116244715013D-01  0.138149779613D-01 -0.443317622494D-01  0.130701645381D+00
  0.251201960519D+00 -0.246450358966D-02  0.530296131791D-04 -0.115134458055D-01
 -0.122120735121D-01  0.634811943249D-02 -0.871989019266D-02 -0.830176694171D-02
 -0.587883007422D-02 -0.134229694983D-01  0.272687336399D-01 -0.227825297368D-01
  0.418513884620D-02 -0.184799148357D-01 -0.145328005801D-01 -0.119158121464D-01
  0.314426470404D-02  0.431399866598D-01  0.168167199124D-01 -0.190406488698D+00
 -0.705136736008D-01 -0.860104084427D-01 -0.183900074393D-01  0.375729977356D-02
  0.137001254625D-01 -0.174749114762D-01  0.220116473979D-02  0.316550222450D-01
 -0.690466675772D-02  0.292201091281D-02  0.718421150224D-02  0.263916804275D-01
 -0.223137052667D-01 -0.172702817318D-01 -0.351984740181D-01  0.524225040373D-04
 -0.118011231937D-01  0.796939404522D-03 -0.100279457938D-01  0.262642856760D-01
 -0.436154296971D-03 -0.130121891233D-01 -0.247068957326D-01 -0.302251158434D-01
 -0.283338176600D-01 -0.183826456314D-01  0.167358377332D-01  0.108562033678D-01
 -0.415115578358D-01  0.474375343019D-03  0.187032146905D-01 -0.162863449240D-01
  0.209016026820D-01  0.383836415324D-01  0.147048567530D-01  0.171816191361D-01
 -0.402069279609D-02  0.556772110289D-01  0.384625434731D+00  0.164286708495D-01
 -0.510523345860D-01  0.124954006257D-01  0.690637367372D-02 -0.761326085953D-02
  0.191687634534D-01  0.258884483103D-01 -0.568330057919D-02  0.148677849375D-01
 -0.276798967909D-02  0.135503323960D-01  0.124765039335D-01  0.621680405021D-01
 -0.272677968664D-01 -0.654962463016D-02 -0.982017085508D-02 -0.153189673180D-01
  0.134533226642D-01 -0.883575328907D-01 -0.857297267933D-01 -0.383045916273D-01
  0.602698080114D-02 -0.398451273748D-01 -0.163772625442D-01 -0.208154420932D-02
 -0.209750406118D-01 -0.627092690079D-02 -0.152782061477D-01  0.227518235157D-01
  0.277358930610D-01 -0.240492271212D-01  0.407056902050D-01  0.253514016838D-01
 -0.296278934600D-01  0.971588787919D-02 -0.253561722231D-01  0.375572826183D-02
 -0.450995591273D-01 -0.107355758440D-01  0.251080590889D-01 -0.415940070622D-01
  0.262182170860D-01  0.349496614563D-01 -0.128916330870D-01  0.355668653974D-02
  0.705089189049D-02 -0.420193306001D-02  0.328239511016D-01  0.167822382853D-01
  0.202407001966D-01 -0.347165346037D-01 -0.411470303043D-01 -0.244417478258D-01
 -0.133734088773D-01 -0.363863969488D-01 -0.423137672856D-01  0.883606003129D-02
  0.767643779624D-01  0.306001520949D+00  0.119323541728D-02  0.467822085400D-02
  0.155961338942D-02 -0.109704043821D-01  0.779369260566D-02 -0.323960167079D-03
 -0.215621677341D-01 -0.216056153086D-03 -0.118572088166D-01 -0.654530073319D-02
 -0.580561377484D-02  0.889738393379D-02  0.434597302867D-02  0.147104853232D-01
  0.281926887498D-01 -0.540548668850D-01 -0.241606440369D-01 -0.677630272590D-01
 -0.508659846486D-01 -0.541456353252D-01 -0.742404842984D-01  0.402176110233D-02
  0.611816028442D-02 -0.758879985468D-02  0.802700367328D-02  0.658935998201D-02
  0.537232685434D-02  0.263105964960D-02  0.636048871272D-02  0.890783313019D-02
  0.972785837581D-02 -0.656609249915D-02 -0.458196678205D-02  0.933540239607D-02
  0.123906132110D-01  0.142916912490D-01 -0.593846542929D-02  0.200558503736D-01
 -0.238603478937D-01 -0.253497759648D-01 -0.245457196666D-02  0.333893855944D-02
 -0.197804502346D-01 -0.145230854003D-01 -0.131857379063D-01 -0.596996689599D-02
  0.304120068522D-01 -0.372652177551D-01 -0.496803187975D-01 -0.280343373524D-02
  0.327311659865D-01 -0.664871255314D-02 -0.437832389450D-01 -0.348525065373D-01
  0.662687926746D-01 -0.138743102257D-02 -0.606775197212D-01  0.105002927332D+00
  0.239233109815D-01  0.238055413720D+00 -0.156236189584D-01 -0.359689516931D-01
 -0.827467528726D-02  0.300930642760D-02 -0.152488198918D-01  0.889242156609D-02
 -0.100136039809D-01  0.294350692880D-02  0.715981467082D-02 -0.244083079063D-01
 -0.520547338642D-02 -0.367416395112D-02  0.306774628960D-03  0.865143342411D-02
 -0.745529172792D-03 -0.235176232790D-01  0.437954349515D-02 -0.360332428047D-01
  0.473128856252D-02 -0.123991198817D-02  0.848675220291D-02 -0.521720158560D-01
  0.219315422280D-01  0.151730537430D-01 -0.142374289406D-01  0.301536586711D-01
 -0.124009146812D-03 -0.127182660128D-01  0.205253782588D-01 -0.840648171204D-02
 -0.244654382634D-01 -0.483206400265D-02 -0.119084864178D-01  0.231061563813D-01
  0.559694622457D-02  0.971637825197D-03 -0.629024839632D-01 -0.336791210066D-01
  0.163864304853D-01  0.265558000368D-02 -0.587230075404D-02  0.100219055312D-02
  0.231071805087D-01 -0.199915491391D-01  0.638344388594D-02 -0.614855612910D-02
  0.165464670875D-02 -0.504068245821D-01 -0.373907350722D-01 -0.215130857401D-02
  0.848566637333D-02  0.151392110825D-01 -0.214099601551D-01 -0.972095032328D-02
  0.540412207822D-02  0.136822156225D-01 -0.321535036532D-01 -0.468689458768D-02
 -0.213224211062D-01  0.478367214011D-01  0.175274497948D+00 -0.717693427188D-02
 -0.292048547065D-02 -0.993571496018D-02  0.739426049933D-02 -0.998948464303D-03
 -0.124130022021D-01  0.101277925625D-01 -0.562625602596D-02  0.824071595140D-04
 -0.251475311639D-01  0.475956059558D-01  0.745484974957D-02  0.351847879448D-01
 -0.236800503675D-01  0.389833663676D-02 -0.193738488251D-02 -0.180630475761D-01
  0.861750890233D-02  0.163612977825D-02 -0.136354421446D-01  0.866296090915D-02
  0.385910211423D-01 -0.163175191437D+00 -0.467470550486D-01 -0.129936426134D-01
 -0.393459132522D-01  0.120827210213D-01 -0.111765786537D-01 -0.302129150586D-01
  0.151135095931D-01 -0.661452054958D-02 -0.167126589533D-01  0.991446836818D-02
  0.269512816500D-02 -0.129362341800D-01 -0.423350483712D-02 -0.586795548647D-02
  0.345826972897D-02 -0.253184645551D-01 -0.114441477698D-01  0.861456491090D-02
  0.934940685731D-02 -0.289154083281D-01  0.157026773146D-02 -0.526252325378D-02
  0.122630293210D-01  0.194311508978D-02 -0.309148849116D-01  0.123177982426D-01
 -0.275012381962D-03  0.745555820624D-03  0.291998627260D-01 -0.533215207831D-02
  0.990612379373D-02 -0.572840433702D-02 -0.533593129982D-02 -0.997104115926D-02
  0.828023465186D-02 -0.394684564354D-01  0.167578130174D-01 -0.228441182336D-01
  0.310092434500D+00 -0.170859519450D-02 -0.390316959486D-02 -0.997100832656D-03
  0.271345235721D-02  0.113900464019D-01  0.169742389472D-02 -0.175985545288D-02
  0.313700449677D-03 -0.667619652745D-02  0.151813593399D-01 -0.275537837537D-01
 -0.120177647594D-01 -0.458138380907D-01 -0.558247302751D-02 -0.110916095975D-01
  0.529774301731D-02  0.213845743417D-01  0.194324471526D-01  0.929229180229D-02
 -0.405618729982D-02 -0.160128928426D-01  0.133130047415D-01 -0.555058206504D-01
 -0.578668927212D-01 -0.233364663237D-01  0.153325724008D-01  0.113691057598D-01
  0.115877929783D-01 -0.113137047124D-01  0.339692077235D-02  0.890571159449D-02
 -0.104488428920D-01 -0.134899342986D-01 -0.502959986127D-04  0.255985919955D-02
  0.340784702983D-02 -0.311672419893D-01 -0.128325953083D-01  0.203277760068D-01
  0.284544464013D-01 -0.437845716910D-02 -0.889831361509D-02  0.565773818629D-02
  0.148783288736D-01  0.150600297772D-03 -0.333514714118D-01  0.635744104310D-02
 -0.822051705226D-02 -0.246056872995D-02 -0.416741413388D-02  0.238319344354D-01
 -0.584313173908D-02  0.354729433789D-01  0.807090221025D-03 -0.140620122832D-01
  0.668992689668D-02 -0.165768388793D-01  0.247772493164D-01 -0.377644192647D-01
 -0.620819207708D-02  0.787131428160D-02  0.873027866007D-01  0.149128280600D+00
 -0.304047787882D-01  0.299021978787D-02  0.463446318040D-02 -0.969238866314D-02
 -0.710612861895D-02  0.127078823025D-01 -0.944789662579D-02 -0.144556287078D-01
 -0.384054161975D-02  0.101076872692D-01 -0.465782592479D-02  0.130866201485D-02
  0.586967050403D-02  0.228323671339D-01 -0.156047256752D-01 -0.104923001133D-01
 -0.891161741642D-02  0.202632616347D-01 -0.253399468678D-01 -0.761590372073D-03
 -0.380361087529D-02 -0.861506696273D-01  0.101854503030D-01  0.576628337083D-01
 -0.327141818268D-03 -0.350384748336D-01 -0.987714717359D-02  0.307942973557D-02
 -0.188012609772D-01 -0.220857258868D-01  0.191310297446D-01 -0.277933083480D-02
 -0.209745427478D-01 -0.967892671503D-02 -0.167332519424D-02 -0.151130887031D-01
 -0.340363646018D-01 -0.111983767495D-01  0.223406882960D-01 -0.102584424995D+00
 -0.307765428134D-01  0.466369379543D-03  0.200142144981D-01  0.203727512609D-01
  0.763186132306D-02  0.707216487503D-02 -0.164552902879D-01  0.310784318520D-01
 -0.960434417798D-02 -0.639611687899D-02 -0.318419085425D-01  0.205619003298D-02
 -0.405803546224D-01  0.379393125307D-01 -0.513137341954D-02  0.690051176313D-02
 -0.180370910981D-01 -0.355673466628D-01  0.202000120389D-01 -0.298948753486D-01
  0.556764556776D-02  0.170734441174D-01 -0.840318440707D-02  0.341613558791D+00
 -0.129516886528D-01  0.663349696155D-02  0.135770230012D-01  0.100360454433D-02
  0.281146295760D-02  0.959694503351D-02  0.390613921015D-02 -0.920915890412D-02
 -0.387421389067D-02 -0.178501977181D-02 -0.716136599019D-03 -0.167017556695D-02
  0.112231835696D-02 -0.489199121925D-02 -0.328851778535D-01  0.719086065700D-02
  0.250482386526D-01  0.111310401825D-01 -0.896858070485D-02 -0.187398287290D-01
 -0.122874750044D-01  0.771413793602D-02 -0.316920304053D-01  0.400215777917D-02
 -0.190049391462D-02 -0.621474283812D-02  0.143174484122D-01 -0.175862849632D-01
  0.127329249506D-01  0.132894969526D-01 -0.270060670427D-01 -0.427093194937D-02
  0.763998814571D-02  0.596701370328D-02  0.182423155727D-01  0.311489520230D-01
 -0.447254586214D-01 -0.205321083227D-02  0.761876169955D-02 -0.292708125856D-01
  0.118396649000D-01  0.260756276483D-01  0.312684720200D-01  0.291205631255D-01
  0.132062436200D-01 -0.965457462061D-02  0.142369058130D-01 -0.226360961680D-01
 -0.116914775613D-01 -0.223265679400D-01 -0.181519054750D-02  0.363753851492D-01
  0.326984547770D-02  0.303843623256D-01 -0.357393939574D-01 -0.374657437893D-01
 -0.133265430385D-01  0.655550990514D-02 -0.151250031709D-01 -0.198052960564D-01
  0.475650003621D-01  0.859274108537D-02 -0.158208722630D-01  0.548701528836D-01
  0.136745591350D+00 -0.171569370121D-01  0.120961366225D-01 -0.112311857299D-01
  0.593003387881D-02  0.108642157279D-01  0.627290205447D-02 -0.162783317262D-02
 -0.569150437775D-02  0.698096808256D-02 -0.277467897033D-02 -0.144327842151D-01
  0.201488010179D-02 -0.536363076113D-02  0.117232563373D-01 -0.181853583897D-01
  0.842669782276D-02  0.975569768372D-02  0.408158231584D-01 -0.571038725801D-02
 -0.148034016670D-01  0.656066059531D-03  0.689847025668D-01 -0.193968356184D-02
 -0.140732021664D+00 -0.111955382746D-01  0.413793216677D-01 -0.482572848869D-01
  0.831412874348D-03  0.148430198624D-01 -0.389925885506D-01 -0.228520796797D-02
 -0.259562463102D-01 -0.425763473584D-01  0.171464415497D-01 -0.236222590638D-01
 -0.256822350618D-01 -0.146949531568D-01 -0.375742205466D-02  0.157654846117D-01
 -0.412517408832D-01 -0.102354275424D-01 -0.169411914411D-01  0.868279678351D-02
 -0.105335112598D-01  0.106066941931D-01 -0.119154467140D-01  0.815405183454D-02
  0.298514789547D-02  0.165361023325D-01  0.153775960767D-01 -0.213490855768D-01
  0.110468977598D-02 -0.402146081961D-02  0.244680201389D-01 -0.575533489714D-02
 -0.666079904723D-02 -0.160327132815D-01  0.173589011095D-01 -0.364708006516D-03
 -0.319287368833D-01  0.462521101935D-01 -0.186502090288D-01 -0.257370864639D-01
 -0.329709688295D-01 -0.170405840692D-02  0.312271753535D+00 -0.843884286906D-02
 -0.239126520681D-01  0.151968907412D-01 -0.753741164852D-02 -0.129564109415D-01
  0.163731759642D-01 -0.469777434616D-02  0.129834782302D-01  0.246593284797D-02
 -0.453790598410D-01  0.552820992491D-01 -0.182200649738D-01 -0.470653655886D-01
 -0.235492042216D-01 -0.551121367531D-01 -0.129983557741D-01 -0.108561406138D-02
  0.241695069436D-01  0.728419234442D-02  0.350611429027D-02  0.199310424579D-02
 -0.540163134286D-02 -0.443201417152D-01  0.136961926807D-01  0.227825744869D-01
 -0.104172062925D-01 -0.259496893225D-01  0.168792182185D-01  0.119239861201D-01
 -0.247904517862D-01 -0.124091730105D+00 -0.179468866915D+00  0.268983399072D-01
 -0.494852007782D-02  0.492918602055D-01 -0.115146904142D-01  0.150845557383D-01
 -0.234856348730D-01  0.248391337218D-01 -0.114214435933D-02 -0.157031077007D-01
  0.109830170940D-01 -0.209433145395D-01 -0.217059940962D-02  0.289323650083D-01
  0.656420545068D-02  0.146567729788D-01  0.412285227555D-02 -0.120701971102D-01
  0.119990394888D-01 -0.567029898200D-02 -0.260625530745D-01  0.160080002015D-01
 -0.163430889192D-01  0.157636704139D-01  0.607652433779D-02 -0.262135123129D-02
  0.729637795885D-02  0.186358128853D-01 -0.102474378411D-01  0.211505329460D-03
 -0.359636719900D-01  0.690210433175D-02 -0.276272818967D-01 -0.216852052523D-01
  0.143354985157D-01  0.279639294241D+00 -0.928508724175D-02  0.118690143285D-01
 -0.178789338384D-01 -0.615824586673D-02 -0.100632024564D-01 -0.195914359748D-01
 -0.870884129238D-02  0.100912756103D-01 -0.152984188595D-01 -0.922170273671D-02
  0.221860171322D-01  0.117204042829D-01  0.294859426314D-01  0.765205039926D-03
  0.199026020748D-01 -0.135251976870D-01 -0.197453696292D-01  0.135153087183D-01
 -0.138319609435D-01 -0.650960498839D-02  0.104453830154D-01  0.724491834302D-02
 -0.155295487889D-01 -0.116308987061D-01 -0.297782642685D-02  0.741029071998D-02
 -0.158863623766D-01 -0.182472485794D-01 -0.236250966743D-01  0.333197102861D-02
 -0.110475768685D+00 -0.214271687006D+00  0.756529420267D-01  0.890527356028D-02
  0.951162886243D-02 -0.226758781884D-01 -0.388221286871D-03  0.912945821011D-02
  0.142726504161D-01 -0.270544042821D-01  0.179073556417D-01 -0.298873533647D-01
 -0.177333023953D-01 -0.179332567518D-01 -0.446919125978D-01  0.125966530643D-01
  0.332800563252D-02  0.203574176769D-01 -0.241999319622D-01  0.626156014635D-02
 -0.450089266998D-01  0.117547400745D-01 -0.289016307793D-01 -0.995073948816D-02
  0.122042493934D-01  0.524616298962D-02  0.328363009635D-01 -0.920832508203D-02
 -0.657112919714D-02  0.161710199863D-01 -0.152578604192D-01 -0.870312300556D-03
 -0.324048963517D-01  0.163106076444D-01 -0.232829262892D-01  0.607391992655D-02
  0.182116015723D+00  0.329817619850D+00 -0.974257885134D-02  0.393787436480D-02
 -0.187894745689D-01 -0.597735805616D-02 -0.418366349241D-03 -0.951400270573D-02
 -0.958479089401D-02 -0.108288715014D-02 -0.260283432663D-02  0.125858901533D-01
 -0.277946139012D-01  0.213101926710D-02  0.326019888034D-01  0.132657007780D-01
  0.342928140763D-01  0.498536416886D-02 -0.174953183398D-01 -0.180900627947D-01
 -0.131084619587D-01  0.153222861167D-01  0.126908517174D-01 -0.834023522213D-02
 -0.357572229501D-02 -0.822514890536D-02 -0.245478870006D-02  0.171020059316D-02
 -0.114693755494D-01  0.366955259791D-01  0.373172712359D-01 -0.559266796296D-02
  0.303976925784D-01  0.103338378511D+00 -0.862718487091D-01  0.775551841664D-02
 -0.417848109013D-02  0.829676566952D-03  0.197405078241D-01  0.338947893001D-02
 -0.220546334999D-01 -0.787127848910D-02  0.186152033637D-01 -0.895627469952D-02
 -0.252484912267D-01 -0.275901280507D-01 -0.970053566856D-02  0.157685674613D-01
  0.294814153095D-02 -0.161836355266D-01 -0.158330581080D-01  0.173882969014D-01
 -0.301401907149D-01  0.810959677272D-02 -0.204002262155D-01  0.161708580069D-02
 -0.127525613763D-01 -0.458523315518D-02  0.294014299110D-01 -0.250180296738D-01
  0.895787895195D-02  0.175223981262D-01  0.751805395090D-02  0.705545778995D-03
 -0.295436906720D-01  0.474885448974D-02 -0.133699256822D-01  0.429885585337D-02
 -0.643972342489D-01 -0.541179315794D-01  0.141844773573D+00  0.749270544684D-02
 -0.884244904059D-03  0.124700347969D-01 -0.126662991145D-01  0.100740693050D-01
 -0.622593486049D-02 -0.136553401751D-01 -0.314519883740D-03 -0.124685427047D-01
 -0.979838125200D-02 -0.123582503303D-01 -0.237661236230D-01 -0.520580302735D-01
 -0.129550570527D-01 -0.279899639478D-01 -0.382095144005D-02  0.215339215742D-01
 -0.411121760267D-03 -0.318445668828D-01  0.927441900483D-02 -0.599444937544D-02
  0.151462498577D-01 -0.705541748245D-02 -0.124766977622D-01  0.297299739803D-01
 -0.263917658929D-01 -0.298326082083D-01  0.185579874665D-01 -0.198196159227D-02
 -0.584088299852D-02 -0.417790736768D-01 -0.630526539453D-01 -0.943543422068D-01
 -0.187142619310D-01  0.360911262808D-01  0.308471119686D-01 -0.178774452644D-01
 -0.332588859366D-02  0.116624890320D-01  0.232725581171D-01 -0.344639671867D-02
  0.192550334185D-01 -0.107972950479D-01  0.301194445272D-01  0.510141460625D-02
 -0.232609462474D-01 -0.141925335076D-02  0.581629956894D-02 -0.304977958106D-01
 -0.191484889663D-01  0.516706620350D-02 -0.174328003099D-01  0.227636605373D-01
 -0.842630975526D-02 -0.285730220359D-01 -0.974762861905D-02  0.538467943243D-02
 -0.402159180012D-01 -0.159588119721D-02 -0.117502463500D-03 -0.812908372196D-02
 -0.291933342791D-01  0.194569240445D-01 -0.197138837877D-01  0.152570221975D-01
 -0.376283946551D-01  0.134048729501D-01 -0.185398667523D-01 -0.208380481602D-01
  0.218506256213D+00  0.150137542060D-01 -0.223910409769D-01  0.459961985237D-02
  0.974221939109D-02 -0.217312256051D-01 -0.272158885671D-02  0.459573293223D-02
  0.503715942536D-02  0.621876984744D-03  0.104779011701D-01 -0.249622719989D-01
  0.404376591210D-02  0.154758512799D-01  0.121982321186D-01  0.339767859780D-01
 -0.157257774856D-01 -0.911569679079D-03 -0.213061380413D-01 -0.754832323468D-02
  0.388059224884D-01  0.993911472059D-02  0.308906645013D-02  0.725836935329D-02
 -0.129178007436D-02 -0.285694228457D-01 -0.551523599315D-03  0.381461205825D-01
  0.212004427537D-01 -0.178069148894D-01  0.137919371164D-01 -0.988832610081D-01
 -0.129327663467D+00 -0.125060518662D+00 -0.261018213231D-01 -0.360892837869D-01
 -0.400455630060D-01 -0.231405978068D-02 -0.206285650572D-01 -0.230236331397D-01
  0.701243261474D-02 -0.514531730057D-01  0.155908530826D-01 -0.138710929937D-01
 -0.380912190358D-01 -0.201320019252D-02  0.201849470031D-01 -0.294090547664D-01
 -0.713718819721D-02  0.109980903092D-01  0.168907292851D-01 -0.540977495783D-02
 -0.181735505889D-01 -0.253318611883D-01 -0.519659222719D-02 -0.616740487626D-02
  0.418118397266D-01  0.116943827974D-02 -0.118673902824D-01  0.398356555629D-01
  0.866624500415D-02  0.269567948177D-01  0.123735866759D-01 -0.582122438322D-02
  0.273057805841D-01 -0.339763317172D-01  0.762686389616D-02 -0.369643326873D-01
 -0.305170667947D-01 -0.137347363385D-01  0.620461159642D-01  0.239204742649D+00
 -0.376147602764D-02  0.221236086717D-01 -0.215009994528D-01  0.391871258023D-02
  0.153291495319D-01 -0.143450317471D-01  0.118435874325D-01 -0.341040555669D-02
 -0.442336840886D-03  0.444061565620D-02  0.538941770278D-02 -0.213319701305D-01
  0.231966680788D-01  0.117633754464D-01  0.314480089788D-01  0.168406231699D-01
 -0.240687713311D-01 -0.213698813340D-01  0.496035228722D-02  0.148363636263D-01
  0.156014626734D-01 -0.162297028447D-02  0.257909543464D-02 -0.293761332649D-01
  0.273279898101D-02 -0.969087293053D-02 -0.360710777541D-01  0.208034832843D-01
 -0.959182717585D-02  0.516850782828D-02 -0.127272252205D+00 -0.770818371114D-01
 -0.227565411778D+00 -0.428151011294D-01  0.333292468531D-01  0.138377637242D-01
  0.177835460842D-02  0.774844522528D-02  0.782632113402D-02 -0.166368846112D-01
 -0.227905812894D-02 -0.753474536877D-02  0.969444447750D-02  0.279896195593D-02
 -0.115408930720D-01  0.163685004298D-01 -0.982458459295D-02  0.360989704897D-01
 -0.343248531760D-01 -0.594089204579D-02 -0.409848585262D-02  0.110999744284D-01
  0.497127940951D-02 -0.122480926320D-01  0.306847801659D-01  0.258320484373D-02
  0.346458148720D-01  0.137731225453D-01 -0.137917588117D-01 -0.505915113193D-02
 -0.542619899649D-01 -0.175614877144D-01 -0.224510096982D-01 -0.383106791962D-02
  0.413974227387D-02 -0.306159898146D-01 -0.125373257580D-01  0.368555985294D-01
  0.186577256268D-01  0.149301512558D+00  0.687667744421D-01  0.368499017892D+00
 -0.117839439164D-01 -0.168548443385D-02 -0.207835419105D-01 -0.114151263995D-01
 -0.939552251153D-02 -0.197370543164D-02 -0.353817972270D-02  0.324863701826D-03
  0.117995280191D-01 -0.193717503430D-01  0.217123742410D-01 -0.119931982482D-01
  0.116947364599D-01 -0.161706289418D-01  0.990816803368D-02  0.175670962196D-01
 -0.232579052844D-03  0.113541098739D-01 -0.207826063661D-01 -0.158655136352D-01
  0.552710034303D-02 -0.187230027826D-01  0.184954539794D-02  0.176478517646D-02
 -0.115036499112D-01 -0.128253258757D-01 -0.731038668406D-02 -0.300608327310D-01
  0.191076135772D-02  0.268358436635D-01 -0.351266511665D-01  0.399567112911D-02
 -0.414872596064D-01 -0.329351378433D+00  0.788015395769D-01 -0.169219018722D-01
  0.476968884180D-02 -0.605960441186D-03 -0.158061187737D-01  0.969120639914D-02
  0.824047869337D-02 -0.315654045895D-01 -0.200583421290D-01 -0.297769492800D-01
 -0.784751285784D-02 -0.143762863682D-01 -0.110567983390D-01  0.765696597533D-02
 -0.114124689219D-01  0.206406989569D-01  0.135069200167D-01  0.857718439526D-02
  0.284391668936D-02  0.133165802543D-02 -0.407985958636D-01  0.106161889991D-01
 -0.384453720821D-01 -0.187210985264D-01 -0.180484128005D-01  0.145529680893D-01
  0.305379364927D-01  0.104262938344D-01  0.387374582227D-02  0.217250980157D-02
  0.442190709701D-02  0.173796372864D-01 -0.563276999743D-02 -0.363595185383D-02
  0.144217447671D-01  0.592722477180D-03  0.136118204145D-01 -0.888201173352D-02
  0.520013223519D+00  0.110664673648D-01 -0.286674852152D-01  0.160379724360D-01
  0.243220823589D-03 -0.175798439699D-01  0.754710170421D-02 -0.889385423754D-02
  0.943346086173D-02 -0.925857908545D-03 -0.924225497147D-02 -0.193926505675D-01
 -0.917587840711D-02 -0.373451197610D-01  0.242010353919D-02 -0.267557754693D-01
 -0.266798775840D-01  0.919739219608D-02  0.684839154623D-02 -0.458930775263D-03
  0.268047504495D-01  0.135035056277D-01  0.109195759002D-01 -0.168208808895D-01
  0.925331879006D-02  0.336362204958D-02 -0.223847148664D-01  0.854698033941D-02
 -0.280551320411D-01 -0.250743742729D-02 -0.180113067416D-02  0.258227490350D-01
  0.195044824002D-02 -0.130564201842D-01  0.386112632841D-01 -0.464726460395D-01
  0.465289240259D-01 -0.246755719241D-01 -0.355140002510D-01  0.634130957730D-02
  0.172699234083D-01 -0.385188758124D-01  0.729266435220D-02 -0.232633851836D-01
 -0.409556697893D-02  0.218574391257D-01 -0.969100612546D-02 -0.113911876718D-01
 -0.239797098482D-01  0.277010648691D-01  0.737123053242D-02  0.106091591499D-02
 -0.471030004599D-01 -0.710810212441D-02 -0.125110281197D-01  0.165356159329D-01
  0.383994676854D-01  0.362014044358D-02 -0.156704753621D-04  0.420374765533D-01
  0.819492199192D-02  0.267508796021D-01 -0.135958670532D-01  0.201185473337D-01
 -0.114411489658D-01 -0.228736291847D-01 -0.481144931811D-02  0.443655224435D-01
 -0.271200373293D-01 -0.152450558973D-01  0.329029227677D-01  0.453279933185D-01
 -0.569732274582D-01 -0.584320174795D-01  0.151049502928D+00 -0.879058689215D-02
  0.878792206632D-02 -0.349159634863D-04 -0.196789359475D-01  0.141018352928D-01
 -0.974509383280D-02 -0.206272340770D-01 -0.363108963306D-02 -0.208446998733D-01
 -0.936357565715D-02 -0.345863807204D-01 -0.655118090333D-03 -0.340947871636D-02
 -0.230398103134D-01  0.661630308857D-02 -0.863567029146D-02 -0.471117335636D-02
  0.751662784755D-02 -0.358062854361D-01 -0.734664201377D-02 -0.781619927102D-02
 -0.500682755827D-02 -0.176396385016D-01  0.749275541967D-02  0.141049273470D-02
 -0.171673351175D-01  0.434626240147D-02  0.932189250833D-02 -0.228212586222D-01
 -0.494125174491D-01  0.345805606098D-01 -0.489883063658D-02 -0.271037721779D-01
  0.171668753292D-01  0.529098693853D-02 -0.901824378358D-01  0.266796152915D-01
  0.123245609288D-01  0.853512806264D-02  0.143151402089D-01  0.364402355623D-01
  0.112791712150D-01 -0.337845666410D-01  0.155757910302D-01  0.268134649709D-02
 -0.656431368731D-02  0.253552328325D-01 -0.239102805572D-01 -0.241160941551D-01
  0.431554313596D-02 -0.333747413129D-01 -0.290942485718D-01 -0.156477907419D-02
 -0.102474266731D-01 -0.219861191897D-01 -0.756866323658D-02  0.930865040187D-02
 -0.671081241705D-01  0.970616620757D-02  0.279650773428D-01  0.264099262476D-01
 -0.124920658847D-01 -0.599187733838D-02  0.813318625674D-02 -0.341749517723D-01
  0.192102374156D-01  0.294422236315D-01  0.416316554119D-01  0.576476792013D-01
  0.552181864997D-01  0.243411398695D-01 -0.639105962045D-01  0.314075435351D-01
  0.286882999452D-02  0.237312891857D+00  0.110478297766D-01  0.225570629343D-01
 -0.498045058168D-02 -0.912431054196D-02  0.383312140252D-02 -0.287658659589D-01
 -0.230061385706D-01  0.396471798896D-03 -0.189355565976D-01 -0.389081316446D-02
  0.600987712534D-02  0.232647002031D-02 -0.161848934505D-02 -0.102310459747D-02
  0.273089465381D-01 -0.283138190628D-02 -0.104902033512D-01  0.490735354309D-02
 -0.658218372772D-01 -0.155124289659D-01 -0.677123197249D-02  0.205857174602D-01
  0.171858244569D-01  0.360180763763D-03  0.836906162071D-02  0.148366968546D-01
 -0.795483822921D-02  0.330479605282D-01 -0.179134540358D-01  0.281115607540D-01
 -0.723257483459D-02 -0.199274924824D-01  0.235567344399D-01 -0.672380573198D-01
  0.245991940889D-01 -0.675347393491D-01 -0.264579696918D-01  0.228758912253D-01
 -0.251528372294D-01  0.253271715700D-01  0.965129023542D-02 -0.491893303161D-02
 -0.122791264195D-01 -0.568607947541D-02 -0.374151878861D-01 -0.258100219439D-01
 -0.183494627436D-01  0.285933153090D-02 -0.111945179485D-01 -0.113924215485D-01
 -0.310737167889D-02  0.200625608081D-01 -0.843558310200D-02 -0.199058775465D-02
 -0.509784791811D-01 -0.567832119075D-03 -0.133275595585D-01 -0.651315305728D-01
 -0.301825892862D-01  0.246825267712D-01  0.736285165988D-02  0.198138495736D-01
  0.467178340549D-02 -0.885032060207D-03 -0.252466373786D-03 -0.326379721370D-01
 -0.308735145617D-01  0.278313430592D-01  0.258376095999D-01  0.541317684644D-01
  0.184754872157D-01 -0.154915978740D-01 -0.295962102719D-02  0.297441425031D-01
  0.398864181385D-01  0.227398494479D+00  0.949912499362D-02 -0.484223030161D-02
  0.103161012200D-01  0.104868982912D-02 -0.730244718899D-03 -0.517621480736D-03
  0.154854400596D-02  0.121038352410D-01  0.662462034534D-02 -0.299242666504D-01
  0.485576086492D-01  0.133797574116D-01 -0.155058156577D-01 -0.234475036443D-01
  0.858023647892D-02  0.118515411112D-01  0.351527022179D-02 -0.296314789415D-01
  0.198169761648D-02  0.223622906069D-02 -0.147551820381D-01  0.527502235667D-02
 -0.672178701615D-02  0.708472301299D-02  0.380937103542D-02 -0.157981261112D-01
  0.246633815080D-01 -0.701144060599D-03 -0.509234405155D-01 -0.313117435233D-02
  0.261003001794D-01  0.966627292577D-02 -0.234414942711D-01  0.613110754016D-01
 -0.185739443091D+00  0.105090790746D+00  0.295179129097D-01 -0.517521725067D-02
  0.443808949407D-01  0.194506144294D-01 -0.236009689550D-01 -0.117761522737D-01
  0.358409283427D-01 -0.155571934896D-01 -0.246465266250D-01  0.132188527967D-01
 -0.237498337477D-01  0.705637615744D-01 -0.596767798545D-01 -0.671299887059D-02
  0.235864253103D-01 -0.118923704897D-01  0.217554959187D-01 -0.117331757286D-01
  0.890377523291D-04  0.673341614194D-02 -0.467059270952D-01 -0.550964527423D-02
 -0.964629601804D-02 -0.717109026477D-02 -0.576768599367D-02 -0.205571119826D-02
  0.975313388399D-02  0.119917156808D-01 -0.364355172787D-01  0.929084504427D-02
  0.483742197434D-02 -0.858272517892D-02 -0.233076310117D-01 -0.286520925981D-01
  0.244345349643D-01 -0.299954108910D-02 -0.166491544412D-02 -0.199489009236D-01
 -0.909728038834D-02 -0.780771343925D-01  0.310665475186D+00 -0.450604382568D-02
 -0.180163422306D-03  0.278204720191D-02 -0.753247376367D-03 -0.144654986896D-01
  0.811664254727D-02 -0.131935287905D-01  0.168609436254D-01  0.196412111855D-01
 -0.130760850379D-01  0.478374072239D-01 -0.800557544129D-02 -0.279418145993D-01
  0.513558769264D-02 -0.535564661794D-03 -0.120008416886D-01  0.159959338472D-01
  0.768337591855D-02 -0.952014147532D-02 -0.164514118342D-01 -0.444353668258D-02
 -0.106003968387D-01  0.136078947628D-01  0.115396556303D-01 -0.106539731872D-01
  0.208609343450D-01  0.484379057236D-02  0.168355314412D-01 -0.576063381349D-02
 -0.177867884380D-01 -0.992440582499D-02 -0.437398501481D-01 -0.123472609368D-01
 -0.837948068294D-01  0.168990011988D+00 -0.264552421487D+00  0.142320441793D-01
  0.269260525805D-02  0.650318334357D-02 -0.959694023741D-04 -0.330063052998D-01
 -0.203715958363D-01  0.666812896309D-02 -0.363904363969D-01 -0.148761096580D-01
  0.700433460682D-02 -0.245562609961D-01  0.375782207378D-01 -0.140436348121D-01
  0.675045936256D-02  0.274658333828D-01  0.307944478488D-01  0.112585827808D-01
 -0.143790257610D-01 -0.121554582642D-01  0.114263206512D-01 -0.478952871232D-01
  0.225677572496D-01 -0.359663579253D-01 -0.744167395723D-02  0.688031963562D-02
  0.290595934703D-02  0.823049120539D-02  0.736267185820D-02 -0.127578128470D-01
  0.219149920029D-01  0.270534323212D-01  0.162565139679D-01 -0.437999334154D-01
 -0.333098296478D-01  0.214814023551D-01 -0.232178714306D-02  0.316956951626D-01
 -0.143854299186D-01 -0.566824541701D-01  0.844758143340D-01 -0.124400395917D+00
  0.359139570983D+00
$end
