$dipgrad          cartesian dipole gradients
  0.25009855028459D+00  0.11103495198465D+00  0.15330869409826D-01
  0.56367812949184D-01  -.22393550107004D-01  0.44823464375173D-02
  0.23151948144743D-01  0.38155314342354D-01  0.88028292233699D-01
  0.15321944979245D+00  0.20916539212976D+00  -.23574469157522D+00
  0.18506755573206D+00  0.53907353179814D+00  -.92511143344144D-01
  -.94261377688764D-01  -.57525033970418D-01  0.32623299987256D+00
  0.14376560316281D+00  0.11741364177606D+00  -.12323965478312D+00
  0.26382641873607D+00  0.51649795269915D+00  -.12894804086063D+00
  -.30918368698877D+00  -.90086869197520D-01  0.22802896868591D+00
  0.13020848401528D+00  -.16205938858193D+00  0.79815684838430D-01
  -.10732603256680D+00  0.14796365916929D+00  -.10883057712768D+00
  0.16944681632750D+00  -.16942025365794D+00  0.15452570791114D+00
  -.16380481359895D+00  0.13792658213271D-01  -.13236137754219D-01
  -.22499819753679D-01  -.25080633192869D+00  0.53506406124446D-01
  -.59898186391216D-01  0.28081083775701D-02  -.13027700807548D+00
  0.12408025397934D+00  0.10584851590579D-01  0.25292345563406D-01
  0.46155116916900D-01  0.90322609752103D-01  0.33768789245990D-01
  -.85888547983613D-01  0.29357433281813D-01  0.11956915236878D+00
  -.21632053718827D-01  -.16461468805444D-01  0.12662984295266D-01
  -.21681316596542D-01  0.11144067643578D+00  -.30308894340605D-01
  0.16117236673856D-01  -.40059445580937D-01  0.99013774358167D-02
  0.14441863371882D+00  -.10147905463486D-01  -.13664793808757D-01
  -.11899110340544D-02  0.12760979346737D+00  0.25399385155140D-02
  0.45535432504782D-01  0.46562767392129D-01  0.12734630019828D+00
  0.63594107586623D-01  -.79627250538981D-01  0.54327085407713D-02
  -.55896641907055D-02  -.15171836801935D+00  -.10500241335785D+00
  -.57425368754567D-02  -.71483444990071D-01  0.69745092422765D-01
  0.88310507226105D+00  0.12996501916803D+00  -.72424858904757D+00
  0.12027504965192D+00  0.11741507992938D+01  0.23816335848774D-01
  -.85244291109199D+00  0.10234276437748D+00  0.12557502924967D+01
  -.63607834183625D+00  -.87734471949089D-01  0.28215642014401D+00
  -.23636481095895D+00  -.92562166605164D+00  0.20451631414811D+00
  0.28722191875790D+00  -.16495075388062D-01  -.62322628561533D+00
  -.73894117110624D+00  0.38826730864339D-01  0.46194285828981D+00
  0.16658223188698D+00  -.33892079466116D+00  -.16102191844165D+00
  0.61881760580629D+00  -.73828175625908D-01  -.10425083676523D+01
  -.10098399714561D+01  -.45522712008715D+00  0.40315269785787D-01
  -.41064412935934D+00  -.70502089357847D+00  0.85072674179171D-01
  -.88838211455377D-01  0.41914553165909D-01  -.44608433774622D+00
  0.15926703757758D+01  0.62032812603591D+00  -.15340902449025D-01
  0.59725901645738D+00  0.15611786362782D+01  -.83507801150257D+00
  -.65103581369666D-01  -.93528600033455D+00  0.93201525270111D+00
  -.82405062313006D+00  -.48179081587867D+00  0.20398058593985D+00
  -.50237875356054D+00  -.12410795153235D+01  0.46119735417713D+00
  0.25073498666808D+00  0.53902454638257D+00  -.72426215661632D+00
  -.54440602853697D+00  0.12088711898955D+00  -.84314569243044D-01
  0.34679819735303D-01  -.92002746143557D+00  0.38896486665819D+00
  0.94341564795714D-02  0.36530538908824D+00  -.60513248820790D+00
  -.31166403227513D-01  0.19713375238899D-01  -.68114142017167D-01
  -.17884102315473D-02  0.31008310597943D-01  0.19659022818631D-01
  -.93279766236770D-01  0.56504210419430D-01  -.25470461617696D-01
  -.83904003635676D-01  -.81082970099868D-02  0.40941507315222D-01
  -.70720083089221D-01  0.35108665569470D-01  -.26205397371911D-02
  0.85668030358114D-01  -.21919694240384D-01  -.28910401577400D-01
  0.14404636323333D-01  -.32796569715620D-01  0.50909016869177D-01
  -.18931959923400D-01  -.42595492285032D-01  -.17101028206797D-01
  0.10490477362997D-01  -.15178520202707D-02  -.15737363454939D+00
  -.40616132998732D-01  0.15345060146284D-01  0.72296926811290D-01
  0.24539814248318D-01  -.27979990356872D-01  0.32323790764537D-03
  0.12279923256428D+00  0.16706867765426D-01  -.40896924706905D-01
  -.85434588507244D-01  0.14249964264991D-01  0.63402852926421D-01
  0.34536870469372D-01  -.34859576183916D-02  0.55426368229247D-01
  0.23901600222420D-01  0.31650787945878D-01  -.86901083818148D-01
  -.27895774704280D-01  0.47709024697472D-01  -.40579623913504D-01
  0.45212347946652D-01  -.39547882099528D-01  0.11419641115007D+00
  -.23473423488785D-02  0.76026320536897D-01  -.37394985368756D-01
  -.22921384936668D-01  -.43325001585454D-01  -.16605214665741D-01
  -.61342351659686D-01  -.79874677383134D-01  -.11053489217362D+00
  0.17684055757596D-01  -.59223488821416D-01  0.12450124700869D-02
  0.25168840710845D-01  0.20224252111323D-01  -.10638767557372D-01
  0.34982741088662D-01  -.34506858713968D-01  0.82844169298873D-01
  -.15733985645055D-01  0.69269009377522D-01  -.43464135403124D-01
  0.54874398626141D-01  -.35067777220107D-01  -.26972324057029D-01
  -.55532687022066D-01  -.58521368468043D-01  -.69251783519271D-01
  -.20062992463069D-01  -.64384615670558D-01  -.21574520579471D-01
  -.11190538895924D-01  0.88914513129652D-02  0.13203730461862D-01
  0.20584894090177D-01  -.96764793656979D-02  0.11149795157614D+00
  -.32211822103414D-01  0.66058986739280D-01  -.34563123426984D-01
  -.99980552747872D-02  0.33811731028203D-02  0.15955368737308D-01
  -.38163911064877D-01  -.10194553913569D+00  -.11008782991136D+00
  -.97371760165692D-02  -.87941300243586D-01  -.50467602704102D-02
  -.12308093272692D+00  -.41430570094828D-02  0.37779323825444D-02
  0.84877737157275D-02  0.52979582355955D-01  -.22393711815053D-01
  -.54113783191509D-02  -.49683903509739D-01  0.47899216899612D-01
  0.75827465418885D-01  0.68291807450465D-01  -.20115795020693D-01
  0.19817893675589D-01  -.12276431141522D-02  0.44815804419319D-01
  0.19387189687325D-01  0.47259630256767D-01  -.45681276873833D-01
  0.33068581706833D+00  -.56053569739685D-01  -.11852875662957D-01
  -.37270718675816D-01  0.18302584052263D+00  0.53725437979125D-02
  -.10232966210364D-01  0.34405845648131D-01  0.32757152564767D+00
  0.15910022274798D+00  -.44483841471587D-01  0.13861247437126D-01
  0.99084366073040D-02  0.18816588739508D+00  0.56148832066475D-01
  0.68367952107512D-01  0.69945266262019D-01  0.23979887893815D+00
  0.22973890682107D+00  -.52778064021042D-01  0.33897718075078D-02
  -.76859234220553D-01  0.19642452431499D+00  0.45541417739147D-01
  -.18382170234456D-01  0.10555735189204D+00  0.17110988182731D+00
$end
