$energy      SCF               SCFKIN            SCFPOT
     1 -532.1297348730      529.8375540051     -1061.967288878
     2 -532.1270927664      530.2685700392     -1062.395662806
     3 -532.1294922175      530.1857658330     -1062.315258050
     4 -532.1320770900      530.0314272309     -1062.163504321
     5 -532.1325707622      530.0071056416     -1062.139676404
     6 -532.1329410724      529.9765469265     -1062.109487999
     7 -532.1334002009      529.9983176409     -1062.131717842
     8 -532.1336971610      530.0696721388     -1062.203369300
     9 -532.1337574110      530.0687667743     -1062.202524185
    10 -532.1337927923      530.0673227785     -1062.201115571
    11 -532.1338422772      530.0650311622     -1062.198873439
    12 -532.1339182827      530.0647372401     -1062.198655523
    13 -532.1339554526      530.0665492446     -1062.200504697
    14 -532.1339905208      530.0730203449     -1062.207010866
    15 -532.1340456586      530.0833588013     -1062.217404460
    16 -532.1340718055      530.0895715099     -1062.223643315
    17 -532.1340874436      530.0908728554     -1062.224960299
    18 -532.1341060576      530.0893335066     -1062.223439564
    19 -532.1341189754      530.0872902191     -1062.221409195
    20 -532.1341331306      530.0855877619     -1062.219720893
    21 -532.1341613773      530.0836440967     -1062.217805474
    22 -532.1341884386      530.0824533796     -1062.216641818
    23 -532.1341973535      530.0842738259     -1062.218471179
    24 -532.1342090040      530.0842149613     -1062.218423965
    25 -532.1342316340      530.0846099173     -1062.218841551
    26 -532.1342502625      530.0830632800     -1062.217313542
    27 -532.1342605819      530.0816860466     -1062.215946628
    28 -532.1342837535      530.0790895538     -1062.213373307
    29 -532.1343195814      530.0744997724     -1062.208819354
    30 -532.1343446780      530.0759609439     -1062.210305622
    31 -532.1343736190      530.0815446019     -1062.215918221
    32 -532.1344133736      530.0850359855     -1062.219449359
    33 -532.1344324253      530.0957420320     -1062.230174457
    34 -532.1344546910      530.0772433902     -1062.211698081
    35 -532.1344685933      530.0824896321     -1062.216958225
    36 -532.1344814676      530.0764943100     -1062.210975778
    37 -532.1345042401      530.0647405341     -1062.199244774
    38 -532.1345204045      530.0644686242     -1062.198989029
    39 -532.1345344513      530.0655244596     -1062.200058911
    40 -532.1345530230      530.0654078752     -1062.199960898
    41 -532.1345643395      530.0721446983     -1062.206709038
    42 -532.1345819930      530.0720554953     -1062.206637488
    43 -532.1345916923      530.0730277121     -1062.207619404
    44 -532.1345976654      530.0736877233     -1062.208285389
    45 -532.1346089565      530.0715806428     -1062.206189599
    46 -532.1346136400      530.0770970400     -1062.211710680
    47 -532.1346159722      530.0770951310     -1062.211711103
    48 -532.1346205177      530.0810230921     -1062.215643610
    49 -532.1346252041      530.0860305705     -1062.220655775
    50 -532.1346277118      530.0844737099     -1062.219101422
    51 -532.1346296519      530.0835956397     -1062.218225292
    52 -532.1346334805      530.0841612828     -1062.218794763
    53 -532.1346363219      530.0841807184     -1062.218817040
    54 -532.1346331461      530.0802619260     -1062.214895072
    55 -532.1346417554      530.0833826365     -1062.218024392
    56 -532.1346429995      530.0832721798     -1062.217915179
    57 -532.1346459631      530.0823478114     -1062.216993774
    58 -532.1345715105      530.0458576360     -1062.180429147
    59 -532.1346697752      530.0781215727     -1062.212791348
    60 -532.1346777972      530.0756568620     -1062.210334659
    61 -532.1346837478      530.0777467941     -1062.212430542
    62 -532.1346855513      530.0809517392     -1062.215637290
    63 -532.1346892712      530.0840949679     -1062.218784239
    64 -532.1346917262      530.0828777782     -1062.217569504
    65 -532.1346925808      530.0811319043     -1062.215824485
    66 -532.1346930121      530.0801785863     -1062.214871598
    67 -532.1346935179      530.0786303236     -1062.213323842
    68 -532.1346947025      530.0775013127     -1062.212196015
    69 -532.1346996641      530.0765145112     -1062.211214175
    70 -532.1347024275      530.0747637452     -1062.209466173
    71 -532.1347095862      530.0770056944     -1062.211715281
    72 -532.1347182571      530.0808262235     -1062.215544481
    73 -532.1347231000      530.0816653865     -1062.216388486
    74 -532.1347357411      530.0825885977     -1062.217324339
    75 -532.1347502437      530.0762456908     -1062.210995935
    76 -532.1347523987      530.0759911700     -1062.210743569
    77 -532.1347580146      530.0804377610     -1062.215195776
    78 -532.1347619704      530.0876226683     -1062.222384639
    79 -532.1347661945      530.0812581354     -1062.216024330
    80 -532.1347680755      530.0822761651     -1062.217044241
    81 -532.1347715012      530.0860920514     -1062.220863553
    82 -532.1347751994      530.0837479746     -1062.218523174
    83 -532.1347807171      530.0800200629     -1062.214800780
    84 -532.1347880279      530.0742557816     -1062.209043809
    85 -532.1347906932      530.0621586360     -1062.196949329
    86 -532.1347947781      530.0696411342     -1062.204435912
    87 -532.1347991820      530.0758945457     -1062.210693728
    88 -532.1348033724      530.0760216288     -1062.210825001
    89 -532.1347969176      530.0614157797     -1062.196212697
    90 -532.1348082773      530.0822957704     -1062.217104048
    91 -532.1348093833      530.0809617304     -1062.215771114
    92 -532.1348101503      530.0777942688     -1062.212604419
    93 -532.1348110751      530.0779178810     -1062.212728956
    94 -532.1348128618      530.0832851263     -1062.218097988
    95 -532.1348125878      530.0814048430     -1062.216217431
    96 -532.1348139558      530.0809991642     -1062.215813120
    97 -532.1348148659      530.0793562084     -1062.214171074
    98 -532.1348166203      530.0816938067     -1062.216510427
    99 -532.1348167880      530.0808524324     -1062.215669220
   100 -532.1348173181      530.0800370817     -1062.214854400
   101 -532.1348174967      530.0801036738     -1062.214921170
   102 -532.1348174840      530.0802487150     -1062.215066199
   103 -532.1348175022      530.0803097304     -1062.215127233
   104 -532.1348178937      530.0805274323     -1062.215345326
   105 -532.1348184535      530.0802840623     -1062.215102516
   106 -532.1348187119      530.0800301160     -1062.214848828
$end
