$hessapprox
  0.466564029500D+00 -0.485797875929D-01  0.484325474245D+00 -0.114534138301D-01
  0.130819498384D-01  0.489115617393D+00 -0.982793769449D-01 -0.303594257681D-01
  0.156271671380D-01  0.548973226006D+00 -0.704265584607D-02 -0.911418762477D-01
 -0.532255311845D-01 -0.439588612090D-02  0.977262309312D+00  0.858843227582D-02
 -0.221604567050D-01 -0.347216606860D-01  0.843043773385D-01 -0.390661788927D+00
  0.637569361278D+00 -0.114247004862D-02 -0.115100270751D-01  0.757109724941D-02
 -0.135773832190D+00  0.150945367543D-01 -0.228790580907D-01  0.148713631998D+00
 -0.126421865188D-01 -0.547411170954D-01  0.656893008357D-01  0.376114196402D-01
 -0.678139728560D+00  0.359907947213D+00 -0.747917924811D-01  0.767638103016D+00
  0.203916013636D-02  0.580507191188D-01 -0.566876859077D-01 -0.459399305053D-01
  0.465154420884D+00 -0.464167293745D+00  0.745310337486D-01 -0.563911429514D+00
  0.621684465128D+00 -0.344895686732D-01 -0.176169339881D-01 -0.168344676510D-01
 -0.182774746031D+00  0.484762299454D-01 -0.814105452707D-01 -0.152776281435D-01
  0.400971353538D-01 -0.471171733785D-01  0.505107447288D+00 -0.299162817683D-01
 -0.481453666036D-02 -0.328983310688D-03  0.409827878768D-01 -0.106165871551D+00
  0.251848634881D-01  0.282474666820D-01 -0.524437390781D-01  0.749072919872D-01
  0.159208788375D+00  0.505494031564D+00 -0.380567742770D-02 -0.840647708734D-02
  0.314136002672D-01 -0.353093264305D-01 -0.671237596643D-02 -0.621956749013D-01
 -0.669316400545D-01  0.817806199582D-01 -0.131998036106D+00  0.741096322893D-01
 -0.130226810725D+00  0.265176540498D+00 -0.151389207244D+00  0.225209369812D-01
 -0.761993432239D-01 -0.454157656272D-01  0.144016512811D-01 -0.277949935174D-01
  0.139754991339D-01 -0.249296677590D-01  0.281042508596D-01 -0.190241896842D-01
  0.291628592164D-01 -0.107685512452D-01  0.390762934247D+00  0.360773304300D-01
 -0.823490517649D-01  0.181652744110D-01 -0.122559412523D-01  0.132332004275D-01
 -0.206422191016D-01 -0.294311178969D-02  0.216213698389D-02  0.403090234339D-02
 -0.117721587897D-01 -0.144110890815D-01  0.633567162296D-02 -0.138493490119D+00
  0.300308406224D+00 -0.491822042549D-01 -0.509781418556D-02 -0.113234389049D+00
 -0.226998349346D-01  0.199848799119D-01 -0.202784144186D-01  0.169054648268D-01
 -0.968109418654D-02  0.299754578727D-01 -0.514909468203D-03 -0.228293568330D-01
 -0.216531018293D-01  0.811516415638D-01  0.881262626897D-01  0.273845465124D+00
 -0.229656183932D-01  0.178923093017D-01  0.156227368155D-01 -0.272134406719D-01
 -0.319394478154D-01  0.315359420056D-01  0.745318023354D-02  0.190742300436D-01
 -0.407460241217D-01  0.751891593796D-02  0.169320095624D-01  0.103287005313D-01
 -0.996349286551D-01  0.158525610801D-01 -0.128734816234D-01  0.506928317563D+00
  0.465696680926D-03 -0.262805277337D-01 -0.782002773932D-03  0.583972651760D-03
  0.109112690904D-01  0.122158744301D-01  0.642302720819D-02  0.471848785672D-02
 -0.235174378575D-01  0.326736868673D-01  0.289204005031D-01  0.165296232890D-01
  0.506977981228D-01 -0.124385153854D+00 -0.235701693762D-01  0.233480282622D-01
  0.522210332526D+00  0.460637288294D-02  0.169743930984D-01 -0.388442065192D-02
 -0.492686181126D-02  0.250633896572D-01 -0.128989354199D-01  0.190816835781D-02
 -0.581676304239D-02  0.210420915331D-01  0.258936184856D-02 -0.374032945095D-02
 -0.507169614553D-02  0.501118889706D-02 -0.292568648309D-01 -0.686586063947D-01
  0.361716660658D-02 -0.302140992579D-01  0.439227868896D+00 -0.384987655703D-01
 -0.659030061518D-02 -0.232797649952D-01 -0.188426025604D-01  0.401752152305D-01
 -0.251258790998D-01 -0.212117146233D-01 -0.125341903714D-01  0.719826649452D-01
 -0.140855712434D-01  0.277926545258D-01 -0.653106943730D-02 -0.659908923174D-02
  0.311855964611D-01 -0.134452712458D-01 -0.151979432845D+00 -0.179075807307D-01
 -0.738400552862D-03  0.862536637978D+00  0.185440354779D-01  0.177056690811D-02
  0.335134720862D-01  0.590195768233D-02 -0.699553710426D-03  0.541387658142D-01
  0.323270870892D-01 -0.638886588554D-01 -0.691576492797D-01 -0.292327677663D-01
  0.104373115020D-02  0.370730870670D-01  0.398145876123D-01 -0.378087773809D-01
  0.115448340772D-01  0.167978246033D-01 -0.734428036717D-01 -0.182160553971D-01
 -0.321244686579D+00  0.838752935583D+00 -0.712046423359D-02 -0.169037680328D-01
 -0.104159747460D-02  0.140850041067D-02  0.157223274603D-01  0.590147543949D-02
 -0.100423929220D-01 -0.506477683004D-02 -0.617546757554D-02  0.367904918000D-03
  0.270400363381D-01 -0.728439841138D-02  0.318845469584D-01 -0.229789696602D-01
 -0.919286314259D-02 -0.397871671949D-01  0.741394153242D-02 -0.898400783896D-01
  0.516970662636D-01  0.189196772731D+00  0.428729049855D+00  0.191086382162D-01
 -0.997010335696D-02  0.326710464568D-01  0.123280629121D-01  0.319203321892D-02
  0.340391160619D-01  0.335706726170D-01 -0.920657217219D-02 -0.848329690843D-01
  0.159611331358D-01 -0.557666749896D-01  0.266128241694D-01 -0.330235398833D-01
 -0.933935731075D-02  0.113935121995D-01 -0.243994905432D-01  0.593760473675D-01
 -0.126632471114D-01 -0.508906015416D+00  0.361190789383D+00  0.524926620753D-01
  0.550039981426D+00 -0.144688768365D-01  0.174863233355D-01 -0.445713122079D-01
 -0.155320937826D-01  0.360070464806D-01 -0.623930768329D-01 -0.208690394684D-01
 -0.314642163261D-01  0.152600940225D+00 -0.106819278511D-01  0.442134960648D-01
 -0.476316172113D-01  0.249358937199D-01  0.166513710783D-01 -0.685137092737D-02
 -0.127885634355D-01 -0.174238926157D-01  0.158426190756D-01  0.430481282876D+00
 -0.528036711444D+00 -0.771288486148D-01 -0.510824553786D+00  0.676875150393D+00
 -0.228454643187D-02  0.193724623293D-01 -0.341409005647D-02 -0.613661387665D-02
  0.162913804904D-01  0.624984516269D-02  0.223175122099D-02 -0.393727696881D-01
  0.159828700276D-01 -0.152845159515D-01  0.229742920533D-01  0.231947987615D-01
 -0.100584991275D-02  0.118522708292D-01 -0.101211639384D-02 -0.340837504589D-02
  0.271867360231D-02  0.106835551847D-01  0.110253466071D+00 -0.842521263987D-01
 -0.119508120039D+00 -0.125683574722D+00  0.183110392733D+00  0.143380455675D+00
  0.423723503038D-02  0.627768957968D-01 -0.193716080893D-01 -0.316032206369D-01
 -0.175351923833D-01 -0.131134654188D-01  0.183339920324D-01 -0.133077583196D-01
  0.119324463864D-01 -0.459686524693D-01 -0.620442200544D-01 -0.159211155076D-01
 -0.535637347510D-02  0.744648519942D-02  0.157504917806D-01  0.168521899134D-01
 -0.763641237189D-01 -0.422986617847D-01 -0.138607186779D+00 -0.229110195042D-01
 -0.508990404678D-01 -0.438028043959D-02  0.621933314608D-01  0.395454193655D-01
  0.649034424429D+00 -0.102697331037D-01 -0.248432609439D-01  0.258271641617D-01
  0.157473080356D-01 -0.687806105550D-01  0.262028886023D-01  0.312226637541D-01
  0.501933194457D-01 -0.742556991368D-01  0.245898276735D-01 -0.606313004973D-01
  0.110490064967D-01 -0.105394852852D-01 -0.644478014665D-02 -0.111915283513D-01
 -0.740162789008D-02  0.120717475982D-01 -0.115037451017D-01 -0.922338901681D-01
 -0.143041861564D+00 -0.917214136232D-01  0.147730110596D+00 -0.169191732076D+00
 -0.104294050540D+00 -0.964860986568D-01  0.403771825609D+00  0.560557382682D-02
  0.289743580157D-01 -0.191650397818D-01 -0.846476758279D-02 -0.280000481835D-01
 -0.312114199901D-01 -0.428224917228D-02  0.567472851677D-01 -0.682621231162D-02
 -0.518092519595D-02 -0.811077131708D-01 -0.385753600174D-01 -0.226633327377D-01
  0.466560769743D-02  0.193522413624D-01 -0.188700957212D-02 -0.595962813710D-01
 -0.104847258441D-01 -0.119653931670D+00 -0.104209012399D+00 -0.156749767705D+00
  0.685507726391D-01 -0.122884855473D+00 -0.595286385896D-01  0.235935034420D+00
  0.181116550360D+00  0.365322991581D+00 -0.757799664888D-01  0.595426472947D-01
  0.214389267472D-01 -0.244543483134D-02 -0.252396202712D-01 -0.303038679830D-01
  0.383162514272D-01 -0.381017853289D-01  0.514014036899D-01 -0.135472428979D-01
 -0.557632517427D-01 -0.100457778180D-01 -0.254321317490D-01  0.424238859506D-01
  0.218212606527D-01 -0.265023534962D-01  0.194613745796D-01 -0.386832704349D-02
  0.190719964389D-01 -0.817168508304D-03 -0.223450025026D-01  0.909603866249D-02
  0.398227785081D-01  0.136630225653D-01  0.509251224201D-02  0.306087774980D-01
 -0.179796001679D-01  0.191056280128D+00  0.553633664446D-01 -0.224046734125D+00
 -0.479534961249D-01  0.158467517000D-01 -0.104919099180D+00  0.140134202980D-01
  0.643414758436D-02  0.214742474126D-01 -0.365235324963D-01  0.130167745284D-01
  0.158344570216D-01  0.185063410403D-01  0.641310751123D-02 -0.147137345420D-01
 -0.156850053114D-01  0.258537202555D-01 -0.119833460251D-01 -0.183104379347D-01
 -0.221605798749D-01  0.260169798089D-01  0.773863400618D-02  0.276502790797D-01
 -0.366567704575D-01 -0.154029069590D-01 -0.319969720277D-01  0.685304651171D-01
 -0.232534982522D-01 -0.678899677773D-01  0.326678044980D+00  0.248068561416D-01
 -0.619429631069D-01 -0.830208460299D-01 -0.392326027669D-02  0.218097447182D-01
 -0.157476208670D-01 -0.257804970002D-03 -0.296273638276D-02  0.314852801582D-01
 -0.519725965705D-02 -0.214749779073D-01 -0.165208684349D-01 -0.133377304439D-01
  0.149728994974D-01 -0.840819841921D-03 -0.708925242419D-02 -0.632778386573D-02
 -0.208518707211D-02  0.256900253840D-01 -0.397023850311D-01  0.381194860491D-02
 -0.229398707136D-01  0.358814509845D-01 -0.729939453594D-02 -0.721990631404D-02
  0.733616960457D-02  0.743587386865D-02 -0.948918909662D-02  0.653171615626D-01
  0.897692534841D-01 -0.640126228446D-01  0.766240543878D-02  0.315594932010D-01
 -0.446924388497D-02  0.322816441461D-02  0.136285153608D-01  0.246439867309D-02
 -0.379992893876D-02  0.251062536827D-01  0.907007550577D-03 -0.311830310723D-01
 -0.336719342622D-01 -0.102878849292D-01 -0.669930783570D-02 -0.417696298381D-01
 -0.336959648713D-02 -0.195511239551D-01 -0.158322449916D-02 -0.131035669377D-01
 -0.340781877622D-02  0.445325049146D-02  0.833633961775D-02 -0.143182493393D-01
 -0.248573722589D-01 -0.278312343104D-02  0.265648981794D-01  0.362839979290D-01
  0.394854340955D-02 -0.116403193219D-02  0.217184854401D-01  0.105125599956D+00
  0.820488472539D-03 -0.373905077254D-01 -0.746991582894D-02 -0.135155214823D-01
  0.307263724684D-01 -0.109079723019D-01 -0.730490280289D-02  0.191014602534D-02
  0.571747365411D-01  0.436116055630D-02 -0.314985805263D-01 -0.489687785780D-01
 -0.511843531297D-02 -0.365888092844D-03  0.166010547045D-01 -0.121778780438D-01
 -0.673358965318D-02  0.170624208121D-01  0.669055435132D-02 -0.347842563589D-01
  0.350575366580D-03 -0.135291799552D-01  0.231642473750D-01 -0.216999846104D-01
 -0.920034728733D-02 -0.927875328079D-02  0.362610933473D-01  0.133848249438D-01
 -0.380318475148D-01 -0.199770149720D-01  0.265341289983D-01  0.973597660825D-01
  0.321861682330D-01 -0.181274754148D-02 -0.208720609516D+00  0.266849674590D-01
 -0.651537102306D-01 -0.827640079263D-02  0.795844771015D-02  0.529302127818D-01
 -0.702084342254D-01  0.379872274568D-05  0.655386784158D-03  0.377557110109D-01
 -0.110434665117D-01 -0.549763344445D-02 -0.458331107093D-01  0.334362580588D-02
  0.131396879453D-01 -0.687523745608D-02 -0.234847037525D-01  0.191278651122D-01
 -0.110694305352D-01  0.160147927571D-01 -0.303863741811D-01  0.772397780970D-02
  0.297636926053D-01  0.245643208855D-01  0.659928373533D-02  0.160995479315D-02
  0.196250746825D-01 -0.202523450106D-01 -0.457807864068D-01 -0.327224248385D-01
  0.329777016776D+00 -0.806688168362D-02  0.215286260093D-01 -0.118144467414D-01
 -0.765846699874D-01 -0.266787819867D-01  0.956512387559D-02 -0.377356706087D-01
  0.370905753507D-01 -0.313914945186D-02 -0.251472762756D+00 -0.166685862777D+00
  0.353955649168D-01 -0.786238207725D-02  0.851930891333D-02 -0.209960802434D-02
  0.955274882341D-02 -0.399200244101D-01 -0.125825723094D-02  0.555588819884D-01
 -0.453366455291D-01  0.202943160492D-01 -0.927793775565D-01  0.647330431436D-01
  0.190157389769D-01  0.736191768443D-01 -0.111257007977D+00  0.328386501472D-01
 -0.685641974958D-01 -0.549076823329D-01  0.153073393967D-02 -0.105252748254D-01
  0.130479996145D-01 -0.191564803303D-01  0.442914074525D+00  0.111156870256D-02
  0.151875763239D-01  0.146091917726D-01 -0.308603352209D-01 -0.316798826979D-01
  0.356548793142D-01  0.191803796840D-01  0.261875320488D-01 -0.658613602920D-01
 -0.227279823798D+00 -0.308460356624D+00  0.840122257264D-01 -0.223948819906D-01
  0.929775464334D-02  0.188121374264D-02  0.772115255773D-02 -0.273286637932D-01
 -0.100114657269D-01 -0.356436709460D-01  0.449577717422D-01 -0.133095412597D-01
  0.430769410834D-01 -0.572946263688D-01  0.218378540264D-02  0.739154331415D-01
  0.272889552867D-01  0.401322451322D-01  0.206731286017D-01  0.351173161304D-02
  0.849668576926D-03  0.545101767235D-02 -0.108884873759D-01  0.163194218931D-01
  0.227365699301D+00  0.291987179224D+00  0.342759652474D-02  0.106648871216D-01
 -0.879456929485D-02 -0.164977839122D-01 -0.136952710467D-01 -0.122812497349D-01
 -0.441185849958D-02  0.168030913791D-01  0.580402426167D-02  0.745771988241D-01
  0.659082910757D-01 -0.852767169217D-01 -0.555095442914D-02 -0.853175491212D-02
  0.101105304842D-01  0.547261145918D-02 -0.970579086101D-02 -0.679523786078D-03
 -0.390410143192D-01  0.159742965538D-02  0.124650389851D-01  0.200376724257D-01
 -0.420573599631D-01 -0.323220506002D-01  0.102072552500D-01  0.112930152085D-01
  0.585278641237D-01 -0.281634170089D-01 -0.660648991336D-02  0.115403436307D-02
  0.227209091432D-01  0.246135705782D-01 -0.545693586616D-02 -0.332035301703D-01
 -0.692039018580D-01  0.888149447042D-01  0.754379055999D-02  0.602462395278D-02
 -0.101243685139D-02  0.945664102374D-02  0.167273424152D-01  0.147633237158D-01
 -0.259861417217D-01 -0.860581552825D-03 -0.223211064009D-01 -0.129951374678D-01
  0.170168146415D-01  0.190812312093D-01  0.106141909232D-01  0.301909836032D-01
 -0.206846840501D-02 -0.106445111207D+00 -0.968378073376D-01  0.220990280215D-01
 -0.177535099833D-01 -0.363472632182D-01  0.178333550578D-01 -0.635733769478D-02
 -0.334006011529D-02  0.676052357822D-02  0.396490402017D-02 -0.260594056936D-01
  0.231783388097D-02 -0.455269595427D-01 -0.161602600940D-01 -0.940374892571D-02
 -0.864002118314D-02 -0.745644547330D-02 -0.236080027002D-02  0.537992379044D-01
  0.621667629575D-02  0.305580422680D-02  0.145692927283D+00  0.240361146960D-03
  0.112507861386D-02  0.102931576959D-01 -0.699603884207D-02 -0.225499805362D-02
  0.141049637716D-01  0.744721765351D-02 -0.118354777284D-01 -0.128791818622D-01
 -0.154030114333D-01 -0.223824390793D-01  0.945298822223D-02 -0.346572555873D-02
 -0.439616911410D-01 -0.703178871525D-02 -0.866325406343D-01 -0.216694423726D+00
  0.440644138619D-01 -0.526705058992D-02  0.634985180795D-02 -0.112886628877D-01
  0.186909920147D-01 -0.146400523322D-01  0.648708120179D-02  0.178395754731D-01
  0.206916617413D-01  0.964337838597D-02  0.211620217976D-02  0.950621899737D-02
  0.125480237831D-06  0.536007939375D-02 -0.791181817920D-02 -0.420729096788D-02
 -0.486007563015D-03  0.261329337111D-01 -0.506674162421D-02  0.960263181029D-01
  0.270377789523D+00  0.177582874228D-02  0.135001365640D-01 -0.156306066863D-01
 -0.908712442698D-03  0.292006605472D-01 -0.415720561132D-01  0.661610717715D-02
 -0.527573863642D-01  0.809786293374D-01 -0.138141598276D-01  0.634368918768D-02
 -0.295274424294D-01  0.261370681548D-02 -0.137922917339D-01  0.562437662453D-02
  0.192479965750D-01  0.425647780488D-01 -0.584069875161D-01  0.161415227289D-01
 -0.320545037145D-01  0.169784679671D-01 -0.346933198346D-01  0.680023773168D-01
  0.748803397381D-02 -0.661484170147D-02 -0.319546455979D-01 -0.260484627015D-01
  0.306721945743D-01 -0.350860756771D-03  0.125148244576D-01  0.659077998195D-02
  0.980482029496D-02 -0.118571587324D-01 -0.482275569199D-02 -0.147336236908D-01
 -0.803918947166D-02 -0.418633134737D-01 -0.657345127802D-01  0.112463095472D+00
  0.450563843229D-02 -0.590981028837D-02  0.141381058731D-01  0.116533338990D-01
 -0.136347103953D-01 -0.230373330304D-03  0.952954877589D-02 -0.571756513836D-02
 -0.608612867633D-02  0.718032281937D-02  0.333239195581D-03  0.386884590879D-02
 -0.195173471856D-01  0.203361123908D-01  0.237410269458D-01 -0.528151417397D-01
  0.337089274558D-02  0.141689518208D-01 -0.182570258683D-01  0.247392214771D-01
 -0.444078477913D-01  0.207220176496D-01 -0.236437299926D-01  0.139069050654D-02
 -0.143849434339D-01  0.178561508554D-01 -0.108955661182D-01  0.163117264592D-01
  0.195216810813D-01 -0.295163218361D-02 -0.980543191890D-03 -0.116649940978D-01
  0.119202150658D-01 -0.348626079715D-01  0.272309128190D-03 -0.423804210545D-02
 -0.620049865226D-02  0.329337473993D-03  0.184885609537D-01  0.754339325948D-01
  0.533847699351D-02  0.212965201992D-01 -0.212647602750D-01 -0.454756527909D-02
  0.223305029854D-01 -0.347585968768D-01  0.906129519554D-03 -0.227648581576D-01
  0.579631773028D-01 -0.140488493716D-01 -0.179876225135D-01 -0.280620677651D-01
  0.199788264856D-01 -0.243311213640D-01 -0.415230956319D-01 -0.264235616560D-02
 -0.669304188816D-01  0.146754249738D-01  0.161968246104D-01 -0.216694282852D-01
  0.367208648357D-02 -0.316341357261D-01  0.485527366241D-01  0.873069147896D-03
  0.869834696583D-02 -0.196563727132D-01  0.797111018571D-02  0.133714431337D-01
 -0.112232267065D-01  0.127795239286D-01  0.118506910719D-01  0.171398949913D-01
 -0.423967536075D-02  0.820499460038D-02 -0.222573741062D-02  0.385713454337D-02
 -0.125893374678D-01 -0.471551760206D-02  0.590696972382D-01 -0.122717315209D-01
  0.884318343443D-01  0.186296912234D-02 -0.527137278122D-02 -0.858022353770D-02
 -0.814518071423D-02  0.520820451668D-03  0.429288671883D-02 -0.310756896171D-02
  0.235662948613D-01 -0.212999651733D-02  0.155487602542D-01 -0.318487869654D-01
 -0.173819943260D-01  0.647270294096D-02 -0.456031368945D-01 -0.326698353258D-01
  0.238390306602D-01  0.257035868572D-01 -0.207980079774D+00 -0.652258378527D-02
 -0.239868318816D-01 -0.494548842268D-01  0.524781119958D-03  0.109911715157D-02
 -0.918955870652D-02 -0.433370032664D-02  0.143669751538D-01  0.278777083053D-01
 -0.202290254592D-02 -0.603955640143D-03  0.138160054694D-01  0.138127123225D-01
  0.193378862378D-01 -0.521358345014D-02 -0.514067947153D-02  0.387714690227D-02
  0.130089092714D-01 -0.945648371955D-02  0.195298443563D-01 -0.252314952466D-01
 -0.291737704068D-01 -0.195848976961D-02  0.316426867722D+00 -0.733485384792D-02
 -0.674120560905D-01  0.213369079014D-01  0.409910695239D-01 -0.148288784413D-01
  0.443335207671D-02 -0.352297175559D-01  0.620186681928D-01 -0.149147318298D-01
  0.529606726349D-01  0.816827023289D-01  0.135882931583D-01  0.819021543669D-02
 -0.105288969315D-01 -0.261099901747D-01 -0.329802384328D-01  0.541801356666D-01
  0.133367415986D-01  0.106769646529D-01 -0.400181334432D-01 -0.582968711224D-02
  0.683157296553D-03  0.430076489835D-02 -0.141997640848D-01 -0.528050653847D+00
  0.599275121823D-01 -0.190524480626D+00 -0.250950622659D-01  0.241796658538D-01
  0.806355410003D-02 -0.261001149177D-02  0.151285475188D-01 -0.276594258808D-01
 -0.469902951232D-01 -0.888055942126D-01 -0.839244740885D-02 -0.116697426169D-02
 -0.297997088173D-01  0.570405423333D-03  0.168158741304D-02 -0.681175784986D-02
  0.584191351148D-02  0.564274139868D+00  0.495819731723D-02  0.441607267101D-02
 -0.558350909563D-02  0.178861016147D-02 -0.668908020926D-02  0.100507814159D-03
 -0.298637823119D-01  0.409938230115D-01 -0.237758979637D-01  0.361186969856D-02
  0.232894193079D-01  0.526856391024D-02 -0.298397490520D-02  0.711841801129D-02
  0.532297839256D-02  0.101105783181D-01 -0.762941761919D-02 -0.661290073644D-02
 -0.389401781800D-01 -0.155197857298D-01 -0.127383930093D-01 -0.206366154460D-01
 -0.824236973163D-02 -0.841569593276D-03  0.969756639150D-01 -0.806793030213D-01
  0.535397805570D-01 -0.535932690615D-01 -0.299773863997D-01 -0.655888308727D-02
 -0.652789331944D-02  0.658330176485D-02 -0.234211351974D-02  0.647817656426D-01
 -0.667368032256D-02  0.201298906168D-01  0.274484019413D-01 -0.978711655299D-02
 -0.171083345592D-01 -0.139164029147D-01 -0.624718550998D-02  0.127090196056D-02
 -0.432129708553D-01  0.890442903299D-01 -0.110526517076D-01 -0.390233066459D-01
  0.363665210123D-01  0.249272601409D-01 -0.362988985823D-01  0.493371580693D-01
 -0.580949762012D-02  0.221422038118D-01 -0.687596919294D-01  0.181572995437D-01
  0.685431074485D-01  0.579446389863D-01  0.131261839865D-01 -0.184601851330D-02
 -0.255348143629D-01 -0.721650047699D-02  0.334273996581D-01 -0.408803716366D-02
 -0.179421265343D-01  0.253863375590D-01 -0.175693733525D-01  0.184758015608D-01
 -0.226320820750D-01  0.175704323265D-01 -0.183362000198D+00  0.231649918782D-01
 -0.136526336035D+00 -0.163886788562D-01  0.394895517992D-01 -0.142201386135D-01
 -0.282114502875D-01 -0.394600667529D-01  0.119072569622D-01 -0.380052207926D-01
 -0.263998856356D-01 -0.370351105177D-01  0.257525835592D-02 -0.736777413840D-02
 -0.197340289352D-01  0.102669635374D-01 -0.290545381247D-01 -0.175907263760D-01
  0.220459359348D+00 -0.100710216867D-01  0.167932249930D+00
$end
