$dipgrad          cartesian dipole gradients
  0.67640583753224D+00  -.84210447814663D-01  -.17278613376494D+00
  -.15485257447586D+00  0.95925558909917D-01  0.10728087169080D+00
  -.13640575545426D+00  0.15721959409849D+00  0.32876515351935D+00
  0.20028507758490D+01  -.86192960552370D-01  0.20500286728207D+00
  0.21834502378590D+00  0.99659818575956D+00  -.15741676631593D+00
  0.16777047448116D+00  -.18135322699953D+00  0.30212457071542D+00
  -.12411809945749D+01  0.16719626757840D+00  -.12823342679702D+00
  0.32191944729026D+00  -.60445728534519D+00  0.86933509584398D-01
  -.15199657802269D+00  0.93585726539816D-01  -.37766258817012D+00
  -.14401623829287D+01  -.41415949869890D-01  -.15424123182882D+00
  -.43141090311480D+00  -.58949962917851D+00  -.31120223113596D-03
  -.22221278065865D-01  0.57587718210432D-01  -.26433905879050D+00
  0.68209840651006D+00  -.76984510116731D-01  0.17128614469853D+00
  -.14895845638603D+00  0.81851207829852D-01  -.90892629461692D-01
  0.13876688773192D+00  -.14168210863746D+00  0.33759214812384D+00
  0.19954254430088D+01  -.95853490352876D-01  -.23039231711405D+00
  0.20978179000588D+00  0.10134518066011D+01  0.11300002164909D+00
  -.21042143218317D+00  0.14256989315488D+00  0.29247404496882D+00
  -.12361255484029D+01  0.17299846421092D+00  0.13402186872996D+00
  0.32897118780813D+00  -.61475583342367D+00  -.79271669842530D-01
  0.14875061442803D+00  -.83190743285771D-01  -.37283725877293D+00
  -.14365092636260D+01  -.33008658149152D-01  0.17740047509925D+00
  -.42872942657542D+00  -.59153492496239D+00  0.26706086193319D-01
  0.67909547355741D-01  -.38429524085271D-01  -.26642242806938D+00
  -.12231690478136D-02  -.44855745217052D-02  -.63021258471402D-04
  -.17392367730720D-01  0.49824504762526D-01  -.12230050114705D-01
  -.21527343326354D-01  -.41638892219593D-01  0.77434669254654D-01
  0.18043245284996D-04  0.42131788489864D-01  -.27055272133060D-01
  0.60914458768677D-01  0.54603512848183D-01  -.14916308812478D-01
  0.65728345088958D-01  -.35742633013631D-02  -.65569504932723D-01
  -.75165695522041D-03  0.43534470695943D-01  0.23403926376472D-01
  0.57188992742390D-01  0.55065440646759D-01  0.72477086783940D-02
  -.70301683085580D-01  -.42897128406785D-02  -.65387397960879D-01
  -.84549060995236D-03  -.37093995978449D-02  0.16561207100656D-02
  -.15777172118555D-01  0.52927455551693D-01  0.13870428982479D-01
  0.23948201052132D-01  0.43195539366038D-01  0.73827650114314D-01
$end
