$hessian (projected)
 1  1   0.5167883015   0.0923856174   0.0521358679  -0.0671519968   0.0138405953
 1  2  -0.0073877834  -0.0184256807   0.0346975035  -0.0144204897  -0.0138721859
 1  3  -0.0394790027   0.0132479665   0.0098963823  -0.0018281614   0.0011228275
 1  4  -0.0571471270   0.0000161070   0.0067284191   0.0080551606  -0.0029532719
 1  5   0.0003042794  -0.1479137778   0.0255985883   0.0362917647  -0.1839938280
 1  6  -0.1217192246  -0.0830382855  -0.0450911817  -0.0030765656  -0.0046946778
 1  7  -0.0005016685   0.0006656675  -0.0004239202  -0.0006423981   0.0018521472
 1  8   0.0001340315
 2  1   0.0923856174   0.4959946568   0.0227172361  -0.0114263955  -0.1680338050
 2  2   0.0311724488   0.0191502261  -0.0103019842   0.0071146702  -0.0077069572
 2  3  -0.0233400442   0.0096425588  -0.0018415567  -0.0050045491   0.0009672979
 2  4  -0.0076446782   0.0178244621   0.0109155510  -0.0094239806  -0.0013025783
 2  5  -0.0014597257   0.0439614837  -0.1072607898  -0.0290519102  -0.1161068512
 2  6  -0.1473031967  -0.0665296188  -0.0018635090  -0.0514994698   0.0148081947
 2  7   0.0002528591   0.0000955175  -0.0004026571   0.0002637421   0.0001317807
 2  8   0.0001059542
 3  1   0.0521358679   0.0227172361   0.5279013062  -0.0025957287   0.0179620673
 3  2  -0.1008758302  -0.0100362426   0.0137749954   0.0197352862   0.0033376587
 3  3   0.0095316546   0.0170735189  -0.0011787195  -0.0006283908   0.0000615392
 3  4   0.0042303913   0.0089139446  -0.0076889513  -0.0043272704  -0.0029518578
 3  5   0.0057255273   0.0443765813  -0.0269223315  -0.0740799270  -0.0747576036
 3  6  -0.0644210882  -0.0888633512  -0.0111706548   0.0233160582  -0.2990095226
 3  7  -0.0002274782  -0.0008764546   0.0002497681   0.0002131984  -0.0004158334
 3  8  -0.0002293635
 4  1  -0.0671519968  -0.0114263955  -0.0025957287   0.9162536707  -0.1771287490
 4  2   0.1191201925  -0.6279804802   0.2366921325  -0.1183333500  -0.1550972038
 4  3  -0.0552490207  -0.0016305016  -0.0573411583  -0.0080552932  -0.0028624047
 4  4   0.0100382837   0.0231743230   0.0051175855  -0.0000336218  -0.0096001042
 4  5  -0.0023217235  -0.0303435723   0.0267243438  -0.0040767254   0.0038074594
 4  6  -0.0246493546   0.0078600281   0.0004221155   0.0017472012  -0.0025438252
 4  7   0.0061823014  -0.0033297796   0.0033728149   0.0012442025   0.0011006964
 4  8  -0.0011063619
 5  1   0.0138405953  -0.1680338050   0.0179620673  -0.1771287490   0.5765081411
 5  2  -0.1238764400   0.2483773145  -0.2108821208   0.0619591876  -0.0997389936
 5  3  -0.1923275202   0.0361886439  -0.0005544459   0.0166128082  -0.0102744671
 5  4   0.0228973382   0.0195206027   0.0023887275  -0.0073532193  -0.0061821135
 5  5  -0.0003633547  -0.0074039274  -0.0156869806  -0.0013971106   0.0005048260
 5  6  -0.0186170057   0.0098117593  -0.0026603962   0.0029248016   0.0021094241
 5  7   0.0032314526  -0.0015864555   0.0035655557   0.0059882047  -0.0022503524
 5  8   0.0019260070
 6  1  -0.0073877834   0.0311724488  -0.1008758302   0.1191201925  -0.1238764400
 6  2   0.2706448475  -0.1218390197   0.0595195937  -0.1024705849   0.0149447301
 6  3   0.0416732679  -0.0611637936  -0.0058035380  -0.0121470005  -0.0063211587
 6  4  -0.0065464187  -0.0037271905   0.0033839227   0.0024981315   0.0008040857
 6  5  -0.0009190215   0.0106977565  -0.0163406824   0.0031131809   0.0025529861
 6  6  -0.0135339394   0.0047621521  -0.0033248160   0.0350185127  -0.0092643939
 6  7  -0.0045749725   0.0010044662  -0.0006076173  -0.0003372484   0.0004328777
 6  8  -0.0002817031
 7  1  -0.0184256807   0.0191502261  -0.0100362426  -0.6279804802   0.2483773145
 7  2  -0.1218390197   0.7540048998  -0.2561868029   0.1387006779  -0.1105316427
 7  3  -0.0099254466  -0.0089340080   0.0081366759  -0.0091332678   0.0048047371
 7  4  -0.0000321630  -0.0074731074  -0.0020922317  -0.0018058130   0.0041213979
 7  5   0.0012452870   0.0018211428   0.0060007642  -0.0002019250   0.0004187953
 7  6   0.0009542282   0.0010252776   0.0001618046   0.0014270554   0.0001844669
 7  7  -0.0029952574   0.0011501002  -0.0013844440  -0.0027722813   0.0015375384
 7  8  -0.0014725757
 8  1   0.0346975035  -0.0103019842   0.0137749954   0.2366921325  -0.2108821208
 8  2   0.0595195937  -0.2561868029   0.1963149004  -0.0675318964  -0.0200990039
 8  3   0.0348262576  -0.0092487230  -0.0029082102  -0.0010078802   0.0033756151
 8  4  -0.0094639030  -0.0061802917  -0.0003290206   0.0040384059   0.0012934317
 8  5  -0.0004101899   0.0112586294  -0.0046755950   0.0019864126   0.0016440954
 8  6   0.0034294713  -0.0015103801   0.0010834367  -0.0033443569   0.0014104535
 8  7   0.0002580884  -0.0000359290  -0.0005664518  -0.0010143716   0.0005640968
 8  8  -0.0004704085
 9  1  -0.0144204897   0.0071146702   0.0197352862  -0.1183333500   0.0619591876
 9  2  -0.1024705849   0.1387006779  -0.0675318964   0.0614350852  -0.0053859143
 9  3  -0.0080508353   0.0162118168  -0.0001852377   0.0020173554   0.0053687486
 9  4   0.0028587985   0.0007953770  -0.0009036443  -0.0014399951   0.0002930280
 9  5   0.0005585104  -0.0037757882   0.0058543948  -0.0005106907   0.0000184927
 9  6   0.0016614953  -0.0004821102   0.0011111919  -0.0039294875   0.0011245421
 9  7   0.0012164318  -0.0005446980   0.0000364245  -0.0003648176   0.0003614088
 9  8  -0.0001033838
10  1  -0.0138721859  -0.0077069572   0.0033376587  -0.1550972038  -0.0997389936
10  2   0.0149447301  -0.1105316427  -0.0200990039  -0.0053859143   0.4922217919
10  3   0.0552553506   0.0660931235  -0.1493128034   0.0418942910  -0.0455066612
10  4  -0.0304516792  -0.0079639342  -0.0096581510   0.0018837413   0.0114224666
10  5   0.0030914275   0.0155605082   0.0051295808   0.0025289232   0.0016362417
10  6  -0.0001848430   0.0003535400   0.0006308858  -0.0017299143  -0.0004284379
10  7  -0.0178138181   0.0080212829  -0.0131975554  -0.0348538357   0.0157006743
10  8  -0.0161726832
11  1  -0.0394790027  -0.0233400442   0.0095316546  -0.0552490207  -0.1923275202
11  2   0.0416732679  -0.0099254466   0.0348262576  -0.0080508353   0.0552553506
11  3   0.2878083193  -0.0776928563   0.0239973115  -0.1040365894   0.0281966551
11  4   0.0272217263  -0.0146092995   0.0168741484   0.0059020050  -0.0051041915
11  5  -0.0056906100   0.0049482418   0.0119388035  -0.0018707648   0.0015308524
11  6  -0.0056548009   0.0032342659   0.0004509740  -0.0032102357   0.0006013237
11  7  -0.0002538523   0.0034264261   0.0019618225  -0.0143991392   0.0102828748
11  8  -0.0087680718
12  1   0.0132479665   0.0096425588   0.0170735189  -0.0016305016   0.0361886439
12  2  -0.0611637936  -0.0089340080  -0.0092487230   0.0162118168   0.0660931235
12  3  -0.0776928563   0.1020511952  -0.0364130463   0.0299421111  -0.0759417786
12  4   0.0031013364   0.0025344222   0.0021697808  -0.0001746645  -0.0019141734
12  5  -0.0001040634  -0.0030846883   0.0011566334   0.0007818958  -0.0010324226
12  6   0.0031374459  -0.0012442918  -0.0003366274  -0.0034376325  -0.0000288151
12  7  -0.0360309509   0.0149172330  -0.0062942159   0.0051944831  -0.0052256630
12  8   0.0064887510
13  1   0.0098963823  -0.0018415567  -0.0011787195  -0.0573411583  -0.0005544459
13  2  -0.0058035380   0.0081366759  -0.0029082102  -0.0001852377  -0.1493128034
13  3   0.0239973115  -0.0364130463   0.5148475622   0.0888654064  -0.0570714559
13  4  -0.0669859749   0.0139912876   0.0059509193  -0.0180080698   0.0352323950
13  5   0.0130980153  -0.0141238477  -0.0403101322  -0.0103704533  -0.0006483268
13  6   0.0018477271  -0.0002313756  -0.0004990346   0.0006985417   0.0003956836
13  7  -0.0449255128  -0.0034906953   0.0003496061  -0.1810358922  -0.1155276289
13  8   0.0914596021
14  1  -0.0018281614  -0.0050045491  -0.0006283908  -0.0080552932   0.0166128082
14  2  -0.0121470005  -0.0091332678  -0.0010078802   0.0020173554   0.0418942910
14  3  -0.1040365894   0.0299421111   0.0888654064   0.4935976190  -0.0222005646
14  4  -0.0116925180  -0.1705825353  -0.0270067845   0.0196007307  -0.0114660237
14  5  -0.0057031681  -0.0080463492  -0.0243132920  -0.0071014775   0.0002471469
14  6   0.0001470147  -0.0001274909   0.0002790403   0.0001853325   0.0004011539
14  7  -0.0017745118  -0.0546223526  -0.0288270179  -0.1103565139  -0.1395095521
14  8   0.0713812743
15  1   0.0011228275   0.0009672979   0.0000615392  -0.0028624047  -0.0102744671
15  2  -0.0063211587   0.0048047371   0.0033756151   0.0053687486  -0.0455066612
15  3   0.0281966551  -0.0759417786  -0.0570714559  -0.0222005646   0.5327209103
15  4   0.0026529094  -0.0142054028  -0.0985297170   0.0096142579  -0.0126328472
15  5   0.0204324347  -0.0023325576  -0.0064495616   0.0183456313  -0.0002241937
15  6   0.0003634304  -0.0002296953   0.0002165696   0.0008395715   0.0001735841
15  7   0.0067082144  -0.0373524219  -0.2964062917   0.0828777571   0.0693726950
15  8  -0.0996742068
16  1  -0.0571471270  -0.0076446782   0.0042303913   0.0100382837   0.0228973382
16  2  -0.0065464187  -0.0000321630  -0.0094639030   0.0028587985  -0.0304516792
16  3   0.0272217263   0.0031013364  -0.0669859749  -0.0116925180   0.0026529094
16  4   0.9123801213  -0.1818496009  -0.1204147613  -0.6238854891   0.2423830965
16  5   0.1140097119  -0.1554960111  -0.0558247294   0.0065225977   0.0012667315
16  6   0.0011545339   0.0010178901   0.0061953098  -0.0035343782  -0.0032979094
16  7   0.0004843467   0.0011584060   0.0022919673   0.0036336512  -0.0248052934
16  8  -0.0064265131
17  1   0.0000161070   0.0178244621   0.0089139446   0.0231743230   0.0195206027
17  2  -0.0037271905  -0.0074731074  -0.0061802917   0.0007953770  -0.0079639342
17  3  -0.0146092995   0.0025344222   0.0139912876  -0.1705825353  -0.0142054028
17  4  -0.1818496009   0.5900900178   0.1089364332   0.2541821901  -0.2177972002
17  5  -0.0599815055  -0.1010859363  -0.1964388057  -0.0266593717   0.0059612402
17  6  -0.0023811611  -0.0019094990   0.0033949254  -0.0018404385  -0.0035553845
17  7  -0.0025373000   0.0007152051  -0.0026438482   0.0001898054  -0.0183205557
17  8  -0.0084979748
18  1   0.0067284191   0.0109155510  -0.0076889513   0.0051175855   0.0023887275
18  2   0.0033839227  -0.0020922317  -0.0003290206  -0.0009036443  -0.0096581510
18  3   0.0168741484   0.0021697808   0.0059509193  -0.0270067845  -0.0985297170
18  4  -0.1204147613   0.1089364332   0.2617418192   0.1168371205  -0.0573368639
18  5  -0.0998516521  -0.0074785148  -0.0329490624  -0.0572190135  -0.0000324044
18  6  -0.0003350683  -0.0001688408   0.0042416041  -0.0008828156  -0.0003652074
18  7   0.0033500473  -0.0355863313  -0.0072068599  -0.0025496327   0.0153110865
18  8   0.0046383635
19  1   0.0080551606  -0.0094239806  -0.0043272704  -0.0000336218  -0.0073532193
19  2   0.0024981315  -0.0018058130   0.0040384059  -0.0014399951   0.0018837413
19  3   0.0059020050  -0.0001746645  -0.0180080698   0.0196007307   0.0096142579
19  4  -0.6238854891   0.2541821901   0.1168371205   0.7492404815  -0.2629625096
19  5  -0.1362076081  -0.1102592926  -0.0091850330   0.0117435431  -0.0027394899
19  6   0.0016130575   0.0014304118  -0.0029871021   0.0012372853   0.0013706709
19  7   0.0001409947   0.0014903555  -0.0002533027   0.0003985003   0.0008607125
19  8  -0.0010912949
20  1  -0.0029532719  -0.0013025783  -0.0029518578  -0.0096001042  -0.0061821135
20  2   0.0008040857   0.0041213979   0.0012934317   0.0002930280   0.0114224666
20  3  -0.0051041915  -0.0019141734   0.0352323950  -0.0114660237  -0.0126328472
20  4   0.2423830965  -0.2177972002  -0.0573368639  -0.2629625096   0.2039261389
20  5   0.0641710471  -0.0195376601   0.0357903778   0.0084724948  -0.0009841661
20  6   0.0005678452   0.0004502871   0.0002058530   0.0000273834   0.0005637933
20  7   0.0010077263  -0.0031587652  -0.0011780136   0.0016647767   0.0034056954
20  8   0.0012590198
21  1   0.0003042794  -0.0014597257   0.0057255273  -0.0023217235  -0.0003633547
21  2  -0.0009190215   0.0012452870  -0.0004101899   0.0005585104   0.0030914275
21  3  -0.0056906100  -0.0001040634   0.0130980153  -0.0057031681   0.0204324347
21  4   0.1140097119  -0.0599815055  -0.0998516521  -0.1362076081   0.0641710471
21  5   0.0587953519   0.0087716632   0.0070851298   0.0149806274   0.0004685559
21  6  -0.0004288696  -0.0001401471  -0.0011763470   0.0005194909  -0.0000316523
21  7  -0.0011558845   0.0041627252   0.0009911322  -0.0001273771  -0.0019009697
21  8  -0.0004370476
22  1  -0.1479137778   0.0439614837   0.0443765813  -0.0303435723  -0.0074039274
22  2   0.0106977565   0.0018211428   0.0112586294  -0.0037757882   0.0155605082
22  3   0.0049482418  -0.0030846883  -0.0141238477  -0.0080463492  -0.0023325576
22  4  -0.1554960111  -0.1010859363  -0.0074785148  -0.1102592926  -0.0195376601
22  5   0.0087716632   0.4900686495   0.0526057457  -0.0762101668  -0.0346444587
22  6   0.0167055593   0.0159760030  -0.0169652960   0.0084820598   0.0129397146
22  7   0.0006507648  -0.0016264219   0.0005121133   0.0016451908  -0.0002614248
22  8  -0.0003921163
23  1   0.0255985883  -0.1072607898  -0.0269223315   0.0267243438  -0.0156869806
23  2  -0.0163406824   0.0060007642  -0.0046755950   0.0058543948   0.0051295808
23  3   0.0119388035   0.0011566334  -0.0403101322  -0.0243132920  -0.0064495616
23  4  -0.0558247294  -0.1964388057  -0.0329490624  -0.0091850330   0.0357903778
23  5   0.0070851298   0.0526057457   0.2961871789   0.0657255286  -0.0144945034
23  6   0.0110701588   0.0087610861   0.0017624253   0.0024143326  -0.0024972391
23  7   0.0004648052  -0.0030181000  -0.0004344225   0.0015281447  -0.0060072885
23  8  -0.0029894734
24  1   0.0362917647  -0.0290519102  -0.0740799270  -0.0040767254  -0.0013971106
24  2   0.0031131809  -0.0002019250   0.0019864126  -0.0005106907   0.0025289232
24  3  -0.0018707648   0.0007818958  -0.0103704533  -0.0071014775   0.0183456313
24  4   0.0065225977  -0.0266593717  -0.0572190135   0.0117435431   0.0084724948
24  5   0.0149806274  -0.0762101668   0.0657255286   0.0964274803  -0.0036313007
24  6   0.0046682144   0.0054828362   0.0362265701  -0.0155101499  -0.0061989589
24  7   0.0002837946   0.0035977716  -0.0002185705   0.0008933778  -0.0028596373
24  8  -0.0009044912
25  1  -0.1839938280  -0.1161068512  -0.0747576036   0.0038074594   0.0005048260
25  2   0.0025529861   0.0004187953   0.0016440954   0.0000184927   0.0016362417
25  3   0.0015308524  -0.0010324226  -0.0006483268   0.0002471469  -0.0002241937
25  4   0.0012667315   0.0059612402  -0.0000324044  -0.0027394899  -0.0009841661
25  5   0.0004685559  -0.0346444587  -0.0144945034  -0.0036313007   0.2124779124
25  6   0.1222081682   0.0775512774   0.0023607709  -0.0002956116  -0.0009112206
25  7   0.0000131986  -0.0001429263   0.0000306762   0.0000449935  -0.0000722705
25  8  -0.0000328429
26  1  -0.1217192246  -0.1473031967  -0.0644210882  -0.0246493546  -0.0186170057
26  2  -0.0135339394   0.0009542282   0.0034294713   0.0016614953  -0.0001848430
26  3  -0.0056548009   0.0031374459   0.0018477271   0.0001470147   0.0003634304
26  4   0.0011545339  -0.0023811611  -0.0003350683   0.0016130575   0.0005678452
26  5  -0.0004288696   0.0167055593   0.0110701588   0.0046682144   0.1222081682
26  6   0.1556202373   0.0674527024   0.0022175532   0.0030135986   0.0014786242
26  7  -0.0000766898   0.0000612284  -0.0000137840  -0.0000707155   0.0000466102
26  8  -0.0000291633
27  1  -0.0830382855  -0.0665296188  -0.0888633512   0.0078600281   0.0098117593
27  2   0.0047621521   0.0010252776  -0.0015103801  -0.0004821102   0.0003535400
27  3   0.0032342659  -0.0012442918  -0.0002313756  -0.0001274909  -0.0002296953
27  4   0.0010178901  -0.0019094990  -0.0001688408   0.0014304118   0.0004502871
27  5  -0.0001401471   0.0159760030   0.0087610861   0.0054828362   0.0775512774
27  6   0.0674527024   0.0920229285  -0.0221389954  -0.0198066552  -0.0114040794
27  7   0.0001564532   0.0001386628   0.0001425492   0.0000377754   0.0000348803
27  8   0.0001220498
28  1  -0.0450911817  -0.0018635090  -0.0111706548   0.0004221155  -0.0026603962
28  2  -0.0033248160   0.0001618046   0.0010834367   0.0011111919   0.0006308858
28  3   0.0004509740  -0.0003366274  -0.0004990346   0.0002790403   0.0002165696
28  4   0.0061953098   0.0033949254   0.0042416041  -0.0029871021   0.0002058530
28  5  -0.0011763470  -0.0169652960   0.0017624253   0.0362265701   0.0023607709
28  6   0.0022175532  -0.0221389954   0.0557799849  -0.0044220666  -0.0032644114
28  7  -0.0000173461  -0.0003639064  -0.0002328085   0.0000090891  -0.0000843296
28  8  -0.0001512752
29  1  -0.0030765656  -0.0514994698   0.0233160582   0.0017472012   0.0029248016
29  2   0.0350185127   0.0014270554  -0.0033443569  -0.0039294875  -0.0017299143
29  3  -0.0032102357  -0.0034376325   0.0006985417   0.0001853325   0.0008395715
29  4  -0.0035343782  -0.0018404385  -0.0008828156   0.0012372853   0.0000273834
29  5   0.0005194909   0.0084820598   0.0024143326  -0.0155101499  -0.0002956116
29  6   0.0030135986  -0.0198066552  -0.0044220666   0.0514120893  -0.0156703885
29  7  -0.0003846340  -0.0001374097  -0.0003179437  -0.0001489731   0.0000543728
29  8  -0.0001385604
30  1  -0.0046946778   0.0148081947  -0.2990095226  -0.0025438252   0.0021094241
30  2  -0.0092643939   0.0001844669   0.0014104535   0.0011245421  -0.0004284379
30  3   0.0006013237  -0.0000288151   0.0003956836   0.0004011539   0.0001735841
30  4  -0.0032979094  -0.0035553845  -0.0003652074   0.0013706709   0.0005637933
30  5  -0.0000316523   0.0129397146  -0.0024972391  -0.0061989589  -0.0009112206
30  6   0.0014786242  -0.0114040794  -0.0032644114  -0.0156703885   0.3248731215
30  7   0.0002700695   0.0003293889  -0.0000223149  -0.0000201232   0.0000206557
30  8   0.0001536968
31  1  -0.0005016685   0.0002528591  -0.0002274782   0.0061823014   0.0032314526
31  2  -0.0045749725  -0.0029952574   0.0002580884   0.0012164318  -0.0178138181
31  3  -0.0002538523  -0.0360309509  -0.0449255128  -0.0017745118   0.0067082144
31  4   0.0004843467  -0.0025373000   0.0033500473   0.0001409947   0.0010077263
31  5  -0.0011558845   0.0006507648   0.0004648052   0.0002837946   0.0000131986
31  6  -0.0000766898   0.0001564532  -0.0000173461  -0.0003846340   0.0002700695
31  7   0.0560110261  -0.0036297960   0.0082842948   0.0027709707   0.0034418523
31  8   0.0217199806
32  1   0.0006656675   0.0000955175  -0.0008764546  -0.0033297796  -0.0015864555
32  2   0.0010044662   0.0011501002  -0.0000359290  -0.0005446980   0.0080212829
32  3   0.0034264261   0.0149172330  -0.0034906953  -0.0546223526  -0.0373524219
32  4   0.0011584060   0.0007152051  -0.0355863313   0.0014903555  -0.0031587652
32  5   0.0041627252  -0.0016264219  -0.0030181000   0.0035977716  -0.0001429263
32  6   0.0000612284   0.0001386628  -0.0003639064  -0.0001374097   0.0003293889
32  7  -0.0036297960   0.0542461087   0.0312841412   0.0000977135   0.0040145262
32  8   0.0189255168
33  1  -0.0004239202  -0.0004026571   0.0002497681   0.0033728149   0.0035655557
33  2  -0.0006076173  -0.0013844440  -0.0005664518   0.0000364245  -0.0131975554
33  3   0.0019618225  -0.0062942159   0.0003496061  -0.0288270179  -0.2964062917
33  4   0.0022919673  -0.0026438482  -0.0072068599  -0.0002533027  -0.0011780136
33  5   0.0009911322   0.0005121133  -0.0004344225  -0.0002185705   0.0000306762
33  6  -0.0000137840   0.0001425492  -0.0002328085  -0.0003179437  -0.0000223149
33  7   0.0082842948   0.0312841412   0.3221370427   0.0006505581  -0.0024273807
33  8  -0.0128010465
34  1  -0.0006423981   0.0002637421   0.0002131984   0.0012442025   0.0059882047
34  2  -0.0003372484  -0.0027722813  -0.0010143716  -0.0003648176  -0.0348538357
34  3  -0.0143991392   0.0051944831  -0.1810358922  -0.1103565139   0.0828777571
34  4   0.0036336512   0.0001898054  -0.0025496327   0.0003985003   0.0016647767
34  5  -0.0001273771   0.0016451908   0.0015281447   0.0008933778   0.0000449935
34  6  -0.0000707155   0.0000377754   0.0000090891  -0.0001489731  -0.0000201232
34  7   0.0027709707   0.0000977135   0.0006505581   0.2095578092   0.1162573262
34  8  -0.0864679508
35  1   0.0018521472   0.0001317807  -0.0004158334   0.0011006964  -0.0022503524
35  2   0.0004328777   0.0015375384   0.0005640968   0.0003614088   0.0157006743
35  3   0.0102828748  -0.0052256630  -0.1155276289  -0.1395095521   0.0693726950
35  4  -0.0248052934  -0.0183205557   0.0153110865   0.0008607125   0.0034056954
35  5  -0.0019009697  -0.0002614248  -0.0060072885  -0.0028596373  -0.0000722705
35  6   0.0000466102   0.0000348803  -0.0000843296   0.0000543728   0.0000206557
35  7   0.0034418523   0.0040145262  -0.0024273807   0.1162573262   0.1475877918
35  8  -0.0727041200
36  1   0.0001340315   0.0001059542  -0.0002293635  -0.0011063619   0.0019260070
36  2  -0.0002817031  -0.0014725757  -0.0004704085  -0.0001033838  -0.0161726832
36  3  -0.0087680718   0.0064887510   0.0914596021   0.0713812743  -0.0996742068
36  4  -0.0064265131  -0.0084979748   0.0046383635  -0.0010912949   0.0012590198
36  5  -0.0004370476  -0.0003921163  -0.0029894734  -0.0009044912  -0.0000328429
36  6  -0.0000291633   0.0001220498  -0.0001512752  -0.0001385604   0.0001536968
36  7   0.0217199806   0.0189255168  -0.0128010465  -0.0864679508  -0.0727041200
36  8   0.1030283814
$end
