$vibrational normal modes
 1  1  -0.1407763306  -0.0140002743   0.0989617551  -0.2120726577   0.0437787684
 1  2  -0.1720103441  -0.0193831252   0.0716493112  -0.0788161501  -0.1508700488
 1  3  -0.0540789522   0.0509559924   0.0510688173  -0.1735306042   0.0693844937
 1  4  -0.2466927083  -0.2268259204  -0.0043949531  -0.0294002827   0.0489291814
 1  5  -0.3463225168   0.3235823637  -0.0687249344  -0.0184967285  -0.0075509355
 1  6  -0.0544094927  -0.0327880060  -0.0328251241   0.0346988781   0.0324099494
 1  7  -0.0545427970   0.0010434985  -0.0104784250   0.0019520958   0.0470951968
 1  8  -0.0360551304
 2  1   0.0896870865  -0.0900036963   0.0335432278   0.2386826255   0.0660369913
 2  2  -0.2097016554  -0.0575020868   0.0417771787  -0.0486632781  -0.1136070464
 2  3  -0.1314967686   0.1017884416   0.0336891033   0.2442050523  -0.0311836863
 2  4  -0.2235087322   0.0666708236   0.2336525890  -0.0301945497   0.0625764679
 2  5  -0.0244401410  -0.1771336557  -0.0629520600   0.0861589911  -0.0010375011
 2  6   0.0863247148   0.0802457326   0.1141549150   0.0269227983   0.0187560519
 2  7   0.0244073851  -0.0344376319  -0.0145368509   0.0027232721   0.0381997635
 2  8  -0.0294102118
 3  1   0.2760066139  -0.0733624529   0.2765564748  -0.1024249934   0.1677615083
 3  2   0.0015527409  -0.2165362705   0.1412606353  -0.1327258632   0.0492253476
 3  3   0.1260850881  -0.0161633953  -0.0786536157  -0.0109727699   0.0511574123
 3  4   0.1169282198   0.0664195577  -0.1083772858  -0.1622472768   0.1410819311
 3  5   0.0830263684  -0.0519327649  -0.0055479611   0.0211257783  -0.0183255032
 3  6  -0.0173288478  -0.0100563729  -0.0142628464  -0.0291610630  -0.0263326021
 3  7  -0.0135413280   0.0153857468   0.0720947306  -0.0138472752   0.0352610801
 3  8  -0.0272517728
 4  1  -0.0417970784  -0.1442370671  -0.0476405541  -0.1497933659  -0.0026492935
 4  2  -0.2188788153  -0.0263465168  -0.0132252227   0.0003745298  -0.1052820584
 4  3  -0.0740448131  -0.2375618015  -0.0137540247  -0.0414057271  -0.0631648187
 4  4  -0.0888274367   0.1772178480   0.0222973905  -0.0310087240   0.0075153664
 4  5   0.0525513889  -0.0524023974   0.1318238396  -0.0675495516  -0.0051553781
 4  6  -0.0698181448   0.0330249446  -0.0393812984  -0.0042438477   0.0082308249
 4  7   0.5176251057  -0.4955931811   0.0003773458  -0.0016018561   0.0002037990
 4  8  -0.0019778859
 5  1   0.0425298847  -0.1536832685   0.0105327513   0.2612981153  -0.0035800840
 5  2  -0.1865668589   0.0126730265  -0.0096158003   0.0018255592  -0.1248463450
 5  3  -0.0536815571   0.0520130637  -0.0564950637   0.1385393542   0.1648361640
 5  4  -0.0161289790  -0.1483067619   0.0363036814   0.0011837361   0.0037877340
 5  5   0.1696966710   0.0682921132   0.2221293671  -0.1070791531  -0.0292201307
 5  6  -0.1360022055   0.0666919924  -0.0720727361  -0.0148895892   0.0190792069
 5  7  -0.2299433887   0.2417206604  -0.0000669436  -0.0011249506  -0.0000601002
 5  8   0.0000966148
 6  1   0.0631741265  -0.2064455459   0.2866764876  -0.0645329632  -0.0338405642
 6  2   0.1049779219   0.0235034283   0.0573549161  -0.0073786578   0.1324605407
 6  3   0.0341241459  -0.1044482049  -0.2196911124   0.0350826865   0.2294726641
 6  4  -0.0896109230  -0.1055039423   0.1241905760   0.1606550914  -0.1315918434
 6  5  -0.0355166265  -0.0573550658  -0.0576602892   0.0557579454  -0.0256194063
 6  6  -0.0074283999  -0.0259061441   0.0063315594   0.0022283783  -0.0073767611
 6  7   0.1169213697  -0.1224966891   0.0006333682  -0.0001858045   0.0004615571
 6  8  -0.0006864763
 7  1  -0.0100828087  -0.1758447690  -0.0999872339  -0.1298066983  -0.0264621859
 7  2  -0.2376166926  -0.0668319254  -0.0098943953   0.0044146869   0.0208855222
 7  3   0.1126095307  -0.2207721060  -0.0487610713  -0.1923077366  -0.0622568455
 7  4  -0.1179301809   0.2498598046   0.0169161021   0.0141837722  -0.0513905765
 7  5  -0.0461646354  -0.1239676979  -0.0051568459   0.0074151950  -0.0130511329
 7  6   0.0068407976   0.0183233925   0.0159364563  -0.0036360692   0.0025316380
 7  7  -0.3386339840   0.3318466386  -0.0001564801   0.0004732363  -0.0003010504
 7  8   0.0004751839
 8  1   0.0793836941  -0.2991927505  -0.0736494260   0.3109529862  -0.0382311701
 8  2  -0.1914308978   0.0748082200  -0.0966453552  -0.0023474376   0.0853678220
 8  3   0.3624293121   0.1938999449   0.0198420445  -0.1961012009   0.0363465089
 8  4   0.0176187462  -0.0336782704  -0.0337328659  -0.0180280214   0.0153042500
 8  5  -0.0662758423   0.0053612455  -0.0288845402   0.0083636793   0.0088929808
 8  6   0.0141868571  -0.0171478059   0.0006962536   0.0030533059  -0.0027725440
 8  7   0.1424536235  -0.1443095595  -0.0000066547   0.0000948364  -0.0000980176
 8  8  -0.0000834587
 9  1  -0.0211971610  -0.3352332472   0.3802381634  -0.0659841364   0.0158524609
 9  2   0.1879201934   0.3399769259  -0.1314973069  -0.0507041751  -0.0845423039
 9  3  -0.0829590986  -0.0213215963   0.0770016259   0.0041345867  -0.1050345830
 9  4   0.0087679030   0.0732510485  -0.0184079868  -0.0276789749   0.0158624128
 9  5   0.0158975536  -0.0080143187   0.0090579846  -0.0066614365   0.0007450400
 9  6   0.0039573291   0.0083010340   0.0025281271  -0.0017070979   0.0008264179
 9  7  -0.0713014118   0.0722067573   0.0000499689   0.0000985389  -0.0001254260
 9  8   0.0001150299
10  1   0.0093876906  -0.2245315914  -0.1165800743  -0.1176274661  -0.0152286132
10  2  -0.2383571817  -0.0315256244  -0.0518718190  -0.0401489142   0.0206176479
10  3  -0.0273468359  -0.1473194661   0.0051441061   0.1341753411  -0.0656891215
10  4   0.0953160237  -0.1741794717  -0.0199370964   0.0348718355   0.0228816414
10  5   0.2865920308   0.3548019781  -0.0567882107   0.0542148623  -0.0049010825
10  6   0.0632014461  -0.0499225188   0.0428202491   0.0180290678  -0.0183996792
10  7  -0.0182277787   0.0021439590   0.0005532198   0.0018975056  -0.0000454693
10  8   0.0006078338
11  1  -0.0445284199  -0.0336544907   0.0923554337   0.2211307592  -0.0237470573
11  2  -0.1599368059  -0.0146448114   0.0703672575   0.0739786232  -0.3134655134
11  3  -0.2041232250  -0.0485052379  -0.0267837287  -0.0829119541   0.1120654564
11  4   0.1709460149   0.0748880751  -0.2165988571   0.0071050769  -0.0633934840
11  5  -0.0382333876  -0.0580080453  -0.0847221016   0.0129158458  -0.0109770864
11  6   0.0394772685  -0.0363211016   0.0493622159   0.0077904994  -0.0090816822
11  7   0.0216238685  -0.0151154934   0.0000564468  -0.0002950353  -0.0006772849
11  8  -0.0002245797
12  1  -0.0273765292  -0.1703165164   0.1817402076  -0.0283169633  -0.2777272477
12  2   0.0978152256  -0.1552402755   0.1986391888   0.2019100052  -0.0259928557
12  3   0.0622498910   0.0913537515   0.0402404956  -0.0083213842  -0.0952578770
12  4  -0.0549749658   0.0388500958   0.0226902311   0.0136212752   0.0718050244
12  5   0.0767857878   0.0988975038   0.0336485439   0.0243476494   0.0316183249
12  6  -0.0264086935  -0.0007027043   0.0035423313   0.0036736925  -0.0024089441
12  7  -0.0101489153   0.0112123554   0.0001777390   0.0000511868   0.0005739143
12  8   0.0003943133
13  1  -0.0330046654  -0.2062317735  -0.0338942134  -0.1444182378   0.0377477652
13  2  -0.2045067807   0.0148824670   0.0614375304   0.0812476742   0.1517937470
13  3  -0.0562539616  -0.0501278673   0.0533554980   0.1738028845  -0.0676208736
13  4   0.2508601259  -0.2245796692  -0.0019720534   0.0256334380   0.0464225554
13  5  -0.3489259717  -0.3234460124   0.0687855102  -0.0183298372   0.0069935839
13  6  -0.0539311978  -0.0278458489   0.0378110195   0.0334710988  -0.0344245675
13  7  -0.0542665208  -0.0022270730   0.0022754572   0.0118161394   0.0355979954
13  8   0.0463827869
14  1  -0.0521665968   0.1506606445   0.1904553720   0.1576875581   0.0537396786
14  2  -0.1693618960   0.0447709014   0.0296429431   0.0434363374   0.1165526625
14  3  -0.1394978137  -0.1003774055   0.0392146819  -0.2442473289   0.0346371028
14  4   0.2280840714   0.0657371693   0.2400569104   0.0204811542   0.0548130912
14  5  -0.0284659988   0.1744032590   0.0612922370   0.0851721492   0.0005211920
14  6   0.0868102703   0.0633235748  -0.1262063279   0.0280743806  -0.0218598320
14  7   0.0242679432   0.0359807067   0.0035708667   0.0186853467   0.0276179857
14  8   0.0361868924
15  1   0.0724441487  -0.0215096044   0.0752432321  -0.0273720784  -0.3304450802
15  2   0.0016509578  -0.2185143803  -0.1321044891  -0.1469382986   0.0400037493
15  3  -0.1178316825  -0.0066849890   0.0750387254   0.0002190956   0.0511998611
15  4   0.0999273265  -0.0644706579   0.0953441356  -0.1630187563  -0.1468584878
15  5  -0.0751452440  -0.0553085115  -0.0097189544  -0.0255745098  -0.0182669214
15  6   0.0133956211   0.0046882360  -0.0089230026   0.0257729946  -0.0258761676
15  7   0.0127174178   0.0137525975   0.0132923813   0.0709661353  -0.0292969372
15  8  -0.0385260763
16  1  -0.1178239310  -0.0041693206   0.0437146223  -0.1975058557  -0.0023318556
16  2  -0.1975935232   0.0269559458  -0.0137770446  -0.0014312422   0.1078396089
16  3  -0.0701347206   0.2366227396  -0.0109814483   0.0419608596   0.0671350973
16  4   0.0850990818   0.1802327044   0.0201474237   0.0338105422   0.0101072020
16  5   0.0532585137   0.0509436075  -0.1315875572  -0.0695366639   0.0043875595
16  6  -0.0696682899   0.0388224902   0.0338851547  -0.0048012177  -0.0082462976
16  7   0.5021962024   0.5072404778   0.0013552418  -0.0009175872  -0.0003227251
16  8   0.0019504856
17  1  -0.1197142547   0.1520685869   0.2059537261   0.1581466521  -0.0037380652
17  2  -0.1424923263  -0.0110792829  -0.0126274188  -0.0031041768   0.1324967069
17  3  -0.0556822146  -0.0575321869  -0.0419923979  -0.1364863440  -0.1520447103
17  4   0.0123604677  -0.1421087335   0.0291832221   0.0078616064   0.0111245615
17  5   0.1712339806  -0.0726992970  -0.2230579248  -0.1118196471   0.0271703669
17  6  -0.1354935263   0.0777501157   0.0609807819  -0.0160932032  -0.0190369622
17  7  -0.2297318623  -0.2548500818   0.0010742005  -0.0003091587  -0.0000475442
17  8  -0.0001531853
18  1   0.2884376461   0.1127133842   0.0659583531  -0.0660081526  -0.1244224949
18  2  -0.1028487568   0.0238034071  -0.0558628467  -0.0116165229   0.1225463025
18  3  -0.0313194207  -0.1031254431   0.2215379808   0.0432143139   0.2399970493
18  4  -0.0932397948   0.1092448258  -0.1268976506   0.1585230222   0.1321549139
18  5   0.0244670308  -0.0549433214  -0.0420153226  -0.0486030907  -0.0274453604
18  6   0.0165242058   0.0215011595  -0.0019629980  -0.0015408003  -0.0061046335
18  7  -0.1095719550  -0.1202794132  -0.0000279529   0.0006892032  -0.0002595187
18  8  -0.0008117778
19  1  -0.1417402986   0.0670182833   0.0580530593  -0.2124305906  -0.0261812635
19  2  -0.2008683568   0.0730106566  -0.0063292059  -0.0058296746  -0.0225966948
19  3   0.1174969204   0.2183548740  -0.0517114536   0.1919628592   0.0598227448
19  4   0.1153962977   0.2501893461   0.0174496258  -0.0140877611  -0.0515762297
19  5  -0.0460172083   0.1243422265   0.0052483110   0.0074590080   0.0131643112
19  6   0.0066152332   0.0157105479  -0.0186088756  -0.0036514858  -0.0024460847
19  7  -0.3283595404  -0.3395483825  -0.0003817177   0.0003180347  -0.0001651245
19  8  -0.0005348887
20  1  -0.2197645307   0.2632664828   0.2859954751   0.1212057659  -0.0391111012
20  2  -0.1100782468  -0.0546490308  -0.0891131484  -0.0074035505  -0.0913844792
20  3   0.3626231549  -0.1998069784   0.0159048202   0.1961013561  -0.0419141941
20  4  -0.0166725575  -0.0381768419  -0.0327168244   0.0161873981   0.0144990465
20  5  -0.0671037550  -0.0056460441   0.0291379701   0.0089675409  -0.0088120051
20  6   0.0140118294  -0.0175090581   0.0022337906   0.0032539702   0.0027513915
20  7   0.1424501650   0.1522862935  -0.0000797923   0.0000401936  -0.0001109306
20  8   0.0000635901
21  1   0.3745585806   0.2421318409  -0.0271408486  -0.0649688548  -0.1716684086
21  2  -0.1863856892   0.3412772317   0.1434909228  -0.0402604832  -0.0789498282
21  3   0.0597659928  -0.0159550068  -0.0761601516  -0.0107797058  -0.1045764178
21  4   0.0084971941  -0.0754853024   0.0200712336  -0.0282783730  -0.0160215383
21  5  -0.0112396068  -0.0098086826   0.0072334123   0.0061085557   0.0010224833
21  6  -0.0048681621  -0.0071544844   0.0040516773   0.0016014578   0.0006725647
21  7   0.0671609203   0.0715732682   0.0001219154   0.0000023506   0.0001005517
21  8   0.0001497958
22  1  -0.1658353143   0.0921643121   0.0972226871  -0.2276119951  -0.0090887785
22  2  -0.1870482870   0.0292554500  -0.0591803664   0.0395054686  -0.0212384875
22  3  -0.0257604555   0.1495196597   0.0036592379  -0.1343218643   0.0639140254
22  4  -0.0940432922  -0.1759691994  -0.0203234491  -0.0346132866   0.0210111629
22  5   0.2841238593  -0.3540846591   0.0564197318   0.0544159980   0.0056365166
22  6   0.0636129861  -0.0554426582  -0.0344448295   0.0190266578   0.0177056715
22  7  -0.0180751506  -0.0024971851  -0.0019704216   0.0001825752   0.0001041584
22  8  -0.0005952423
23  1  -0.0582986209   0.0181275401   0.1224562713   0.2034693876  -0.0119795815
23  2  -0.1579443226   0.0052719663   0.0647574284  -0.0576340870   0.3122743224
23  3  -0.2050803183   0.0561590931  -0.0283398864   0.0820207733  -0.1179172360
23  4  -0.1736808337   0.0704155703  -0.2179601013  -0.0057402552  -0.0672587023
23  5  -0.0425459069   0.0641793534   0.0862721473   0.0121108893   0.0128883923
23  6   0.0407734119  -0.0428885469  -0.0428598564   0.0081508117   0.0087182776
23  7   0.0217231885   0.0162925438   0.0002583462  -0.0001533914  -0.0007492153
23  8   0.0000550677
24  1   0.3796768638   0.0768339786   0.1710749946  -0.1023859413   0.1204248562
24  2  -0.0959208545  -0.1542869162  -0.2213674346   0.1895197495  -0.0434164912
24  3  -0.0482655879   0.0866690117  -0.0383746130  -0.0109765195  -0.0906160146
24  4  -0.0427443093  -0.0406501104  -0.0100625956   0.0152006037  -0.0681096235
24  5  -0.0793079232   0.1021728097   0.0281333054  -0.0259518180   0.0309118241
24  6   0.0228642341   0.0045219633   0.0063459674  -0.0046734709  -0.0031006865
24  7   0.0089415451   0.0106191918   0.0001396182   0.0001528727  -0.0006167230
24  8   0.0002390266
25  1  -0.1727524161   0.0944538828   0.1110841098  -0.2319855790   0.0001701488
25  2  -0.1812689877   0.0215638164  -0.0338513426   0.0190918979   0.0228948927
25  3  -0.0976310952   0.1580386260   0.0103534950  -0.1761130239   0.0651190108
25  4  -0.2886560605  -0.2909439022  -0.2295362095  -0.1592092564   0.0771612761
25  5  -0.2940211724   0.2848511106   0.1666111823   0.3983523621  -0.3380337383
25  6  -0.1169573720   0.3642497021   0.2955420219  -0.1857270288  -0.1697543100
25  7   0.0706110919  -0.1091935604   0.1363608280  -0.0238840743  -0.5620243969
25  8   0.4300696242
26  1   0.0822744022  -0.2137050896  -0.0295553910   0.2814372775   0.0032436098
26  2  -0.1983705655   0.0071338830  -0.0090153619   0.0108306279  -0.1773319713
26  3  -0.2260874127  -0.1915121805  -0.1654008790   0.3575700229   0.1765432941
26  4  -0.3119150178   0.1796520014   0.4472529597  -0.1991737072   0.3351212844
26  5  -0.1977652504  -0.1286589160  -0.4105976393  -0.3241908776   0.3550397555
26  6   0.1537996883  -0.4693616613  -0.3305275347  -0.0389504697  -0.0534397611
26  7  -0.1466668993   0.1057486931   0.1037135554  -0.0175585159  -0.4556995306
26  8   0.3493192401
27  1   0.3518143158  -0.0936563569   0.3526850951  -0.1305881916   0.3549730301
27  2   0.0020587883  -0.4054838321   0.4418940559  -0.4285305655  -0.2145997589
27  3   0.3675848416   0.2414521471   0.3304609103  -0.1794680397  -0.2715190604
27  4   0.3183622315   0.0074295572   0.0216216048   0.3679814218  -0.3480759894
27  5   0.2668276961  -0.0936250212   0.0943588822  -0.1341521903   0.0585711203
27  6  -0.0035330232   0.0746425782   0.0384448045   0.4857151890   0.4650697757
27  7   0.0122869552  -0.0550781889   0.0882292824  -0.0164998577  -0.2884300113
27  8   0.2207073738
28  1  -0.1656249374  -0.1032167889   0.2004848705  -0.2280878351   0.1630720100
28  2  -0.1154317107  -0.1469445680   0.4362766459  -0.4015520609  -0.2676156223
28  3   0.2158471047   0.1725231261   0.2441728872  -0.2853223938  -0.0004055473
28  4  -0.0458556342  -0.3406135859   0.0603089157   0.3144032461  -0.2823399192
28  5   0.0117437969   0.0252744411   0.3892045027  -0.3415710321   0.3836332541
28  6   0.4809492676   0.1716560431   0.1964514109  -0.4142377874  -0.3932800301
28  7   0.0842718320   0.0519453086   0.0043812849   0.0001571874   0.0053663789
28  8  -0.0044835573
29  1   0.2503974630  -0.0086439880   0.0409879636   0.2083833555   0.2414215308
29  2  -0.2793631685  -0.2492120637   0.1416103030  -0.1692323544  -0.3918247076
29  3   0.0004219619   0.3846258479   0.4803979724   0.1167872908  -0.5009876183
29  4  -0.0499041757   0.1785422169   0.3140979622   0.3638319857  -0.3304341968
29  5   0.1910183513  -0.2946987238  -0.2318375136   0.2659747366  -0.3235439440
29  6  -0.4320125185  -0.3995562523  -0.4019202214  -0.2743511891  -0.2631498183
29  7  -0.0101718357  -0.0298251075   0.0538990402  -0.0089228462   0.0161682260
29  8  -0.0127179255
30  1   0.2830923040  -0.0718029075   0.2796011717  -0.1043085433   0.1793677803
30  2  -0.0003066824  -0.2301450937   0.1568447934  -0.1479271002   0.0293888234
30  3   0.1360757795   0.0032496545  -0.0449569716  -0.0257049323   0.0142927513
30  4   0.1304363626   0.0689204141  -0.1029355583  -0.1214501954   0.1029811647
30  5   0.0926968572  -0.0432396239  -0.0141985456   0.0238282570  -0.0357156930
30  6  -0.0522170098  -0.0292429539  -0.0391671742  -0.0382754097  -0.0368280735
30  7   0.0009504196   0.0120325258  -0.9589614658   0.1824283184  -0.1340520405
30  8   0.1061024793
31  1  -0.0471414267  -0.3146907529   0.0544959359  -0.1537094023   0.1565614854
31  2  -0.1511081674   0.1381638993   0.3929828506   0.4285918379   0.2669124779
31  3   0.2120153104  -0.1737115203   0.2456221058   0.2864380390   0.0038546199
31  4   0.0512018013  -0.3409329421   0.0624478519  -0.3142829852  -0.2884304804
31  5   0.0105004366  -0.0262598280  -0.3853274333  -0.3434484273  -0.3831360946
31  6   0.4827798131   0.1452447800  -0.2266572392  -0.3929188799   0.4112031854
31  7   0.0852558203  -0.0496780272  -0.0050536836  -0.0211214449   0.0058377640
31  8   0.0081917717
32  1   0.1028448530   0.2406928287   0.2036828403   0.1244777953   0.2281758784
32  2  -0.2373353546   0.2330766044   0.1153983094   0.1684460669   0.3911916273
32  3  -0.0134292989  -0.3788664163   0.4796016583  -0.1160319491   0.5062144050
32  4   0.0543524390   0.1757965647   0.3195581411  -0.3661889269  -0.3373361002
32  5   0.1872679177   0.2928931033   0.2275757580   0.2652765347   0.3200973338
32  6  -0.4286374307  -0.3360298053   0.4568029328  -0.2618044491   0.2747498269
32  7  -0.0116595902   0.0296704122  -0.0218223845  -0.1082843290   0.0182048977
32  8   0.0244236443
33  1   0.0566818025  -0.0261984649   0.0699066661  -0.0234462926  -0.3541845087
33  2   0.0064600977  -0.2449333444  -0.1570162586  -0.1765757476   0.0024717537
33  3  -0.1395820727   0.0307906119   0.0128187189  -0.0240573807  -0.0144568196
33  4   0.1270955775  -0.0710949991   0.0842280095  -0.0942648071  -0.0798702757
33  5  -0.1037796850  -0.0588833757  -0.0198955186  -0.0328597850  -0.0469986620
33  6   0.0682748310   0.0400142802  -0.0654511032   0.0589275203  -0.0619231610
33  7  -0.0020469299   0.0112678186  -0.1804714757  -0.9541483921   0.1015885189
33  8   0.1368975541
34  1   0.0139752905  -0.2385411730  -0.1191422661  -0.1147657321  -0.0103408768
34  2  -0.2375987061  -0.0284546714  -0.0392958850  -0.0298408838  -0.0266591477
34  3  -0.1069044061  -0.1520832610   0.0053201809   0.1729377298  -0.0700821105
34  4   0.2980960694  -0.2872788977  -0.2295623295   0.1649605290   0.0850625003
34  5  -0.3000876503  -0.2854380886  -0.1696286561   0.3986601039   0.3398576081
34  6  -0.1201176136   0.3174595487  -0.3497790988  -0.1841662639   0.1856800112
34  7   0.0674295505   0.1100943802  -0.0275483770  -0.1347709366  -0.4266814257
34  8  -0.5557697015
35  1  -0.1663402447   0.2083556083   0.2455917459   0.1393914369  -0.0181860603
35  2  -0.1276887860  -0.0294931721  -0.0302888071  -0.0371816329   0.1661108921
35  3  -0.2419235617   0.2069783320  -0.1821740227  -0.3681424702  -0.1940869045
35  4   0.3262431841   0.1830140412   0.4463872840   0.2170436336   0.3568801964
35  5  -0.2133512024   0.1220812811   0.4170766251  -0.3125789805  -0.3526386371
35  6   0.1575292296  -0.4196566169   0.4017057720  -0.0642030427   0.0844255879
35  7  -0.1442439729  -0.1128260692  -0.0207447571  -0.0982796102  -0.3357276065
35  8  -0.4380969700
36  1   0.0000000000   0.0000000000   0.0000000000   0.0000000000  -0.5129575571
36  2   0.0000000000  -0.3993957563  -0.3982189920  -0.4573390210  -0.2224173104
36  3  -0.3496788653   0.2362088061  -0.3202281801  -0.1638371197  -0.2648196707
36  4   0.2959387998  -0.0090199303  -0.0421883823   0.3509967097   0.3309590085
36  5  -0.2518903049  -0.0968432428   0.0701625182   0.1451756886   0.0719242157
36  6  -0.0033246326  -0.0477773978   0.0290071837  -0.4566415841   0.4801177392
36  7  -0.0040634836  -0.0512113708   0.0187357159   0.0967424124   0.2484905438
36  8   0.3237101314
$end
