$dipgrad          cartesian dipole gradients
  0.11500091036176D-01  0.53200667525034D-01  -.14168777717711D+00
  -.37922688099065D-01  0.64884695352846D-01  0.65104018677201D-01
  -.15374886658923D+00  -.32899946754334D-02  -.72688266199661D-01
  -.38664838380102D+00  -.94001690853701D-01  0.14995354071481D+00
  -.59406565664925D-01  0.45849134979023D-01  0.75838643721156D-01
  0.15470213534140D+00  0.10220801991909D+00  -.26979322966961D+00
  0.12984875576194D+01  -.90350180906034D-01  -.74478278064660D+00
  0.85461290991210D-01  0.14283321563345D+01  0.95265470744464D-01
  -.71975425123022D+00  0.22767615540750D+00  0.89945575665026D+00
  -.59715041163370D+00  -.13201207086334D+00  0.16040399202481D+00
  -.10780917059275D+00  -.11542696678552D+01  -.34052628982205D-01
  0.16652339126093D+00  -.16147510097824D-01  -.48644934400822D+00
  -.88729677441995D+00  0.37405842832080D+00  0.44372186978047D+00
  0.24175392454840D+00  -.55651600750613D+00  -.20915531341550D+00
  0.42103193316358D+00  -.30901225663135D+00  -.73046378005018D+00
  0.10426372922346D+00  -.25523147612912D-01  0.25815990007135D-01
  0.18093697100586D-01  -.25267723653188D-03  -.34351365890289D-01
  0.32276644273689D-01  -.14497502978223D-02  0.11888383384754D+00
  0.37894672868437D-01  -.43418926401819D-01  0.65768544189015D-01
  -.69458895102045D-01  0.27997795867782D-01  0.36960344234427D-01
  0.62372354796143D-01  0.17417594136781D-01  0.89690661531486D-01
  0.79796428577622D-01  -.75444674175705D-02  0.54581298222368D-01
  -.15412661091378D-01  -.45940125148661D-01  -.17204891326595D-01
  0.53122300165766D-01  -.23450142674890D-01  0.11041977059467D+00
  0.33915309052945D+00  -.34408611790481D-01  -.13774677114824D-01
  -.55298932090051D-01  0.18991469521225D+00  0.21595722237356D-01
  -.16525641181928D-01  0.60478849139201D-02  0.34094459730349D+00
$end
