$hessian (projected)
 1  1   0.5674333688  -0.0098725609  -0.3370963240  -0.3128239774   0.1131846301
 1  2   0.2125313606  -0.0241190890  -0.0034253587   0.0204494378  -0.0000209998
 1  3   0.0072225870   0.0012775227  -0.0010601209  -0.0027214620   0.0013667720
 1  4  -0.0526321046   0.0160428300   0.0110597218  -0.1782181736  -0.1205768088
 1  5   0.0870459144   0.0020700824  -0.0001630755   0.0026813252  -0.0006289858
 1  6   0.0003092187   0.0006842696
 2  1  -0.0098725609   0.6636378355   0.0858910308   0.1081887044  -0.1770856920
 2  2  -0.0994724774  -0.0084310378   0.0181048989   0.0084295349  -0.0022182399
 2  3  -0.0044946126   0.0009953500  -0.0065769123  -0.0015289851   0.0045479375
 2  4   0.0112661472  -0.3281174802  -0.0499786714  -0.1163132296  -0.1652802112
 2  5   0.0692329987   0.0249399958  -0.0059185136  -0.0204322980  -0.0009828669
 2  6   0.0006827603   0.0007865949
 3  1  -0.3370963240   0.0858910308   0.3868105487   0.2118010239  -0.1032419224
 3  2  -0.2261083380   0.0197386920   0.0046887954  -0.0104211719  -0.0000902757
 3  3  -0.0061260036  -0.0005021801   0.0007555568   0.0016529829   0.0009121872
 3  4   0.0103779133  -0.0535802981  -0.0565321132   0.0876985466   0.0724405887
 3  5  -0.0946459304   0.0062948985  -0.0015497261   0.0006896412   0.0005199686
 3  6  -0.0001754476  -0.0002026436
 4  1  -0.3128239774   0.1081887044   0.2118010239   0.5255450530  -0.0714900491
 4  2  -0.3153320638  -0.1341561569  -0.0326439281   0.0345378295   0.0085621488
 4  3  -0.0236181848   0.0049103792  -0.0301362223  -0.0115682424   0.0293912577
 4  4   0.0041359574   0.0008156868   0.0026612809  -0.0100573775   0.0105058498
 4  5   0.0148820045  -0.0515913156   0.0180737105   0.0129263656   0.0005218905
 4  6   0.0017364529   0.0042219223
 5  1   0.1131846301  -0.1770856920  -0.1032419224  -0.0714900491   0.6709220334
 5  2   0.1334509693  -0.0574545463  -0.1344107221   0.0356429847  -0.0302110758
 5  3  -0.0466645021   0.0130984379   0.0136611587   0.0115264004  -0.0102054486
 5  4   0.0247696993  -0.0087963707  -0.0209784890  -0.0161569705   0.0110040329
 5  5   0.0126430802   0.0195515922  -0.3254421323  -0.0562910448   0.0041455614
 5  6  -0.0010530474  -0.0041185673
 6  1   0.2125313606  -0.0994724774  -0.2261083380  -0.3153320638   0.1334509693
 6  2   0.3763115247   0.0309602200   0.0169368482  -0.1027774356   0.0039326418
 6  3   0.0081912181   0.0178345597   0.0330578071   0.0087385694  -0.0123292431
 6  4   0.0061237555  -0.0029628062   0.0024771615   0.0109981703  -0.0074083579
 6  5  -0.0016681694   0.0131519712  -0.0551776187  -0.0557448760   0.0045761374
 6  6  -0.0022963447   0.0020048161
 7  1  -0.0241190890  -0.0084310378   0.0197386920  -0.1341561569  -0.0574545463
 7  2   0.0309602200   0.4518211351   0.0731083450  -0.1724792073  -0.1060606389
 7  3  -0.0457485545   0.0149139340  -0.1643161242   0.0174492775   0.0783619155
 7  4  -0.0031786522  -0.0003306883  -0.0046146737   0.0042540881   0.0002297216
 7  5   0.0076411662   0.0058526816   0.0068582451  -0.0026137753  -0.0300972437
 7  6   0.0143192377   0.0280917284
 8  1  -0.0034253587   0.0181048989   0.0046887954  -0.0326439281  -0.1344107221
 8  2   0.0169368482   0.0731083450   0.9523116277   0.0525426249  -0.0420412274
 8  3  -0.6972012400  -0.0580214581   0.0422429879  -0.1428465698  -0.0432272885
 8  4   0.0034131275  -0.0013260633  -0.0014216769   0.0023563103  -0.0025613104
 8  5  -0.0042154055  -0.0190740932  -0.0148961606   0.0120370483  -0.0239361634
 8  6   0.0228255397   0.0206805121
 9  1   0.0204494378   0.0084295349  -0.0104211719   0.0345378295   0.0356429847
 9  2  -0.1027774356  -0.1724792073   0.0525426249   0.3459640375   0.0154761701
 9  3  -0.0553104269  -0.0971588704   0.0820372814  -0.0245341498  -0.1287358606
 9  4  -0.0040729346   0.0013964910  -0.0059856497   0.0079451730  -0.0026188410
 9  5   0.0080112630  -0.0063791918  -0.0074563664   0.0047502003   0.0224854418
 9  6  -0.0080918514  -0.0136465126
10  1  -0.0000209998  -0.0022182399  -0.0000902757   0.0085621488  -0.0302110758
10  2   0.0039326418  -0.1060606389  -0.0420412274   0.0154761701   0.0809828777
10  3   0.0300089290  -0.0315502312   0.0154844549   0.0509385521   0.0176695813
10  4   0.0005669652  -0.0008399183  -0.0000875365  -0.0003367270  -0.0004949598
10  5  -0.0011503769  -0.0031793901  -0.0036430554   0.0035310351   0.0040013093
10  6  -0.0014990045  -0.0077310081
11  1   0.0072225870  -0.0044946126  -0.0061260036  -0.0236181848  -0.0466645021
11  2   0.0081912181  -0.0457485545  -0.6972012400  -0.0553104269   0.0300089290
11  3   0.8187902469   0.0911068414   0.0403119645  -0.0651141383  -0.0439469350
11  4  -0.0015039738   0.0009873634   0.0011885685  -0.0001944244   0.0013047404
11  5   0.0005859656  -0.0047425331  -0.0019360182   0.0029652393  -0.0017358099
11  6  -0.0056718395   0.0013455327
12  1   0.0012775227   0.0009953500  -0.0005021801   0.0049103792   0.0130984379
12  2   0.0178345597   0.0149139340  -0.0580214581  -0.0971588704  -0.0315502312
12  3   0.0911068414   0.0702255109   0.0161528408  -0.0519980250   0.0095194254
12  4  -0.0001887691   0.0006841783   0.0008470950  -0.0011140005   0.0008177013
12  5  -0.0008269903   0.0033752039   0.0021409017   0.0000041684  -0.0077768799
12  6   0.0011760726   0.0000572814
13  1  -0.0010601209  -0.0065769123   0.0007555568  -0.0301362223   0.0136611587
13  2   0.0330578071  -0.1643161242   0.0422429879   0.0820372814   0.0154844549
13  3   0.0403119645   0.0161528408   0.3861560689   0.1158888016  -0.2434158117
13  4   0.0009065102   0.0003062222  -0.0002481279  -0.0015082783   0.0005640337
13  5   0.0004230392  -0.0009718813  -0.0000302621   0.0002483202  -0.2045544071
13  6  -0.2063679941   0.1109890940
14  1  -0.0027214620  -0.0015289851   0.0016529829  -0.0115682424   0.0115264004
14  2   0.0087385694   0.0174492775  -0.1428465698  -0.0245341498   0.0509385521
14  3  -0.0651141383  -0.0519980250   0.1158888016   0.4459244930  -0.0284843240
14  4  -0.0009456738   0.0000344834   0.0006386830  -0.0006699974   0.0006629772
14  5   0.0007438358   0.0005863046   0.0021779914  -0.0000265607  -0.1689575602
14  6  -0.2508366522   0.0932689883
15  1   0.0013667720   0.0045479375   0.0009121872   0.0293912577  -0.0102054486
15  2  -0.0123292431   0.0783619155  -0.0432272885  -0.1287358606   0.0176695813
15  3  -0.0439469350   0.0095194254  -0.2434158117  -0.0284843240   0.2188691917
15  4  -0.0004256243  -0.0002997441   0.0007997643   0.0002562925  -0.0001826804
15  5  -0.0012625677   0.0003438804   0.0004246010  -0.0008277786   0.1164517366
15  6   0.1213738820  -0.0869451185
16  1  -0.0526321046   0.0112661472   0.0103779133   0.0041359574   0.0247696993
16  2   0.0061237555  -0.0031786522   0.0034131275  -0.0040729346   0.0005669652
16  3  -0.0015039738  -0.0001887691   0.0009065102  -0.0009456738  -0.0004256243
16  4   0.0442020012  -0.0185277164  -0.0166796226   0.0047017327  -0.0184007289
16  5  -0.0030800955   0.0013102679  -0.0000268347   0.0077759448  -0.0000126777
16  6  -0.0000440465   0.0001694325
17  1   0.0160428300  -0.3281174802  -0.0535802981   0.0008156868  -0.0087963707
17  2  -0.0029628062  -0.0003306883  -0.0013260633   0.0013964910  -0.0008399183
17  3   0.0009873634   0.0006841783   0.0003062222   0.0000344834  -0.0002997441
17  4  -0.0185277164   0.3463641268   0.0603044039   0.0024309785  -0.0102914026
17  5  -0.0039115844   0.0000885825   0.0011255981  -0.0015883888   0.0000140229
17  6   0.0000197452  -0.0000422515
18  1   0.0110597218  -0.0499786714  -0.0565321132   0.0026612809  -0.0209784890
18  2   0.0024771615  -0.0046146737  -0.0014216769  -0.0059856497  -0.0000875365
18  3   0.0011885685   0.0008470950  -0.0002481279   0.0006386830   0.0007997643
18  4  -0.0166796226   0.0603044039   0.0468357283  -0.0000657994   0.0117466946
18  5   0.0058932683   0.0077943322  -0.0015028203   0.0055773833   0.0001804252
18  6   0.0000033076   0.0000873623
19  1  -0.1782181736  -0.1163132296   0.0876985466  -0.0100573775  -0.0161569705
19  2   0.0109981703   0.0042540881   0.0023563103   0.0079451730  -0.0003367270
19  3  -0.0001944244  -0.0011140005  -0.0015082783  -0.0006699974   0.0002562925
19  4   0.0047017327   0.0024309785  -0.0000657994   0.1836272589   0.1275819609
19  5  -0.1012752977  -0.0019953282   0.0007625306  -0.0042658202  -0.0004671951
19  6   0.0002028414  -0.0001772646
20  1  -0.1205768088  -0.1652802112   0.0724405887   0.0105058498   0.0110040329
20  2  -0.0074083579   0.0002297216  -0.0025613104  -0.0026188410  -0.0004949598
20  3   0.0013047404   0.0008177013   0.0005640337   0.0006629772  -0.0001826804
20  4  -0.0184007289  -0.0102914026   0.0117466946   0.1275819609   0.1642813582
20  5  -0.0757142945   0.0002820655   0.0009140989   0.0010521042   0.0003088659
20  6  -0.0000342834  -0.0001329150
21  1   0.0870459144   0.0692329987  -0.0946459304   0.0148820045   0.0126430802
21  2  -0.0016681694   0.0076411662  -0.0042154055   0.0080112630  -0.0011503769
21  3   0.0005859656  -0.0008269903   0.0004230392   0.0007438358  -0.0012625677
21  4  -0.0030800955  -0.0039115844   0.0058932683  -0.1012752977  -0.0757142945
21  5   0.0895858311  -0.0043268035   0.0006876388  -0.0044545677  -0.0001595509
21  6  -0.0000522349  -0.0006321369
22  1   0.0020700824   0.0249399958   0.0062948985  -0.0515913156   0.0195515922
22  2   0.0131519712   0.0058526816  -0.0190740932  -0.0063791918  -0.0031793901
22  3  -0.0047425331   0.0033752039  -0.0009718813   0.0005863046   0.0003438804
22  4   0.0013102679   0.0000885825   0.0077943322  -0.0019953282   0.0002820655
22  5  -0.0043268035   0.0481448452  -0.0218668473  -0.0198998750   0.0003600381
22  6   0.0002349330  -0.0003544159
23  1  -0.0001630755  -0.0059185136  -0.0015497261   0.0180737105  -0.3254421323
23  2  -0.0551776187   0.0068582451  -0.0148961606  -0.0074563664  -0.0036430554
23  3  -0.0019360182   0.0021409017  -0.0000302621   0.0021779914   0.0004246010
23  4  -0.0000268347   0.0011255981  -0.0015028203   0.0007625306   0.0009140989
23  5   0.0006876388  -0.0218668473   0.3438225830   0.0624154965   0.0000355887
23  6   0.0001525534   0.0000178934
24  1   0.0026813252  -0.0204322980   0.0006896412   0.0129263656  -0.0562910448
24  2  -0.0557448760  -0.0026137753   0.0120370483   0.0047502003   0.0035310351
24  3   0.0029652393   0.0000041684   0.0002483202  -0.0000265607  -0.0008277786
24  4   0.0077759448  -0.0015883888   0.0055773833  -0.0042658202   0.0010521042
24  5  -0.0044545677  -0.0198998750   0.0624154965   0.0498974007  -0.0003835204
24  6  -0.0001315960   0.0001084284
25  1  -0.0006289858  -0.0009828669   0.0005199686   0.0005218905   0.0041455614
25  2   0.0045761374  -0.0300972437  -0.0239361634   0.0224854418   0.0040013093
25  3  -0.0017358099  -0.0077768799  -0.2045544071  -0.1689575602   0.1164517366
25  4  -0.0000126777   0.0000140229   0.0001804252  -0.0004671951   0.0003088659
25  5  -0.0001595509   0.0003600381   0.0000355887  -0.0003835204   0.2308772716
25  6   0.1911083614  -0.1358937583
26  1   0.0003092187   0.0006827603  -0.0001754476   0.0017364529  -0.0010530474
26  2  -0.0022963447   0.0143192377   0.0228255397  -0.0080918514  -0.0014990045
26  3  -0.0056718395   0.0011760726  -0.2063679941  -0.2508366522   0.1213738820
26  4  -0.0000440465   0.0000197452   0.0000033076   0.0002028414  -0.0000342834
26  5  -0.0000522349   0.0002349330   0.0001525534  -0.0001315960   0.1911083614
26  6   0.2339152238  -0.1118057877
27  1   0.0006842696   0.0007865949  -0.0002026436   0.0042219223  -0.0041185673
27  2   0.0020048161   0.0280917284   0.0206805121  -0.0136465126  -0.0077310081
27  3   0.0013455327   0.0000572814   0.1109890940   0.0932689883  -0.0869451185
27  4   0.0001694325  -0.0000422515   0.0000873623  -0.0001772646  -0.0001329150
27  5  -0.0006321369  -0.0003544159   0.0000178934   0.0001084284  -0.1358937583
27  6  -0.1118057877   0.0991685234
$end
