$dipgrad          cartesian dipole gradients
  0.90215370709129D+00  -.51030734584350D+00  0.36991566740222D-01
  0.80310736547834D-01  0.18745421442961D+00  -.71858536501152D-02
  0.12871202102826D-01  -.17163960325550D-01  -.12379889784727D-01
  0.11194511219280D+01  0.23591717217612D-01  0.17640236847980D-01
  0.48899634322144D+00  -.52540479340300D+00  0.30627493167462D-01
  -.22584689163628D-02  0.22796801263298D-01  0.14481411222010D-02
  0.14261606750243D+01  -.30310732714355D+00  0.30833304677826D-01
  -.65610878410163D+00  0.15696299088585D+01  -.63925336924265D-01
  0.45246866053877D-01  -.58337985262442D-01  0.31941406274564D+00
  -.88048216942513D+00  0.37442302824229D+00  -.24000918202148D-01
  0.57026410791860D+00  -.11553785743485D+01  0.42257930102676D-01
  -.34135614916492D-01  0.38465457432679D-01  -.38245818829698D+00
  -.13045332834584D+01  0.30829929158940D+00  -.29886482529064D-01
  0.33353405363558D+00  -.47308893800044D+00  0.13695658489772D-01
  -.31578590382767D-01  0.13048736046424D-01  -.28619039203164D+00
  0.22343145654797D+01  0.72019470843541D-01  0.28456672386866D-01
  0.40333830458981D+00  0.11404145251486D+01  -.26723402224820D-01
  0.14137443611462D-01  -.31930436517485D-01  0.36285731104050D+00
  -.16503124590828D+01  -.12287586935044D+00  -.15863906474596D-01
  -.16493723691615D+00  -.54030694467508D+00  0.33439508279094D-02
  -.13649144187797D-01  0.47659351851761D-02  -.39395968088582D+00
  -.10799495823776D+01  0.24893710469524D+00  -.24604521031453D-01
  -.68603739914132D+00  -.60592762673494D+00  0.38202124740317D-02
  0.16490034072438D-01  0.20233166486278D-01  -.25002841521200D+00
  -.11674692992027D+01  -.47983877815946D-01  -.15879072297162D-01
  -.28188241032383D+00  -.14323077784934D+00  -.27365192328301D-02
  -.53732959331933D-02  0.64383090076847D-03  -.99149494746577D-01
  0.67608719061816D-01  -.16726102981600D-01  -.89743896171019D-03
  -.37540066128897D-01  0.40714329917982D-01  0.47171151151217D-02
  0.97987620597244D-04  0.51277888798880D-02  0.16557173333881D+00
  0.14631564709762D+00  0.44425125021602D-01  -.40853955724073D-02
  0.39481466815534D-01  0.24414612432389D+00  0.21723708471620D-02
  -.39786124192772D-02  0.21735587804108D-02  0.27973697939594D+00
  0.18674235786554D+00  -.70695214474682D-01  0.12959544156476D-02
  -.89419116116849D-01  0.26097855233424D+00  -.63618992098770D-04
  0.21301932947064D-02  0.17710713057106D-03  0.29513783331641D+00
$end
