$hessian (projected)
 1  1   0.7063146245  -0.0686636351   0.0126693915  -0.2578802042   0.1395205324
 1  2  -0.0093416110   0.0500295119   0.0404535890  -0.0009577962  -0.0029464004
 1  3  -0.0206611770   0.0007868128  -0.0272830679   0.0190723286  -0.0012816725
 1  4  -0.0138184136  -0.0667517398   0.0026758991  -0.0013752916   0.0112748071
 1  5  -0.0005824925  -0.3122527748  -0.0041193843  -0.0044846632  -0.0397427715
 1  6   0.0352726181  -0.0022084410  -0.0820750397  -0.0792839682   0.0026599287
 1  7  -0.0013026241   0.0003523604  -0.0000201546  -0.0176675488  -0.0064663312
 1  8   0.0000847990
 2  1  -0.0686636351   0.8287845700  -0.0314126020   0.1794092386  -0.3499683407
 2  2   0.0156889396   0.0224137560  -0.0351417423   0.0019964478  -0.0068694760
 2  3  -0.0003921660   0.0000009625   0.0012037077  -0.0042897934   0.0002438380
 2  4  -0.0356422183   0.0046837251  -0.0009233833  -0.0012327850  -0.0060128253
 2  5   0.0004407043  -0.0389259849  -0.1425442547   0.0040174671  -0.0048281757
 2  6   0.0150043815  -0.0006217864  -0.0732607372  -0.3237984972   0.0110275346
 2  7   0.0000570125   0.0007358411  -0.0000713691   0.0263392974   0.0129391018
 2  8  -0.0003867530
 3  1   0.0126693915  -0.0314126020   0.1234694792  -0.0110585004   0.0150129371
 3  2  -0.0546833446  -0.0001551936   0.0023004234   0.0028404365   0.0001914273
 3  3  -0.0002144530   0.0026431589  -0.0005270742   0.0005317793   0.0007801796
 3  4   0.0013454449  -0.0014332445  -0.0027313927  -0.0000500399   0.0006542198
 3  5   0.0047189686  -0.0030084590   0.0046044744  -0.0338753704  -0.0004865088
 3  6   0.0000412342   0.0022248142   0.0023941989   0.0109221493  -0.0379164642
 3  7  -0.0000066808  -0.0000635218  -0.0008880040  -0.0013080058  -0.0009433962
 3  8  -0.0065824611
 4  1  -0.2578802042   0.1794092386  -0.0110585004   0.7566532432  -0.1069533794
 4  2   0.0153145220  -0.1052590475  -0.0607595308   0.0021224237   0.0048169822
 4  3   0.0398583822  -0.0019749078  -0.0220459844  -0.0365122791   0.0010613740
 4  4  -0.0050608660  -0.0039791122   0.0000572219   0.0045982439   0.0019545456
 4  5   0.0000083269  -0.0371085979   0.0356064009  -0.0022519560  -0.3437509366
 4  6  -0.0365548386  -0.0036189792   0.0133694893  -0.0104195578   0.0004906356
 4  7  -0.0053257601   0.0001459821  -0.0001565203  -0.0030065619  -0.0017958513
 4  8   0.0000063598
 5  1   0.1395205324  -0.3499683407   0.0150129371  -0.1069533794   0.6724561108
 5  2  -0.0258438171  -0.0305094978  -0.1768647105   0.0037367936   0.0186822653
 5  3  -0.0724612142   0.0043345659  -0.0346660513   0.0124708746  -0.0007711015
 5  4  -0.0001214595  -0.0342882160   0.0015344622  -0.0028480602   0.0067376267
 5  5  -0.0003896964   0.0413348315   0.0319126388  -0.0003889466  -0.0402946844
 5  6  -0.0756361800   0.0012322528   0.0183853757  -0.0167994936   0.0014839913
 5  7   0.0023667730   0.0006854188   0.0001724337  -0.0048966453   0.0017554854
 5  8  -0.0001138750
 6  1  -0.0093416110   0.0156889396  -0.0546833446   0.0153145220  -0.0258438171
 6  2   0.1097265502   0.0008186142   0.0032322028  -0.0770714716  -0.0010739805
 6  3   0.0046716533   0.0222154308   0.0009915200  -0.0007971653   0.0080014503
 6  4  -0.0000984553   0.0014787745   0.0015873261   0.0002177596  -0.0003143116
 6  5  -0.0011694089  -0.0025052973  -0.0004954218   0.0065275780  -0.0034752720
 6  6   0.0012985040  -0.0308271618  -0.0007397675   0.0010026352   0.0107182899
 6  7  -0.0002482518   0.0001378572   0.0038606121   0.0001402197  -0.0000598507
 6  8   0.0011141495
 7  1   0.0500295119   0.0224137560  -0.0001551936  -0.1052590475  -0.0305094978
 7  2   0.0008186142   0.6418672316  -0.1863660762   0.0151220389  -0.2885871548
 7  3   0.2702168636  -0.0148765418  -0.2011449988  -0.0603032885   0.0001026448
 7  4  -0.0335461932   0.0712567585  -0.0033643777   0.0157784723  -0.0142909667
 7  5   0.0007680806  -0.0234804271  -0.0289272801   0.0008950625  -0.0424159454
 7  6  -0.0410911425   0.0009883715  -0.0048852835   0.0040391421  -0.0004191541
 7  7  -0.0074137257  -0.0048229326   0.0000631874  -0.0009424398  -0.0016153358
 7  8   0.0000572673
 8  1   0.0404535890  -0.0351417423   0.0023004234  -0.0607595308  -0.1768647105
 8  2   0.0032322028  -0.1863660762   0.8534078823  -0.0309062384   0.2731531290
 8  3  -0.5025551119   0.0225187155  -0.0197750763  -0.1576910290   0.0042420648
 8  4   0.0183578328   0.0547530814  -0.0026454860   0.0036846046  -0.0119397782
 8  5   0.0008605966  -0.0344896288  -0.0210267413   0.0001731459   0.0033717712
 8  6  -0.0039729163   0.0003884669   0.0008719698  -0.0006747858   0.0004639242
 8  7  -0.0389836551   0.0040632675  -0.0007226450   0.0004810709  -0.0023574158
 8  8   0.0000948292
 9  1  -0.0009577962   0.0019964478   0.0028404365   0.0021224237   0.0037367936
 9  2  -0.0770714716   0.0151220389  -0.0309062384   0.1954645816  -0.0149831990
 9  3   0.0224558901  -0.0750322897  -0.0015851731   0.0035816196  -0.0510965696
 9  4  -0.0011120923  -0.0017706796  -0.0139077786  -0.0000163333   0.0005709110
 9  5   0.0068247565   0.0011376215   0.0002825142  -0.0031422480  -0.0009023205
 9  6  -0.0003550687   0.0037013098  -0.0002859025   0.0005213509   0.0098669010
 9  7   0.0014909944  -0.0001752029   0.0018691133  -0.0000302616   0.0000616625
 9  8  -0.0003167411
10  1  -0.0029464004  -0.0068694760   0.0001914273   0.0048169822   0.0186822653
10  2  -0.0010739805  -0.2885871548   0.2731531290  -0.0149831990   0.3460153478
10  3  -0.3453643680   0.0196410439  -0.0751438336   0.0686112656  -0.0044327557
10  4   0.0051941165  -0.0225762925   0.0009446811  -0.0079162469   0.0053986994
10  5  -0.0003417370   0.0005222168   0.0085511465  -0.0003720131   0.0120152184
10  6  -0.0005009714   0.0002532004   0.0008096425  -0.0004010215   0.0000718878
10  7   0.0046566130   0.0013639429   0.0000850508   0.0005634985  -0.0000483192
10  8   0.0000163940
11  1  -0.0206611770  -0.0003921660  -0.0002144530   0.0398583822  -0.0724612142
11  2   0.0046716533   0.2702168636  -0.5025551119   0.0224558901  -0.3453643680
11  3   0.5609680016  -0.0278624946   0.0425813720   0.0094021925   0.0010730889
11  4  -0.0056988592  -0.0032542195   0.0003437032   0.0044833327   0.0007360906
11  5  -0.0000176632   0.0116891508   0.0037263601   0.0000587994  -0.0031324887
11  6   0.0055901242  -0.0003828099   0.0018618738  -0.0014049760  -0.0000164618
11  7   0.0046416849  -0.0015875838  -0.0000404676  -0.0004757670   0.0012325026
11  8  -0.0000687847
12  1   0.0007868128   0.0000009625   0.0026431589  -0.0019749078   0.0043345659
12  2   0.0222154308  -0.0148765418   0.0225187155  -0.0750322897   0.0196410439
12  3  -0.0278624946   0.0352112282  -0.0033169565   0.0014944190   0.0185139422
12  4   0.0002071015   0.0000745546   0.0070235940  -0.0002915760  -0.0000106670
12  5  -0.0015956683  -0.0004977702  -0.0000025709   0.0002940886   0.0003684286
12  6  -0.0003369302  -0.0021944886  -0.0000234959  -0.0000583490  -0.0025859017
12  7  -0.0000556733  -0.0000927471  -0.0042942538   0.0000335347  -0.0000594586
12  8  -0.0001988405
13  1  -0.0272830679   0.0012037077  -0.0005270742  -0.0220459844  -0.0346660513
13  2   0.0009915200  -0.2011449988  -0.0197750763  -0.0015851731  -0.0751438336
13  3   0.0425813720  -0.0033169565   0.6612536113   0.0514716069   0.0077231088
13  4  -0.1699459055   0.0168261209  -0.0025969746  -0.0833273986   0.0535936434
13  5  -0.0040419090   0.0367498331   0.0193160719  -0.0003687244   0.0041125281
13  6  -0.0015207077   0.0000836125   0.0011692370   0.0002842231   0.0000134316
13  7  -0.1228974677  -0.1251604238   0.0035195728  -0.0014965529  -0.0041544867
13  8   0.0001055661
14  1   0.0190723286  -0.0042897934   0.0005317793  -0.0365122791   0.0124708746
14  2  -0.0007971653  -0.0603032885  -0.1576910290   0.0035816196   0.0686112656
14  3   0.0094021925   0.0014944190   0.0514716069   0.8042030599  -0.0307239400
14  4   0.0606153460  -0.2217948897   0.0080680312   0.0245584552   0.0187619580
14  5   0.0005043927   0.0130796446  -0.0634335197   0.0033283694  -0.0067194062
14  6  -0.0081792528   0.0003472852  -0.0005522194   0.0005470333  -0.0000541501
14  7  -0.1291856149  -0.3851797146   0.0134481132  -0.0041358388  -0.0048169191
14  8   0.0002712459
15  1  -0.0012816725   0.0002438380   0.0007801796   0.0010613740  -0.0007711015
15  2   0.0080014503   0.0001026448   0.0042420648  -0.0510965696  -0.0044327557
15  3   0.0010730889   0.0185139422   0.0077231088  -0.0307239400   0.0642888948
15  4  -0.0044417866   0.0072971566  -0.0578868416  -0.0027968917   0.0009878655
15  5   0.0209757797  -0.0000979168   0.0034262463   0.0088201268   0.0003082190
15  6   0.0004367563   0.0025684677   0.0000504796  -0.0000402691  -0.0005161613
15  7   0.0037057550   0.0135574866  -0.0175814990   0.0000994422   0.0002708076
15  8   0.0031322304
16  1  -0.0138184136  -0.0356422183   0.0013454449  -0.0050608660  -0.0001214595
16  2  -0.0000984553  -0.0335461932   0.0183578328  -0.0011120923   0.0051941165
16  3  -0.0056988592   0.0002071015  -0.1699459055   0.0606153460  -0.0044417866
16  4   0.9837393858   0.0612885952   0.0103098905  -0.6586903332  -0.0860361314
16  5  -0.0059374397  -0.1507667289  -0.0309536659  -0.0001707376   0.0062805075
16  6   0.0021293613   0.0000171728  -0.0036842090   0.0002624382  -0.0001203049
16  7   0.0201896359  -0.0110993036   0.0008103064   0.0201090037   0.0268980644
16  8  -0.0008090997
17  1  -0.0667517398   0.0046837251  -0.0014332445  -0.0039791122  -0.0342882160
17  2   0.0014787745   0.0712567585   0.0547530814  -0.0017706796  -0.0225762925
17  3  -0.0032542195   0.0000745546   0.0168261209  -0.2217948897   0.0072971566
17  4   0.0612885952   0.5920186396  -0.0154839963  -0.0850877169  -0.1181665225
17  5   0.0001651282  -0.0039691625  -0.2308879941   0.0071969416   0.0134110987
17  6  -0.0004035660   0.0002148716   0.0052245645   0.0022997554   0.0001076065
17  7   0.0239819040  -0.0225551484   0.0013581273  -0.0096250178  -0.0224046452
17  8   0.0007947596
18  1   0.0026758991  -0.0009233833  -0.0027313927   0.0000572219   0.0015344622
18  2   0.0015873261  -0.0033643777  -0.0026454860  -0.0139077786   0.0009446811
18  3   0.0003437032   0.0070235940  -0.0025969746   0.0080680312  -0.0578868416
18  4   0.0103098905  -0.0154839963   0.2068949281  -0.0060002245   0.0001507574
18  5  -0.0810746307  -0.0013090069   0.0067718938  -0.0611140865  -0.0004611774
18  6   0.0000290261  -0.0005190468  -0.0003340368   0.0000237754   0.0027616686
18  7  -0.0006720594   0.0007478127  -0.0006114822   0.0007501647   0.0013834037
18  8  -0.0004222575
19  1  -0.0013752916  -0.0012327850  -0.0000500399   0.0045982439  -0.0028480602
19  2   0.0002177596   0.0157784723   0.0036846046  -0.0000163333  -0.0079162469
19  3   0.0044833327  -0.0002915760  -0.0833273986   0.0245584552  -0.0027968917
19  4  -0.6586903332  -0.0850877169  -0.0060002245   0.7898542270   0.1092308112
19  5   0.0078581926  -0.0451375264  -0.0493196066   0.0010269214  -0.0069740767
19  6  -0.0011633427  -0.0000603840  -0.0016213650   0.0001254675  -0.0000321078
19  7  -0.0019194486  -0.0018216012   0.0001119839  -0.0032692562  -0.0006095586
19  8   0.0000326996
20  1   0.0112748071  -0.0060128253   0.0006542198   0.0019545456   0.0067376267
20  2  -0.0003143116  -0.0142909667  -0.0119397782   0.0005709110   0.0053986994
20  3   0.0007360906  -0.0000106670   0.0535936434   0.0187619580   0.0009878655
20  4  -0.0860361314  -0.1181665225   0.0001507574   0.1092308112   0.1153461590
20  5  -0.0014825358  -0.0736040047  -0.0141073284   0.0002678027  -0.0036604448
20  6   0.0003660570  -0.0000846168  -0.0021252238  -0.0001979104  -0.0000262705
20  7  -0.0035692606   0.0036598042  -0.0003711759   0.0018335252   0.0048166692
20  8  -0.0003419787
21  1  -0.0005824925   0.0004407043   0.0047189686   0.0000083269  -0.0003896964
21  2  -0.0011694089   0.0007680806   0.0008605966   0.0068247565  -0.0003417370
21  3  -0.0000176632  -0.0015956683  -0.0040419090   0.0005043927   0.0209757797
21  4  -0.0059374397   0.0001651282  -0.0810746307   0.0078581926  -0.0014825358
21  5   0.0383835053   0.0020565141   0.0006769573   0.0207291711   0.0000431459
21  6  -0.0000436841  -0.0002694407   0.0000629399   0.0000101429  -0.0000127050
21  7   0.0001769987  -0.0003436631  -0.0036747440  -0.0000706206  -0.0003806793
21  8  -0.0038355835
22  1  -0.3122527748  -0.0389259849  -0.0030084590  -0.0371085979   0.0413348315
22  2  -0.0025052973  -0.0234804271  -0.0344896288   0.0011376215   0.0005222168
22  3   0.0116891508  -0.0004977702   0.0367498331   0.0130796446  -0.0000979168
22  4  -0.1507667289  -0.0039691625  -0.0013090069  -0.0451375264  -0.0736040047
22  5   0.0020565141   0.7853283470  -0.1021408480   0.0165363617  -0.0145088035
22  6  -0.0020444197  -0.0002852383  -0.0111666687  -0.0010877795  -0.0001642487
22  7  -0.0038417244   0.0044757416  -0.0003212887  -0.2243371453   0.1856824596
22  8  -0.0115412715
23  1  -0.0041193843  -0.1425442547   0.0046044744   0.0356064009   0.0319126388
23  2  -0.0004954218  -0.0289272801  -0.0210267413   0.0002825142   0.0085511465
23  3   0.0037263601  -0.0000025709   0.0193160719  -0.0634335197   0.0034262463
23  4  -0.0309536659  -0.2308879941   0.0067718938  -0.0493196066  -0.0141073284
23  5   0.0006769573  -0.1021408480   0.7400614038  -0.0310209138  -0.0037137494
23  6  -0.0057775979   0.0005219004  -0.0361760646   0.0008775387  -0.0005825585
23  7   0.0049353881  -0.0010770143   0.0002925100   0.1869415915  -0.2977234909
23  8   0.0155249687
24  1  -0.0044846632   0.0040174671  -0.0338753704  -0.0022519560  -0.0003889466
24  2   0.0065275780   0.0008950625   0.0001731459  -0.0031422480  -0.0003720131
24  3   0.0000587994   0.0002940886  -0.0003687244   0.0033283694   0.0088201268
24  4  -0.0001707376   0.0071969416  -0.0611140865   0.0010269214   0.0002678027
24  5   0.0207291711   0.0165363617  -0.0310209138   0.0551153952  -0.0002152779
24  6   0.0005515682   0.0079697905   0.0013409715   0.0000086409   0.0015084283
24  7  -0.0003366428   0.0002820930   0.0037491190  -0.0115993021   0.0155250322
24  8  -0.0065819927
25  1  -0.0397427715  -0.0048281757  -0.0004865088  -0.3437509366  -0.0402946844
25  2  -0.0034752720  -0.0424159454   0.0033717712  -0.0009023205   0.0120152184
25  3  -0.0031324887   0.0003684286   0.0041125281  -0.0067194062   0.0003082190
25  4   0.0062805075   0.0134110987  -0.0004611774  -0.0069740767  -0.0036604448
25  5   0.0000431459  -0.0145088035  -0.0037137494  -0.0002152779   0.4256898169
25  6   0.0476709339   0.0046778198   0.0013416966  -0.0006827965   0.0001565475
25  7  -0.0011696287   0.0007322339  -0.0000523521  -0.0008776050  -0.0021542921
25  8   0.0000387479
26  1   0.0352726181   0.0150043815   0.0000412342  -0.0365548386  -0.0756361800
26  2   0.0012985040  -0.0410911425  -0.0039729163  -0.0003550687  -0.0005009714
26  3   0.0055901242  -0.0003369302  -0.0015207077  -0.0081792528   0.0004367563
26  4   0.0021293613  -0.0004035660   0.0000290261  -0.0011633427   0.0003660570
26  5  -0.0000436841  -0.0020444197  -0.0057775979   0.0005515682   0.0476709339
26  6   0.0704276055  -0.0013085803  -0.0014552654   0.0018315337  -0.0003720855
26  7  -0.0018833716   0.0004714065  -0.0000467539   0.0011411463   0.0002784046
26  8   0.0001060139
27  1  -0.0022084410  -0.0006217864   0.0022248142  -0.0036189792   0.0012322528
27  2  -0.0308271618   0.0009883715   0.0003884669   0.0037013098   0.0002532004
27  3  -0.0003828099  -0.0021944886   0.0000836125   0.0003472852   0.0025684677
27  4   0.0000171728   0.0002148716  -0.0005190468  -0.0000603840  -0.0000846168
27  5  -0.0002694407  -0.0002852383   0.0005219004   0.0079697905   0.0046778198
27  6  -0.0013085803   0.0211746531   0.0001913780  -0.0003576393  -0.0062718123
27  7   0.0000633258  -0.0000003727   0.0001756263  -0.0001018383   0.0000510285
27  8   0.0022672887
28  1  -0.0820750397  -0.0732607372   0.0023941989   0.0133694893   0.0183853757
28  2  -0.0007397675  -0.0048852835   0.0008719698  -0.0002859025   0.0008096425
28  3   0.0018618738  -0.0000234959   0.0011692370  -0.0005522194   0.0000504796
28  4  -0.0036842090   0.0052245645  -0.0003340368  -0.0016213650  -0.0021252238
28  5   0.0000629399  -0.0111666687  -0.0361760646   0.0013409715   0.0013416966
28  6  -0.0014552654   0.0001913780   0.0856663363   0.0875030692  -0.0027102376
28  7   0.0000224194  -0.0000582321   0.0000066783   0.0010537448  -0.0002191105
28  8   0.0000467942
29  1  -0.0792839682  -0.3237984972   0.0109221493  -0.0104195578  -0.0167994936
29  2   0.0010026352   0.0040391421  -0.0006747858   0.0005213509  -0.0004010215
29  3  -0.0014049760  -0.0000583490   0.0002842231   0.0005470333  -0.0000402691
29  4   0.0002624382   0.0022997554   0.0000237754   0.0001254675  -0.0001979104
29  5   0.0000101429  -0.0010877795   0.0008775387   0.0000086409  -0.0006827965
29  6   0.0018315337  -0.0003576393   0.0875030692   0.3366972018  -0.0119453394
29  7   0.0000001300  -0.0000418175  -0.0000077814  -0.0003393464   0.0006644176
29  8  -0.0000793163
30  1   0.0026599287   0.0110275346  -0.0379164642   0.0004906356   0.0014839913
30  2   0.0107182899  -0.0004191541   0.0004639242   0.0098669010   0.0000718878
30  3  -0.0000164618  -0.0025859017   0.0000134316  -0.0000541501  -0.0005161613
30  4  -0.0001203049   0.0001076065   0.0027616686  -0.0000321078  -0.0000262705
30  5  -0.0000127050  -0.0001642487  -0.0005825585   0.0015084283   0.0001565475
30  6  -0.0003720855  -0.0062718123  -0.0027102376  -0.0119453394   0.0237211389
30  7   0.0000044885  -0.0000087157  -0.0002201897   0.0000491333  -0.0000774750
30  8  -0.0010531925
31  1  -0.0013026241   0.0000570125  -0.0000066808  -0.0053257601   0.0023667730
31  2  -0.0002482518  -0.0074137257  -0.0389836551   0.0014909944   0.0046566130
31  3   0.0046416849  -0.0000556733  -0.1228974677  -0.1291856149   0.0037057550
31  4   0.0201896359   0.0239819040  -0.0006720594  -0.0019194486  -0.0035692606
31  5   0.0001769987  -0.0038417244   0.0049353881  -0.0003366428  -0.0011696287
31  6  -0.0018833716   0.0000633258   0.0000224194   0.0000001300   0.0000044885
31  7   0.1181474615   0.1364496480  -0.0040682037   0.0008542494   0.0011893617
31  8  -0.0000540507
32  1   0.0003523604   0.0007358411  -0.0000635218   0.0001459821   0.0006854188
32  2   0.0001378572  -0.0048229326   0.0040632675  -0.0001752029   0.0013639429
32  3  -0.0015875838  -0.0000927471  -0.1251604238  -0.3851797146   0.0135574866
32  4  -0.0110993036  -0.0225551484   0.0007478127  -0.0018216012   0.0036598042
32  5  -0.0003436631   0.0044757416  -0.0010770143   0.0002820930   0.0007322339
32  6   0.0004714065  -0.0000003727  -0.0000582321  -0.0000418175  -0.0000087157
32  7   0.1364496480   0.4014658095  -0.0141033738  -0.0005574156  -0.0006402690
32  8   0.0000623476
33  1  -0.0000201546  -0.0000713691  -0.0008880040  -0.0001565203   0.0001724337
33  2   0.0038606121   0.0000631874  -0.0007226450   0.0018691133   0.0000850508
33  3  -0.0000404676  -0.0042942538   0.0035195728   0.0134481132  -0.0175814990
33  4   0.0008103064   0.0013581273  -0.0006114822   0.0001119839  -0.0003711759
33  5  -0.0036747440  -0.0003212887   0.0002925100   0.0037491190  -0.0000523521
33  6  -0.0000467539   0.0001756263   0.0000066783  -0.0000077814  -0.0002201897
33  7  -0.0040682037  -0.0141033738   0.0165943183   0.0000217399   0.0000923827
33  8   0.0010213837
34  1  -0.0176675488   0.0263392974  -0.0013080058  -0.0030065619  -0.0048966453
34  2   0.0001402197  -0.0009424398   0.0004810709  -0.0000302616   0.0005634985
34  3  -0.0004757670   0.0000335347  -0.0014965529  -0.0041358388   0.0000994422
34  4   0.0201090037  -0.0096250178   0.0007501647  -0.0032692562   0.0018335252
34  5  -0.0000706206  -0.2243371453   0.1869415915  -0.0115993021  -0.0008776050
34  6   0.0011411463  -0.0001018383   0.0010537448  -0.0003393464   0.0000491333
34  7   0.0008542494  -0.0005574156   0.0000217399   0.2290166136  -0.1967066004
34  8   0.0120157940
35  1  -0.0064663312   0.0129391018  -0.0009433962  -0.0017958513   0.0017554854
35  2  -0.0000598507  -0.0016153358  -0.0023574158   0.0000616625  -0.0000483192
35  3   0.0012325026  -0.0000594586  -0.0041544867  -0.0048169191   0.0002708076
35  4   0.0268980644  -0.0224046452   0.0013834037  -0.0006095586   0.0048166692
35  5  -0.0003806793   0.1856824596  -0.2977234909   0.0155250322  -0.0021542921
35  6   0.0002784046   0.0000510285  -0.0002191105   0.0006644176  -0.0000774750
35  7   0.0011893617  -0.0006402690   0.0000923827  -0.1967066004   0.3062561588
35  8  -0.0158634574
36  1   0.0000847990  -0.0003867530  -0.0065824611   0.0000063598  -0.0001138750
36  2   0.0011141495   0.0000572673   0.0000948292  -0.0003167411   0.0000163940
36  3  -0.0000687847  -0.0001988405   0.0001055661   0.0002712459   0.0031322304
36  4  -0.0008090997   0.0007947596  -0.0004222575   0.0000326996  -0.0003419787
36  5  -0.0038355835  -0.0115412715   0.0155249687  -0.0065819927   0.0000387479
36  6   0.0001060139   0.0022672887   0.0000467942  -0.0000793163  -0.0010531925
36  7  -0.0000540507   0.0000623476   0.0010213837   0.0120157940  -0.0158634574
36  8   0.0114560167
$end
