$energy      SCF               SCFKIN            SCFPOT
     1 -667.2184609688      664.2596005214     -1331.478061490
     2 -667.2215510766      664.4788074224     -1331.700358499
     3 -667.2231540611      664.4792578457     -1331.702411907
     4 -667.2246969853      664.4904357546     -1331.715132740
     5 -667.2254980097      664.5022404789     -1331.727738489
     6 -667.2259526062      664.5105911521     -1331.736543758
     7 -667.2262508090      664.5110372873     -1331.737288096
     8 -667.2264131231      664.5103274518     -1331.736740575
     9 -667.2265437092      664.5069409721     -1331.733484681
    10 -667.2267157845      664.5097095202     -1331.736425305
    11 -667.2268858717      664.5089017762     -1331.735787648
    12 -667.2270359161      664.5143425560     -1331.741378472
    13 -667.2271619922      664.5156560209     -1331.742818013
    14 -667.2272667088      664.5199166069     -1331.747183316
    15 -667.2273506665      664.5241123557     -1331.751463022
    16 -667.2274211901      664.5272035992     -1331.754624789
    17 -667.2274750881      664.5283781182     -1331.755853206
    18 -667.2275099581      664.5266680707     -1331.754178029
    19 -667.2275368486      664.5219953882     -1331.749532237
    20 -667.2275596931      664.5176852765     -1331.745244970
    21 -667.2275881071      664.5151607630     -1331.742748870
    22 -667.2276159205      664.5162737221     -1331.743889643
    23 -667.2276490766      664.5211208284     -1331.748769905
    24 -667.2276784950      664.5234869800     -1331.751165475
    25 -667.2276923658      664.5214553950     -1331.749147761
    26 -667.2277028811      664.5170638672     -1331.744766748
    27 -667.2277140223      664.5098526134     -1331.737566636
    28 -667.2277253225      664.5055187927     -1331.733244115
    29 -667.2277358591      664.5035128687     -1331.731248728
    30 -667.2277505011      664.5062767211     -1331.734027222
    31 -667.2277673502      664.5114480490     -1331.739215399
    32 -667.2277782977      664.5140245046     -1331.741802802
    33 -667.2277944769      664.5122170673     -1331.740011544
    34 -667.2278083460      664.5088411886     -1331.736649535
    35 -667.2278181359      664.5085153373     -1331.736333473
    36 -667.2278265530      664.5091286328     -1331.736955186
    37 -667.2278358582      664.5131514871     -1331.740987345
    38 -667.2278409007      664.5164785237     -1331.744319424
    39 -667.2278452354      664.5180821417     -1331.745927377
    40 -667.2278500534      664.5187588164     -1331.746608870
    41 -667.2278551721      664.5171744678     -1331.745029640
    42 -667.2278588381      664.5166206499     -1331.744479488
    43 -667.2278676389      664.5179156708     -1331.745783310
    44 -667.2278752929      664.5203204227     -1331.748195716
    45 -667.2278809114      664.5219356632     -1331.749816575
    46 -667.2278891710      664.5209544475     -1331.748843619
    47 -667.2278992224      664.5190086775     -1331.746907900
    48 -667.2279135793      664.5157319209     -1331.743645500
    49 -667.2279264413      664.5122497806     -1331.740176222
    50 -667.2279397392      664.5104209236     -1331.738360663
    51 -667.2279611020      664.5114122658     -1331.739373368
    52 -667.2279774372      664.5098192162     -1331.737796653
    53 -667.2279892328      664.5117271063     -1331.739716339
    54 -667.2280044072      664.5124646352     -1331.740469042
    55 -667.2280270408      664.5057047892     -1331.733731830
    56 -667.2280418813      664.5031428753     -1331.731184757
    57 -667.2280559768      664.5024266963     -1331.730482673
    58 -667.2280719528      664.5051807285     -1331.733252681
    59 -667.2280871147      664.4918405932     -1331.719927708
    60 -667.2280699278      664.5506683825     -1331.778738310
    61 -667.2281150710      664.5112972593     -1331.739412330
    62 -667.2281227430      664.5046144122     -1331.732737155
    63 -667.2281486072      664.5058127124     -1331.733961320
    64 -667.2281570194      664.5079731082     -1331.736130128
    65 -667.2281620195      664.5068940419     -1331.735056061
    66 -667.2281701806      664.5155293624     -1331.743699543
    67 -667.2281750913      664.5151067366     -1331.743281828
    68 -667.2281753002      664.5162390310     -1331.744414331
    69 -667.2281775840      664.5098769344     -1331.738054518
    70 -667.2281827595      664.5132444279     -1331.741427187
    71 -667.2281857471      664.5127766667     -1331.740962414
    72 -667.2281946066      664.5134757698     -1331.741670376
    73 -667.2282020983      664.5141677116     -1331.742369810
    74 -667.2282182621      664.5167899547     -1331.745008217
    75 -667.2282341848      664.5146548982     -1331.742889083
    76 -667.2282458075      664.5345134174     -1331.762759225
    77 -667.2282621473      664.5117855339     -1331.740047681
    78 -667.2282743948      664.5103797329     -1331.738654128
    79 -667.2282939710      664.5251081696     -1331.753402141
    80 -667.2283045319      664.5150959269     -1331.743400459
    81 -667.2283225194      664.5057950224     -1331.734117542
    82 -667.2283379160      664.4950006593     -1331.723338575
    83 -667.2283493602      664.5225573499     -1331.750906710
    84 -667.2283671652      664.5169060125     -1331.745273178
    85 -667.2283839438      664.4940016387     -1331.722385583
    86 -667.2283960939      664.5228868491     -1331.751282943
    87 -667.2284208654      664.5190905928     -1331.747511458
    88 -667.2284405937      664.5072126906     -1331.735653284
    89 -667.2284512094      664.5121956340     -1331.740646843
    90 -667.2284751168      664.5161835172     -1331.744658634
    91 -667.2284877260      664.5162479120     -1331.744735638
    92 -667.2285043867      664.5124326094     -1331.740936996
    93 -667.2285206345      664.5077275951     -1331.736248230
    94 -667.2285505884      664.5099519734     -1331.738502562
    95 -667.2285878451      664.5021908953     -1331.730778740
    96 -667.2286008950      664.5007842697     -1331.729385165
    97 -667.2286271545      664.5003335455     -1331.728960700
    98 -667.2286405394      664.4928401242     -1331.721480664
    99 -667.2286607204      664.4904700902     -1331.719130811
   100 -667.2286885213      664.4867938357     -1331.715482357
   101 -667.2287113138      664.4905722673     -1331.719283581
   102 -667.2287342463      664.4856543911     -1331.714388637
   103 -667.2287284927      664.5301817148     -1331.758910207
   104 -667.2287572245      664.5011667901     -1331.729924015
   105 -667.2287622013      664.4961308493     -1331.724893051
   106 -667.2287792673      664.4972229954     -1331.726002263
   107 -667.2287931965      664.5039437996     -1331.732736996
   108 -667.2288045761      664.5065331439     -1331.735337720
   109 -667.2288158069      664.5135150573     -1331.742330864
   110 -667.2288219414      664.5152881968     -1331.744110138
   111 -667.2288270203      664.5156394254     -1331.744466446
   112 -667.2288309276      664.5146339409     -1331.743464869
   113 -667.2288335539      664.5141099322     -1331.742943486
   114 -667.2288352957      664.5123987286     -1331.741234024
   115 -667.2288376137      664.5134366294     -1331.742274243
   116 -667.2288388256      664.5137166527     -1331.742555478
   117 -667.2288401661      664.5131296687     -1331.741969835
   118 -667.2288417610      664.5132542615     -1331.742096022
   119 -667.2288438393      664.5124989083     -1331.741342748
   120 -667.2288463837      664.5121127223     -1331.740959106
   121 -667.2288493084      664.5116149443     -1331.740464253
   122 -667.2288509296      664.5116454403     -1331.740496370
   123 -667.2288553914      664.5105457218     -1331.739401113
   124 -667.2288584215      664.5154369486     -1331.744295370
   125 -667.2288605735      664.5143753536     -1331.743235927
   126 -667.2288621023      664.5150300723     -1331.743892175
   127 -667.2288632846      664.5150121130     -1331.743875398
   128 -667.2288637161      664.5157665424     -1331.744630258
   129 -667.2288638466      664.5156652865     -1331.744529133
   130 -667.2288641090      664.5152233055     -1331.744087414
   131 -667.2288644419      664.5143204440     -1331.743184886
   132 -667.2288645239      664.5146487703     -1331.743513294
   133 -667.2288645586      664.5148007504     -1331.743665309
   134 -667.2288646034      664.5148726050     -1331.743737208
   135 -667.2288645256      664.5139828565     -1331.742847382
   136 -667.2288643516      664.5140294459     -1331.742893798
   137 -667.2288645849      664.5143948631     -1331.743259448
   138 -667.2288646030      664.5142570138     -1331.743121617
   139 -667.2288645818      664.5143571756     -1331.743221757
   140 -667.2288646792      664.5137235816     -1331.742588261
$end
