$dipgrad          cartesian dipole gradients
  0.62863586505961D+00  -.57218646593553D-01  0.21270465748190D+00
  -.11386011804805D+00  0.27094216379654D+00  -.93633846131169D-01
  0.28660498166071D+00  -.40523636306331D-01  0.53990003037140D+00
  0.40581197647491D+00  0.12163942453754D+00  0.89167345000404D-01
  0.39579704752372D+00  0.49610346711921D+00  -.20272137920330D-01
  0.57066490010500D-01  0.22832499732174D-01  0.17098586935182D+00
  0.34147255369258D+00  0.59390465433672D-01  -.21146721832208D-01
  0.14919726168538D+00  0.36901310136742D+00  0.33188825881094D+00
  -.89630337331563D-02  0.19319667169295D+00  0.39577229654378D+00
  0.41004698463725D+00  -.27289767996673D-01  0.23130836826954D+00
  -.75864881972255D-01  0.27093109720303D+00  -.11343874432350D+00
  0.15714915223374D+00  -.47174801219614D-01  0.53447328003591D+00
  0.98949645545574D-01  -.67182586653383D-01  -.13638043144707D+00
  -.87035316936465D-01  0.22737696475862D+00  0.16571113484738D+00
  0.82269602985987D-01  0.85263031805914D-01  0.32464583863249D+00
  0.15874123897122D+01  0.15835916101256D+00  0.11654925334313D-02
  -.20300267650377D+00  0.55881550417514D+00  -.26793088831868D+00
  -.47988199090944D+00  -.28250722148508D+00  0.57562482504995D+00
  -.10104871821008D+01  -.27288281122641D+00  0.14946788587846D-02
  -.46377807452131D+00  -.73842534471585D+00  0.21068774427112D+00
  0.22748278032170D+00  0.18309960887005D+00  -.67716809734962D+00
  -.18429756235400D+01  -.54723965004011D-01  -.33063463755579D+00
  0.22899706937028D+00  -.35038173534246D+00  0.93115633996592D-02
  -.25705796062451D+00  0.60130517471461D-01  -.56133453788903D+00
  0.89955505214186D+00  0.74331409493045D-01  0.22307874971866D+00
  0.12882255972168D+00  0.22199521240313D+00  -.11919276170660D-01
  0.49711126548379D+00  0.29399227524769D-01  0.29310835685043D+00
  0.72927115628321D+00  0.59372169825400D-01  0.26084661289340D+00
  0.75496580875146D-01  0.22192980340412D+00  0.15642895065658D+00
  0.23776349381853D+00  0.94830022810931D-01  0.35445007013813D+00
  -.10422429501939D+01  -.65191535886084D-01  -.28909664687871D+00
  0.18892593034128D-01  -.38536761298740D+00  0.17404518931567D+00
  -.53831880409869D+00  0.12543104794946D+00  -.10513030354277D+01
  0.13017966650467D+01  0.74124062477625D-01  0.23564610513752D+00
  0.11126084581641D+00  0.53036497108475D+00  -.21323081936881D+00
  0.60370450271878D+00  -.12542702632248D+00  0.93392377723203D+00
  0.11924407105382D+00  -.36829421297338D-02  0.10896368602505D-01
  0.82729411610413D-01  0.17013503251905D+00  -.98477633572522D-01
  0.14250105350306D-01  -.12036091944960D+00  0.45160191240723D+00
  0.24306211279829D+00  0.87688577716913D-01  -.52282270889820D-02
  0.24143297130091D+00  0.56170356273902D+00  -.47630929544359D-01
  -.48537502545844D-01  0.10596427608397D-01  0.16082515021538D+00
  -.69762243088553D+00  -.20841807589485D+00  -.26122097209270D-01
  -.32481432150841D+00  -.78345882139473D+00  0.95656082670486D-01
  -.47629912182572D-01  0.37556769621744D-01  -.48682472907962D+00
  -.62348465326590D+00  0.46972800303119D-01  -.21611691118888D+00
  0.10206152596116D+00  -.28035217574946D+00  0.17773298025770D+00
  -.14403925035166D+00  0.14131928217482D+00  -.62472146615577D+00
  -.16428052688098D+01  -.84878338317555D-01  -.23789245487307D+00
  -.19464062673595D+00  -.42098807094374D+00  0.11796501897968D-02
  -.12854486632561D+00  0.43372920268990D-01  -.45915663951310D+00
  0.84251305262893D+00  -.27862869411985D-01  0.85212184243157D-01
  -.19971517239741D+00  0.22217419314277D+00  -.77996548623119D-01
  -.13830541601958D+00  -.55963078748213D-01  0.22115943123119D+00
  0.68268856982325D+00  -.20292679729836D+00  -.14899390761340D-01
  -.11149557264663D+00  0.19075082722937D+00  0.11938193394966D+00
  -.89002247706681D-01  0.71743959303553D-01  0.26250787444659D+00
  0.27657355294026D+00  -.72276652449960D-01  0.15871554561895D+00
  -.17733563997889D+00  0.46243280345597D+00  -.25984477531433D+00
  0.22638577686784D+00  -.26346925473901D+00  0.51684148809102D+00
  -.58289563277513D+00  0.76028435156295D-01  -.19415389553616D+00
  0.85391054614487D-01  -.70205051786609D+00  0.38512858276461D+00
  -.22276367155564D+00  0.42719342714992D+00  -.66396097087945D+00
  -.10127973468275D+01  0.78081063689528D-01  0.41554645970662D-01
  0.16893737391913D+00  -.60932242804605D+00  0.97680232903907D-01
  0.65326712647207D-01  0.48167658217830D-01  -.44729487339793D+00
  0.67533969264229D+00  -.10728333371203D-01  -.10689305194346D+00
  -.62751001759863D-01  0.34470455971595D+00  0.15203371065051D-02
  -.11480888330818D+00  0.31841369807396D-01  0.31862695422210D+00
  0.10560906811948D+00  0.87275837540888D-01  0.24217061026681D-01
  0.81033261570050D-01  0.24156916041861D+00  -.15346570932695D+00
  -.93473974230223D-01  -.90864324113154D-02  0.33724794308396D-01
  0.96190915149128D+00  -.49386767592978D-01  0.27348702867418D+00
  -.13398775328360D+00  0.12048548245385D+00  0.17687818773951D+00
  0.50403948231351D+00  0.15490811663983D+00  0.10176823260158D+01
  -.10655562418245D+01  -.92402917117978D-01  -.42288384296858D+00
  0.77020275287915D-01  -.28063440602635D+00  0.12083569348491D+00
  -.43231214376837D+00  -.37884167094167D-01  -.84390670032357D+00
  -.29091305828813D+00  -.11555440032390D+00  -.27785867258196D-01
  -.24050762677161D+00  -.63593749735019D+00  -.11225873250270D+00
  -.16142139593343D+00  -.23232225590775D+00  -.57143567106344D+00
  -.10106105880344D+01  0.86816746630497D-01  0.28290486144145D-01
  0.76092595624178D-01  -.61100927441927D+00  0.91881291231770D-01
  0.87835937758172D-01  0.67664586699486D-01  -.44711597341213D+00
  0.30151962779011D+00  0.62518733074479D-01  0.19643387815806D-02
  0.19362225058332D+00  0.70982072740778D+00  -.97812047741782D-01
  -.59002442717248D-01  -.62368371863749D-01  0.31713256182212D+00
  -.58538380050054D+00  -.13742006959310D+00  -.39733250568211D-02
  -.22317540639347D+00  -.86827723309700D+00  0.17311713703294D+00
  0.38987251168256D-01  0.76633980473023D-01  -.52688995371695D+00
  -.54022923665591D+00  0.47595886085038D-01  -.96196488463424D-01
  0.32681315611389D-01  -.28596950498484D+00  -.14848769712583D+00
  -.12235596681758D+00  -.96023983297345D-01  -.67029635115464D+00
  -.75016042498360D+00  0.57592788183175D-02  -.31309800727066D+00
  -.10233935923510D-01  -.47671446702598D+00  0.10713735134056D+00
  -.25629406174803D+00  0.10504749262659D+00  -.78147472592160D+00
  -.50413860092478D+00  -.17826430407208D+00  -.25499324057563D-01
  -.24444210008108D+00  -.70899156598832D+00  -.20587870249695D+00
  -.84235750773084D-01  -.17029432699398D+00  -.60556625393535D+00
  -.95558768427792D+00  -.29701017936297D-01  -.21962310531812D+00
  -.54402947760044D-01  -.30742062768741D+00  0.15893164660916D+00
  -.11965304596617D+00  0.19409605174724D+00  -.75162694982135D+00
  0.19820320667888D-02  -.26065219077727D-01  -.27622088891169D-01
  -.85944279848828D-01  -.46679984044120D-01  -.17499547277759D-01
  -.29075647815142D-01  -.25419916590143D-01  0.35812811625874D-01
  -.95658531073990D-01  0.43731785085031D-01  0.17509503318101D-01
  0.12735702622565D+00  0.18686310241439D-02  -.55553276755306D-01
  0.27987917048182D-01  -.20569587186542D-01  -.39913607865624D-01
  -.19646870818612D-01  0.49556548738436D-01  0.51462602598011D-01
  0.19452223541694D-01  -.23940476924749D-01  0.16528970768804D-02
  0.34381569169930D-01  -.47851538155833D-01  -.15806804795366D-01
  -.14048667146101D+00  0.11027057953808D-01  0.10100752751906D+00
  -.20934116938086D-01  -.19541210479569D-01  -.38891151880404D-01
  0.11207847081803D+00  -.30379049803831D-01  -.83900626732876D-01
  0.10679019509932D-01  0.27390025866581D-01  0.45536832155434D-01
  0.10585652034310D-01  -.61427630970925D-01  -.67315460066864D-01
  0.27411599753762D-01  -.55367032709172D-01  -.42300477079445D-01
  0.32503049445478D-01  -.30312056717169D-01  0.94336039991734D-02
  -.11449017833298D-01  -.96522353030231D-01  0.35504105929638D-01
  0.13043314732356D-01  0.51306169049518D-01  -.20366782232095D-01
  -.38808906194520D-01  -.76923174807319D-01  -.34220268287777D-01
  -.60401719921138D-02  -.11773339914310D+00  -.93232345502166D-02
  0.25447026579996D-01  -.36821420028755D-01  -.26077554593512D-01
  -.12236209034719D-01  0.34735399734479D-01  -.24103302867162D-01
  -.28329849693147D-01  -.91406782328230D-01  -.41082819572427D-01
  -.65891164859901D-01  -.59143613637240D-02  0.19790721896270D-01
  -.20424893626422D-01  0.20974249815272D-01  -.41390007601224D-01
  -.30059541464726D-01  -.11899753461849D+00  -.60203151698071D-01
  -.13613322965436D-01  0.12094562842373D-01  0.11889962635385D-01
  -.32798761036757D-01  0.31252056148718D-01  0.20859928040294D-01
  0.16847726303744D-01  -.15282041703363D+00  0.41868455351290D-01
  -.37363872880107D-01  -.34298065900079D-01  -.30060016735767D-01
  0.41218076633146D-01  -.11654036958181D-01  -.56571296765049D-02
  -.39366450742641D-03  -.90842312797604D-01  0.47208908586448D-02
  0.10338850648202D-02  -.60942709148495D-02  0.15330855563229D-01
  -.89453755057649D-01  0.40550963485047D-01  0.10353601303941D+00
  0.87946329849048D-02  -.42863665458823D-01  0.95470377656086D-03
  0.14079078306269D+00  -.19246171970192D-01  -.48611652676162D-01
  0.59858530360959D+00  0.11696755591400D+00  -.25487597691464D-01
  0.11393277337763D+00  0.25777668448891D+00  -.53747900031798D-01
  -.10323297509451D+00  -.56368621075533D-01  0.24328726718431D+00
  0.16682660819653D+00  0.37823738989551D-01  0.15892197611243D+00
  0.42119881081509D-01  0.96251868856649D-01  -.35789599939001D-01
  0.65058085085147D-01  0.12049081194965D-02  0.12200396870703D+00
  0.23307264177344D+00  -.89211135380941D-01  0.11362863678808D+00
  -.60070032526537D-01  0.13623619086258D+00  -.62237617518543D-02
  0.60687932361727D-01  -.38167703691099D-01  0.17792098881424D+00
  -.11846948448907D-01  -.24961118938289D-01  -.22345733738720D-01
  0.86717678206382D-02  -.17518469031963D-01  -.46164278896918D-01
  0.16111318498643D-01  -.39123859840022D-01  -.65842611572616D-01
  -.26606172233774D-01  0.35400794730305D-02  0.23869172311715D-02
  0.17689093333883D-01  -.56098491937607D-01  -.86116959836027D-01
  0.17015628347170D-01  -.63860357205471D-01  -.11841357137369D+00
  -.18766278571604D-02  -.76934832367978D-02  -.32608031723477D-02
  -.24740188078290D-01  0.35963925652653D-01  0.10645433699560D-01
  0.51964866726206D-01  0.52062374545057D-02  0.14722430002245D-01
  0.47414365633458D-01  0.52627791104238D-02  -.16315709863991D-01
  -.21287378747687D-01  -.76351498950577D-02  -.37685702056982D-01
  -.50724665174478D-01  -.38482120255418D-01  -.94854503708496D-01
  0.26140792804094D+00  0.45939332555978D-01  0.40073966395639D-01
  0.34206375811583D-01  0.25134571996984D+00  -.11941209138320D+00
  0.40627033595082D-01  -.84261084004271D-01  0.23586058082788D+00
  0.35472874149672D+00  -.13315967303750D-01  0.16998114960963D-01
  0.22848844346693D-01  0.29844517005016D+00  -.65004838078173D-02
  -.21340402816957D-01  0.21478926208068D-01  0.24774719417519D+00
  -.21374841769479D-01  0.15221991477605D-01  -.11207183801041D-01
  0.39695844968294D-02  -.96948973649064D-02  -.43887165001560D-01
  0.26034694161112D-01  -.51773727640611D-01  -.13999117988189D+00
  -.44478911205933D-01  0.14401544211687D-01  0.13763855160543D-01
  0.65623838543667D-01  0.66023652827659D-01  -.12163292712844D-01
  0.14198699311748D-01  -.89193431932294D-02  0.17718271459916D-01
  -.12555377350908D+00  0.69416116286951D-01  0.69410987416111D-01
  0.10162932419126D+00  0.87337869606916D-01  -.26057238003632D-01
  0.41260275864063D-01  -.49023562448970D-01  0.22193451955872D-01
  0.12610367379100D+00  -.19488172632378D-01  -.45011439084226D-01
  0.19969310284547D-01  0.19136012560745D+00  0.91568152556985D-01
  -.28253557664395D-01  0.17085274559912D+00  0.12737632113321D+00
  0.12766443469086D+00  0.18542974780666D-01  0.71070389488204D-01
  0.74697485606681D-01  0.18498607168683D+00  -.97775726323400D-02
  0.11838428098882D+00  0.31107098865740D-01  0.22632085325748D+00
  0.36384774587044D+00  0.18767479640052D-01  0.51211959654081D-02
  0.98116980737550D-03  0.47585005092923D+00  -.13849726409423D+00
  0.97383854769625D-02  -.11025881026433D+00  0.30411929452189D+00
  -.89102713283237D-01  0.78786145279311D-01  0.11423932625602D+00
  0.37400515659430D-01  -.40941289670247D-01  0.11611633066107D-01
  0.85757225035157D-01  -.67654944287310D-02  0.13676923711332D-02
  -.67881771595649D-01  -.73160422722557D-01  -.13418996700989D+00
  -.48638142440967D-01  -.22001913180660D-01  -.36439792961857D-02
  -.13186192430466D+00  -.28779112522351D-01  -.16145637020548D-01
  0.63226813678300D+00  0.14116504874968D+00  0.74152621680430D-01
  0.99663490556551D-01  0.26263013095363D+00  -.45801094472695D-01
  0.50169283995755D-02  -.39506318024749D-01  0.28404226202974D+00
  0.24230115694575D+00  0.70611874151591D-01  0.50669640987678D-01
  0.61606511982562D-01  0.98478687057881D-01  0.44584192311424D-01
  0.42685524465008D-01  0.78644101727229D-01  0.19038151419986D+00
  0.99630865073810D-01  -.11529695694409D-01  0.11730850619927D+00
  -.17138303727098D-01  0.11913637802539D+00  -.29341203582894D-01
  0.63114702296777D-01  -.23916445194561D-01  0.29338190069527D+00
  0.44777563476238D+00  -.58674507833169D-03  0.65964293735934D-01
  -.28324351049612D-01  0.23119165118743D+00  -.32299901755516D-01
  0.73220098028862D-02  -.15757119072867D-01  0.30335928477538D+00
  0.27936471312281D+00  0.76739775222971D-01  -.77876748981370D-02
  0.11984294733743D+00  0.33852345801866D+00  0.19520601964509D-01
  -.29746833606605D-01  -.33406602995569D-01  0.25165016369138D+00
  0.31734176676641D+00  0.44535452950368D-01  -.56582774711866D-01
  0.47036042630476D-01  0.13731236033807D+00  -.72508395635513D-01
  -.75423003487439D-01  -.62482247742563D-01  0.34309732682468D+00
$end
