$coord
    7.18840128489244     -1.97355821828726     -0.43615090418365  c
    4.96790140089110     -0.38396851436451     -1.26509419099399  c
    4.13722192484900     -0.51366662067240     -3.43018949885821  o
    3.94609576073441      1.13467288589235      0.51393755667095  n
    1.87031912017328      2.85990408023026      0.07497988448692  c
    1.58459895591883      4.53212471073574      2.37853659008992  c
    2.85470698392634      4.34084106167825      4.25835704908307  o
   -0.71989729216719      1.66894148181652     -0.65163452037971  c
   -1.48236879338196     -0.55244542112825      1.09315233982861  c
   -4.36590565151432     -0.92214753167285      1.25625429605435  c
   -5.68115943937410     -1.56787456266271     -1.24610325208734  c
   -4.85519166816318     -3.91110884386486     -2.29188844662819  o
   -5.37451578428410      1.36399503155609      2.27413739919098  o
   -0.27361769099027     -2.84019944153396      0.42197372945521  o
   -0.79629877045728      0.99594681185235     -3.22853938945628  o
    8.60356514042339     -1.96706831761007     -1.93045183188954  h
    6.53506606701250     -3.91543411165736     -0.19296046276772  h
    8.03773362574600     -1.33340729691396      1.32750443701029  h
    4.70744840735625      1.20793701444508      2.26186106064751  h
    2.32841679589335      4.13408433681935     -1.50179877011198  h
    0.08829656556745      5.98181895273128      2.22347949015283  h
   -2.12997314129681      3.16059328163444     -0.39471841356728  h
   -0.85563656789195     -0.11723071078666      3.01513898706182  h
   -4.66976813448437     -2.49251589859759      2.58358943927562  h
   -7.73378463487450     -1.59667283710292     -0.92708860779323  h
   -5.26899048221844     -0.13901419682875     -2.66559939151885  h
   -5.36093015472781     -5.26641769665054     -1.18385649478072  h
   -7.16637568141246      1.17001693020432      2.53126962874023  h
   -0.98118430098078     -3.37432935203231     -1.18043718272908  h
    0.86582993428834      0.31618299277847     -3.68765675053945  h
$end
