$dipgrad          cartesian dipole gradients
  0.52939072228502D+00  0.86134862933654D-01  0.18046174875351D+00
  0.21447476389914D+00  0.40727701115946D+00  0.14467571792128D+00
  0.26719394594425D+00  0.12869348480939D+00  0.37878861642728D+00
  0.71075556491896D+00  -.28247864147202D+00  -.62695355616032D-02
  -.40635952531962D+00  0.47794000563963D+00  -.64931126425053D-01
  -.72098787174668D-01  0.57936974280346D-01  0.32123460081455D+00
  -.11114058355139D+01  0.40044738463777D+00  -.20331604670184D+00
  0.35428803252075D+00  -.65025507211053D+00  0.86641297826750D-01
  -.20273016090877D+00  0.14837345665455D+00  -.55411056426647D+00
  0.57260106299664D+00  -.10630770158587D+00  0.22409219882724D+00
  0.47226827755148D-01  0.27675052097975D+00  -.14985281295230D+00
  0.37118829356643D+00  -.18156409687189D+00  0.47818945251203D+00
  0.53207422005374D+00  0.15524326940870D+00  -.18772725807296D+00
  0.10245081782628D+00  0.37264470728889D+00  -.10291928869637D+00
  -.26828575379036D+00  -.20013686752339D+00  0.59595203592343D+00
  -.68943228166977D+00  -.20305422118250D+00  0.19145078246039D+00
  -.27228576551867D+00  -.91662323035788D+00  0.18805008706378D+00
  0.18627169179607D+00  0.25022749484356D+00  -.63357129453913D+00
  0.41330647016594D+00  0.80746367775665D-01  -.47531232976739D-01
  0.24658824053322D+00  0.69911166255704D+00  -.96672897932182D-01
  -.57212894329318D-01  -.17014576028989D-01  0.23314896321962D+00
  0.30001312041249D+00  0.58964573062395D-01  -.50624580398569D-01
  0.13508467711208D+00  0.69739511469954D+00  -.24508549186062D-01
  -.77475111834956D-01  -.87786822133100D-01  0.27064780965556D+00
  -.33546341721563D+00  -.13857333915602D+00  -.45802488683407D-01
  -.28362066700492D+00  -.93087310591021D+00  0.17359570092761D-01
  -.75797107122982D-01  -.66089212534596D-01  -.48043882549269D+00
  -.58487907567423D+00  -.11757170961174D+00  -.22397990945337D+00
  -.10612853466535D+00  -.74208903434512D+00  -.10968932798950D+00
  -.25043573333609D+00  -.17773580678662D+00  -.39947659886602D+00
  0.32318300185085D-01  -.42584510715768D-01  0.70551940415769D-01
  -.24156997914595D-01  0.27210364124671D-01  -.19976031145377D-01
  0.27218843184313D-01  -.11933552566717D-01  -.82361671995183D-01
  -.19336980650992D+00  0.86905378979499D-01  -.58157072379615D-01
  0.10397144521146D+00  -.53517564575298D-01  0.38908667224255D-02
  0.49631020798390D-02  -.31985671720434D-01  0.44812650891151D-01
  -.15288549937506D-02  0.36894865965367D-01  0.97318298147600D-02
  0.42491004516556D-01  -.16401964673452D-01  0.22237202380362D-01
  0.13806862271399D+00  -.22276548557365D-02  -.17171495927479D+00
  -.12592523230922D+00  -.66752923087759D-03  -.75731101527308D-01
  -.27158194262472D-01  -.11413961213613D-01  -.28021369693912D-01
  -.12183925190194D+00  -.30058942134817D-01  0.77511351394323D-02
  -.75361454697569D-01  -.44673926120542D-01  0.10823678423681D+00
  -.30920204756137D-01  0.64694592493329D-03  0.10125833566121D+00
  -.44760538273632D-02  0.11910331207973D+00  -.13792139880271D+00
  -.97811459387206D-02  -.23400291696832D-01  -.25970773952732D-01
  -.83185925360132D-01  -.78828850980916D-01  -.66612971167450D-01
  -.79435012524373D-01  -.51230853889806D-02  0.37115334463493D-02
  -.94144909087419D-01  0.35006014203403D-01  -.92879366442931D-01
  0.14552817939120D-02  0.41659956189866D-01  -.11051692113623D-02
  -.42868645884997D-01  0.84504106779908D-01  -.15727662670565D+00
  0.30177336090358D-02  -.95506950537879D-01  0.12447876261961D-01
  -.52184743398075D-01  -.11279867280389D+00  -.54888178200245D-02
  0.27703240732862D-01  -.44747611186198D-01  0.26416305731130D-01
  -.43882511574821D-02  -.42249523131659D-01  0.71247693942057D-01
  -.31614010077779D-01  0.14813729512147D-01  0.21814034296811D-01
  0.49783772551244D-01  0.34662305765383D-01  -.10959941346715D+00
  -.87615715947278D-01  0.81924824705783D-01  -.22314528993378D-01
  0.38195035891170D-01  -.10051144062612D+00  0.10138302396830D-01
  -.19607472899804D-01  -.48344133262665D-01  0.30938406096911D-01
  -.11064165741928D+00  0.68953276939285D-01  -.44582016410932D-02
  0.54566083759971D-01  -.25481146594541D-01  -.35313756154412D-02
  0.24809824397328D-01  -.95034448005408D-02  0.46257976209825D-01
  0.75460952892053D-02  -.45738859466413D-01  0.73034997645463D-01
  -.21269062074515D-01  -.37900507790289D-01  0.32426810401934D-01
  0.73427815673050D-01  0.82970972446095D-01  -.17232388382904D+00
  0.14061549547754D+00  0.68838111998661D-01  0.35881049263813D-01
  0.49772490231678D-01  0.29612742712665D+00  0.14930366782346D-01
  0.40923641519047D-01  0.24178552899427D-01  0.29832714227610D+00
  0.18229885274053D+00  -.17251726702032D-01  0.67625195163671D-01
  -.51681070699157D-01  0.36511710677979D+00  0.29887146288606D-01
  0.60709191377160D-01  -.16399182763699D-01  0.16261860889609D+00
$end
