$vibrational normal modes
 1  1   0.2051450665   0.0592883013   0.0119332917   0.0894939901   0.0125378836
 1  2  -0.0127800147   0.1988465003  -0.0101617795   0.2010173689   0.0442296143
 1  3  -0.0969342861  -0.0569616986   0.0520082329  -0.0015323680   0.0073763261
 1  4  -0.0003437227   0.0107261727  -0.0045943331   0.0358627290   0.0703787272
 1  5  -0.0613631416   0.0648765805  -0.0058708535  -0.0261883858  -0.0578039122
 1  6  -0.0059560175  -0.0568926451   0.0881909846  -0.0014447803  -0.0210223313
 1  7   0.0719400287  -0.0372851670  -0.0950227487   0.2719682958   0.0050079279
 1  8   0.0071305441  -0.0069401422   0.0167585818   0.0235303270  -0.0037999293
 1  9   0.0034327702  -0.0034740451   0.0032060860   0.0034021114  -0.0001775675
 1 10  -0.0137682969  -0.0237414624   0.0294396678  -0.0590535379  -0.0185530338
 1 11  -0.0107803255   0.0180228136   0.0034461578   0.0437480051  -0.0042512277
 1 12   0.0027000511   0.0021481167  -0.0043694893  -0.0032826458   0.0135142626
 1 13  -0.0048154342   0.0572961482  -0.0076845785   0.0007918956   0.0116782981
 1 14   0.0039159707   0.0001401194   0.0008192688   0.0434618304   0.0002594403
 1 15  -0.0000573758   0.0020976744
 2  1  -0.0071089943   0.1470138478   0.0601152971   0.1836421137  -0.1413004225
 2  2   0.0395977530   0.0688609972   0.0711927687  -0.0271628513  -0.0103059401
 2  3   0.0328565396  -0.0054347672   0.0158230687  -0.0384608346  -0.0092276206
 2  4  -0.0207961654  -0.0066484748  -0.0000976191  -0.0491479393  -0.0981679053
 2  5   0.0946768188  -0.1098559862  -0.0002131285   0.0373328039   0.0885358901
 2  6   0.0177781467   0.0535494007  -0.1725738910   0.0029069963   0.0222188192
 2  7  -0.0570861989   0.0086936637  -0.0489715248   0.1928549550  -0.0173371336
 2  8  -0.0456061805  -0.0757576953  -0.0129287205   0.0107160436  -0.0012752864
 2  9   0.0018023008  -0.0139829094   0.0176463153   0.0108539507  -0.0023180214
 2 10   0.0750007038  -0.0168036779   0.0073612872  -0.0938430678  -0.0699501350
 2 11   0.0018005603  -0.0023195670  -0.0131901409  -0.0174435444   0.0016441657
 2 12  -0.0001306901   0.0001671061  -0.0007332939   0.0011527158  -0.0065453913
 2 13   0.0028741141  -0.0412060986   0.0056115864  -0.0004725846  -0.0052027184
 2 14  -0.0016433520  -0.0000237134  -0.0002568986  -0.0085286023   0.0000089940
 2 15  -0.0000569193   0.0003608200
 3  1  -0.0416176867   0.0550242469  -0.0566575569   0.0072914775   0.0730629737
 3  2   0.3003462414   0.0081076052   0.0551488488  -0.0694082200  -0.0654010045
 3  3   0.0481917004   0.0826593104  -0.0333217067  -0.0821305746   0.0201026925
 3  4   0.0145362018   0.0854503829   0.0095106664  -0.0653989491   0.0359283139
 3  5  -0.0629110554   0.0861746277   0.0224447108  -0.0122835451  -0.0338053295
 3  6   0.0055778013  -0.1224704551  -0.0505107920   0.0352308504  -0.0311089858
 3  7   0.0994272996  -0.0357237251   0.0747501039   0.1302705052   0.0122503772
 3  8   0.0126711195   0.0119773210   0.0022355604  -0.0745076121   0.0187538597
 3  9  -0.0036203325   0.0394765023  -0.0283541343  -0.0117341286   0.0001370461
 3 10   0.0832903409  -0.0101760227  -0.0065614204   0.0209948343   0.0134406300
 3 11   0.0029562547  -0.0036206646   0.0158451533   0.0620115684  -0.0071231773
 3 12   0.0075511294   0.0002820679  -0.0026601648   0.0009066075  -0.0013532577
 3 13  -0.0003662116   0.0154056246  -0.0023186368  -0.0001281694  -0.0036592864
 3 14  -0.0015910835  -0.0001425984  -0.0006949742  -0.0757578248  -0.0010219447
 3 15  -0.0000918644  -0.0019298274
 4  1   0.1530678116  -0.0095531494   0.0250021324   0.0774248238   0.0966699290
 4  2   0.0016233896   0.0962026758   0.0146862190  -0.0133574245   0.0166663113
 4  3  -0.0000370791  -0.1321386183  -0.0509389393  -0.0357906715   0.0018481157
 4  4  -0.0147128948   0.0577584458   0.0109935544   0.0091407858   0.1072536848
 4  5   0.0078705954  -0.1337939057  -0.1241277383  -0.0601898421  -0.1279891199
 4  6   0.0029889624  -0.0763028039  -0.0541386758   0.0070711585   0.0361882786
 4  7  -0.1298853870   0.0509747631   0.0726305886  -0.0631121970  -0.0281229440
 4  8  -0.0868172921  -0.1604279170  -0.0392062529  -0.0095817326   0.0078414358
 4  9   0.0065007495   0.0203907966  -0.0308290873  -0.0200185420   0.0032853426
 4 10  -0.0103634020   0.0189168198  -0.0214350352   0.0206182157  -0.0088206276
 4 11   0.0126731402  -0.0200623012  -0.0712686633   0.0158705720  -0.0010510344
 4 12   0.0163624775  -0.0039678394   0.0057682764   0.0126003128  -0.0303958852
 4 13   0.0042114887   0.0003624240  -0.0003151764  -0.0005880722   0.0549207898
 4 14   0.0102043111  -0.0002799355  -0.0003895422  -0.0018142914  -0.0003517979
 4 15   0.0000562798   0.0001141422
 5  1  -0.0111937445   0.1850722418   0.0434551769   0.1817789737  -0.1285126813
 5  2   0.0005809663   0.0812182519  -0.0055637207  -0.0085095117   0.0049045601
 5  3   0.0018429082  -0.0206430010   0.0694551238   0.0081579321  -0.0112675090
 5  4  -0.0125169398  -0.0699850185  -0.0088228851   0.0416399609  -0.0813498305
 5  5   0.0924477428  -0.0902932417   0.0101538421  -0.0175580070  -0.0486391761
 5  6   0.0256594961  -0.1905785381  -0.0388819556   0.0044390058  -0.0258918378
 5  7   0.0787577195  -0.0188032440  -0.0043269829  -0.1660964687   0.0133348297
 5  8   0.0684582777   0.1673925200   0.0235276450  -0.0275816595   0.0006660566
 5  9  -0.0053777034   0.0114678178  -0.0062586510  -0.0002695671   0.0013393467
 5 10  -0.0257705218  -0.0663517807   0.0704191361   0.0082735422   0.0818149137
 5 11  -0.0386487698   0.0494932887  -0.0183692059  -0.0058555175   0.0024468174
 5 12  -0.0083745823   0.0040153836  -0.0056686455   0.0053938162  -0.0105993068
 5 13   0.0008594457  -0.0010570168   0.0001355495  -0.0002830360   0.0285261331
 5 14   0.0060163207  -0.0000426100  -0.0000260302  -0.0026234030  -0.0001328563
 5 15  -0.0000386939  -0.0001588040
 6  1  -0.0852314553   0.1388549809  -0.1032894181  -0.0057999659   0.1636703887
 6  2   0.1817057960  -0.0095986509  -0.1779037239  -0.1258600896  -0.0292239317
 6  3  -0.0060189277  -0.0155184604   0.1024559424  -0.0204303773   0.0201009201
 6  4   0.0223364413  -0.0277277079  -0.0037152033   0.1287863988   0.0825898182
 6  5  -0.0254746754   0.0367711956   0.0182604636   0.0015205737   0.0018176580
 6  6   0.0189691400  -0.0322422998  -0.0737022097  -0.0296183646   0.0315150292
 6  7  -0.0965011319   0.0296308214  -0.1358729702  -0.0242010988  -0.0180126838
 6  8  -0.0080545465   0.0157652555   0.0109383336   0.1151318379  -0.0304225116
 6  9  -0.0020464422  -0.0119909943  -0.0105381174  -0.0113362630   0.0030905142
 6 10  -0.0062434437   0.0057079040  -0.0069313138   0.0153469967   0.0005860420
 6 11   0.0116614074  -0.0244452410   0.0288868101  -0.0074773431  -0.0002262177
 6 12  -0.0032444365   0.0001217456   0.0008839520  -0.0246461564   0.0574984772
 6 13  -0.0079277994  -0.0189480788   0.0032924029   0.0003373594   0.0575172339
 6 14   0.0165256858   0.0001022666   0.0009788455  -0.0111733101  -0.0004866954
 6 15   0.0000013878   0.0004953535
 7  1   0.1381816613  -0.0553151593   0.0646793369   0.0526749443   0.1281711716
 7  2  -0.0092861796   0.0381197322   0.0931772673  -0.0836356060   0.0127524145
 7  3   0.0636218328  -0.1491674121  -0.1939185344   0.0599635833  -0.0245259016
 7  4   0.0188249151   0.0005436518   0.0092587763  -0.0043931262   0.0770793861
 7  5  -0.0374300961   0.0034195866  -0.0283640359   0.0051951347   0.0135487012
 7  6  -0.0083936964   0.0583935983  -0.0930585391   0.0170688696  -0.0083484165
 7  7   0.0315690195  -0.0204645798  -0.0535768728   0.0062482143   0.0214351866
 7  8   0.0953511129   0.2198148531   0.0755642298  -0.0116284502  -0.0030508055
 7  9   0.0114721863  -0.0205092854   0.0221020168   0.0142373764  -0.0010762067
 7 10   0.0095289575   0.0232610840  -0.0201055381   0.0055285771  -0.0080158187
 7 11   0.0012797212   0.0027184533  -0.0130439066  -0.0000531429   0.0044287166
 7 12  -0.0019715730   0.0017480306  -0.0036912549   0.0029782027  -0.0015091701
 7 13  -0.0003474218  -0.0000790335  -0.0001369426   0.0000476688   0.0004975027
 7 14   0.0013005145   0.0000632251   0.0000888783  -0.0003169878   0.0000614669
 7 15  -0.0000455670  -0.0000581612
 8  1  -0.0337668530   0.1165521620   0.0793522920   0.1648611480  -0.0911642254
 8  2   0.0201718153   0.0079886377   0.0792475870  -0.1316141679  -0.0184786327
 8  3   0.0994727421  -0.0391893196  -0.1038849461   0.1156763085  -0.0343165124
 8  4   0.0406773739  -0.1249949405  -0.0069808588   0.0757229909  -0.0270995341
 8  5  -0.0223217323   0.1104544324   0.0703972320  -0.0266072210  -0.0667601703
 8  6  -0.0194043818   0.0197903528   0.0937715772   0.0083961867   0.0070269370
 8  7  -0.0375415328   0.0142086652   0.0301399502   0.0314923323   0.0105533165
 8  8  -0.0225058727  -0.1446552606   0.0246031796  -0.0001643385   0.0171501037
 8  9   0.0371020337   0.0030374291   0.0009051109   0.0031059488  -0.0009347867
 8 10  -0.0008764618   0.0078991955  -0.0065834590  -0.0028548970  -0.0071149547
 8 11  -0.0023632380   0.0103392604   0.0057306018   0.0014809299  -0.0029580518
 8 12  -0.0015200832  -0.0003269065  -0.0005081143  -0.0007820033   0.0011450619
 8 13  -0.0000982426   0.0000654318   0.0000489658   0.0001643414  -0.0012853765
 8 14  -0.0003725315  -0.0000355309  -0.0001263072   0.0001877944   0.0000638545
 8 15   0.0000304401   0.0000424172
 9  1  -0.0707347617   0.1802600094  -0.0540564185  -0.0563311960   0.1707201877
 9  2   0.0614962919  -0.0092529507  -0.1303779477   0.0156979337   0.0450047489
 9  3  -0.0887639123  -0.0266352152   0.0373135429   0.0954955614  -0.0303201439
 9  4  -0.0345415359  -0.0535456969  -0.0040655111  -0.1003091755  -0.1191057169
 9  5   0.0105007909  -0.0036502915  -0.0092258261  -0.0498042307  -0.0892766479
 9  6   0.0166109142   0.0849731584  -0.0094726243  -0.0188966988   0.0324371225
 9  7  -0.0905843414   0.0100788009   0.0503177969   0.0792358120   0.0201386875
 9  8   0.0393800070   0.0583424755   0.0199567302  -0.0603985646   0.0122591557
 9  9  -0.0088839676  -0.0054680048   0.0410690236   0.0326662379  -0.0067619178
 9 10  -0.0077661570   0.0224670509  -0.0133352381   0.0013753430   0.0030817620
 9 11  -0.0129291749   0.0335430972   0.0003340414  -0.0030021271   0.0041165280
 9 12  -0.0081216069   0.0041706132  -0.0078203236   0.0016273406   0.0013663632
 9 13  -0.0005499594  -0.0001826893  -0.0001046854  -0.0000322785  -0.0001044088
 9 14   0.0005844810  -0.0000137256  -0.0000666304   0.0002188941   0.0000400817
 9 15  -0.0000116942  -0.0000576695
10  1   0.1011950648  -0.0518265448   0.0017834637   0.0868776267   0.1729581740
10  2   0.0311201785   0.0212137993  -0.0084777339  -0.1073918107   0.0228577980
10  3  -0.0640747253  -0.0560125353  -0.0538312896   0.1035406304   0.0451208588
10  4  -0.0251015759   0.0712505314  -0.0019327001  -0.0104108921  -0.0453706235
10  5   0.0776422180  -0.0282971877   0.0977510116   0.0037015317   0.0622000895
10  6   0.1497458090  -0.0070978320   0.0192784344  -0.1136028886  -0.0240353991
10  7   0.1443801745  -0.0411797470  -0.0090343087  -0.0589729845   0.0017340305
10  8  -0.0335849012  -0.1223721812  -0.1203924303   0.0289476388  -0.0075464649
10  9  -0.0301161797   0.0266495137  -0.0190910828  -0.0095257933  -0.0089086823
10 10   0.0086749771   0.0399658425  -0.0290504609  -0.0169500563   0.0045823618
10 11  -0.0501262051   0.1167501808   0.0228647709  -0.0031488105  -0.0119966911
10 12  -0.0045247494  -0.0048909398   0.0046586136  -0.0279233706  -0.0096072070
10 13   0.0136127141   0.0008047411  -0.0039339074   0.0036207572  -0.0060836979
10 14   0.0251633026   0.0017356459   0.0098258741  -0.0003549756  -0.0021287308
10 15   0.0000312223  -0.0000474994
11  1  -0.0843634863   0.1285984007   0.0838028622   0.1308739366   0.0123423560
11  2  -0.0756289763  -0.0627149320   0.0671214155  -0.0737714824   0.0416285815
11  3  -0.1032934103   0.1571783711  -0.1015164949   0.1268555799   0.0786201768
11  4  -0.0154758230   0.1084515671  -0.0045185040   0.0381742980   0.0339883947
11  5  -0.0294571490   0.0329038281  -0.0778661656   0.0142131058   0.0324639872
11  6  -0.0116402291  -0.0408634563   0.0432107612  -0.0157816743   0.0258368650
11  7  -0.0616926871   0.0078342605   0.0379008823   0.0650346107  -0.0740738802
11  8  -0.0827168346   0.1772222649  -0.1250393344  -0.0030415860  -0.0321287533
11  9   0.0004185162  -0.0370910878  -0.0136350657  -0.0149673493   0.0109415044
11 10  -0.0033185080  -0.0320920039   0.0171664874   0.0179680913  -0.0173976795
11 11   0.0302971781  -0.0464944482  -0.0123180160   0.0045170307   0.0060109914
11 12  -0.0118473432   0.0157281781  -0.0203823939  -0.0181127077  -0.0102277160
11 13   0.0107955573   0.0006375391  -0.0051579608   0.0079255021  -0.0159564683
11 14   0.0733241564   0.0045688796   0.0241346945  -0.0008494569  -0.0052881260
11 15  -0.0000134715  -0.0000665739
12  1  -0.0416303570   0.1781449938   0.0032749745  -0.0902425857   0.1391369189
12  2   0.0166131641   0.0015646614  -0.0387914176   0.0456021361   0.0400003767
12  3   0.0066829446  -0.0840924402  -0.0828889619   0.0506991405  -0.0757515888
12  4   0.0009810933  -0.0913188710   0.0028095284  -0.1004192477  -0.0274625126
12  5  -0.0566341966  -0.0091104155  -0.0911899849   0.0561303931   0.0826136435
12  6  -0.1278874670  -0.0567226018   0.0152963516   0.1189682697  -0.0615518574
12  7   0.1293773831  -0.0052188885  -0.0282229084  -0.0810235820  -0.0537889478
12  8  -0.1036462905  -0.0917320578  -0.0171768883   0.0338308086  -0.0079782177
12  9   0.0074238502  -0.0147648952  -0.0374920171  -0.0378238599   0.0071902383
12 10   0.0034527145   0.0017779135  -0.0003067337  -0.0177971589   0.0154177594
12 11  -0.0145692351  -0.0094419900   0.0016597928   0.0066577388   0.0083181249
12 12  -0.0426717443   0.0341850531  -0.0469254088   0.0544796548   0.0185419510
12 13  -0.0278102281  -0.0022950319   0.0064348919  -0.0008854926  -0.0039365584
12 14   0.0109238651   0.0007395158   0.0029957991  -0.0001780373  -0.0006786748
12 15   0.0000365835   0.0000545278
13  1   0.0934068510  -0.0980974258   0.0533094279   0.0556952159   0.1958186500
13  2   0.0125489299  -0.0008363932  -0.0091823392  -0.0273585001   0.0201159575
13  3  -0.0336116483  -0.0470281800  -0.0682663097  -0.1139017060   0.0030712532
13  4   0.0040861578  -0.0063995318  -0.0066718124   0.0436694586  -0.1755942434
13  5   0.0741726104   0.0030663800   0.0878938815   0.0360138795   0.0904648935
13  6   0.0379392499  -0.1119425278   0.1059616927   0.0617660551   0.0176649966
13  7  -0.1312453468   0.0474460201   0.0361045564   0.0537062140  -0.0092547875
13  8  -0.0242769403   0.0279211358   0.1366693429  -0.0275662665  -0.0114641937
13  9  -0.0198400305  -0.0365643700  -0.0045495212  -0.0087552818   0.0071470868
13 10   0.0012278379   0.0218154052  -0.0023643138  -0.0449521626   0.0610315259
13 11  -0.0213355885  -0.0854772221  -0.0072455709   0.0011264929  -0.0090827718
13 12  -0.0105394724   0.0004991736   0.0054717451  -0.0164185034  -0.0128346915
13 13  -0.0393946751   0.0011938279   0.0175333364  -0.0041876445   0.0011816937
13 14  -0.0078595429   0.0057778930   0.0316798720  -0.0001792907  -0.0039978997
13 15   0.0000866197   0.0000489410
14  1  -0.1043724914   0.0442567792   0.1264550860   0.1153172650   0.0426277644
14  2  -0.0383523767  -0.0929345384  -0.0063350209   0.0356496087   0.0359455652
14  3  -0.0710824937   0.1132319999  -0.1129405469  -0.0802709622  -0.0122117150
14  4   0.0190621143   0.0011014118  -0.0042953101   0.0607224947  -0.0587761388
14  5  -0.1276443859   0.0258819837  -0.1641776641  -0.0417565465   0.0153834315
14  6   0.1309899826   0.0287465341  -0.0364562444   0.0316864425  -0.0257958124
14  7   0.0484061286  -0.0021935890  -0.0325588573  -0.0495736580   0.0538993421
14  8   0.0591599279  -0.1392761612   0.1370591062  -0.0054594661   0.0106586096
14  9  -0.0798636898  -0.0019786074   0.0089974133  -0.0055690167  -0.0016295082
14 10  -0.0030785508  -0.0168358805  -0.0024993298   0.0201641329  -0.0251887140
14 11   0.0030275094   0.0301278536   0.0058486521   0.0030156166   0.0647327395
14 12   0.0170924914  -0.0007185843   0.0002706820   0.0067433858   0.0053123888
14 13   0.0147368780  -0.0008477303  -0.0081738903  -0.0003174484   0.0048312283
14 14  -0.0223295619   0.0121443917   0.0685393406  -0.0003144149  -0.0072745670
14 15   0.0000459478   0.0000179292
15  1  -0.0237178627   0.2177116711   0.0584622321  -0.1434939133   0.1416268035
15  2  -0.1051992500   0.0006046358   0.1011976672   0.0497579329   0.0377569236
15  3   0.0225484172   0.0338798825  -0.1155320133  -0.1059129034   0.0136036192
15  4   0.0091457395  -0.0124170446  -0.0026743812   0.0215534602   0.0378206568
15  5   0.0529176701  -0.0216208061   0.0532879009   0.0578910376   0.0213737629
15  6  -0.0946397000  -0.0720778702   0.0074018872  -0.1406765941   0.0410960441
15  7  -0.0485951140  -0.0227099089  -0.0044619764   0.0105223483   0.0947807774
15  8   0.1462049009  -0.0873491796  -0.1138971957  -0.0075543145   0.0388374255
15  9   0.0093210106  -0.0004138600   0.0154720092  -0.0050023518  -0.0080077864
15 10  -0.0052813037  -0.0260922652   0.0129542127   0.0387323794  -0.0454447641
15 11   0.0353194298   0.0267821353  -0.0047865985  -0.0031471646  -0.0396575785
15 12  -0.0020294279   0.0025776279  -0.0077940437  -0.0184150426  -0.0147114348
15 13  -0.0456884401   0.0016498862   0.0214889910  -0.0064725677   0.0013244610
15 14  -0.0079167917   0.0063021331   0.0289208248  -0.0002417793  -0.0031144911
15 15  -0.0000643883  -0.0000120697
16  1   0.1428203089  -0.0840978918   0.1116248557   0.0252388909   0.1306526361
16  2  -0.0306832111   0.0367842157   0.0820982875  -0.0926157960  -0.0433888234
16  3   0.0324515711   0.0529908178   0.1720504962   0.0058790472   0.1467595925
16  4  -0.0184794972  -0.0566659782  -0.0566398489   0.0058842998  -0.1589304271
16  5  -0.1451963419   0.0025341566  -0.0615307652  -0.0050952981  -0.0138632294
16  6  -0.1026218943   0.0079229055  -0.0241013467   0.0171375945  -0.0299086170
16  7   0.0026544062  -0.0085394180  -0.0120678333  -0.0089821701  -0.0004121004
16  8   0.0290944812  -0.0018297746  -0.0724930487   0.0205182716   0.0569701095
16  9   0.0086693348   0.0216323630   0.0232473299  -0.0122622227  -0.0027129939
16 10  -0.0007395694  -0.0016797718  -0.0033953975   0.0005177811  -0.0003726335
16 11  -0.0006580063   0.0011709054   0.0010039545  -0.0001319507   0.0046371554
16 12   0.0046961873   0.0002592422  -0.0017100610   0.0010124848   0.0007074677
16 13   0.0018243946   0.0000259026  -0.0003577281  -0.0007100038   0.0001454219
16 14  -0.0003407105   0.0004167942   0.0004523193  -0.0000112432   0.0000564461
16 15  -0.0001400543  -0.0000149622
17  1  -0.0951258048  -0.0567305586   0.1709764528   0.1191825942   0.0119074617
17  2   0.0624832066  -0.1013905600  -0.1174365724   0.1029939463  -0.0002395784
17  3  -0.0011148533  -0.0094499746  -0.0457665649  -0.0014309148  -0.0500752104
17  4   0.0065657775   0.0157307268  -0.0053453389   0.0002074416   0.0226959187
17  5  -0.1590030896  -0.1066295134   0.1076615746   0.0019399204  -0.0018463597
17  6   0.0334736262   0.0010752889   0.0134170770   0.1233664382  -0.0042536687
17  7  -0.0358524829   0.0001137519  -0.0162689802   0.0048117417   0.0447345763
17  8   0.0571947484   0.0137278618  -0.1893195421   0.0094468163   0.0072767608
17  9   0.0493479845   0.0238416010   0.0048274635   0.0139800425  -0.0265919966
17 10   0.0026510257   0.0296432531   0.0112132427  -0.0199218208   0.0275140386
17 11   0.0029133733  -0.0191981022   0.0010818888  -0.0007807476   0.0122231481
17 12   0.0141317272   0.0013756897  -0.0053851299   0.0006377242   0.0004728845
17 13   0.0014886992   0.0000637839   0.0001094021  -0.0023610927   0.0000432722
17 14  -0.0001049881   0.0007222609   0.0004316728  -0.0000322317   0.0008466985
17 15  -0.0001350812  -0.0000195446
18  1   0.0108995637   0.1864301175   0.1126449052  -0.1610374155   0.0886265546
18  2  -0.0922878394   0.0198174547   0.1136508781   0.0367520411  -0.0181812568
18  3   0.0941667381   0.0441553573   0.0529892715  -0.0108921196   0.0797247711
18  4  -0.0090971442  -0.0288274940  -0.0264696764  -0.0109182589   0.0767557046
18  5  -0.1030987814  -0.0871453311   0.1049032502  -0.0203559900  -0.0045586092
18  6   0.1409989851   0.0279451578   0.0164140695   0.0340944313  -0.0347832921
18  7   0.0139317107   0.0218845374   0.0088515289  -0.0003530348  -0.0177428139
18  8  -0.0945135552   0.0359657599   0.0901243634  -0.0045878660  -0.0564938372
18  9  -0.0011005678   0.0182401643  -0.0083091108   0.0459084153   0.0280583090
18 10  -0.0024501056  -0.0127381835  -0.0070748088   0.0075328446  -0.0100031970
18 11  -0.0120207571  -0.0046404914  -0.0015867423   0.0004630500  -0.0073201934
18 12  -0.0064884662  -0.0013235329   0.0059922843  -0.0012677169  -0.0008096559
18 13  -0.0016272198   0.0000627488   0.0007024807   0.0004345633  -0.0001785966
18 14   0.0005922477  -0.0001998276  -0.0011505120   0.0000282923   0.0003355751
18 15  -0.0000549567   0.0000106912
19  1   0.1816126559  -0.0153476947   0.0778173094   0.0484952861   0.0629913361
19  2  -0.0313478344  -0.0634289928   0.0518603624  -0.1193599197  -0.0075539349
19  3  -0.0731193342   0.1439076701   0.1154476574  -0.0214334508  -0.1665435029
19  4   0.0276461177  -0.0564698378   0.0426694903  -0.0296380134   0.0320003016
19  5  -0.0564552675  -0.0297776197   0.0153841954   0.0563123183  -0.0372799724
19  6  -0.0199610384   0.0005690689  -0.0037633785  -0.0131787390   0.1953630490
19  7   0.0482861945  -0.1144991615  -0.0001281757  -0.0144410658   0.0152753383
19  8  -0.0290858972  -0.0172284066   0.0366296961  -0.0235485938  -0.1131089160
19  9   0.0166087662   0.0183891276   0.0201241011  -0.0184204057  -0.0265661223
19 10   0.0031930765   0.0194121679   0.0212117161  -0.0092311830   0.0151020540
19 11   0.0589988207   0.0189053487  -0.0036845610   0.0034968419   0.0026312500
19 12  -0.0236834717   0.0030537200   0.0198748576   0.0001825834  -0.0009554685
19 13  -0.0032092843   0.0002795608   0.0060393508   0.0569301381   0.0012876672
19 14  -0.0038895514   0.0287820666  -0.0012677612  -0.0007002871   0.0382663026
19 15   0.0005088425  -0.0000125213
20  1  -0.1016018968  -0.0777889295   0.1819177774   0.1142957142   0.0224551812
20  2   0.0692849382  -0.0812016507  -0.1196273016   0.1114799290  -0.0101760200
20  3   0.0257159888  -0.0365945372  -0.0329073558   0.0076180230   0.0268458261
20  4  -0.0071118728   0.0128726049  -0.0206245567   0.0032295759  -0.0084143340
20  5  -0.1013436335  -0.0626432097   0.0720754965   0.0136261911  -0.0234630377
20  6  -0.1351882909  -0.0005514447  -0.0236311642  -0.2272688554  -0.0109488487
20  7   0.0426193229  -0.0204777004   0.0284786613   0.0041430769  -0.0694446162
20  8  -0.0829303996   0.0178381555   0.1687301374  -0.0021583375   0.0032224180
20  9  -0.0290523550  -0.0158060785  -0.0108031949  -0.0019252676  -0.0189659606
20 10   0.0048018180   0.0161594658   0.0282949145  -0.0042608245   0.0115358415
20 11   0.0808511204   0.0371659490   0.0001152549  -0.0085136737  -0.0188504024
20 12   0.0255022825  -0.0029008637  -0.0300351179  -0.0004859611   0.0003698330
20 13   0.0014989089   0.0000654850  -0.0028436917  -0.0426658743  -0.0011818706
20 14   0.0045002295   0.0014075361  -0.0018297283   0.0002616843  -0.0051081417
20 15  -0.0004470460   0.0000344492
21  1   0.0553779105   0.1052977740   0.1623245302  -0.1511410834  -0.0014375380
21  2   0.0186555581  -0.0385032718  -0.0197357243   0.0698856873  -0.0346322463
21  3   0.1089315085  -0.0532089169   0.0652963543   0.0733741664  -0.0477664730
21  4  -0.0079085897   0.1682402244   0.0195389714   0.0690844050  -0.0766498764
21  5   0.0437838120   0.0274871536  -0.0147702305  -0.0403675130   0.0266455437
21  6   0.0261484312  -0.0013862540   0.0110089958   0.0673283182   0.1569757360
21  7   0.0129565612  -0.1415502767   0.0030568871  -0.0073644907  -0.1180536207
21  8   0.0674883312  -0.0245760140   0.0195447581   0.0139573141   0.0716339941
21  9  -0.0224550673  -0.0146317030  -0.0091186540  -0.0105768333  -0.0573028721
21 10   0.0019926637   0.0072342491   0.0126835839  -0.0013243126   0.0036598144
21 11   0.0403938750   0.0155264498  -0.0049950628   0.0066191275   0.0092021718
21 12  -0.0418880670   0.0054424319   0.0373602713  -0.0002311339  -0.0004172322
21 13  -0.0031801105  -0.0010702260  -0.0047079348   0.0137755711   0.0003737036
21 14  -0.0034041251  -0.0528068079   0.0042518791   0.0007339542  -0.0533950651
21 15   0.0002148620   0.0000007057
22  1   0.1601383309   0.0164792350   0.0002360634   0.0926889825   0.0804801067
22  2   0.0092804223  -0.1717806475   0.0118323871   0.0171256851   0.1370388972
22  3   0.1153563634   0.1142913720   0.1312951042   0.0216066128  -0.1279194522
22  4   0.0098116475   0.0419149904   0.0131114901   0.0010351123   0.0202455580
22  5   0.0421756358   0.0141703882  -0.0091511623   0.0397884785  -0.0279696200
22  6   0.0133103949   0.0070907013  -0.0026104706  -0.0387135282  -0.1619648726
22  7  -0.0118631387   0.1677788381   0.0058651457   0.0170698503  -0.0452920881
22  8   0.0308757997   0.0017656891  -0.0007078844   0.0070516479   0.0403613514
22  9  -0.0115268188  -0.0172471785  -0.0305343028   0.0260565826  -0.0132172018
22 10   0.0105718370   0.0503065985   0.0758049725   0.0333056670  -0.0398279436
22 11  -0.0555897675  -0.0162069856   0.0012301624  -0.0013095179  -0.0040782313
22 12   0.0108511011   0.0345851787   0.0159695507  -0.0009705221  -0.0009493245
22 13  -0.0044021320  -0.0013603357  -0.0099506004  -0.0068754826  -0.0004055357
22 14   0.0022833118  -0.0514885021   0.0153979406  -0.0006784362   0.0537783315
22 15  -0.0027780357   0.0000035604
23  1  -0.1536303917  -0.0706959095   0.1889238708   0.0792209571   0.1282583438
23  2  -0.0247612818   0.0697149796   0.0086310342   0.0606134355  -0.0831469674
23  3   0.0117215333   0.0065710978   0.0647007376   0.0130322025   0.0145177180
23  4  -0.0042180653  -0.0421473795   0.0122846873  -0.0368551958   0.0704908270
23  5   0.1146319827   0.0407143341  -0.0194180178  -0.0142752933   0.0095873801
23  6  -0.0051468169  -0.0007861048   0.0021141412  -0.0037666738   0.1299842408
23  7   0.0940291281   0.3332442991   0.0046744439   0.0210919807  -0.0564090587
23  8   0.0695011369  -0.0187461734  -0.0017260978  -0.0125487593  -0.0476122138
23  9   0.0117654338   0.0054210664   0.0161627844  -0.0286117059  -0.0642415466
23 10  -0.0052803011  -0.0228620533  -0.0116931880   0.0193128007  -0.0297249515
23 11  -0.0726377500  -0.0265153805   0.0002455622   0.0036765101   0.0024162614
23 12  -0.0121052872  -0.0419598180  -0.0173012693  -0.0009148035  -0.0010467652
23 13  -0.0065323945  -0.0026379960  -0.0164006637   0.0024377693   0.0002494563
23 14  -0.0015347636   0.0256463145  -0.0079202557   0.0002994064  -0.0232578033
23 15   0.0003630589   0.0000045367
24  1   0.1008098766   0.0703095054   0.2363878581  -0.1789711010  -0.0677405901
24  2   0.0216209933  -0.0000229196  -0.0393802657  -0.0438733932  -0.1437130861
24  3  -0.0741371304  -0.0379364862   0.0121317422   0.0308483953  -0.0906971266
24  4   0.0086915492   0.0862750136   0.0488410038   0.0412449223  -0.0565888292
24  5   0.0126979473   0.0161971882  -0.0187415852  -0.0404121097   0.0272395768
24  6  -0.0381307044  -0.0054622460  -0.0096394923  -0.0508598215  -0.1595860259
24  7  -0.0257821896   0.1033981492  -0.0040927757   0.0049077500   0.1275298529
24  8  -0.0869977194   0.0360206366   0.0022692843  -0.0062400256  -0.0332572581
24  9   0.0133180226   0.0135157750   0.0272580136  -0.0360238558  -0.0490589153
24 10  -0.0008390552  -0.0025400621   0.0051355030   0.0106861553  -0.0146883450
24 11  -0.0303165483  -0.0092401683   0.0020551452  -0.0020780310  -0.0068900506
24 12   0.0177940461   0.0503918705   0.0190612534   0.0045586899   0.0050845614
24 13   0.0274050678   0.0100823074   0.0654364566   0.0002306479  -0.0002019059
24 14   0.0009607916   0.0129728528  -0.0034261313   0.0001342662  -0.0222903657
24 15   0.0004600756  -0.0000075761
25  1   0.2019307331   0.0850240736  -0.0285768157   0.1132345068   0.0091638716
25  2   0.0053830707  -0.3816384753  -0.0243582530   0.1009381509  -0.1034206711
25  3  -0.0015653750  -0.0330980406  -0.0055933011  -0.0094894084   0.0787286309
25  4  -0.0091093941  -0.0618097725  -0.0265357512  -0.0397498870   0.0648660766
25  5   0.1057573186   0.0396884818  -0.0231964052  -0.0105573975   0.0091025249
25  6   0.0074974568  -0.0010060738   0.0016135172   0.0107129806  -0.0227684940
25  7  -0.0188171924  -0.0500089603  -0.0018390435  -0.0037608961   0.0028643772
25  8   0.0041652605  -0.0040610870  -0.0045243909  -0.0035344899  -0.0157478856
25  9   0.0050808772   0.0023054436   0.0009147652  -0.0016496518  -0.0309301561
25 10  -0.0086558339  -0.0404356771  -0.0533777364  -0.0141334610   0.0151248633
25 11   0.0107218723   0.0018323935   0.0000370827  -0.0002927946  -0.0001608889
25 12   0.0009308958   0.0001708557  -0.0020695472   0.0000126830  -0.0000239896
25 13  -0.0000347428  -0.0000589731  -0.0003867647   0.0001313221   0.0000204477
25 14  -0.0000503234   0.0011124806  -0.0003005147   0.0000440439  -0.0014708761
25 15  -0.0522005608  -0.0001731602
26  1  -0.1567619758  -0.0940785591   0.2002722375   0.0765443924   0.1317815490
26  2  -0.0103380835   0.1120300347   0.0004784241   0.0378122116  -0.0047879267
26  3   0.0415419967   0.0463135538   0.0873561169   0.0148232290  -0.0131737027
26  4  -0.0014672096  -0.0413538506   0.0113379652  -0.0440912383   0.0912019293
26  5   0.1624463847   0.0615825417  -0.0391644118   0.0063331240   0.0000541290
26  6   0.0211063595  -0.0007739064   0.0008868779   0.0134711003  -0.1197571224
26  7  -0.0845089103  -0.2688427285  -0.0042306035  -0.0166430218   0.0251433900
26  8  -0.0271503578  -0.0001726695  -0.0005195388  -0.0005544964  -0.0041923956
26  9   0.0008024521   0.0028463401   0.0027472006  -0.0032345103  -0.0109447806
26 10  -0.0001944368  -0.0009769638  -0.0010477705   0.0007978208  -0.0011423395
26 11  -0.0034062791  -0.0027716081  -0.0005802489   0.0007148683   0.0005962281
26 12  -0.0046450899  -0.0070508822  -0.0012967181  -0.0001404417  -0.0001916176
26 13  -0.0008571740  -0.0002722035  -0.0019313363   0.0007604500   0.0000497506
26 14  -0.0001171524  -0.0000504302   0.0000522485   0.0000012930  -0.0000915869
26 15   0.0333470010   0.0000996465
27  1   0.1438841974  -0.0109448849   0.2831926365  -0.1672613109  -0.1564013031
27  2   0.1352460264   0.0103486342  -0.1655817763  -0.1055285557   0.1192681293
27  3  -0.0341716768   0.0408978383  -0.0633657324  -0.0365280106   0.0609539204
27  4  -0.0092347808  -0.0647677364  -0.0836671210  -0.0409426054   0.0690735179
27  5   0.0823835152   0.0271787705  -0.0136002432   0.0044645091  -0.0029113341
27  6   0.0152742377   0.0019283517   0.0029264827   0.0151695470   0.0260674659
27  7   0.0109990356   0.0306900520   0.0001332852   0.0021015879  -0.0285909384
27  8   0.0284253676  -0.0105629705  -0.0064435924  -0.0006384919  -0.0000402652
27  9  -0.0005403825   0.0002550868   0.0012411513   0.0021697862   0.0325890237
27 10   0.0024949097   0.0100578883   0.0085915521  -0.0014379563   0.0027462200
27 11   0.0053274645   0.0026416899   0.0002995609  -0.0002360274   0.0014942154
27 12   0.0014889733   0.0029405149   0.0015212714   0.0000606973   0.0000548641
27 13   0.0002217269   0.0000028639  -0.0000604694  -0.0001270278   0.0000067237
27 14  -0.0000195226  -0.0001002439   0.0000238876   0.0000056959   0.0004852389
27 15   0.0069211690   0.0000206812
28  1   0.1974928923   0.0999751014  -0.0561479551   0.1292054377   0.0103856392
28  2   0.0186032825   0.2476961875  -0.1696884679   0.1049945030  -0.0684987226
28  3   0.0470760388   0.1449428766  -0.0763503464  -0.0092046584   0.0180912686
28  4   0.0233152217   0.0274490642   0.0075851704  -0.0265539057   0.0017520537
28  5  -0.0202248960   0.0309504578   0.0082561312   0.0177030518   0.0419889480
28  6  -0.0114616317   0.1011805875   0.0405947381  -0.0137315430   0.0158572894
28  7  -0.0522041928   0.0254065991   0.0037233716  -0.1764625063  -0.0045698127
28  8  -0.0041712782   0.0096845040  -0.0095809485  -0.0217851247   0.0043547474
28  9  -0.0016409518  -0.0046391636   0.0097004896   0.0071180687  -0.0018688506
28 10   0.0628685195  -0.0090638797  -0.0023399700   0.0157973731   0.0121103578
28 11   0.0007439266  -0.0022912283   0.0076491352   0.0027056276  -0.0003361130
28 12  -0.0002672703  -0.0003891136   0.0005171149  -0.0000409576  -0.0000151384
28 13  -0.0000079286   0.0009859645  -0.0001239683   0.0001422537  -0.0003702358
28 14  -0.0003973711  -0.0000135149  -0.0001238351  -0.0015105737   0.0000833135
28 15  -0.0000157610   0.0226435060
29  1  -0.0518583874   0.1421296100   0.0711823774   0.1532136616  -0.0516123763
29  2  -0.0320248627  -0.0081746226   0.0312803556  -0.1083744353   0.0492342241
29  3  -0.0303427012  -0.1952448241   0.1314019998  -0.1551695376   0.0023075510
29  4  -0.0586719587   0.0999382830   0.0106233264  -0.0717438284   0.0493839260
29  5  -0.0776708831   0.0969813832   0.0173864807   0.0138441151   0.0304657084
29  6  -0.0153143476   0.0862375901   0.0714043261  -0.0094809826   0.0018652744
29  7  -0.0090422581   0.0059075706  -0.0017590571  -0.0900472423   0.0015447441
29  8   0.0068625724   0.0172961961  -0.0019608531  -0.0182589889   0.0039876859
29  9  -0.0020514362   0.0063250350  -0.0043618916  -0.0018350990   0.0002804046
29 10  -0.0052321467   0.0012826305  -0.0011377200   0.0081359655   0.0050630130
29 11   0.0006785156  -0.0005487488   0.0020446880   0.0003416893  -0.0001573637
29 12   0.0001854116  -0.0001107585   0.0001057446   0.0000349077   0.0001032357
29 13  -0.0000225829   0.0010970463  -0.0001583830   0.0000445731  -0.0002199419
29 14   0.0004989694   0.0000056145   0.0001654151  -0.0002967296  -0.0000634671
29 15   0.0001158700  -0.0135728909
30  1   0.0075865809   0.0081663947   0.0191898408  -0.0157467195  -0.0035552351
30  2   0.3242181316   0.0173866266   0.2888905680   0.1274099598   0.0245576266
30  3  -0.0796784603   0.0022389041   0.0277503578   0.0257463602   0.0040060373
30  4   0.0303309167  -0.0158123382  -0.0129404938   0.0290242919  -0.0003817895
30  5   0.0236468700  -0.0361235729  -0.0134422273   0.0091570082   0.0232296731
30  6  -0.0099056359   0.0757377717   0.0428188996  -0.0128903101   0.0105801073
30  7  -0.0386150442   0.0179670153   0.0013801707  -0.1353710105  -0.0014451338
30  8   0.0038962720   0.0152881414  -0.0002883373   0.0080646105  -0.0024458804
30  9  -0.0012828441  -0.0097270297   0.0088797300   0.0049322452  -0.0000383567
30 10  -0.0346499946   0.0025464529   0.0057827982  -0.0253028669  -0.0168082444
30 11   0.0004808596   0.0007639493  -0.0020294347   0.0108955421  -0.0008436656
30 12   0.0017665190  -0.0002308651   0.0003965679   0.0000525002  -0.0000575977
30 13  -0.0000688820   0.0013707840  -0.0002228727  -0.0000949374  -0.0001847511
30 14  -0.0003070189  -0.0000263653  -0.0000911719   0.0012125164   0.0000564735
30 15   0.0002319284  -0.0565487564
31  1   0.2386601412   0.0511837432   0.0757374186   0.0544647953  -0.0266331061
31  2  -0.0522417268   0.1984615485   0.1371002361   0.4016364213   0.1691902250
31  3  -0.2805599739  -0.2087204948   0.2074166409   0.1046050885  -0.0079784173
31  4   0.0107815844  -0.1071790212  -0.0342879111   0.1985056747   0.1129283323
31  5  -0.1283040383   0.2499217705   0.1183885833   0.0488226306   0.1032953712
31  6   0.0119241299  -0.0022969378  -0.2610311526   0.0740892974  -0.0158481060
31  7   0.0525411863  -0.0298829880   0.3558412804   0.1955281011   0.0479250086
31  8   0.0330178411  -0.0900393466   0.0157975553   0.1966618998  -0.0448290640
31  9   0.0141338290  -0.0186231695  -0.0038066526  -0.0136608807   0.0001580493
31 10   0.2261648208  -0.0013295869  -0.0601817561   0.2615663385   0.1622243491
31 11  -0.0078302260  -0.0239065265  -0.0840780831  -0.6330687299   0.0658265677
31 12  -0.0797086419  -0.0024815312   0.0148267792   0.0049405486  -0.0053321961
31 13  -0.0028395301   0.0950164225  -0.0142198010  -0.0003590092  -0.0223319751
31 14  -0.0088992632  -0.0006050967  -0.0033535233  -0.3496219175  -0.0044330350
31 15  -0.0000270638  -0.0074286886
32  1   0.0078331739   0.0694053014   0.0927844081   0.1919206556  -0.1807164686
32  2   0.1303530301   0.0551157486   0.2372070540  -0.0569867981  -0.0515128978
32  3   0.1111175175   0.0563541851  -0.1267331271  -0.1016153118  -0.0204020281
32  4  -0.0715935407   0.0850297907   0.0194527601  -0.2180908892  -0.1714692074
32  5   0.2187477960  -0.4153541527  -0.1953230708  -0.0257423115  -0.0350651662
32  6  -0.0335929403   0.2257487883   0.2738858174  -0.0354472122  -0.0020790242
32  7   0.0235791696  -0.0480544491  -0.0429558060   0.4936225841   0.0526316210
32  8   0.0728951476  -0.0715573991   0.0787547507   0.4841159896  -0.1130772247
32  9   0.0313801374  -0.1366666326   0.0730461287   0.0244832762  -0.0048307703
32 10   0.0523062265   0.0265623581  -0.0590175956   0.5723667218   0.4381038049
32 11  -0.0163239038   0.0126708804   0.1421381783   0.1981983771  -0.0192663561
32 12   0.0031045372   0.0037254083  -0.0072586374   0.0007384782  -0.0003161922
32 13   0.0001531491  -0.0136411335   0.0020026222  -0.0000280149  -0.0001694817
32 14   0.0004013048   0.0000489951   0.0001076139  -0.0000019934   0.0000883629
32 15  -0.0000112347   0.0003602707
33  1  -0.0290600308   0.0523629742  -0.0327724179  -0.0059547289   0.0584974911
33  2   0.2850107765   0.0080855938   0.1096692189   0.0063327898  -0.0180947370
33  3  -0.0212532169   0.0252467252   0.0258820939  -0.0418771633   0.0138432540
33  4   0.0171540156   0.0397847270  -0.0014178448  -0.0019012976   0.0527351196
33  5  -0.0890194344   0.1575262365   0.0698302627   0.0170879882   0.0286173069
33  6   0.0114967530  -0.0965669110  -0.1756102340   0.0621147711  -0.0284827624
33  7   0.0911574393  -0.0324704133   0.2423012098   0.0895951828   0.0293360308
33  8   0.0259064001  -0.0122381273   0.0026402702  -0.0085052060   0.0028434722
33  9  -0.0001696747   0.0366030509  -0.0331697668  -0.0197212561   0.0005323526
33 10   0.1846266747  -0.0054421574  -0.0393758307   0.1424025592   0.0830890521
33 11   0.0026623644  -0.0192446646  -0.0192694766  -0.2094503100   0.0208471849
33 12  -0.0254743804  -0.0014183072   0.0046303105  -0.0158762425   0.0229636841
33 13   0.0051435533  -0.2190329579   0.0326154287   0.0013261070   0.0609571509
33 14   0.0237874407   0.0016279211   0.0087480097   0.9028833111   0.0113992367
33 15   0.0002171431   0.0139184562
34  1   0.2194725204   0.0868745026  -0.0035765272   0.0998752132  -0.0130788428
34  2  -0.0117614194   0.2383008477  -0.0477114764   0.2493046157   0.0335418233
34  3  -0.1000666157   0.0040879809   0.0565314551   0.0458165097   0.0110230209
34  4   0.0281453659  -0.0378982135  -0.0124982777   0.0821539970   0.0476468774
34  5  -0.0653474651   0.1293595655   0.0606871073   0.0269380727   0.0583714399
34  6  -0.0014183812   0.0180791579  -0.0193422172   0.0014103186  -0.0171568942
34  7   0.0651605465  -0.0307069130  -0.1371912625   0.2710507780  -0.0176371483
34  8  -0.0262853296   0.0044015682   0.0013289901  -0.1939488032   0.0504581797
34  9  -0.0093450481   0.1410144116  -0.1477110162  -0.0862696555   0.0165356631
34 10  -0.3472748965   0.1149708652  -0.0653276122   0.1904906200   0.0801658610
34 11   0.0264962155  -0.0333887663  -0.0143894405   0.0432890362  -0.0052286613
34 12   0.0147631908  -0.0049206903   0.0079781346   0.0331520956  -0.1508230527
34 13   0.0595276554  -0.8028612529   0.1091727996  -0.0081196168  -0.1091993236
34 14  -0.0315654532  -0.0005390729  -0.0044668340  -0.1680973983   0.0009508509
34 15   0.0003079158  -0.0007830052
35  1   0.0177862057   0.1949400868   0.0332111206   0.2016438277  -0.1857939760
35  2   0.0413085498   0.1367402319   0.0068327129   0.0562059957  -0.0290196620
35  3   0.0274724736   0.0996789628   0.0232700816   0.0415173474  -0.0059056859
35  4   0.0197835603  -0.0925220926  -0.0132357886   0.0304419848  -0.1386179843
35  5   0.0885282027   0.0005042667   0.1152368155   0.1256339418   0.2816916059
35  6   0.0281207433   0.1639213597  -0.3606438389   0.0088121797   0.0263882418
35  7  -0.0573144702   0.0147521487  -0.1344016497   0.2293153887  -0.0546973575
35  8  -0.1005229702  -0.0543379930  -0.0366678859  -0.3466321492   0.0874159827
35  9  -0.0203851110   0.2221158258  -0.2287525355  -0.1357091405   0.0248391113
35 10  -0.4655589521   0.2176047366  -0.1554640679   0.3355077057   0.1025468231
35 11   0.0657011388  -0.0899728415  -0.0223773505   0.0253329287  -0.0044604007
35 12   0.0232736998  -0.0114173170   0.0191323667  -0.0179294538   0.0832648568
35 13  -0.0340147751   0.4796583852  -0.0652643553   0.0046343535   0.0691254131
35 14   0.0178983380   0.0000748323   0.0020028687   0.1075765019  -0.0003290779
35 15   0.0001014158   0.0033068743
36  1  -0.0595625178   0.0310751853  -0.1043041153   0.0482083823   0.0789865830
36  2   0.3862202292   0.0149465468  -0.0088553655  -0.2550185361  -0.2082758460
36  3   0.2616478494   0.2826853521  -0.2559518656  -0.1864158656   0.0253313195
36  4  -0.0183284129   0.2125512583   0.0455667738  -0.2725266052  -0.0521213283
36  5   0.0724942655  -0.2389260262  -0.1794906889  -0.0904744692  -0.1998277429
36  6  -0.0401848524  -0.0097427202   0.5065514163  -0.0659492319  -0.0275293632
36  7   0.1131260604  -0.0504074031  -0.3416725756   0.2292480522   0.0019907329
36  8   0.0355224275   0.0870379126   0.0311028402  -0.0460300663   0.0126081376
36  9  -0.0030394966   0.0808103527  -0.0848537854  -0.0554907947   0.0141977900
36 10  -0.2241655689   0.0155524282   0.0191822789  -0.0964216834  -0.0790624640
36 11  -0.0148413771  -0.0009555420  -0.1614256117  -0.6578728378   0.0688642642
36 12  -0.0741294381  -0.0027848743   0.0167925146  -0.0008509352   0.0035189720
36 13  -0.0012947577   0.0180244630  -0.0025680021  -0.0000814052  -0.0009291345
36 14  -0.0004739502  -0.0000222974  -0.0000971598  -0.0050150902  -0.0000478448
36 15   0.0001138726   0.0031162275
37  1   0.1173833845  -0.0028209927  -0.0403179819   0.1131723039   0.1389183466
37  2   0.0425465215   0.0846817449  -0.1388471459  -0.1719891559  -0.0330964884
37  3   0.0510187210  -0.1632668834   0.0620239398  -0.1063773947   0.0480246801
37  4   0.0249634185   0.0169056209   0.0049143412   0.3515839622   0.3270329598
37  5   0.1032931099  -0.3961772460  -0.2820285958   0.0482331006   0.0957532226
37  6  -0.1103232867   0.1642301729   0.0767509569   0.1226398906  -0.0661046419
37  7   0.1828776496  -0.0541926855   0.2822249754   0.2034517739  -0.0108102957
37  8  -0.0935327665  -0.1342729821  -0.0767124325  -0.3804162003   0.0920254682
37  9   0.0320353206  -0.1183949154   0.1903465471   0.1261320947  -0.0184422423
37 10  -0.1447185989  -0.0825616704   0.1135233732  -0.0435671671   0.0423709883
37 11  -0.0128101309   0.0283875837   0.6153981726  -0.1421253603  -0.0055369173
37 12  -0.1110849318   0.0215499696  -0.0279842097  -0.0874346337   0.2159068894
37 13  -0.0315092980  -0.0486181176   0.0097038630   0.0016907744   0.0564595952
37 14   0.0240506555   0.0006842285   0.0029844212  -0.0219077103  -0.0006614601
37 15  -0.0000770099   0.0002263884
38  1  -0.0294731984   0.2603652286   0.0125069101   0.1711848231  -0.0826411159
38  2  -0.0938697635   0.0898527866  -0.1641795584   0.0117541873   0.0446733482
38  3  -0.0686252372  -0.0790527728   0.1847597362   0.0649306761  -0.0190721701
38  4  -0.0308971324  -0.1707922559  -0.0214659069   0.1765179276  -0.0970337726
38  5   0.2309254877  -0.3551221904  -0.1213624815  -0.0183527538  -0.0358969992
38  6  -0.0301022731   0.0669903859   0.3119745135  -0.0036405012  -0.0767826042
38  7   0.2623929252  -0.1039569658   0.2395503371  -0.0285571686   0.1349432665
38  8   0.2952210475   0.3696643455   0.1392279680   0.1562534581  -0.0396735022
38  9  -0.0805170489   0.3005060858  -0.3263118064  -0.1888755009   0.0239336361
38 10   0.2451096383   0.2445383384  -0.2925841640  -0.0597006403  -0.3781884801
38 11   0.2019127400  -0.2963003820   0.1800949035   0.0448003732  -0.0197725021
38 12   0.0308699345  -0.0180406489   0.0253747993  -0.0148752552   0.0234558631
38 13  -0.0010367912  -0.0072888954   0.0008265013   0.0003353927   0.0146707061
38 14   0.0043318416  -0.0000800981   0.0001490477  -0.0067472345  -0.0002623253
38 15   0.0000356922  -0.0014981791
39  1  -0.0956164081   0.1427182032  -0.1222324305   0.0038372741   0.1766077409
39  2   0.1905566391  -0.0127362597  -0.2238860271  -0.1680329862  -0.0415123239
39  3   0.0041952017  -0.0239248928   0.1368244305  -0.0381106293   0.0322219478
39  4   0.0279302245  -0.0405515342  -0.0052455303   0.2261547312   0.1429028900
39  5   0.0050950191  -0.0455897760  -0.0318497980   0.0284874164   0.0575596865
39  6  -0.0151101582   0.0436549151  -0.0178630943   0.0008145940   0.0039819288
39  7  -0.0102075313  -0.0004953151  -0.0633471677   0.0689031220  -0.0104113504
39  8  -0.0101606189   0.0122374554  -0.0021640042   0.0215866339  -0.0093554035
39  9  -0.0027168400  -0.0344538001   0.0354749858   0.0200702520  -0.0024496335
39 10  -0.0200461849  -0.0104416006   0.0152707396  -0.0071375695   0.0013364732
39 11   0.0066909171  -0.0135650635   0.2034223919  -0.0438332295  -0.0017549823
39 12  -0.0348557250   0.0065001612  -0.0077883389   0.3592145428  -0.8346527511
39 13   0.1128043990   0.1810923765  -0.0342599050  -0.0079288018  -0.1849682305
39 14  -0.0853140053  -0.0023239375  -0.0103528806   0.0866869789   0.0022465878
39 15   0.0000997290  -0.0019128454
40  1   0.1621518205  -0.0335209499   0.0722946587   0.0501522423   0.0922730650
40  2  -0.0216146161   0.0742158284   0.1234307318   0.0314142400   0.0416912306
40  3  -0.0051215207  -0.1246239756  -0.1603060636   0.0413475578  -0.0263773642
40  4  -0.0176656008   0.0635816782   0.0130048793  -0.1741764462  -0.0197146490
40  5  -0.0479214966   0.0388769502  -0.0078813669  -0.1003535022  -0.2041961668
40  6   0.0737474478  -0.1190692210  -0.2306428563  -0.0617251362   0.1155477300
40  7  -0.3691369109   0.1119810040  -0.0603191166  -0.1595760716  -0.0132853184
40  8  -0.0056106437  -0.0330340001   0.0280811228   0.1496197391  -0.0291037235
40  9  -0.0255736360   0.2017333083  -0.2330565208  -0.1267806689   0.0253756108
40 10  -0.0465288455  -0.1820989098   0.1701441454  -0.0446265712   0.0704624573
40 11   0.0074776114  -0.0593517092   0.3445816372  -0.0509391601  -0.0128667884
40 12  -0.0526795644   0.0095272339  -0.0095213359  -0.0724874593   0.1714857982
40 13  -0.0215665767   0.0538765229  -0.0065133616   0.0051138590  -0.7153472881
40 14  -0.1518476821   0.0018391326  -0.0011033580   0.0585596006   0.0048073804
40 15  -0.0000485892   0.0006185607
41  1   0.0251214247   0.1941971345   0.0321054017   0.2065949344  -0.2006798816
41  2   0.0543507927   0.1469884733   0.0233155284   0.0886207910  -0.0095855154
41  3  -0.0206087098   0.0422418696   0.1258358474  -0.1015723627   0.0105842754
41  4  -0.0214409457   0.0234201324  -0.0027626851  -0.0330876082  -0.0601339963
41  5   0.0238790142   0.0121510073   0.0403351829  -0.0508919398  -0.1405687979
41  6   0.0458247129  -0.5470497551  -0.0443839316   0.0215815928  -0.0661823803
41  7   0.1894793553  -0.0146473226  -0.1435695757  -0.2787324041  -0.0793136540
41  8  -0.1206431193  -0.0189345944  -0.0942369718  -0.0637316844  -0.0043581517
41  9   0.0328890656  -0.3671695958   0.3665098954   0.1854991299  -0.0348800199
41 10  -0.0480040162   0.4267189973  -0.3958079644   0.1577247582  -0.2244200436
41 11   0.1228920152  -0.1129623659   0.0298801509  -0.0420596257   0.0087858623
41 12   0.0162269845  -0.0120649156   0.0171988657  -0.0353806250   0.0774180419
41 13  -0.0080196849   0.0216179688  -0.0027877837   0.0024902072  -0.3447128316
41 14  -0.0743403519   0.0008039614  -0.0003395921   0.0322970323   0.0022880351
41 15   0.0001624394   0.0016837545
42  1  -0.1224708888   0.1674117054  -0.1640568005   0.0171084746   0.2179517170
42  2   0.1795569077  -0.0213903544  -0.3535365034  -0.2532264135  -0.0551371640
42  3   0.0139028824  -0.0662280827   0.2247577438  -0.0596851779   0.0472664611
42  4   0.0304848744  -0.0976724507  -0.0110493335   0.4465297928   0.2525519753
42  5   0.1024756425  -0.2841129407  -0.1717162748   0.0845603586   0.1793965170
42  6  -0.0956006534   0.2695382098   0.1722305572   0.0588339711  -0.0576442717
42  7   0.1810952045  -0.0673225479   0.1485468788   0.2079279724   0.0276495917
42  8   0.0199465867  -0.0038506292   0.0007651339  -0.0935250876   0.0257002939
42  9   0.0155480710  -0.0074858541   0.0196351876   0.0128001247  -0.0033150414
42 10   0.0618939994  -0.0444981745   0.0366576722   0.0095410765   0.0927537957
42 11  -0.0851033943   0.1339291636  -0.5725778715   0.1155029904   0.0111346104
42 12   0.0782955067  -0.0086916894   0.0076935252  -0.0608516766   0.1361395414
42 13  -0.0160706256   0.0384294412  -0.0047456160   0.0039135971  -0.5042201915
42 14  -0.1070274343   0.0012955474  -0.0005379167   0.0406282297   0.0033261085
42 15  -0.0000276638   0.0004071647
43  1   0.0594898541  -0.0695578053  -0.0392838464   0.1077522873   0.2296487393
43  2   0.0642003966  -0.0111297820  -0.1142938787  -0.0938303564   0.0433535426
43  3  -0.1798841854   0.0055195631   0.0381133298   0.1208849824   0.0675273606
43  4  -0.0581219774   0.1025546673  -0.0094715556  -0.0422649397  -0.1768697507
43  5   0.0838561821  -0.0241865812   0.0453628155  -0.0729920605   0.0309813546
43  6   0.3796188008   0.1056797730  -0.0331587787  -0.1804990303  -0.0521284063
43  7   0.2937845894  -0.1021933931  -0.0180431713  -0.1035678759   0.0427642116
43  8   0.0496459396  -0.1702296477   0.1508466638  -0.0543527440   0.1215548519
43  9   0.6247539586  -0.2005911566  -0.0766301306  -0.0641313427   0.0473958719
43 10  -0.0300330200  -0.2462121813   0.1587528360   0.1212055116  -0.1250104796
43 11   0.2339324779  -0.2982010943  -0.0350269315  -0.0083839790  -0.0486615512
43 12   0.1277679682  -0.0804896292   0.1173104235   0.3559351422   0.1194832663
43 13  -0.1782245924  -0.0130327268   0.0449803216  -0.0191783886   0.0077713981
43 14  -0.0541351476  -0.0047942923  -0.0314276212   0.0009574458   0.0063688388
43 15  -0.0001227210   0.0002220303
44  1  -0.0941130206   0.2014214654   0.0523057937   0.1259991506   0.0407116207
44  2  -0.1535585890  -0.0713727798   0.1171326229  -0.1246645975   0.0702286660
44  3  -0.2276585517   0.2963991406  -0.0978152499   0.2427390505   0.2174462390
44  4  -0.0813757980   0.3542921451   0.0068359963   0.0423976703   0.2103070375
44  5   0.1871939367  -0.0786849491   0.2441435530   0.0872607527  -0.1289843841
44  6  -0.4869444591  -0.0005926561  -0.0556930763   0.4165528755  -0.0531165519
44  7  -0.0721916271   0.0709166597  -0.0787315347  -0.0506557708   0.0524732862
44  8   0.0436453181  -0.1182933618   0.2712025111   0.0146591485  -0.0261921410
44  9  -0.1928882349   0.0504041782   0.0146680442   0.0148833921  -0.0270898786
44 10   0.0198787467   0.1032706930  -0.0597341726  -0.0894102245   0.1000986741
44 11  -0.1318576944   0.1642681522   0.0766500597  -0.0488214142  -0.0786360092
44 12   0.2780187961  -0.2576145310   0.3685071244   0.3780689130   0.1375280623
44 13  -0.1842542564  -0.0167387068   0.0441796200  -0.0152294700   0.0065394390
44 14  -0.0431619420  -0.0035425917  -0.0235770000  -0.0007704563   0.0057032473
44 15   0.0000424661   0.0003708786
45  1  -0.0683972516   0.2093567563  -0.0351994702  -0.0822429503   0.1838866501
45  2  -0.0095588538  -0.0200702857  -0.0651889001   0.0245637867   0.0662194378
45  3  -0.1221238257   0.0254670435  -0.0332901977   0.1221899814   0.0116479735
45  4  -0.0521248896   0.0589853045   0.0056802941  -0.1148335721   0.0020280287
45  5   0.0634160977  -0.0671716644   0.0526503112   0.0524079639  -0.0307314315
45  6  -0.2713395193   0.0311142378  -0.0745964653   0.3136672258  -0.1124900725
45  7   0.1871439113  -0.0027803418  -0.0949617024  -0.1559062356   0.0395240081
45  8   0.0210841410  -0.2508615316   0.3453760065  -0.0079164269   0.0669744808
45  9   0.2588131921  -0.0932159775  -0.0469002689  -0.0482725774   0.0155460079
45 10  -0.0063472228  -0.0770494238   0.0609701600  -0.0055647993   0.0182551777
45 11   0.0424428365  -0.1059407228   0.0286828984  -0.0304410327  -0.0687448415
45 12   0.2034128421  -0.1751302252   0.2550025370  -0.6484121672  -0.2367622623
45 13   0.3247441184   0.0279324506  -0.0815002174   0.0344091987  -0.0178067750
45 14   0.1049642881   0.0081420935   0.0519335209   0.0009063909  -0.0105140364
45 15  -0.0000182718  -0.0004446589
46  1   0.1171308928   0.0007025378  -0.0455696785   0.1162636399   0.1382241990
46  2   0.0448385224   0.0539839848   0.0079682929  -0.1909280643   0.0147122275
46  3  -0.0660703842  -0.0650886948  -0.0333335589   0.2644296805   0.0740003772
46  4  -0.0654424379   0.1092564954   0.0038198644  -0.0308198208   0.0330780424
46  5   0.2184500602  -0.0497936007   0.3965753661  -0.0369442559  -0.1690263455
46  6  -0.1112962083   0.1889761791  -0.0618669800   0.1202081063  -0.1094517150
46  7   0.3141791840  -0.0593718719  -0.0695463191  -0.0740885514   0.0946472141
46  8   0.0394523519  -0.2890859875  -0.1789850799  -0.0302942179  -0.0633482024
46  9  -0.5127597755  -0.0416401424   0.1526239957   0.0448576416   0.0011504260
46 10  -0.0620457059  -0.2306686495   0.1679527099   0.0782657622  -0.0030277407
46 11   0.2275668239  -0.5616539895  -0.1081067315   0.0258042417   0.0996223550
46 12  -0.0476734934   0.1179443759  -0.1461589971  -0.0627592784  -0.0104242302
46 13   0.0201183076   0.0033147121   0.0059417078  -0.0243047311   0.0612000079
46 14  -0.2679211156  -0.0154682323  -0.0809197696   0.0036975057   0.0173604998
46 15   0.0000986670   0.0005764181
47  1  -0.1005045802   0.1296070115   0.0865233864   0.1199641917   0.0450238462
47  2  -0.1038000793  -0.0846374144   0.0609078248  -0.0550378626   0.0575540891
47  3  -0.1604460706   0.2132577159  -0.0978665734   0.1020540002   0.1103816702
47  4  -0.0274491921   0.1734760474  -0.0024099827   0.0379706601   0.0483579098
47  5  -0.0222820858   0.0044747464  -0.1036282628   0.0427942138   0.0784433185
47  6  -0.0338650129  -0.0918439479   0.0373941145   0.0310450818   0.0223566347
47  7  -0.0977867892   0.0288207638   0.0199343951   0.0133839357  -0.0729870802
47  8  -0.0737856109   0.1321590436   0.0655320806   0.0242153661   0.0135844490
47  9   0.2300329660  -0.0057125322  -0.0874883751  -0.0400063304   0.0094133965
47 10   0.0261237565   0.0867072196  -0.0672732207  -0.0239471507  -0.0127563688
47 11  -0.0791298187   0.1969996195   0.0217345669   0.0103227953  -0.0022859781
47 12  -0.1058978387   0.0674886005  -0.1080088040  -0.1584359902  -0.0114272986
47 13   0.0444973870   0.0084024582   0.0202302799  -0.0800649791   0.1923534629
47 14  -0.8347683508  -0.0507813475  -0.2650698552   0.0096896035   0.0577488571
47 15  -0.0002570935  -0.0001092725
48  1  -0.0063776395   0.1187652299   0.0450481574  -0.0863004467   0.0703958885
48  2   0.0931960354   0.0355287853  -0.0369982652   0.0670207971  -0.0023097659
48  3   0.2038199664  -0.2759615896  -0.1133595389  -0.0500467981  -0.2197348046
48  4   0.0828294200  -0.3556466043  -0.0081645344  -0.0790395530  -0.1482957614
48  5  -0.2413934446   0.1164587644  -0.3146381530  -0.0026080224   0.1542328230
48  6   0.2053203384  -0.0768321310   0.1087223554  -0.2635852272   0.0399799529
48  7   0.0548612305  -0.0560162274   0.0878805142   0.1247987921  -0.1508948393
48  8  -0.1942489508   0.2814361792  -0.5553035315   0.0002971874  -0.1067244098
48  9  -0.2648323994  -0.0665167572   0.0296841919  -0.0169516757  -0.0012918149
48 10  -0.0182002291  -0.1067841811   0.0736330068   0.0119807992   0.0218131366
48 11   0.0458656895  -0.0892915140   0.0419570134  -0.0505666128  -0.0956762718
48 12   0.3605400473  -0.3038970210   0.4593292641  -0.0279594524   0.0021631110
48 13   0.0059947736   0.0015082947   0.0074576175  -0.0247168046   0.0558967515
48 14  -0.2403791029  -0.0142942021  -0.0755427352   0.0027214785   0.0169383938
48 15  -0.0000341036   0.0001874649
49  1   0.0619676803  -0.0968975376   0.0022796800   0.0833263298   0.2343926948
49  2   0.0458778641  -0.0170852520  -0.0694620659  -0.0097422202   0.0580480400
49  3  -0.0903398923  -0.1066662230  -0.1922976804  -0.1172458823  -0.0769013534
49  4   0.0112023402   0.0198642219   0.0190223131   0.0292775348  -0.1873812361
49  5   0.1758952300   0.0282519009   0.0587980727   0.0864652642   0.1742487793
49  6  -0.0772702705  -0.2064399902   0.1349967883   0.1866785390  -0.0000368203
49  7  -0.1135129683   0.0757276907   0.0097886530   0.0179424317  -0.1049057939
49  8  -0.0896696816   0.0505863523   0.1106959308   0.0976718053   0.0301441946
49  9   0.0434234638   0.4095730727   0.2205587178   0.3119816152  -0.0056563562
49 10  -0.0443381973  -0.1884249060   0.0609373562   0.2427283843  -0.2751266257
49 11   0.1719444137   0.1125800129  -0.0288216606  -0.0123827261  -0.1527078856
49 12  -0.0014726397  -0.0079679364  -0.0038221013   0.2118165569   0.1633758760
49 13   0.5025025082  -0.0172866402  -0.2327158557   0.0493639349   0.0040855821
49 14   0.0021624665  -0.0217941952  -0.0907539858   0.0012344620   0.0154717481
49 15  -0.0001657864  -0.0001708520
50  1  -0.1430835232   0.0601743855   0.1267848973   0.0894730899   0.1226204597
50  2  -0.1173012391  -0.1222536515   0.0399069268   0.1047081867   0.0789705780
50  3  -0.1176219446   0.1798113677  -0.2864945120  -0.4624705684  -0.0568840630
50  4   0.0647711370  -0.0011554377   0.0152865608   0.2551892851  -0.2638742705
50  5   0.1991383910   0.1658238397  -0.0406695926  -0.2072297157  -0.3338771917
50  6  -0.0288652178   0.4170878522  -0.2236249741   0.1170812479  -0.0900649035
50  7   0.3497509117  -0.0764007642  -0.0467940090  -0.0938709181  -0.1744067090
50  8  -0.1969816934   0.1406096016  -0.2157771566   0.0655396249  -0.0159942609
50  9   0.0336218552   0.0774894523   0.0200698915   0.0361119304   0.0003088409
50 10   0.0101564756   0.0780542905  -0.0256412560  -0.0936653549   0.1208160020
50 11  -0.0615407952  -0.0938910146  -0.0457095086  -0.0370023095  -0.6499387376
50 12  -0.1861873920   0.0114841434  -0.0003023398  -0.0258073385  -0.0207935780
50 13  -0.0696883328   0.0020973834   0.0312970817  -0.0072747375   0.0000506523
50 14  -0.0039340785   0.0056040832   0.0246949994  -0.0002516608  -0.0032517451
50 15   0.0001076354   0.0000313584
51  1  -0.0043912668   0.2187815233   0.0977377348  -0.1679729766   0.1219817324
51  2  -0.1407061276   0.0097065976   0.1537591706   0.0451742533   0.0128027001
51  3   0.0619278699   0.0880381881  -0.0403900517  -0.1529469504   0.0696623567
51  4   0.0097121698  -0.0336582946  -0.0184953258   0.0590910008   0.0181183374
51  5   0.0170952057  -0.0241873865   0.0988029093  -0.0073148157  -0.0897808339
51  6  -0.0082653694   0.0577345302  -0.0364806386  -0.2261824211   0.0406369975
51  7  -0.0137760751  -0.0535957268   0.0175760290   0.0315886414   0.1322665885
51  8   0.1401428117  -0.0643134343  -0.1214919635  -0.1001765109  -0.0089850908
51  9  -0.0282242472  -0.3589071763  -0.1738431498  -0.2626515292   0.0052133421
51 10   0.0334950059   0.1532265534  -0.0386674469  -0.2071932564   0.2424529890
51 11  -0.1264701001  -0.1448946921   0.0084625050   0.0049765504   0.0143150364
51 12  -0.0311183337   0.0139412784  -0.0042293339   0.2652766318   0.2040316319
51 13   0.6151314407  -0.0220741068  -0.2866998257   0.0631913764   0.0037289026
51 14   0.0066248171  -0.0255853476  -0.1050023939   0.0014247768   0.0169471725
51 15  -0.0000009057  -0.0000779315
52  1   0.0762849643  -0.1503057137   0.0983577903   0.0275765956   0.2319291304
52  2   0.0002466672  -0.0267281713  -0.0225938428   0.0721479974   0.0208132152
52  3  -0.0101149710  -0.0403863802  -0.1195230849  -0.4139245342  -0.0521082800
52  4   0.0436766173  -0.0640027511  -0.0035801900   0.1582763378  -0.3109364225
52  5   0.2272224565   0.0229063543   0.3165321307  -0.0820127137  -0.2249417040
52  6  -0.1316997389   0.2058578501  -0.0258839401   0.3776829469  -0.0533824344
52  7   0.0089050758   0.0113458911   0.0016440743   0.0203090686  -0.0651209293
52  8  -0.1732255929   0.2146627427  -0.1922111384  -0.0433218423  -0.1455343624
52  9  -0.0713928124  -0.3002155040  -0.2081288081  -0.2183788471   0.0710841440
52 10  -0.0019860970  -0.1915721236  -0.0067334082   0.2452505170  -0.3490076677
52 11   0.0787671241   0.4072425148   0.0461342351   0.0150625028   0.2562571599
52 12   0.0688598930   0.0064776931  -0.0234634450  -0.0306041503  -0.0213742247
52 13  -0.0510006994   0.0031662204   0.0278516386   0.0040945449  -0.0214138462
52 14   0.1009494760  -0.0549004661  -0.2946494446   0.0013116829   0.0290450963
52 15  -0.0002964737  -0.0000974357
53  1  -0.0884089832   0.0467199999   0.1221762957   0.1261891643   0.0107193703
53  2  -0.0134104085  -0.0798066657  -0.0160146173  -0.0011222811   0.0210234411
53  3  -0.0577146767   0.0930519386  -0.0471446890   0.0879109689   0.0125402295
53  4  -0.0020677512   0.0143336642  -0.0126385688  -0.0166067534   0.0286813046
53  5  -0.2521153824  -0.0207746544  -0.2330338121   0.0281899877   0.1628853415
53  6   0.1868667414  -0.1347873300   0.0352554477  -0.0432233398   0.0103008293
53  7  -0.0723979377   0.0217198308  -0.0276503858  -0.0237257525   0.1493895535
53  8   0.2072213554  -0.2570017762   0.2310467836  -0.0302566625   0.0491474543
53  9  -0.1203956701   0.0032754363   0.0515544587   0.0076626023   0.0000294506
53 10  -0.0052365038   0.0108536254  -0.0027589155  -0.0260674243   0.0456205260
53 11  -0.0067888523  -0.0809971917  -0.0249959739  -0.0129710132  -0.2188566144
53 12  -0.0609548204   0.0046212632   0.0022724536  -0.0659077448  -0.0469411855
53 13  -0.1019952502   0.0077191495   0.0614939437   0.0163374969  -0.0580269347
53 14   0.2722524352  -0.1554733747  -0.8347975655   0.0043346977   0.0831754066
53 15  -0.0003088709   0.0000844430
54  1  -0.0598573721   0.2772578206   0.0149918440  -0.1464835645   0.2113848527
54  2  -0.1806495076  -0.0147227409   0.1541254052   0.0541814311   0.0929660036
54  3  -0.0590788259   0.0995409521  -0.2934022390  -0.3323865107  -0.0077419690
54  4   0.0351853989   0.0170558433   0.0234122939   0.1590765732  -0.1145873603
54  5   0.3147630041   0.1304710246   0.0008360213  -0.0451855405  -0.1191983407
54  6  -0.1069712959   0.1233344019  -0.0940988550  -0.2579698511  -0.0003110096
54  7   0.2259987730  -0.0788067987   0.0127166968  -0.0471254389  -0.1711791215
54  8  -0.1761894182   0.0828567687  -0.1041792781   0.1074706677   0.0813533224
54  9   0.2036842395   0.3136630685   0.1250775690   0.2038538080  -0.0998397581
54 10   0.0073013085   0.1521429277   0.0136251912  -0.1732971468   0.2318921575
54 11  -0.0679601442  -0.2051224869   0.0360139077   0.0336765713   0.5900665388
54 12   0.1606612466  -0.0211082368   0.0214649934  -0.0240077135  -0.0169047753
54 13  -0.0398420507   0.0021329923   0.0202957359   0.0053511954  -0.0162616713
54 14   0.0756194571  -0.0440595067  -0.2368547206   0.0012659442   0.0243335593
54 15   0.0000389545   0.0001020561
55  1   0.2182539779  -0.0159874455   0.1362454056   0.0169116630   0.0178177931
55  2  -0.0697545434  -0.0164949130   0.0765006251  -0.2452554309  -0.1527557640
55  3  -0.2847005239   0.1884169038   0.0764740063  -0.0643338769  -0.2740241219
55  4   0.0548301751  -0.1540442973   0.1245321600  -0.0738942462   0.1216206147
55  5  -0.1160632540  -0.1024807159   0.1312000450  -0.3676587793   0.2410700731
55  6  -0.2347419365  -0.0418564251  -0.0117566772  -0.0905827811   0.0737220514
55  7  -0.0262587568  -0.2798171853   0.0120870550  -0.0134647048  -0.1923608583
55  8   0.1630013570  -0.0754334100  -0.0078617671   0.0042463183   0.0537237979
55  9  -0.0331847987  -0.0947187072  -0.2383146374   0.3107737469   0.1618023204
55 10  -0.0179506245  -0.0669513145  -0.0854406983   0.0323354749  -0.0504523142
55 11  -0.2809269420  -0.0906459959   0.0394463230  -0.0637608551  -0.0875059084
55 12   0.3591312353  -0.0472127301  -0.3320235572  -0.0014018520  -0.0033108956
55 13  -0.0204391776  -0.0054957062  -0.0225812216   0.1148275648   0.0027235978
55 14  -0.0191097792  -0.2629998631   0.0204733160   0.0031910324  -0.2539191686
55 15  -0.0001252235  -0.0000681894
56  1  -0.0878909832  -0.1556391373   0.2149406232   0.1217344867  -0.0145059669
56  2   0.1581600470  -0.1055093730  -0.2115351125   0.1683974958   0.0061889138
56  3   0.1115489483  -0.1435770005  -0.0088661042   0.0798196417   0.0688360239
56  4  -0.0252925289   0.1892027017  -0.0473106954   0.1043729729  -0.2673898051
56  5  -0.0812408177   0.0551158085  -0.1389632816   0.1785128101  -0.1213400586
56  6  -0.2575021959  -0.0130024443  -0.0709145534  -0.2130695490   0.1251486089
56  7   0.0655440627  -0.1419662596  -0.0278354842  -0.0396140682   0.2192189017
56  8   0.0398744814  -0.1479055964  -0.0809202353  -0.0935540849  -0.3897468960
56  9   0.0567952661  -0.0380698316  -0.2703785554   0.4453425921   0.2716051593
56 10  -0.0260855453  -0.1320406598  -0.1449668045   0.0520851560  -0.0950653455
56 11  -0.3005641541  -0.1329721968  -0.0275808254   0.0698728844   0.1011142427
56 12  -0.3326112154   0.0136844058   0.3038350660  -0.0001867692  -0.0005490949
56 13  -0.0052721125  -0.0019163749  -0.0082166786   0.0232913278   0.0008694219
56 14  -0.0064991124  -0.0803297124   0.0059250612   0.0009998903  -0.0755668788
56 15   0.0001994579  -0.0000055064
57  1   0.0724135831   0.0941393896   0.1910512115  -0.1631304122  -0.0252469760
57  2   0.0152475503  -0.0224892087  -0.0224869144   0.0255680428  -0.0920725207
57  3   0.0329976262  -0.0497958117   0.0519300269   0.0653599831  -0.0865823027
57  4   0.0006249893   0.1535819588   0.0512020065   0.0658914496  -0.0766099670
57  5   0.0251274624   0.0157347018   0.0024516482  -0.1910293338   0.1270562508
57  6  -0.0767329464  -0.0204478437   0.0016822066   0.0320520307   0.1274869498
57  7  -0.0133137583  -0.2334088978   0.0019712929  -0.0134822359  -0.1656178400
57  8   0.1530414196  -0.0699048328  -0.0162596582   0.0131248440   0.0896076308
57  9  -0.0358647261  -0.0657260601  -0.1491646149   0.1808531062   0.0578521899
57 10  -0.0111652550  -0.0502282210  -0.0579730633   0.0218825512  -0.0359027212
57 11  -0.1513417421  -0.0520576135   0.0104565325  -0.0131013407  -0.0150771170
57 12   0.0820886182  -0.0132840877  -0.0766436945   0.0030556729   0.0068745122
57 13   0.0465942502   0.0131439179   0.0527380690  -0.2341502702  -0.0054136155
57 14   0.0436644049   0.6294827112  -0.0476306314  -0.0079867985   0.6160809308
57 15  -0.0003464681   0.0000713874
58  1   0.1954239634   0.0165065500   0.0556158340   0.0627993130   0.0367941143
58  2  -0.0273346235  -0.1176782164   0.0334945148  -0.1096021725   0.0264622963
58  3  -0.0915755059   0.1767124558   0.0929151094  -0.0267083274  -0.2625565078
58  4   0.0410570617  -0.0423755002   0.0782969412  -0.0371550514   0.1049699576
58  5  -0.0725370297  -0.0806121213   0.0983312566   0.0811498187  -0.0623344299
58  6   0.0379600099   0.0116172420   0.0070952719  -0.0087687836   0.2028510860
58  7   0.0308174873  -0.1771078002   0.0120687839  -0.0064042837  -0.0089790331
58  8  -0.0746306021   0.0634079635   0.0198499895   0.0383525890   0.1554423169
58  9   0.0075940121   0.0660829824   0.2054019384  -0.2136957642   0.2178867201
58 10  -0.0227408554  -0.1458375617  -0.1607884816   0.0230861278  -0.0549588644
58 11  -0.2342285788  -0.0754735265   0.0023115842   0.0262470686   0.0359234761
58 12  -0.0852249754  -0.0088473137   0.0826089353  -0.0000984045   0.0142980122
58 13   0.0489254214  -0.0007490392  -0.0619635723  -0.7915636703  -0.0190615456
58 14   0.0677928170  -0.0841077506  -0.0078230534   0.0046582856  -0.2034847987
58 15  -0.0011928883   0.0002233904
59  1  -0.0798509366  -0.0282013688   0.1548713050   0.1302070273  -0.0154970716
59  2   0.0642724575  -0.1518234276  -0.1347851454   0.1046097652   0.0212006299
59  3  -0.0333486594   0.0245424451  -0.0686092322  -0.0112833835  -0.1343534526
59  4   0.0170859926   0.0119899596   0.0353711463  -0.0205378308   0.1253921778
59  5  -0.1376559721  -0.1560740687   0.2194318845  -0.0036637597  -0.0242414497
59  6  -0.0574611384   0.0105359513  -0.0042375403  -0.2058460503  -0.0161786036
59  7   0.0065500453  -0.0939063507   0.0467786354   0.0226025220  -0.1368405636
59  8  -0.1132407935   0.1365414896   0.1122334412   0.0970575820   0.4389890807
59  9  -0.0424632779   0.0505635265   0.2582165798  -0.2920615859   0.3097340502
59 10  -0.0342174012  -0.2351547600  -0.2432569258   0.0447609486  -0.0949307560
59 11  -0.3284508851  -0.0966434992  -0.0008926481   0.0418742468   0.0534698412
59 12  -0.1611960294  -0.0112277605   0.1518399590   0.0024517310  -0.0076417616
59 13  -0.0307002988   0.0003546225   0.0411370538   0.5159382047   0.0123092134
59 14  -0.0442776154   0.0575209227   0.0047007960  -0.0035114789   0.1300978902
59 15   0.0026516458  -0.0001114297
60  1   0.0409104826   0.0767651271   0.1194188701  -0.1108445288  -0.0016112514
60  2   0.1091482233  -0.1269605624  -0.1117298394   0.2204051978   0.1105414074
60  3   0.3274450909  -0.1416877482   0.0863960416   0.1368188346   0.0145102079
60  4  -0.0311335031   0.3377455653  -0.0553745020   0.1575316318  -0.2693432941
60  5   0.0810250107   0.1287193651  -0.1962221953   0.4345869326  -0.2764204167
60  6   0.1626209309   0.0319335801  -0.0019578101   0.0648381044   0.3093599557
60  7   0.0721838300  -0.1405453375  -0.0163693818  -0.0327988007   0.2017977670
60  8  -0.1430198711   0.0187198107   0.0246304362  -0.0274365861  -0.1531657275
60  9   0.0396983490   0.0675353555   0.1388954911  -0.1199368613   0.1697350318
60 10  -0.0173130884  -0.0668807997  -0.0975599876  -0.0017098861  -0.0064508750
60 11  -0.2023360462  -0.0576021955   0.0507513758  -0.0776419099  -0.1126085451
60 12   0.4609319057  -0.0524029336  -0.4449232650  -0.0010843952  -0.0017277662
60 13  -0.0046159574   0.0001684837   0.0047982389   0.0813905037   0.0021985648
60 14  -0.0075371871  -0.0002397866   0.0013935059  -0.0008019527   0.0088150721
60 15   0.0015146862  -0.0001228914
61  1   0.1512051802  -0.0107919205   0.0237837294   0.0779922207   0.0993295045
61  2   0.0028433795  -0.0856720773   0.0299629069  -0.0360455322   0.1871351121
61  3   0.1161170950   0.1690821372   0.1708509453   0.0210613133  -0.1995434848
61  4   0.0192632093   0.0415347554   0.0299664263  -0.0038461060   0.0342135627
61  5   0.0614400838   0.0235960893  -0.0237332713   0.1041212066  -0.0652397228
61  6   0.0609578657   0.0102537636   0.0022515052   0.0059089360  -0.0758900671
61  7   0.0198655393   0.2521318932  -0.0020389627   0.0189660316   0.1338867843
61  8  -0.1224259856   0.1012609354  -0.0343476222   0.0651114973   0.2756263478
61  9  -0.0535505197  -0.0705868327  -0.1498249882   0.1780816535   0.0404189300
61 10  -0.0166071300  -0.0790623442  -0.1378169915  -0.0784346846   0.1024851362
61 11   0.1797623900   0.0622379299  -0.0004147541  -0.0098348489  -0.0061249973
61 12   0.0303518589   0.0755147586   0.0214845265  -0.0082254716  -0.0106306787
61 13  -0.0641333938  -0.0260079655  -0.1537344720   0.0865503958   0.0056418075
61 14  -0.0314864119   0.5990509213  -0.1804531276   0.0081063957  -0.5783481417
61 15   0.0141693850  -0.0000072542
62  1  -0.1749781620  -0.1265425118   0.2187632191   0.0634341201   0.1646493449
62  2  -0.0137867464   0.2157861087   0.0226766592  -0.0115379002   0.0907876158
62  3   0.0789182193   0.1155314176   0.1476719302   0.0231439385  -0.1002521611
62  4   0.0067236119  -0.0153875583   0.0288818470  -0.0366303777   0.0891945925
62  5   0.1601955061   0.0610856063  -0.0403823590  -0.0233932969   0.0234959418
62  6   0.0134119336  -0.0091862949   0.0052226213   0.0562341411   0.3183485868
62  7   0.1504804926   0.4382398974  -0.0128184232   0.0173569634   0.3350410271
62  8  -0.2555442640   0.1679484372  -0.0399685855   0.0757690580   0.3025902944
62  9  -0.0434515704  -0.0677007291  -0.1523531040   0.1886828888  -0.0141528681
62 10  -0.0577465305  -0.2749343451  -0.4158562379  -0.1759265811   0.2156278745
62 11   0.3060812532   0.1069830699   0.0063024635  -0.0227386473  -0.0225257316
62 12   0.1044349947   0.2410102536   0.0632622625   0.0040497738   0.0053525565
62 13   0.0336950492   0.0137422330   0.0802439021  -0.0490556617  -0.0030941585
62 14   0.0173836211  -0.3229997004   0.0969386579  -0.0041471026   0.3066932827
62 15  -0.0059243557  -0.0000015978
63  1   0.1193367686   0.0926925067   0.2844389418  -0.2193589132  -0.0751134129
63  2  -0.0616388214   0.0402176127   0.0309613083  -0.1348317456  -0.4430543728
63  3  -0.3129200409  -0.0681423781  -0.0237132222  -0.0084445177  -0.1496181920
63  4   0.0313434540  -0.0145398592   0.1012479911   0.0060113372  -0.0259431512
63  5  -0.0160979066   0.0078382416  -0.0419356352   0.4436153308  -0.2896437243
63  6   0.2196930186   0.0502610530   0.0088295017   0.0120613712  -0.2986138023
63  7  -0.0369166601   0.1828236397   0.0107297327   0.0276139173  -0.1211571091
63  8   0.0559045216   0.0251148547  -0.0520459627   0.0629298001   0.2780305538
63  9  -0.0727117884  -0.0797024074  -0.1505622450   0.1707921565   0.0815583051
63 10   0.0004526576   0.0041936541  -0.0094403572  -0.0391800698   0.0563438635
63 11   0.1642981838   0.0324608691  -0.0256761085   0.0285349546   0.0543793232
63 12  -0.2211419512  -0.5714650670  -0.2020407114   0.0024925619   0.0030628676
63 13   0.0181155631   0.0070574663   0.0429376328  -0.0150660727  -0.0009057993
63 14   0.0050926078  -0.0953793110   0.0285877985  -0.0011169053   0.0896619592
63 15  -0.0038782614   0.0000245782
64  1   0.1210365988   0.0139056149  -0.0576284258   0.1237342975   0.1296173382
64  2   0.0483901336  -0.1813558892  -0.0062227014   0.1082072338   0.3680440067
64  3   0.3405919444   0.1392517731   0.2007579937   0.0776262354  -0.1226817773
64  4  -0.0074793684   0.1740308220   0.0126636796   0.0514886124  -0.0250478669
64  5   0.1164173717   0.0496337994  -0.0115622300  -0.4281303470   0.2809630720
64  6  -0.1935774478  -0.0432116873  -0.0158607298  -0.0169117294  -0.0593295522
64  7   0.0082918343   0.2227349103  -0.0195078113   0.0009162233   0.1971091854
64  8  -0.0218574429  -0.0222582902  -0.0809479065  -0.0405278556  -0.1916162325
64  9   0.0480259320   0.0643054492   0.1252199869  -0.0894567229   0.3329538665
64 10   0.0030556570   0.0104276852  -0.0470741014  -0.0911460921   0.1210259294
64 11   0.2424807283   0.0697548812  -0.0176717932   0.0242392859   0.0597328095
64 12  -0.1752053097  -0.4898358820  -0.1756240443   0.0201514138   0.0224041959
64 13   0.1210171892   0.0445034714   0.2879907914  -0.0027531536  -0.0011551991
64 14   0.0057188074   0.0134739165  -0.0019280116   0.0001027473  -0.0490799984
64 15  -0.0001317876   0.0000103806
65  1  -0.1696789002   0.0048843418   0.1574037790   0.0701448321   0.1696638128
65  2  -0.1156782396   0.0151275600   0.0927837857   0.1085423727  -0.3674591023
65  3  -0.0872219563  -0.0882246849   0.0640431799   0.0335456713  -0.0391037761
65  4   0.0073781001   0.0046826144   0.0843775742  -0.0054225743   0.0201285876
65  5   0.1458196304   0.0689405287  -0.0550611207   0.0994603714  -0.0655091663
65  6   0.0774496353   0.0186204210   0.0060535227   0.0320103331  -0.1813401836
65  7  -0.0100437912   0.2436814637   0.0079305030   0.0270223954  -0.3838794350
65  8   0.4114627363  -0.1842843131  -0.0910180127  -0.0422462867  -0.1509949170
65  9   0.0248493249   0.0437144005   0.0952407395  -0.0271091065   0.6501298692
65 10   0.0325061269   0.1228300467   0.0447745491  -0.1038188993   0.1470413320
65 11   0.2766321084   0.1239784147   0.0157628880  -0.0252214198  -0.0015215264
65 12   0.1535324298   0.3677094397   0.1288250655   0.0101427030   0.0113883042
65 13   0.0621485450   0.0230767107   0.1491938076   0.0013846872  -0.0005033605
65 14   0.0027520823   0.0159044387  -0.0032787205   0.0000981745  -0.0310344595
65 15  -0.0034587397  -0.0000255042
66  1   0.0844151265   0.0847632595   0.2105511766  -0.1703764019  -0.0428335353
66  2   0.0163384706  -0.0142306124  -0.0285702469  -0.0029403587  -0.1235219362
66  3  -0.0159206399  -0.0489136328   0.0370275525   0.0550069941  -0.1000128507
66  4   0.0043916487   0.1410661667   0.0599191879   0.0640810490  -0.0810187856
66  5   0.0407937322   0.0321309796  -0.0253620358  -0.1712570522   0.1144272990
66  6  -0.0888534586  -0.0188586245  -0.0123762819  -0.0346991347  -0.1811398205
66  7  -0.0334180796   0.1347577430  -0.0115964302   0.0028658998   0.1410147416
66  8  -0.0304771427  -0.0059732917  -0.0493727029  -0.0264099270  -0.1245692776
66  9   0.0349248404   0.0473210239   0.0939468067  -0.0747890363   0.1993226606
66 10   0.0027683003   0.0078245053  -0.0288122668  -0.0540268760   0.0718068805
66 11   0.1363440769   0.0470657619  -0.0024395576   0.0025974671   0.0145804549
66 12  -0.0229046877  -0.0720832879  -0.0266025437  -0.0578448283  -0.0642444769
66 13  -0.3476518513  -0.1273139173  -0.8221878185   0.0038655780   0.0031926861
66 14  -0.0167944122  -0.0639753630   0.0126569065  -0.0004788956   0.1735759123
66 15   0.0000166315   0.0001088735
67  1   0.2111129054   0.1105058387  -0.0492677443   0.1262589639  -0.0094825372
67  2   0.0105307423  -0.4708117530  -0.0239696872   0.1566040331  -0.1646617359
67  3  -0.0226025350  -0.0964290735  -0.0377319801  -0.0089325152   0.2426354008
67  4  -0.0215415884  -0.1290811833   0.1592975016  -0.0373019323   0.0409774564
67  5   0.0922621187   0.0427577965  -0.0269793867  -0.0462273475   0.0356232876
67  6  -0.0044457790  -0.0108478836   0.0035977321   0.0573250201   0.3139781058
67  7   0.0998578353   0.0959188906  -0.0092020403  -0.0044921172   0.2152840744
67  8  -0.1835828801   0.0909773756  -0.0040574038   0.0427600794   0.1666393405
67  9  -0.0346882444  -0.0220311377  -0.0307897150   0.0404280532   0.1427943849
67 10   0.0339183281   0.1701274569   0.2164825508   0.0510241229  -0.0512634759
67 11  -0.0259001604  -0.0025234639  -0.0005964924   0.0009020467   0.0003924270
67 12  -0.0041745440   0.0066415191   0.0156519828   0.0000357012   0.0002625295
67 13   0.0002929537   0.0002834053   0.0017492567  -0.0013797324  -0.0001667833
67 14   0.0004620786  -0.0123308486   0.0032535447  -0.0004268753   0.0132257531
67 15   0.8439134299   0.0027608532
68  1  -0.1378886570  -0.0463159101   0.1746307892   0.0904631037   0.0994162171
68  2  -0.0186818963  -0.0230354022  -0.0040594395   0.1045654176  -0.1585111379
68  3  -0.0224103045  -0.0552614769   0.0191936021   0.0057981370   0.1500604351
68  4  -0.0182389362  -0.1098605290   0.0880733967  -0.0557746301   0.0932558501
68  5   0.1883099368   0.0790725784  -0.0510843755  -0.0655353753   0.0512321645
68  6  -0.0002560047  -0.0166422828   0.0063605177   0.0938404326   0.4582258960
68  7   0.1135555339  -0.0388831081  -0.0184609324  -0.0214236023   0.3882539590
68  8  -0.3510347917   0.1609387481   0.0040271200   0.0768131586   0.3050097387
68  9  -0.0668407668  -0.0372442649  -0.0486162551   0.0657582379   0.2860283185
68 10   0.0714131975   0.3511747811   0.4479697074   0.1096337566  -0.1105607091
68 11  -0.0655269783  -0.0109616301  -0.0018294689   0.0025129743   0.0027444716
68 12  -0.0150492360   0.0019359882   0.0288154424  -0.0001518879  -0.0003920980
68 13  -0.0025609515  -0.0010653921  -0.0029911129   0.0069610337   0.0000282242
68 14  -0.0009092546   0.0022696975  -0.0003794437   0.0001184481   0.0016020858
68 15  -0.5202401946  -0.0016198727
69  1   0.1287074207  -0.0325338595   0.2422460235  -0.1315989340  -0.1521072680
69  2   0.2109484222  -0.0494480680  -0.1434864867   0.0118396351   0.3461118668
69  3   0.0930598770   0.0205706927   0.0008117134   0.0075702485   0.5434665706
69  4  -0.0273268825  -0.2568433900   0.9419232547   0.0273456655  -0.1101110463
69  5  -0.1160902694  -0.0202961480   0.0070532342   0.0573948402  -0.0307706579
69  6   0.0248914032   0.0013448538  -0.0028295619   0.0050842884  -0.0814983752
69  7  -0.0210348961  -0.0123706348   0.0070168722   0.0046845395  -0.0777827952
69  8   0.0827180197  -0.0372128358  -0.0195144194  -0.0119283416  -0.0644829103
69  9   0.0148218153   0.0081780812   0.0100189076  -0.0126998402  -0.0552243583
69 10  -0.0159334529  -0.0609183245  -0.0763069339  -0.0209329864   0.0178368187
69 11   0.0150487425   0.0029559247   0.0005607029  -0.0000941628  -0.0036323821
69 12   0.0077067877   0.0053007179  -0.0054543097  -0.0002347526  -0.0002290454
69 13  -0.0017072434  -0.0003345191  -0.0016811683   0.0037471244   0.0000859966
69 14  -0.0002613808   0.0019448664  -0.0004572399  -0.0001776187  -0.0019419821
69 15  -0.1139393777  -0.0003972566
70  1   0.1739777446   0.1163779024  -0.1156811496   0.1625338977   0.0348073995
70  2   0.0524644183   0.2585419903  -0.2898513909  -0.0452882178  -0.1780266255
70  3   0.1922319004   0.2778693866  -0.2121351127  -0.1204839686  -0.0733666171
70  4  -0.3111517662   0.0276674234   0.0287776150  -0.0348114386   0.0330587654
70  5  -0.1089675941   0.1600630425   0.0529802409   0.0344702354   0.0717402481
70  6   0.0037439425  -0.0092544806  -0.1976548151   0.0865116877  -0.0426076165
70  7   0.1166644234  -0.0583672429   0.5301478417   0.0801600232   0.0976021598
70  8   0.1482120390   0.0438825600   0.0691482640   0.4231320179  -0.1009481789
70  9   0.0125826573  -0.0937347618   0.0407072141   0.0068189258   0.0053271716
70 10  -0.5234112589   0.0528502677   0.0558903920  -0.2017984717  -0.1300795416
70 11  -0.0102221049   0.0299843906  -0.0383487734   0.0371989823  -0.0035230241
70 12   0.0078370651   0.0012087084   0.0046013045   0.0008287416  -0.0006909479
70 13  -0.0003191282   0.0020135891   0.0001770035   0.0000541075   0.0004359759
70 14   0.0003856527   0.0001358968   0.0002244383   0.0132388243   0.0001357685
70 15   0.0011175272  -0.3778581130
71  1  -0.0633141249   0.2104167131   0.0421034511   0.1470754047  -0.0203432499
71  2  -0.1090162168   0.0161536470  -0.1518609104  -0.0950923361   0.0691116677
71  3  -0.0540931727  -0.1724828199   0.2322959220  -0.0303083556   0.2781357181
71  4   0.8565500873   0.2942945401  -0.0206878060  -0.3156543564  -0.0835786185
71  5   0.0669673223  -0.0529190931   0.0180374698   0.0045347007   0.0120509369
71  6  -0.0058855880   0.0156354271  -0.0698550611   0.0452801898  -0.0229274187
71  7   0.0700611944  -0.0278422688   0.2703244304   0.0467085696   0.0567668313
71  8   0.0812703136   0.0175607468   0.0508821054   0.2108082618  -0.0491171199
71  9   0.0002681619  -0.0484481696   0.0249320034   0.0070764742   0.0033500182
71 10  -0.2673825355   0.0268534529   0.0313681001  -0.0939061006  -0.0571293360
71 11  -0.0043559831   0.0091028226  -0.0316989264   0.0135312127   0.0012078840
71 12   0.0022471153   0.0016059929  -0.0010363870   0.0013497045  -0.0036874555
71 13   0.0001831441   0.0056119059  -0.0009887664   0.0000813632  -0.0012673565
71 14  -0.0007166038   0.0000443632  -0.0001451835   0.0026079104   0.0002442663
71 15  -0.0008387219   0.2087379328
72  1   0.0000000000   0.0000000000   0.0000000000   0.0000000000   0.0000000000
72  2   0.3560093096   0.0166376788   0.2780247994   0.0596673365  -0.0271675197
72  3  -0.0118076275   0.0546892484  -0.0536135469  -0.0506608358  -0.0981070222
72  4  -0.3223111196  -0.0598658630   0.0034212016   0.0810058020   0.0435585863
72  5  -0.0484351537   0.0551777177   0.0060857536   0.0192993756   0.0419430938
72  6  -0.0059539832   0.0484080660  -0.0251467319   0.0170687831  -0.0081775089
72  7   0.0134933451  -0.0090046205   0.1661704252  -0.0692017239   0.0294717725
72  8   0.0522501166   0.0320073045   0.0203462518   0.1410062203  -0.0342224798
72  9   0.0043622155  -0.0338387461   0.0148079256   0.0027450394   0.0021621934
72 10  -0.2148724323   0.0218504554   0.0223376024  -0.0913681261  -0.0610153302
72 11  -0.0030002093   0.0123390778  -0.0123184978   0.0230333836  -0.0026963817
72 12   0.0046740611   0.0001081338   0.0022271369   0.0011421398  -0.0033246826
72 13   0.0007736536   0.0018762687  -0.0001928634   0.0001730907  -0.0009385567
72 14  -0.0001414812   0.0000255365  -0.0000030890  -0.0136563427  -0.0003240394
72 15  -0.0028715858   0.8996985264
$end
