$dipgrad          cartesian dipole gradients
  0.17419427694899D-01  0.50557720016222D-01  0.41053705157985D-01
  0.38098942153256D-01  0.88223658454772D-01  0.51711854687017D-01
  0.53259750608995D-01  0.72951569510811D-01  0.91188287046992D-01
  0.14519302624530D+00  0.10768668956304D-01  -.55568900345330D-02
  0.20066980653935D-01  0.12453170601878D+00  0.57742992181720D-02
  0.30988378691797D-01  -.52491404879233D-01  0.10491354653637D+00
  0.67884408902508D-01  -.20093402014138D-01  0.47409449991024D-01
  -.81240836202959D-01  -.18020231271229D+00  0.43945254455202D-01
  0.33293175380728D-01  0.80071654094668D-02  0.11166222630417D+00
  0.86944153796930D+00  0.14678737035966D+00  -.70551183641263D+00
  0.15956684952332D+00  0.11698305994019D+01  0.22630324910308D+00
  -.79722266449872D+00  0.17668058078800D+00  0.12566771059932D+01
  -.57070968809677D+00  -.94078410298548D-01  0.17564268883771D+00
  0.69378662978090D-01  -.94202076518905D+00  -.34259223126686D+00
  0.22385536603005D+00  -.13549343719479D+00  -.71311276738855D+00
  -.79746634112114D+00  0.10802545203492D-01  0.51550398085797D+00
  -.13023694637068D+00  -.33601216940262D+00  0.95730178241271D-01
  0.54029224047598D+00  0.22736317544259D-02  -.10139446686075D+01
  -.25529434406716D-01  0.97017884882221D-01  -.14595478719976D-01
  0.74340339565703D-01  0.95698739245380D-01  0.19365607926454D-01
  -.60541757346283D-01  0.20970950137707D-01  0.11664274643378D+00
  0.37856111168970D+00  -.12530762878899D-02  0.45285731511422D-01
  -.78309504744747D-01  0.82036198932693D+00  -.26198433070737D-01
  0.11081318359488D+00  -.75120718209915D-01  0.32623763185672D+00
  -.52635083460556D+00  0.16295163032787D-01  -.11732009796937D+00
  0.10101068920520D+00  -.93871907332575D+00  0.83120020043861D-01
  -.18483754455533D+00  0.14672206387571D+00  -.37202784989795D+00
  0.57496877812763D-01  -.11893120589791D-01  -.84076968530614D-03
  -.30561898002031D-02  -.11699216805595D+00  0.68054338749091D-01
  0.62257652135981D-02  0.47418202093973D-01  0.77891386581068D-02
  -.26479689350541D-01  -.16134819191254D-01  -.55803939586061D-01
  -.26763986500605D-01  0.81926144029980D-02  -.89585940216600D-01
  -.50916233985827D-01  -.64617245746169D-01  -.12467598127632D+00
  -.11762136128005D-01  -.48889757923292D-01  0.42228810775268D-01
  -.11873294966698D-01  -.13804298738401D+00  0.74244540455255D-01
  0.27157682174948D-01  0.56825215740599D-01  0.31929767161426D-01
  -.97593901777656D-02  -.35861146477352D-02  -.33559637063074D-01
  0.22078937018030D-02  0.34004001240308D-01  -.88934831201151D-01
  -.48253128180803D-01  -.39083040333685D-01  -.66316808154395D-01
  0.33036286044798D-01  -.71736826271802D-01  -.45483558747995D-01
  -.32484577656205D-01  0.47552266733253D-01  -.21036582309056D-01
  -.19895206409987D-02  -.38122899577729D-01  -.66962284465260D-01
  -.93509343528470D-01  0.51434701878869D-01  0.17714073345886D-01
  0.49732227087807D-01  0.16923346321693D-01  0.16241204844289D-01
  0.13343318487663D-01  0.49283776949300D-01  0.61299015411195D-01
  0.33443284601778D+00  0.23346364939874D-02  -.92165226311129D-02
  -.21900619778129D-01  0.18324733249327D+00  -.30060104107253D-01
  -.21042088000022D-01  -.58163065613770D-01  0.31575312586477D+00
  0.76176210567295D-02  -.12628961370294D-01  0.23711785554312D-01
  -.34316209235268D-01  -.16535789786056D+00  0.78092881070101D-01
  0.35715765502762D-01  0.27197859911061D-01  0.29929228803983D-01
  -.23499092862198D-01  -.14530397759099D-01  -.63552587985239D-01
  -.28107112666398D-01  0.25488498973367D-01  -.74876262692027D-01
  -.29677744462683D-01  -.51460486626209D-01  -.92630829714473D-01
  -.12361092759294D-01  -.25823426319394D-01  -.56473880384782D-01
  -.40278159899975D-01  -.91235333986361D-01  -.62319751932611D-01
  -.12203763051863D+00  -.99702886555428D-01  -.12899969310472D+00
  -.88231722445313D-01  -.10898623741923D-01  0.94434888499085D-01
  0.21486563210435D-01  0.52452136919441D-02  0.11349449401219D-01
  0.12156303027470D+00  0.39246802926417D-01  -.51236780865209D-01
  0.27457562205008D+00  -.54451754408413D-01  0.10493008468958D+00
  -.47321710257496D-01  0.28928274161435D+00  -.38328741398736D-01
  0.12001065575358D+00  -.33322634360514D-01  0.17588584340592D+00
$end
