$hessian (projected)
 1  1   0.4607398425   0.0389004927   0.0256866821  -0.1457285223   0.0378304038
 1  2  -0.0257763711  -0.0241220364   0.0105027126  -0.0024482079  -0.0003933183
 1  3  -0.0001801004  -0.0007236807  -0.0010486808   0.0001072676  -0.0001318926
 1  4   0.0004986047   0.0003652722  -0.0000517388  -0.1181510564  -0.0063446637
 1  5   0.0479462552  -0.0273896958   0.0018750285   0.0223579572   0.0006961678
 1  6  -0.0026407515   0.0006264600  -0.0558826439  -0.0455496711   0.0099811936
 1  7  -0.0790909387  -0.0421658366  -0.0716064678   0.0027919731  -0.0009640930
 1  8   0.0005033078  -0.0137788400   0.0068969307  -0.0051583876   0.0021452378
 1  9  -0.0003331539  -0.0017106813  -0.0017126741  -0.0007017349   0.0016994945
 1 10   0.0001013605  -0.0000183041  -0.0000243494  -0.0064386142  -0.0004674461
 1 11   0.0067203701   0.0069968870   0.0009839072  -0.0075734240   0.0019114231
 1 12  -0.0005971337   0.0009966601  -0.0034108149   0.0027832107  -0.0011350127
 1 13   0.0012663395  -0.0002823369  -0.0001781668
 2  1   0.0389004927   0.5648092912   0.0108455004   0.0362819027  -0.0987298000
 2  2   0.0145796243   0.0010910789  -0.0005099667  -0.0032468952  -0.0018994386
 2  3   0.0038076971   0.0011371556   0.0018652830  -0.0016970958   0.0000555010
 2  4   0.0000250179  -0.0007856224  -0.0004228118  -0.0031028609  -0.0807755538
 2  5   0.0046469674   0.0107071586   0.0021934138  -0.0131476647  -0.0014169408
 2  6   0.0002548108  -0.0001897890  -0.0489760530  -0.2763568405   0.0528375498
 2  7  -0.0415338063  -0.1021213002  -0.0892188137   0.0295213680  -0.0156999774
 2  8   0.0105445875  -0.0130044159   0.0072296573  -0.0037270439   0.0003625622
 2  9  -0.0000806054   0.0004143256  -0.0009732007   0.0006885777   0.0004920160
 2 10  -0.0001484149   0.0000052498   0.0001388223  -0.0223696226  -0.0014615952
 2 11   0.0249123661   0.0111849838   0.0007431297  -0.0115970687  -0.0013581654
 2 12   0.0000926597   0.0000261394   0.0030758250  -0.0009313506   0.0003888859
 2 13   0.0017672466  -0.0006747791   0.0005306459
 3  1   0.0256866821   0.0108455004   0.5213402182  -0.0275336952   0.0146497961
 3  2  -0.0886729705   0.0220996068  -0.0125005084   0.0074592250  -0.0001673936
 3  3  -0.0030946180   0.0004169792  -0.0001558457   0.0011053899   0.0006909973
 3  4   0.0001093124   0.0008154667  -0.0004155510   0.0458532173   0.0071205880
 3  5  -0.1380403809  -0.0020104019  -0.0059051842   0.0094768450   0.0004356410
 3  6   0.0016319455  -0.0001620890   0.0115156682   0.0545879316  -0.0635225033
 3  7  -0.0713291567  -0.0900639296  -0.2053768412  -0.0071553569   0.0038265415
 3  8  -0.0030229779  -0.0236351163   0.0127756865  -0.0083579158   0.0009007954
 3  9  -0.0003338599   0.0011035345   0.0050905380   0.0001160399  -0.0038706757
 3 10  -0.0000382449   0.0000317465  -0.0000621679   0.0062240321   0.0005994589
 3 11  -0.0076003104   0.0197177112   0.0016988612  -0.0223773410  -0.0015386576
 3 12   0.0004105162   0.0008356370  -0.0040114666   0.0017191859  -0.0000844309
 3 13  -0.0000578692  -0.0000365548   0.0002427193
 4  1  -0.1457285223   0.0362819027  -0.0275336952   0.4649882214   0.0412911550
 4  2   0.0248370378  -0.1260383225   0.0011919137   0.0515480132  -0.0116447879
 4  3  -0.0058415903   0.0098699814   0.0001509190   0.0032994990  -0.0002059343
 4  4   0.0006794401  -0.0006179024  -0.0001329651  -0.0261443280   0.0109717317
 4  5  -0.0023673155  -0.0013847680  -0.0016820441   0.0029116823   0.0007893361
 4  6   0.0002561469  -0.0004987730   0.0035507780  -0.0010091253   0.0010347189
 4  7  -0.0139279306   0.0071546163  -0.0044878105  -0.0551264388  -0.0460530632
 4  8   0.0112163736  -0.0838367468  -0.0461250031  -0.0760678830   0.0088993326
 4  9   0.0006780270  -0.0078463848  -0.0175430260  -0.0013820975   0.0202152124
 4 10   0.0004941003   0.0003853644   0.0004429630   0.0013037394   0.0004356236
 4 11  -0.0012713177   0.0017026525  -0.0002551856  -0.0014384668  -0.0000143052
 4 12   0.0000807827   0.0000803649  -0.0006234149   0.0004043159  -0.0002501640
 4 13  -0.0005459286   0.0005349325  -0.0000556378
 5  1   0.0378304038  -0.0987298000   0.0146497961   0.0412911550   0.5695830595
 5  2   0.0147521251  -0.0000292371  -0.0808576217  -0.0042384006  -0.0214288549
 5  3   0.0031426698   0.0245758092   0.0011195032   0.0008840103   0.0005733126
 5  4  -0.0038960141  -0.0065034430   0.0024214118   0.0004129162   0.0000795241
 5  5  -0.0027920191  -0.0015879802  -0.0013628071   0.0013214297   0.0009192826
 5  6   0.0005723552  -0.0003047709   0.0302275737  -0.0166675625   0.0099405788
 5  7  -0.0131410969   0.0065123448  -0.0041844624  -0.0444711752  -0.2740519581
 5  8   0.0594743875  -0.0455640443  -0.1044050920  -0.0945140224   0.0099115398
 5  9   0.0002649024  -0.0091144965   0.0120225461   0.0003117640  -0.0150682884
 5 10  -0.0012584858  -0.0003455090   0.0016391407  -0.0017018839   0.0005507360
 5 11   0.0004246587   0.0001839130   0.0000607534   0.0002570634   0.0002549774
 5 12   0.0000938304   0.0001838843  -0.0004265190   0.0004468905   0.0001741328
 5 13  -0.0006685192   0.0004209529  -0.0001712703
 6  1  -0.0257763711   0.0145796243  -0.0886729705   0.0248370378   0.0147521251
 6  2   0.5295931410   0.0507008508  -0.0030575560  -0.1372647378   0.0070469673
 6  3   0.0119320518  -0.0076244134  -0.0008544140  -0.0038585712  -0.0019538933
 6  4   0.0000220411  -0.0011416031   0.0016439876   0.0228945670  -0.0124522137
 6  5   0.0082616858   0.0027963993   0.0016841484  -0.0056998945  -0.0003172830
 6  6  -0.0005265059   0.0004025540  -0.0075303774   0.0040519918  -0.0027203701
 6  7  -0.0239666083   0.0127688645  -0.0086717090   0.0113654799   0.0606613322
 6  8  -0.0651426748  -0.0775707785  -0.0976389710  -0.2104401223   0.0198843955
 6  9   0.0004479910  -0.0205237312  -0.0061537078  -0.0005499463   0.0066130055
 6 10   0.0003056128  -0.0003881593   0.0004524010  -0.0000663593  -0.0003078227
 6 11   0.0006076342   0.0006458376  -0.0002856622   0.0004820290   0.0001691075
 6 12   0.0002282792   0.0004007161   0.0016956578  -0.0007565331   0.0004361117
 6 13  -0.0001280549  -0.0001428637  -0.0001787490
 7  1  -0.0241220364   0.0010910789   0.0220996068  -0.1260383225  -0.0000292371
 7  2   0.0507008508   0.5174064145  -0.0222524417   0.0242886539  -0.1075415930
 7  3  -0.0331070301   0.0055787936   0.0208654731   0.0005506396   0.0070775376
 7  4  -0.0081847243  -0.0264553435   0.0163669706  -0.0036019117   0.0029691815
 7  5  -0.0029329736  -0.0004387228  -0.0005583199   0.0017667183   0.0001332760
 7  6   0.0002424877  -0.0000974153   0.0016390134  -0.0005392351   0.0000296877
 7  7   0.0015754990  -0.0005989582   0.0009654217  -0.0068858183   0.0008272503
 7  8   0.0072693064   0.0083302867   0.0007964298  -0.0072244076  -0.0828060198
 7  9  -0.0400889868  -0.0812715291  -0.1903078445   0.1179922456  -0.0494050198
 7 10   0.0003064748  -0.0011509320   0.0049325178   0.0001283921  -0.0001214546
 7 11  -0.0002201050  -0.0000004338   0.0002124505   0.0002713088   0.0000433668
 7 12  -0.0000664782  -0.0000583961  -0.0004899050   0.0002499061  -0.0001368646
 7 13  -0.0000108645   0.0000367471  -0.0000006628
 8  1   0.0105027126  -0.0005099667  -0.0125005084   0.0011919137  -0.0808576217
 8  2  -0.0030575560  -0.0222524417   0.4860351626   0.0220430103  -0.0382589952
 8  3  -0.1494911623   0.0260037774  -0.0099596892  -0.0413480415  -0.0101469384
 8  4  -0.0078983471  -0.0026724115   0.0059473724   0.0018164537  -0.0014799674
 8  5   0.0012828747   0.0007456294   0.0005444184  -0.0006427994  -0.0001774680
 8  6   0.0002590899  -0.0000451822  -0.0004950807   0.0004585210  -0.0007087712
 8  7  -0.0009032309   0.0004868819   0.0001244411  -0.0220580341   0.0010258659
 8  8   0.0242616801   0.0114254603   0.0001878464  -0.0108655953  -0.0399915601
 8  9  -0.0796495265  -0.0809822629   0.1143395842  -0.1364399321   0.0419629540
 8 10   0.0014425108   0.0032269413  -0.0028423126   0.0003521718   0.0004614815
 8 11  -0.0002029824  -0.0000795868  -0.0000096637   0.0002591152   0.0000231101
 8 12  -0.0000008720   0.0000349505   0.0002533013  -0.0001589659   0.0000630519
 8 13  -0.0000184141  -0.0000680775   0.0000116813
 9  1  -0.0024482079  -0.0032468952   0.0074592250   0.0515480132  -0.0042384006
 9  2  -0.1372647378   0.0242886539   0.0220430103   0.5383163344   0.0038110055
 9  3   0.0201873187  -0.0898193393   0.0018989562  -0.0275375260   0.0134519555
 9  4   0.0229165953   0.0291492966  -0.0098039210  -0.0022333620   0.0009855508
 9  5  -0.0013801658  -0.0005618875  -0.0000708266   0.0010985052  -0.0000869689
 9  6   0.0002321023   0.0000192774   0.0000755771   0.0002550316   0.0003033769
 9  7  -0.0014619199   0.0003465034   0.0008309150   0.0057214088  -0.0010708549
 9  8  -0.0076026875   0.0204947351   0.0002459751  -0.0222381214  -0.0799938981
 9  9  -0.0802812115  -0.2302093301  -0.0488207598   0.0425905056  -0.0599787097
 9 10   0.0048558525   0.0002174659  -0.0033827808   0.0000304395  -0.0000271111
 9 11  -0.0000943934   0.0000986699   0.0002521527   0.0002605600   0.0001197136
 9 12  -0.0000677827  -0.0000212145  -0.0003525184   0.0001874964  -0.0000192365
 9 13   0.0000999018  -0.0001518008   0.0000744886
10  1  -0.0003933183  -0.0018994386  -0.0001673936  -0.0116447879  -0.0214288549
10  2   0.0070469673  -0.1075415930  -0.0382589952   0.0038110055   0.3641287175
10  3   0.0326982803  -0.1636801610  -0.1014945956   0.0464292132   0.0499221060
10  4  -0.1336886936  -0.0270289543   0.0811462646  -0.0000386634   0.0002367269
10  5   0.0005959524  -0.0003594609   0.0003954225  -0.0003444524   0.0005305857
10  6  -0.0004646999   0.0001629909  -0.0013740389   0.0005314397   0.0002163998
10  7   0.0001073173   0.0001477952   0.0001103385  -0.0015977487   0.0008457387
10  8   0.0022532594   0.0009149953  -0.0001537775  -0.0005010725  -0.0050160017
10  9  -0.0131786615   0.0039093298   0.0118269783   0.0284117956  -0.0062496429
10 10  -0.0144007524  -0.0077207867   0.0222521722   0.0002337971   0.0002346130
10 11  -0.0002679478  -0.0000061614  -0.0000350161  -0.0000461670   0.0000106686
10 12   0.0000027479   0.0000967981   0.0002210718  -0.0001035288  -0.0000577031
10 13  -0.0004183158   0.0003389405  -0.0002090443
11  1  -0.0001801004   0.0038076971  -0.0030946180  -0.0058415903   0.0031426698
11  2   0.0119320518  -0.0331070301  -0.1494911623   0.0201873187   0.0326982803
11  3   0.8657816006   0.2120465997   0.0543885100  -0.5620378192  -0.2729582552
11  4  -0.0119225624  -0.1221021750  -0.0078110483   0.0015023849  -0.0019462100
11  5   0.0010851118   0.0001562847   0.0013690647  -0.0008323243  -0.0002303566
11  6  -0.0013364408   0.0000742264   0.0018400623  -0.0015175423   0.0008340795
11  7  -0.0008202416  -0.0007047355  -0.0000598359   0.0016730413   0.0001047181
11  8  -0.0034999553   0.0004038002   0.0000211614  -0.0035371178  -0.0007578618
11  9  -0.0121068727  -0.0008671451  -0.0053212721  -0.0227810412   0.0014532573
11 10  -0.0346550468  -0.0002857862   0.0448662988  -0.0004908246  -0.0002344772
11 11   0.0003962587   0.0000921903   0.0001616936  -0.0003166575  -0.0000575532
11 12  -0.0001359129  -0.0000349943   0.0002799721  -0.0002295304   0.0000399064
11 13   0.0003499139   0.0005211004   0.0000968429
12  1  -0.0007236807   0.0011371556   0.0004169792   0.0098699814   0.0245758092
12  2  -0.0076244134   0.0055787936   0.0260037774  -0.0898193393  -0.1636801610
12  3   0.2120465997   0.5411982573   0.0537635762  -0.2598613622  -0.2582340407
12  4   0.0880765882   0.0124233606  -0.1776494721   0.0000593258  -0.0004316231
12  5  -0.0004141210   0.0004209146  -0.0001518532   0.0003161436  -0.0006570518
12  6   0.0001660477  -0.0002464755   0.0018030126  -0.0010691566   0.0009388318
12  7  -0.0005562724  -0.0007324095  -0.0002055275   0.0032769231  -0.0014038461
12  8  -0.0034821059   0.0005072543   0.0011284104  -0.0015958513  -0.0132515424
12  9  -0.0313160120   0.0051977131   0.0048880379   0.0092022432  -0.0020183604
12 10   0.0106161113   0.0086201023  -0.0071903003  -0.0003858004  -0.0002445968
12 11   0.0002967153   0.0000808368   0.0000572982  -0.0001701219  -0.0000735230
12 12  -0.0000546377  -0.0001413097  -0.0001805166   0.0000701647   0.0000558582
12 13   0.0005671925  -0.0001654718   0.0003709408
13  1  -0.0010486808   0.0018652830  -0.0001558457   0.0001509190   0.0011195032
13  2  -0.0008544140   0.0208654731  -0.0099596892   0.0018989562  -0.1014945956
13  3   0.0543885100   0.0537635762   0.0779062795  -0.0766777675  -0.0929994388
13  4   0.0056718241   0.0354309695   0.0469277602   0.0001003209  -0.0007649016
13  5  -0.0003703579   0.0003376737  -0.0000479201   0.0001474131  -0.0004063400
13  6   0.0001803392  -0.0001004573  -0.0002178269  -0.0020467210   0.0007195495
13  7  -0.0003301757  -0.0006723348   0.0000250179   0.0000301756  -0.0004748268
13  8  -0.0005683244  -0.0003966000  -0.0002548256  -0.0005050182   0.0004528141
13  9  -0.0000938160  -0.0013667983  -0.0019534317  -0.0057585481   0.0001972666
13 10   0.0003603896   0.0039665441  -0.0072130867  -0.0002932800  -0.0001215864
13 11   0.0003148548   0.0000382729   0.0000786075   0.0000206148  -0.0000141967
13 12  -0.0000129084  -0.0000650356  -0.0001211839   0.0000375322   0.0000482384
13 13   0.0003621687  -0.0001814433   0.0001355292
14  1   0.0001072676  -0.0016970958   0.0011053899   0.0032994990   0.0008840103
14  2  -0.0038585712   0.0005506396  -0.0413480415  -0.0275375260   0.0464292132
14  3  -0.5620378192  -0.2598613622  -0.0766777675   0.6091690093   0.3399480108
14  4   0.0293046501   0.0056746567  -0.0497326258  -0.0006120477   0.0009194460
14  5  -0.0004976799  -0.0001333959  -0.0009796740   0.0003816065   0.0002665177
14  6   0.0009677702   0.0000069307  -0.0014337845   0.0006620563  -0.0003653760
14  7   0.0004000007   0.0003509386   0.0001236973  -0.0002109679   0.0005318603
14  8   0.0003505302  -0.0005885962  -0.0000512985   0.0012596240  -0.0019633058
14  9  -0.0064878335   0.0026037860  -0.0020436170  -0.0024906507  -0.0001445756
14 10   0.0035026705  -0.0039987789  -0.0036797742   0.0002666836   0.0001580643
14 11  -0.0002127074  -0.0000801541  -0.0000821791   0.0001856107   0.0000622588
14 12   0.0001036573   0.0000611761  -0.0001282010   0.0001390077  -0.0000298610
14 13  -0.0003175631  -0.0003871059  -0.0001063031
15  1  -0.0001318926   0.0000555010   0.0006909973  -0.0002059343   0.0005733126
15  2  -0.0019538933   0.0070775376  -0.0101469384   0.0134519555   0.0499221060
15  3  -0.2729582552  -0.2582340407  -0.0929994388   0.3399480108   0.2954445206
15  4   0.0446088239  -0.0573375766  -0.0542669111  -0.0002091409   0.0001494216
15  5  -0.0000878909  -0.0002071993   0.0000258387  -0.0000217546   0.0002927376
15  6  -0.0000794836   0.0001142422  -0.0004914953   0.0003627381  -0.0005784471
15  7   0.0004096494   0.0003292233   0.0000955575   0.0001893506   0.0008624965
15  8   0.0010712786  -0.0001180994   0.0002346074   0.0022260451   0.0013775678
15  9   0.0036711665   0.0002653407  -0.0021324939  -0.0013003282  -0.0000811962
15 10  -0.0073294698  -0.0044533417   0.0019203674   0.0001159285   0.0000404508
15 11  -0.0000544498  -0.0000525367  -0.0000463184   0.0001845657   0.0000365805
15 12   0.0000351252   0.0000609611   0.0000414306  -0.0000163363  -0.0000256990
15 13  -0.0001940116   0.0000506859  -0.0002215491
16  1   0.0004986047   0.0000250179   0.0001093124   0.0006794401  -0.0038960141
16  2   0.0000220411  -0.0081847243  -0.0078983471   0.0229165953  -0.1336886936
16  3  -0.0119225624   0.0880765882   0.0056718241   0.0293046501   0.0446088239
16  4   0.2224809128   0.1590172144  -0.1814242245  -0.0001367223   0.0001028352
16  5  -0.0003136498   0.0002604604  -0.0001781301   0.0002215965  -0.0003650888
16  6   0.0002590638  -0.0000945232   0.0002899293   0.0000375815   0.0000591757
16  7  -0.0001822815  -0.0001377184  -0.0000933259  -0.0011366938  -0.0001800523
16  8   0.0009720930   0.0001552175   0.0004161477  -0.0003762167  -0.0001532155
16  9   0.0013278205   0.0006063114  -0.0013946660  -0.0020829804   0.0019127159
16 10  -0.0848944140  -0.1640314086   0.0226734454  -0.0000356984  -0.0000535373
16 11   0.0000410568   0.0000271615   0.0000053924  -0.0000272622  -0.0000241764
16 12  -0.0000073193  -0.0000703139  -0.0001368199   0.0000542220   0.0000484328
16 13   0.0002696440  -0.0001618755   0.0001313278
17  1   0.0003652722  -0.0007856224   0.0008154667  -0.0006179024  -0.0065034430
17  2  -0.0011416031  -0.0264553435  -0.0026724115   0.0291492966  -0.0270289543
17  3  -0.1221021750   0.0124233606   0.0354309695   0.0056746567  -0.0573375766
17  4   0.1590172144   0.5388855687  -0.0036434847  -0.0004400529   0.0004132307
17  5  -0.0003956834   0.0000676857  -0.0004241258   0.0003038897  -0.0000566991
17  6   0.0004548136  -0.0001064859  -0.0003387218   0.0004092858  -0.0002699520
17  7   0.0000278183   0.0001000767  -0.0000528249  -0.0015679304   0.0000954155
17  8   0.0017169126   0.0001213059   0.0000549032   0.0005735897  -0.0006070771
17  9   0.0008585959   0.0016158623  -0.0006426471   0.0013876380   0.0005872379
17 10  -0.1373168913  -0.4157651982   0.0157518894   0.0001274178   0.0000571178
17 11  -0.0000816119   0.0000087918  -0.0000618291   0.0000772151  -0.0000074343
17 12   0.0000337483  -0.0000191994  -0.0000938268   0.0000633884  -0.0000037101
17 13   0.0000070055  -0.0001736343   0.0000374113
18  1  -0.0000517388  -0.0004228118  -0.0004155510  -0.0001329651   0.0024214118
18  2   0.0016439876   0.0163669706   0.0059473724  -0.0098039210   0.0811462646
18  3  -0.0078110483  -0.1776494721   0.0469277602  -0.0497326258  -0.0542669111
18  4  -0.1814242245  -0.0036434847   0.2814807485   0.0001708801   0.0000417431
18  5   0.0004281582  -0.0003703873   0.0002143487  -0.0003392717   0.0005367368
18  6  -0.0002969365   0.0002405338  -0.0008137509   0.0002266423  -0.0003271417
18  7   0.0003267260   0.0004521104   0.0001878736   0.0009017763   0.0003207167
18  8  -0.0006015404  -0.0003070335  -0.0006000197   0.0007930712   0.0022043254
18  9   0.0016790750  -0.0005756444   0.0004795495  -0.0006769882  -0.0005334056
18 10   0.0341935668   0.0516701827  -0.0400230487   0.0000982221   0.0000942520
18 11  -0.0001025826  -0.0000682427  -0.0000274257   0.0000927785   0.0000541161
18 12   0.0000344643   0.0001168999   0.0001696131  -0.0000614989  -0.0000372151
18 13  -0.0004081648   0.0001705202  -0.0003083458
19  1  -0.1181510564  -0.0031028609   0.0458532173  -0.0261443280   0.0004129162
19  2   0.0228945670  -0.0036019117   0.0018164537  -0.0022333620  -0.0000386634
19  3   0.0015023849   0.0000593258   0.0001003209  -0.0006120477  -0.0002091409
19  4  -0.0001367223  -0.0004400529   0.0001708801   0.4697272675   0.0399076842
19  5   0.0303265032  -0.1653059072   0.0328273983  -0.0226925376   0.0078949681
19  6   0.0008212605   0.0004605276  -0.0057361648  -0.0018683280   0.0058555127
19  7   0.0069520464   0.0008176220  -0.0075411296   0.0020782976  -0.0014029392
19  8   0.0005157010   0.0014255199  -0.0005170541   0.0008406950  -0.0000228874
19  9   0.0002022928   0.0002034971  -0.0007888455  -0.0000486631   0.0011123215
19 10  -0.0000408025  -0.0000258702   0.0000491663  -0.0567854580  -0.0437133492
19 11   0.0085591663  -0.0798096038  -0.0420039369  -0.0737724135  -0.0128482551
19 12   0.0063153700  -0.0031624215  -0.0203547992   0.0090171148  -0.0076476325
19 13   0.0015869852   0.0000946046   0.0003575568
20  1  -0.0063446637  -0.0807755538   0.0071205880   0.0109717317   0.0000795241
20  2  -0.0124522137   0.0029691815  -0.0014799674   0.0009855508   0.0002367269
20  3  -0.0019462100  -0.0004316231  -0.0007649016   0.0009194460   0.0001494216
20  4   0.0001028352   0.0004132307   0.0000417431   0.0399076842   0.5636496163
20  5   0.0183464947   0.0269173408  -0.0842874719   0.0072398354   0.0308849719
20  6  -0.0372791408   0.0130215611  -0.0223189260   0.0004383327   0.0244478066
20  7   0.0113018262   0.0002964250  -0.0123811102   0.0007865493   0.0004807540
20  8  -0.0008722362  -0.0010111993   0.0003399999   0.0000160340  -0.0000341968
20  9   0.0000438241   0.0001978330   0.0009610178   0.0001911890  -0.0005363645
20 10   0.0000554480   0.0000232611  -0.0000471321  -0.0447169905  -0.2729919065
20 11   0.0510901449  -0.0403070270  -0.0981796959  -0.0905707720  -0.0096884756
20 12   0.0076877423  -0.0036020860  -0.0014922875   0.0021339524  -0.0011189606
20 13   0.0015833546   0.0002426485  -0.0006445148
21  1   0.0479462552   0.0046469674  -0.1380403809  -0.0023673155  -0.0027920191
21  2   0.0082616858  -0.0029329736   0.0012828747  -0.0013801658   0.0005959524
21  3   0.0010851118  -0.0004141210  -0.0003703579  -0.0004976799  -0.0000878909
21  4  -0.0003136498  -0.0003956834   0.0004281582   0.0303265032   0.0183464947
21  5   0.5251440730  -0.0209146633   0.0086237183  -0.0906342955  -0.0031096764
21  6   0.0058744356   0.0018235707   0.0057942633   0.0006853301  -0.0065210747
21  7   0.0197740817   0.0014111221  -0.0229115637  -0.0008758175   0.0002363777
21  8   0.0003051217  -0.0014429688   0.0004013017   0.0005528804   0.0002110321
21  9   0.0001159272   0.0002222066  -0.0010172286   0.0001826818   0.0008489434
21 10   0.0000184120  -0.0000151445  -0.0000079766   0.0081240065   0.0519943502
21 11  -0.0595848689  -0.0740782974  -0.0923187471  -0.2170877376  -0.0265403006
21 12   0.0109745936  -0.0079107863   0.0225940958  -0.0109596604   0.0071813948
21 13  -0.0014213531   0.0011176477  -0.0001871729
22  1  -0.0273896958   0.0107071586  -0.0020104019  -0.0013847680  -0.0015879802
22  2   0.0027963993  -0.0004387228   0.0007456294  -0.0005618875  -0.0003594609
22  3   0.0001562847   0.0004209146   0.0003376737  -0.0001333959  -0.0002071993
22  4   0.0002604604   0.0000676857  -0.0003703873  -0.1653059072   0.0269173408
22  5  -0.0209146633   0.5234525237   0.0363398556  -0.0471373330  -0.0741504907
22  6   0.0030633656   0.0162648070   0.0005802502   0.0002465391  -0.0006914293
22  7   0.0021462043  -0.0006652083  -0.0018741547   0.0001115098   0.0004139184
22  8  -0.0000321728  -0.0001175352   0.0000463593   0.0000688089   0.0000020796
22  9   0.0000284964  -0.0000162418  -0.0001780644  -0.0000220424   0.0002095581
22 10  -0.0000325398  -0.0000170884   0.0000537579   0.0078123254  -0.0060444376
22 11   0.0022063934  -0.0146712722   0.0070442912  -0.0049661414  -0.0856872496
22 12  -0.0341356701  -0.0725261383  -0.1618554468  -0.0147122013   0.1269524401
22 13  -0.0031318736  -0.0284589008   0.0023350713
23  1   0.0018750285   0.0021934138  -0.0059051842  -0.0016820441  -0.0013628071
23  2   0.0016841484  -0.0005583199   0.0005444184  -0.0000708266   0.0003954225
23  3   0.0013690647  -0.0001518532  -0.0000479201  -0.0009796740   0.0000258387
23  4  -0.0001781301  -0.0004241258   0.0002143487   0.0328273983  -0.0842874719
23  5   0.0086237183   0.0363398556   0.4436620367   0.0201981470  -0.0263487820
23  6  -0.2097224076   0.0257531346  -0.0020043007  -0.0017209184   0.0011761329
23  7   0.0004910459   0.0000588301   0.0002337165   0.0003046462  -0.0000199069
23  8   0.0000537303   0.0003153319   0.0001335305   0.0001738040  -0.0000297514
23  9  -0.0000179678   0.0000435990  -0.0003422612   0.0000041762   0.0002213150
23 10  -0.0000416387   0.0000440108  -0.0000188110   0.0264971465  -0.0148425418
23 11   0.0081943560  -0.0145967337   0.0051324446  -0.0043027130  -0.0322647794
23 12  -0.0783081707  -0.0746678985  -0.0213912055  -0.0473341071   0.0217745785
23 13   0.0004399914  -0.0141218265  -0.0032532813
24  1   0.0223579572  -0.0131476647   0.0094768450   0.0029116823   0.0013214297
24  2  -0.0056998945   0.0017667183  -0.0006427994   0.0010985052  -0.0003444524
24  3  -0.0008323243   0.0003161436   0.0001474131   0.0003816065  -0.0000217546
24  4   0.0002215965   0.0003038897  -0.0003392717  -0.0226925376   0.0072398354
24  5  -0.0906342955  -0.0471373330   0.0201981470   0.6050402282   0.0171936572
24  6  -0.0085708656  -0.0842995353  -0.0000901376   0.0009180006   0.0002955642
24  7   0.0009010522  -0.0007255086   0.0004467241  -0.0003628998   0.0000108531
24  8  -0.0001518022   0.0001108188   0.0002833356   0.0002530505  -0.0001356484
24  9  -0.0000161575   0.0000275730   0.0006079914  -0.0000108314  -0.0005031088
24 10   0.0000051475  -0.0000017654   0.0000210313  -0.0046191501   0.0016703443
24 11  -0.0030072172  -0.0266840839   0.0127460754  -0.0078974643  -0.0717154410
24 12  -0.0713267725  -0.2237818113   0.1248805471   0.0131315480  -0.1962618221
24 13   0.0026771023   0.0370696242  -0.0043776876
25  1   0.0006961678  -0.0014169408   0.0004356410   0.0007893361   0.0009192826
25  2  -0.0003172830   0.0001332760  -0.0001774680  -0.0000869689   0.0005305857
25  3  -0.0002303566  -0.0006570518  -0.0004063400   0.0002665177   0.0002927376
25  4  -0.0003650888  -0.0000566991   0.0005367368   0.0078949681   0.0308849719
25  5  -0.0031096764  -0.0741504907  -0.0263487820   0.0171936572   0.2440925562
25  6   0.0650588727  -0.2549850607   0.0007041997   0.0014159503  -0.0010912375
25  7  -0.0002004633   0.0007564360   0.0004075588  -0.0003767996   0.0000287105
25  8  -0.0000110300   0.0000719002  -0.0001334661   0.0000255733   0.0000017608
25  9  -0.0000053318   0.0000514658  -0.0000452073   0.0000022100  -0.0000019616
25 10   0.0000548413   0.0000225999  -0.0000863583  -0.0051306629   0.0043774811
25 11  -0.0014234415   0.0030925834  -0.0010732923   0.0017348761   0.0023677208
25 12  -0.0141477282   0.0019150007   0.0000965477  -0.0264539294   0.0025868340
25 13  -0.1798513911  -0.0336890381   0.2365899885
26  1  -0.0026407515   0.0002548108   0.0016319455   0.0002561469   0.0005723552
26  2  -0.0005265059   0.0002424877   0.0002590899   0.0002321023  -0.0004646999
26  3  -0.0013364408   0.0001660477   0.0001803392   0.0009677702  -0.0000794836
26  4   0.0002590638   0.0004548136  -0.0002969365   0.0008212605  -0.0372791408
26  5   0.0058744356   0.0030633656  -0.2097224076  -0.0085708656   0.0650588727
26  6   0.3579122324  -0.0913955123   0.0013360402   0.0005355251  -0.0009473277
26  7  -0.0001761004  -0.0001514066  -0.0000702799  -0.0002441968   0.0004364177
26  8  -0.0001006584   0.0000683571  -0.0001517506   0.0001008063  -0.0000229459
26  9   0.0000385220  -0.0000183615   0.0001816917  -0.0000212584  -0.0000829619
26 10   0.0000317822  -0.0000532351   0.0000186273   0.0056310839  -0.0017226602
26 11   0.0007871239  -0.0005091846   0.0022181251   0.0005442729  -0.0053625070
26 12  -0.0366816117  -0.0000751788  -0.0041586108  -0.0193784006   0.0065428300
26 13  -0.0635514948  -0.0571513497   0.0862658808
27  1   0.0006264600  -0.0001897890  -0.0001620890  -0.0004987730  -0.0003047709
27  2   0.0004025540  -0.0000974153  -0.0000451822   0.0000192774   0.0001629909
27  3   0.0000742264  -0.0002464755  -0.0001004573   0.0000069307   0.0001142422
27  4  -0.0000945232  -0.0001064859   0.0002405338   0.0004605276   0.0130215611
27  5   0.0018235707   0.0162648070   0.0257531346  -0.0842995353  -0.2549850607
27  6  -0.0913955123   0.3868526128  -0.0005015382  -0.0006854478   0.0003262865
27  7  -0.0003145444   0.0004235744   0.0001994973   0.0002317659  -0.0001234727
27  8   0.0000262434   0.0001928126  -0.0000769423   0.0000990664  -0.0000284724
27  9   0.0000402682   0.0000275581  -0.0000336670   0.0000123437  -0.0000245492
27 10  -0.0000188516   0.0000121245  -0.0000388465  -0.0023611048   0.0018220269
27 11   0.0008582891   0.0025547219  -0.0003938877   0.0010669570  -0.0007060160
27 12  -0.0254158335   0.0111028975   0.0028412202   0.0326430068  -0.0015612082
27 13   0.2364051178   0.0449281271  -0.3168268825
28  1  -0.0558826439  -0.0489760530   0.0115156682   0.0035507780   0.0302275737
28  2  -0.0075303774   0.0016390134  -0.0004950807   0.0000755771  -0.0013740389
28  3   0.0018400623   0.0018030126  -0.0002178269  -0.0014337845  -0.0004914953
28  4   0.0002899293  -0.0003387218  -0.0008137509  -0.0057361648  -0.0223189260
28  5   0.0057942633   0.0005802502  -0.0020043007  -0.0000901376   0.0007041997
28  6   0.0013360402  -0.0005015382   0.0664433151   0.0484168355  -0.0140838956
28  7  -0.0026477415  -0.0109382664   0.0028040001  -0.0050252568   0.0030601321
28  8  -0.0017438871   0.0012397191  -0.0006677084   0.0002362190  -0.0001181144
28  9  -0.0000125714   0.0001135582   0.0001860859  -0.0002613530  -0.0001214716
28 10  -0.0001089061  -0.0000868199   0.0001291453  -0.0027353331   0.0004766954
28 11   0.0035740099   0.0009167868   0.0005760573  -0.0005033050  -0.0001319809
28 12   0.0001606695  -0.0000416175   0.0002681245   0.0001251706  -0.0000954546
28 13  -0.0018401946   0.0013143492  -0.0000285228
29  1  -0.0455496711  -0.2763568405   0.0545879316  -0.0010091253  -0.0166675625
29  2   0.0040519918  -0.0005392351   0.0004585210   0.0002550316   0.0005314397
29  3  -0.0015175423  -0.0010691566  -0.0020467210   0.0006620563   0.0003627381
29  4   0.0000375815   0.0004092858   0.0002266423  -0.0018683280   0.0004383327
29  5   0.0006853301   0.0002465391  -0.0017209184   0.0009180006   0.0014159503
29  6   0.0005355251  -0.0006854478   0.0484168355   0.3032593760  -0.0622998412
29  7  -0.0026635832  -0.0134870652   0.0022992442   0.0029420435   0.0001655332
29  8   0.0008060988  -0.0000995362   0.0008602115   0.0000056638   0.0000884445
29  9  -0.0001085533  -0.0001084142   0.0000635504   0.0001550689  -0.0000620628
29 10   0.0001288894   0.0000131207  -0.0000647390   0.0005886607   0.0012738866
29 11   0.0000595873  -0.0002358093   0.0005269183   0.0004181429  -0.0000941825
29 12   0.0000580344   0.0000348277  -0.0001909194   0.0001604993  -0.0000631362
29 13  -0.0001628236   0.0008821124  -0.0003584330
30  1   0.0099811936   0.0528375498  -0.0635225033   0.0010347189   0.0099405788
30  2  -0.0027203701   0.0000296877  -0.0007087712   0.0003033769   0.0002163998
30  3   0.0008340795   0.0009388318   0.0007195495  -0.0003653760  -0.0005784471
30  4   0.0000591757  -0.0002699520  -0.0003271417   0.0058555127   0.0244478066
30  5  -0.0065210747  -0.0006914293   0.0011761329   0.0002955642  -0.0010912375
30  6  -0.0009473277   0.0003262865  -0.0140838956  -0.0622998412   0.0664770651
30  7  -0.0045718679  -0.0257498322   0.0067716300  -0.0015612202   0.0010984979
30  8   0.0001251213   0.0005516212   0.0002724150   0.0001015108  -0.0001061746
30  9  -0.0001006250   0.0000209330  -0.0000282111  -0.0000277547  -0.0000930236
30 10  -0.0000150358  -0.0000163581   0.0000769930   0.0038072778   0.0003420669
30 11  -0.0032286099  -0.0008488173   0.0001535572   0.0007143521   0.0001411838
30 12  -0.0001851812   0.0000267617  -0.0001380523  -0.0000226803   0.0000515612
30 13   0.0007396211  -0.0004089850   0.0007611829
31  1  -0.0790909387  -0.0415338063  -0.0713291567  -0.0139279306  -0.0131410969
31  2  -0.0239666083   0.0015754990  -0.0009032309  -0.0014619199   0.0001073173
31  3  -0.0008202416  -0.0005562724  -0.0003301757   0.0004000007   0.0004096494
31  4  -0.0001822815   0.0000278183   0.0003267260   0.0069520464   0.0113018262
31  5   0.0197740817   0.0021462043   0.0004910459   0.0009010522  -0.0002004633
31  6  -0.0001761004  -0.0003145444  -0.0026477415  -0.0026635832  -0.0045718679
31  7   0.0908883072   0.0436717201   0.0783699312   0.0012521447   0.0001566450
31  8   0.0005410402  -0.0046028814   0.0032529608  -0.0012852919  -0.0002010984
31  9   0.0003043419   0.0010156512   0.0004146214   0.0001614208   0.0001696848
31 10  -0.0000132485  -0.0000009069  -0.0000328065   0.0008810884  -0.0000897363
31 11  -0.0008885601  -0.0029778062   0.0000274910   0.0037000452  -0.0002105211
31 12  -0.0002600258  -0.0006449361   0.0002091318  -0.0002553967  -0.0001468675
31 13  -0.0000412737   0.0000488543  -0.0000090299
32  1  -0.0421658366  -0.1021213002  -0.0900639296   0.0071546163   0.0065123448
32  2   0.0127688645  -0.0005989582   0.0004868819   0.0003465034   0.0001477952
32  3  -0.0007047355  -0.0007324095  -0.0006723348   0.0003509386   0.0003292233
32  4  -0.0001377184   0.0001000767   0.0004521104   0.0008176220   0.0002964250
32  5   0.0014111221  -0.0006652083   0.0000588301  -0.0007255086   0.0007564360
32  6  -0.0001514066   0.0004235744  -0.0109382664  -0.0134870652  -0.0257498322
32  7   0.0436717201   0.1062178585   0.0999062504  -0.0007467812   0.0009368711
32  8   0.0000610213   0.0030303520  -0.0004193945   0.0011006636  -0.0003460978
32  9   0.0001340237  -0.0001633937  -0.0001827754  -0.0000146750   0.0002169432
32 10   0.0000030596   0.0000198924  -0.0000592578   0.0006691122   0.0006878266
32 11   0.0001480133   0.0000287026   0.0012813335   0.0005560919   0.0004346962
32 12   0.0000423306   0.0002005397   0.0001598548   0.0000068805   0.0001980843
32 13  -0.0004199901  -0.0002339370  -0.0006246745
33  1  -0.0716064678  -0.0892188137  -0.2053768412  -0.0044878105  -0.0041844624
33  2  -0.0086717090   0.0009654217   0.0001244411   0.0008309150   0.0001103385
33  3  -0.0000598359  -0.0002055275   0.0000250179   0.0001236973   0.0000955575
33  4  -0.0000933259  -0.0000528249   0.0001878736  -0.0075411296  -0.0123811102
33  5  -0.0229115637  -0.0018741547   0.0002337165   0.0004467241   0.0004075588
33  6  -0.0000702799   0.0001994973   0.0028040001   0.0022992442   0.0067716300
33  7   0.0783699312   0.0999062504   0.2285564852   0.0002447890   0.0002481988
33  8   0.0000331703  -0.0011642135   0.0013372029   0.0003389471  -0.0004902591
33  9   0.0000579375   0.0006245163   0.0000838368   0.0001375680   0.0002068377
33 10  -0.0000132498  -0.0000002947  -0.0000183516  -0.0004243321   0.0005631091
33 11   0.0007884016   0.0037624836   0.0008258534  -0.0028633216   0.0010109990
33 12  -0.0001186672   0.0008435269   0.0000731813   0.0003261625   0.0003896736
33 13  -0.0001626151  -0.0000970929  -0.0002664414
34  1   0.0027919731   0.0295213680  -0.0071553569  -0.0551264388  -0.0444711752
34  2   0.0113654799  -0.0068858183  -0.0220580341   0.0057214088  -0.0015977487
34  3   0.0016730413   0.0032769231   0.0000301756  -0.0002109679   0.0001893506
34  4  -0.0011366938  -0.0015679304   0.0009017763   0.0020782976   0.0007865493
34  5  -0.0008758175   0.0001115098   0.0003046462  -0.0003628998  -0.0003767996
34  6  -0.0002441968   0.0002317659  -0.0050252568   0.0029420435  -0.0015612202
34  7   0.0012521447  -0.0007467812   0.0002447890   0.0656242010   0.0465776744
34  8  -0.0153128765  -0.0027383699  -0.0112440188   0.0033769784   0.0006815468
34  9   0.0003372293  -0.0001097755   0.0004996259  -0.0004756474  -0.0006985151
34 10  -0.0002423757  -0.0000394286   0.0002930572  -0.0002084839  -0.0006803582
34 11   0.0002967329  -0.0000659813  -0.0000493794   0.0000938420   0.0000225781
34 12  -0.0000342155   0.0000014913   0.0000202252  -0.0000363520   0.0000186888
34 13   0.0002916890  -0.0002840662   0.0000641772
35  1  -0.0009640930  -0.0156999774   0.0038265415  -0.0460530632  -0.2740519581
35  2   0.0606613322   0.0008272503   0.0010258659  -0.0010708549   0.0008457387
35  3   0.0001047181  -0.0014038461  -0.0004748268   0.0005318603   0.0008624965
35  4  -0.0001800523   0.0000954155   0.0003207167  -0.0014029392   0.0004807540
35  5   0.0002363777   0.0004139184  -0.0000199069   0.0000108531   0.0000287105
35  6   0.0004364177  -0.0001234727   0.0030601321   0.0001655332   0.0010984979
35  7   0.0001566450   0.0009368711   0.0002481988   0.0465776744   0.2990752646
35  8  -0.0678973909  -0.0029043992  -0.0145818342   0.0034638192  -0.0001616880
35  9   0.0001117454   0.0004948879  -0.0005453441   0.0008041779   0.0000282647
35 10   0.0001565591   0.0001096292  -0.0000825806   0.0008017568   0.0004644300
35 11  -0.0005860833   0.0000365967  -0.0000984770  -0.0000364262  -0.0000586420
35 12   0.0000056720  -0.0000052657   0.0000690471  -0.0000515732  -0.0000165403
35 13  -0.0002289814   0.0001553722  -0.0000295253
36  1   0.0005033078   0.0105445875  -0.0030229779   0.0112163736   0.0594743875
36  2  -0.0651426748   0.0072693064   0.0242616801  -0.0076026875   0.0022532594
36  3  -0.0034999553  -0.0034821059  -0.0005683244   0.0003505302   0.0010712786
36  4   0.0009720930   0.0017169126  -0.0006015404   0.0005157010  -0.0008722362
36  5   0.0003051217  -0.0000321728   0.0000537303  -0.0001518022  -0.0000110300
36  6  -0.0001006584   0.0000262434  -0.0017438871   0.0008060988   0.0001251213
36  7   0.0005410402   0.0000610213   0.0000331703  -0.0153128765  -0.0678973909
36  8   0.0688636994  -0.0044524010  -0.0246009570   0.0079212664  -0.0008591604
36  9   0.0001032294   0.0003317795  -0.0004896249  -0.0002424893   0.0012812957
36 10   0.0002895611   0.0001345964  -0.0003620355  -0.0000868155  -0.0001008532
36 11   0.0004197955  -0.0000706002  -0.0001232130   0.0000039194  -0.0000388181
36 12  -0.0000041965  -0.0000286647   0.0000181255  -0.0000045241   0.0000045592
36 13   0.0000869429  -0.0000603001   0.0000072384
37  1  -0.0137788400  -0.0130044159  -0.0236351163  -0.0838367468  -0.0455640443
37  2  -0.0775707785   0.0083302867   0.0114254603   0.0204947351   0.0009149953
37  3   0.0004038002   0.0005072543  -0.0003966000  -0.0005885962  -0.0001180994
37  4   0.0001552175   0.0001213059  -0.0003070335   0.0014255199  -0.0010111993
37  5  -0.0014429688  -0.0001175352   0.0003153319   0.0001108188   0.0000719002
37  6   0.0000683571   0.0001928126   0.0012397191  -0.0000995362   0.0005516212
37  7  -0.0046028814   0.0030303520  -0.0011642135  -0.0027383699  -0.0029043992
37  8  -0.0044524010   0.0957422538   0.0476272392   0.0826607641  -0.0030265281
37  9  -0.0003927673   0.0037507048   0.0007723780   0.0002660187  -0.0006762425
37 10  -0.0000312574  -0.0000511733  -0.0000885106  -0.0000769869   0.0000046560
37 11   0.0000304538  -0.0003028651   0.0004082973   0.0009252207   0.0002806427
37 12   0.0000045444   0.0002376235  -0.0000149444   0.0000519121   0.0000822249
37 13  -0.0000093580  -0.0001111433  -0.0000888697
38  1   0.0068969307   0.0072296573   0.0127756865  -0.0461250031  -0.1044050920
38  2  -0.0976389710   0.0007964298   0.0001878464   0.0002459751  -0.0001537775
38  3   0.0000211614   0.0011284104  -0.0002548256  -0.0000512985   0.0002346074
38  4   0.0004161477   0.0000549032  -0.0006000197  -0.0005170541   0.0003399999
38  5   0.0004013017   0.0000463593   0.0001335305   0.0002833356  -0.0001334661
38  6  -0.0001517506  -0.0000769423  -0.0006677084   0.0008602115   0.0002724150
38  7   0.0032529608  -0.0004193945   0.0013372029  -0.0112440188  -0.0145818342
38  8  -0.0246009570   0.0476272392   0.1104164532   0.1059814452   0.0001473441
38  9   0.0004810778   0.0008954159   0.0001377718  -0.0001106154  -0.0002909800
38 10  -0.0000665938  -0.0000275762   0.0000196821  -0.0000208859  -0.0000745116
38 11  -0.0001407268  -0.0001729440   0.0001646930  -0.0001350206   0.0000141656
38 12  -0.0000891002  -0.0000946628  -0.0000637313  -0.0000024343  -0.0000506085
38 13   0.0000846597   0.0000240732   0.0000534109
39  1  -0.0051583876  -0.0037270439  -0.0083579158  -0.0760678830  -0.0945140224
39  2  -0.2104401223  -0.0072244076  -0.0108655953  -0.0222381214  -0.0005010725
39  3  -0.0035371178  -0.0015958513  -0.0005050182   0.0012596240   0.0022260451
39  4  -0.0003762167   0.0005735897   0.0007930712   0.0008406950   0.0000160340
39  5   0.0005528804   0.0000688089   0.0001738040   0.0002530505   0.0000255733
39  6   0.0001008063   0.0000990664   0.0002362190   0.0000056638   0.0001015108
39  7  -0.0012852919   0.0011006636   0.0003389471   0.0033769784   0.0034638192
39  8   0.0079212664   0.0826607641   0.1059814452   0.2316345387   0.0037796425
39  9   0.0000891678  -0.0022943180   0.0001695331  -0.0001436220   0.0004613011
39 10   0.0001308698   0.0001029412  -0.0000354769  -0.0000283324   0.0000312399
39 11   0.0000199218  -0.0002708972  -0.0000061746   0.0006086570   0.0001898211
39 12  -0.0000754715  -0.0000219826  -0.0000455698   0.0000423068   0.0000210296
39 13  -0.0000158283  -0.0000720580  -0.0000474977
40  1   0.0021452378   0.0003625622   0.0009007954   0.0088993326   0.0099115398
40  2   0.0198843955  -0.0828060198  -0.0399915601  -0.0799938981  -0.0050160017
40  3  -0.0007578618  -0.0132515424   0.0004528141  -0.0019633058   0.0013775678
40  4  -0.0001532155  -0.0006070771   0.0022043254  -0.0000228874  -0.0000341968
40  5   0.0002110321   0.0000020796  -0.0000297514  -0.0001356484   0.0000017608
40  6  -0.0000229459  -0.0000284724  -0.0001181144   0.0000884445  -0.0001061746
40  7  -0.0002010984  -0.0003460978  -0.0004902591   0.0006815468  -0.0001616880
40  8  -0.0008591604  -0.0030265281   0.0001473441   0.0037796425   0.0893408165
40  9   0.0424467452   0.0872818984  -0.0103408894  -0.0093147127  -0.0205480012
40 10   0.0002264899   0.0003180290   0.0000029299   0.0000329631   0.0000193463
40 11   0.0000022166  -0.0000619018  -0.0000816630  -0.0002152694  -0.0000547153
40 12   0.0000162316  -0.0000148922   0.0000380279  -0.0000192724  -0.0000029189
40 13  -0.0000196974   0.0000198900   0.0000014335
41  1  -0.0003331539  -0.0000806054  -0.0003338599   0.0006780270   0.0002649024
41  2   0.0004479910  -0.0400889868  -0.0796495265  -0.0802812115  -0.0131786615
41  3  -0.0121068727  -0.0313160120  -0.0000938160  -0.0064878335   0.0036711665
41  4   0.0013278205   0.0008585959   0.0016790750   0.0002022928   0.0000438241
41  5   0.0001159272   0.0000284964  -0.0000179678  -0.0000161575  -0.0000053318
41  6   0.0000385220   0.0000402682  -0.0000125714  -0.0001085533  -0.0001006250
41  7   0.0003043419   0.0001340237   0.0000579375   0.0003372293   0.0001117454
41  8   0.0001032294  -0.0003927673   0.0004810778   0.0000891678   0.0424467452
41  9   0.0882997339   0.0885499979   0.0080779459   0.0082143367   0.0170210195
41 10   0.0007988697   0.0000731698   0.0001598018  -0.0000414237  -0.0000340022
41 11   0.0000367572  -0.0000673883  -0.0000110761   0.0000828945   0.0000118904
41 12   0.0000097955  -0.0000022451  -0.0000102924   0.0000079125   0.0000121816
41 13   0.0000107340  -0.0000412023  -0.0000173039
42  1  -0.0017106813   0.0004143256   0.0011035345  -0.0078463848  -0.0091144965
42  2  -0.0205237312  -0.0812715291  -0.0809822629  -0.2302093301   0.0039093298
42  3  -0.0008671451   0.0051977131  -0.0013667983   0.0026037860   0.0002653407
42  4   0.0006063114   0.0016158623  -0.0005756444   0.0002034971   0.0001978330
42  5   0.0002222066  -0.0000162418   0.0000435990   0.0000275730   0.0000514658
42  6  -0.0000183615   0.0000275581   0.0001135582  -0.0001084142   0.0000209330
42  7   0.0010156512  -0.0001633937   0.0006245163  -0.0001097755   0.0004948879
42  8   0.0003317795   0.0037507048   0.0008954159  -0.0022943180   0.0872818984
42  9   0.0885499979   0.2532121803  -0.0043881715  -0.0031925063  -0.0080636523
42 10  -0.0000294249  -0.0004342741   0.0004643038  -0.0000285298  -0.0000115379
42 11  -0.0000313282  -0.0001900217   0.0000777401   0.0002214254   0.0000482393
42 12  -0.0000137953   0.0000166377  -0.0000006623  -0.0000017010  -0.0000133434
42 13  -0.0000224352   0.0000144409  -0.0000243542
43  1  -0.0017126741  -0.0009732007   0.0050905380  -0.0175430260   0.0120225461
43  2  -0.0061537078  -0.1903078445   0.1143395842  -0.0488207598   0.0118269783
43  3  -0.0053212721   0.0048880379  -0.0019534317  -0.0020436170  -0.0021324939
43  4  -0.0013946660  -0.0006426471   0.0004795495  -0.0007888455   0.0009610178
43  5  -0.0010172286  -0.0001780644  -0.0003422612   0.0006079914  -0.0000452073
43  6   0.0001816917  -0.0000336670   0.0001860859   0.0000635504  -0.0000282111
43  7   0.0004146214  -0.0001827754   0.0000838368   0.0004996259  -0.0005453441
43  8  -0.0004896249   0.0007723780   0.0001377718   0.0001695331  -0.0103408894
43  9   0.0080779459  -0.0043881715   0.2105318955  -0.1261205959   0.0520079634
43 10   0.0002049179   0.0004372679  -0.0003189945  -0.0000316772  -0.0000978084
43 11  -0.0000052820  -0.0000143824   0.0000402358   0.0000970883   0.0000161253
43 12  -0.0000033920  -0.0000351213  -0.0001970025   0.0001102724  -0.0000349088
43 13   0.0000550830  -0.0000989701   0.0000336325
44  1  -0.0007017349   0.0006885777   0.0001160399  -0.0013820975   0.0003117640
44  2  -0.0005499463   0.1179922456  -0.1364399321   0.0425905056   0.0284117956
44  3  -0.0227810412   0.0092022432  -0.0057585481  -0.0024906507  -0.0013003282
44  4  -0.0020829804   0.0013876380  -0.0006769882  -0.0000486631   0.0001911890
44  5   0.0001826818  -0.0000220424   0.0000041762  -0.0000108314   0.0000022100
44  6  -0.0000212584   0.0000123437  -0.0002613530   0.0001550689  -0.0000277547
44  7   0.0001614208  -0.0000146750   0.0001375680  -0.0004756474   0.0008041779
44  8  -0.0002424893   0.0002660187  -0.0001106154  -0.0001436220  -0.0093147127
44  9   0.0082143367  -0.0031925063  -0.1261205959   0.1499420871  -0.0454700853
44 10  -0.0006588146   0.0001874908  -0.0006201669   0.0000294805  -0.0000138686
44 11  -0.0000255333  -0.0000249334  -0.0000093951   0.0000178851   0.0000031810
44 12  -0.0000000971   0.0000024925  -0.0000059258   0.0000029047   0.0000067924
44 13  -0.0000083031  -0.0000078776  -0.0000083005
45  1   0.0016994945   0.0004920160  -0.0038706757   0.0202152124  -0.0150682884
45  2   0.0066130055  -0.0494050198   0.0419629540  -0.0599787097  -0.0062496429
45  3   0.0014532573  -0.0020183604   0.0001972666  -0.0001445756  -0.0000811962
45  4   0.0019127159   0.0005872379  -0.0005334056   0.0011123215  -0.0005363645
45  5   0.0008489434   0.0002095581   0.0002213150  -0.0005031088  -0.0000019616
45  6  -0.0000829619  -0.0000245492  -0.0001214716  -0.0000620628  -0.0000930236
45  7   0.0001696848   0.0002169432   0.0002068377  -0.0006985151   0.0000282647
45  8   0.0012812957  -0.0006762425  -0.0002909800   0.0004613011  -0.0205480012
45  9   0.0170210195  -0.0080636523   0.0520079634  -0.0454700853   0.0655759990
45 10   0.0001495457  -0.0003166308   0.0001350371   0.0000050249   0.0000591775
45 11   0.0000183893  -0.0000840693  -0.0000428826   0.0000195274  -0.0000131377
45 12   0.0000094932   0.0000141742   0.0001518269  -0.0000851164   0.0000176244
45 13  -0.0000325530   0.0000482700  -0.0000254534
46  1   0.0001013605  -0.0001484149  -0.0000382449   0.0004941003  -0.0012584858
46  2   0.0003056128   0.0003064748   0.0014425108   0.0048558525  -0.0144007524
46  3  -0.0346550468   0.0106161113   0.0003603896   0.0035026705  -0.0073294698
46  4  -0.0848944140  -0.1373168913   0.0341935668  -0.0000408025   0.0000554480
46  5   0.0000184120  -0.0000325398  -0.0000416387   0.0000051475   0.0000548413
46  6   0.0000317822  -0.0000188516  -0.0001089061   0.0001288894  -0.0000150358
46  7  -0.0000132485   0.0000030596  -0.0000132498  -0.0002423757   0.0001565591
46  8   0.0002895611  -0.0000312574  -0.0000665938   0.0001308698   0.0002264899
46  9   0.0007988697  -0.0000294249   0.0002049179  -0.0006588146   0.0001495457
46 10   0.0980175584   0.1680065721  -0.0430809933   0.0000416385   0.0000332631
46 11  -0.0000327887   0.0000042399  -0.0000160892  -0.0000097814  -0.0000070674
46 12   0.0000045312   0.0000078288   0.0000207397   0.0000016779  -0.0000161012
46 13  -0.0000613871  -0.0000038585   0.0000114330
47  1  -0.0000183041   0.0000052498   0.0000317465   0.0003853644  -0.0003455090
47  2  -0.0003881593  -0.0011509320   0.0032269413   0.0002174659  -0.0077207867
47  3  -0.0002857862   0.0086201023   0.0039665441  -0.0039987789  -0.0044533417
47  4  -0.1640314086  -0.4157651982   0.0516701827  -0.0000258702   0.0000232611
47  5  -0.0000151445  -0.0000170884   0.0000440108  -0.0000017654   0.0000225999
47  6  -0.0000532351   0.0000121245  -0.0000868199   0.0000131207  -0.0000163581
47  7  -0.0000009069   0.0000198924  -0.0000002947  -0.0000394286   0.0001096292
47  8   0.0001345964  -0.0000511733  -0.0000275762   0.0001029412   0.0003180290
47  9   0.0000731698  -0.0004342741   0.0004372679   0.0001874908  -0.0003166308
47 10   0.1680065721   0.4167520772  -0.0551335638   0.0000163768  -0.0000030059
47 11  -0.0000117965   0.0000028474  -0.0000019897  -0.0000025943  -0.0000012110
47 12  -0.0000043074   0.0000003802   0.0000050375  -0.0000062169  -0.0000027820
47 13  -0.0000167094   0.0000367604  -0.0000128345
48  1  -0.0000243494   0.0001388223  -0.0000621679   0.0004429630   0.0016391407
48  2   0.0004524010   0.0049325178  -0.0028423126  -0.0033827808   0.0222521722
48  3   0.0448662988  -0.0071903003  -0.0072130867  -0.0036797742   0.0019203674
48  4   0.0226734454   0.0157518894  -0.0400230487   0.0000491663  -0.0000471321
48  5  -0.0000079766   0.0000537579  -0.0000188110   0.0000210313  -0.0000863583
48  6   0.0000186273  -0.0000388465   0.0001291453  -0.0000647390   0.0000769930
48  7  -0.0000328065  -0.0000592578  -0.0000183516   0.0002930572  -0.0000825806
48  8  -0.0003620355  -0.0000885106   0.0000196821  -0.0000354769   0.0000029299
48  9   0.0001598018   0.0004643038  -0.0003189945  -0.0006201669   0.0001350371
48 10  -0.0430809933  -0.0551335638   0.0479998347  -0.0000336452  -0.0000214563
48 11   0.0000288711   0.0000053280  -0.0000002891  -0.0000188182  -0.0000108395
48 12  -0.0000062947  -0.0000173331  -0.0000114795   0.0000051862   0.0000056301
48 13   0.0000665805  -0.0000230705   0.0000526666
49  1  -0.0064386142  -0.0223696226   0.0062240321   0.0013037394  -0.0017018839
49  2  -0.0000663593   0.0001283921   0.0003521718   0.0000304395   0.0002337971
49  3  -0.0004908246  -0.0003858004  -0.0002932800   0.0002666836   0.0001159285
49  4  -0.0000356984   0.0001274178   0.0000982221  -0.0567854580  -0.0447169905
49  5   0.0081240065   0.0078123254   0.0264971465  -0.0046191501  -0.0051306629
49  6   0.0056310839  -0.0023611048  -0.0027353331   0.0005886607   0.0038072778
49  7   0.0008810884   0.0006691122  -0.0004243321  -0.0002084839   0.0008017568
49  8  -0.0000868155  -0.0000769869  -0.0000208859  -0.0000283324   0.0000329631
49  9  -0.0000414237  -0.0000285298  -0.0000316772   0.0000294805   0.0000050249
49 10   0.0000416385   0.0000163768  -0.0000336452   0.0626505588   0.0474491326
49 11  -0.0141322200  -0.0025593672  -0.0116123743   0.0030914323   0.0006782382
49 12  -0.0011970439  -0.0002852376   0.0011497907  -0.0002623204   0.0007740061
49 13  -0.0006169701  -0.0000156535   0.0001811573
50  1  -0.0004674461  -0.0014615952   0.0005994589   0.0004356236   0.0005507360
50  2  -0.0003078227  -0.0001214546   0.0004614815  -0.0000271111   0.0002346130
50  3  -0.0002344772  -0.0002445968  -0.0001215864   0.0001580643   0.0000404508
50  4  -0.0000535373   0.0000571178   0.0000942520  -0.0437133492  -0.2729919065
50  5   0.0519943502  -0.0060444376  -0.0148425418   0.0016703443   0.0043774811
50  6  -0.0017226602   0.0018220269   0.0004766954   0.0012738866   0.0003420669
50  7  -0.0000897363   0.0006878266   0.0005631091  -0.0006803582   0.0004644300
50  8  -0.0001008532   0.0000046560  -0.0000745116   0.0000312399   0.0000193463
50  9  -0.0000340022  -0.0000115379  -0.0000978084  -0.0000138686   0.0000591775
50 10   0.0000332631  -0.0000030059  -0.0000214563   0.0474491326   0.2996127596
50 11  -0.0585298395  -0.0022980164  -0.0133204562   0.0026347185   0.0003641776
50 12   0.0006457675   0.0005155806   0.0003100051   0.0004126091  -0.0006757141
50 13  -0.0000172635   0.0003743464  -0.0004478439
51  1   0.0067203701   0.0249123661  -0.0076003104  -0.0012713177   0.0004246587
51  2   0.0006076342  -0.0002201050  -0.0002029824  -0.0000943934  -0.0002679478
51  3   0.0003962587   0.0002967153   0.0003148548  -0.0002127074  -0.0000544498
51  4   0.0000410568  -0.0000816119  -0.0001025826   0.0085591663   0.0510901449
51  5  -0.0595848689   0.0022063934   0.0081943560  -0.0030072172  -0.0014234415
51  6   0.0007871239   0.0008582891   0.0035740099   0.0000595873  -0.0032286099
51  7  -0.0008885601   0.0001480133   0.0007884016   0.0002967329  -0.0005860833
51  8   0.0004197955   0.0000304538  -0.0001407268   0.0000199218   0.0000022166
51  9   0.0000367572  -0.0000313282  -0.0000052820  -0.0000255333   0.0000183893
51 10  -0.0000327887  -0.0000117965   0.0000288711  -0.0141322200  -0.0585298395
51 11   0.0634458441  -0.0039810675  -0.0250945952   0.0067605998   0.0001993208
51 12  -0.0004835750  -0.0001110496   0.0000168691  -0.0003259177   0.0004404907
51 13   0.0002612858  -0.0003538970   0.0001298577
52  1   0.0069968870   0.0111849838   0.0197177112   0.0017026525   0.0001839130
52  2   0.0006458376  -0.0000004338  -0.0000795868   0.0000986699  -0.0000061614
52  3   0.0000921903   0.0000808368   0.0000382729  -0.0000801541  -0.0000525367
52  4   0.0000271615   0.0000087918  -0.0000682427  -0.0798096038  -0.0403070270
52  5  -0.0740782974  -0.0146712722  -0.0145967337  -0.0266840839   0.0030925834
52  6  -0.0005091846   0.0025547219   0.0009167868  -0.0002358093  -0.0008488173
52  7  -0.0029778062   0.0000287026   0.0037624836  -0.0000659813   0.0000365967
52  8  -0.0000706002  -0.0003028651  -0.0001729440  -0.0002708972  -0.0000619018
52  9  -0.0000673883  -0.0001900217  -0.0000143824  -0.0000249334  -0.0000840693
52 10   0.0000042399   0.0000028474   0.0000053280  -0.0025593672  -0.0022980164
52 11  -0.0039810675   0.0915987210   0.0438440224   0.0804411837  -0.0046081178
52 12   0.0033585232  -0.0013182237   0.0008896875  -0.0004594462   0.0004543988
52 13  -0.0001890995   0.0000906527  -0.0001143137
53  1   0.0009839072   0.0007431297   0.0016988612  -0.0002551856   0.0000607534
53  2  -0.0002856622   0.0002124505  -0.0000096637   0.0002521527  -0.0000350161
53  3   0.0001616936   0.0000572982   0.0000786075  -0.0000821791  -0.0000463184
53  4   0.0000053924  -0.0000618291  -0.0000274257  -0.0420039369  -0.0981796959
53  5  -0.0923187471   0.0070442912   0.0051324446   0.0127460754  -0.0010732923
53  6   0.0022181251  -0.0003938877   0.0005760573   0.0005269183   0.0001535572
53  7   0.0000274910   0.0012813335   0.0008258534  -0.0000493794  -0.0000984770
53  8  -0.0001232130   0.0004082973   0.0001646930  -0.0000061746  -0.0000816630
53  9  -0.0000110761   0.0000777401   0.0000402358  -0.0000093951  -0.0000428826
53 10  -0.0000160892  -0.0000019897  -0.0000002891  -0.0116123743  -0.0133204562
53 11  -0.0250945952   0.0438440224   0.1018937293   0.1010591279   0.0027586901
53 12  -0.0006205840   0.0014726740  -0.0009146655   0.0002840995  -0.0002164146
53 13   0.0000621596  -0.0000715740   0.0002122700
54  1  -0.0075734240  -0.0115970687  -0.0223773410  -0.0014384668   0.0002570634
54  2   0.0004820290   0.0002713088   0.0002591152   0.0002605600  -0.0000461670
54  3  -0.0003166575  -0.0001701219   0.0000206148   0.0001856107   0.0001845657
54  4  -0.0000272622   0.0000772151   0.0000927785  -0.0737724135  -0.0905707720
54  5  -0.2170877376  -0.0049661414  -0.0043027130  -0.0078974643   0.0017348761
54  6   0.0005442729   0.0010669570  -0.0005033050   0.0004181429   0.0007143521
54  7   0.0037000452   0.0005560919  -0.0028633216   0.0000938420  -0.0000364262
54  8   0.0000039194   0.0009252207  -0.0001350206   0.0006086570  -0.0002152694
54  9   0.0000828945   0.0002214254   0.0000970883   0.0000178851   0.0000195274
54 10  -0.0000097814  -0.0000025943  -0.0000188182   0.0030914323   0.0026347185
54 11   0.0067605998   0.0804411837   0.1010591279   0.2386715184  -0.0015111263
54 12   0.0005304330   0.0008605555  -0.0001578806   0.0004409894   0.0007676521
54 13  -0.0001543743  -0.0001023083  -0.0003002927
55  1   0.0019114231  -0.0013581654  -0.0015386576  -0.0000143052   0.0002549774
55  2   0.0001691075   0.0000433668   0.0000231101   0.0001197136   0.0000106686
55  3  -0.0000575532  -0.0000735230  -0.0000141967   0.0000622588   0.0000365805
55  4  -0.0000241764  -0.0000074343   0.0000541161  -0.0128482551  -0.0096884756
55  5  -0.0265403006  -0.0856872496  -0.0322647794  -0.0717154410   0.0023677208
55  6  -0.0053625070  -0.0007060160  -0.0001319809  -0.0000941825   0.0001411838
55  7  -0.0002105211   0.0004346962   0.0010109990   0.0000225781  -0.0000586420
55  8  -0.0000388181   0.0002806427   0.0000141656   0.0001898211  -0.0000547153
55  9   0.0000118904   0.0000482393   0.0000161253   0.0000031810  -0.0000131377
55 10  -0.0000070674  -0.0000012110  -0.0000108395   0.0006782382   0.0003641776
55 11   0.0001993208  -0.0046081178   0.0027586901  -0.0015111263   0.0892078385
55 12   0.0374019362   0.0835373196   0.0091073806   0.0080915765   0.0173192855
55 13  -0.0000453972  -0.0005277093  -0.0006778270
56  1  -0.0005971337   0.0000926597   0.0004105162   0.0000807827   0.0000938304
56  2   0.0002282792  -0.0000664782  -0.0000008720  -0.0000677827   0.0000027479
56  3  -0.0001359129  -0.0000546377  -0.0000129084   0.0001036573   0.0000351252
56  4  -0.0000073193   0.0000337483   0.0000344643   0.0063153700   0.0076877423
56  5   0.0109745936  -0.0341356701  -0.0783081707  -0.0713267725  -0.0141477282
56  6  -0.0366816117  -0.0254158335   0.0001606695   0.0000580344  -0.0001851812
56  7  -0.0002600258   0.0000423306  -0.0001186672  -0.0000342155   0.0000056720
56  8  -0.0000041965   0.0000045444  -0.0000891002  -0.0000754715   0.0000162316
56  9   0.0000097955  -0.0000137953  -0.0000033920  -0.0000000971   0.0000094932
56 10   0.0000045312  -0.0000043074  -0.0000062947  -0.0011970439   0.0006457675
56 11  -0.0004835750   0.0033585232  -0.0006205840   0.0005304330   0.0374019362
56 12   0.1023497449   0.0849328865   0.0020062278   0.0034089967   0.0018018142
56 13   0.0011103508   0.0013086762  -0.0012053978
57  1   0.0009966601   0.0000261394   0.0008356370   0.0000803649   0.0001838843
57  2   0.0004007161  -0.0000583961   0.0000349505  -0.0000212145   0.0000967981
57  3  -0.0000349943  -0.0001413097  -0.0000650356   0.0000611761   0.0000609611
57  4  -0.0000703139  -0.0000191994   0.0001168999  -0.0031624215  -0.0036020860
57  5  -0.0079107863  -0.0725261383  -0.0746678985  -0.2237818113   0.0019150007
57  6  -0.0000751788   0.0111028975  -0.0000416175   0.0000348277   0.0000267617
57  7  -0.0006449361   0.0002005397   0.0008435269   0.0000014913  -0.0000052657
57  8  -0.0000286647   0.0002376235  -0.0000946628  -0.0000219826  -0.0000148922
57  9  -0.0000022451   0.0000166377  -0.0000351213   0.0000024925   0.0000141742
57 10   0.0000078288   0.0000003802  -0.0000173331  -0.0002852376   0.0005155806
57 11  -0.0001110496  -0.0013182237   0.0014726740   0.0008605555   0.0835373196
57 12   0.0849328865   0.2363195035  -0.0090557691  -0.0083568727  -0.0201338156
57 13   0.0004050160  -0.0006071283   0.0015696962
58  1  -0.0034108149   0.0030758250  -0.0040114666  -0.0006234149  -0.0004265190
58  2   0.0016956578  -0.0004899050   0.0002533013  -0.0003525184   0.0002210718
58  3   0.0002799721  -0.0001805166  -0.0001211839  -0.0001282010   0.0000414306
58  4  -0.0001368199  -0.0000938268   0.0001696131  -0.0203547992  -0.0014922875
58  5   0.0225940958  -0.1618554468  -0.0213912055   0.1248805471   0.0000965477
58  6  -0.0041586108   0.0028412202   0.0002681245  -0.0001909194  -0.0001380523
58  7   0.0002091318   0.0001598548   0.0000731813   0.0000202252   0.0000690471
58  8   0.0000181255  -0.0000149444  -0.0000637313  -0.0000455698   0.0000380279
58  9  -0.0000102924  -0.0000006623  -0.0001970025  -0.0000059258   0.0001518269
58 10   0.0000207397   0.0000050375  -0.0000114795   0.0011497907   0.0003100051
58 11   0.0000168691   0.0008896875  -0.0009146655  -0.0001578806   0.0091073806
58 12   0.0020062278  -0.0090557691   0.1743125007   0.0229176326  -0.1377489130
58 13   0.0008711033  -0.0002007182  -0.0007797391
59  1   0.0027832107  -0.0009313506   0.0017191859   0.0004043159   0.0004468905
59  2  -0.0007565331   0.0002499061  -0.0001589659   0.0001874964  -0.0001035288
59  3  -0.0002295304   0.0000701647   0.0000375322   0.0001390077  -0.0000163363
59  4   0.0000542220   0.0000633884  -0.0000614989   0.0090171148   0.0021339524
59  5  -0.0109596604  -0.0147122013  -0.0473341071   0.0131315480  -0.0264539294
59  6  -0.0193784006   0.0326430068   0.0001251706   0.0001604993  -0.0000226803
59  7  -0.0002553967   0.0000068805   0.0003261625  -0.0000363520  -0.0000515732
59  8  -0.0000045241   0.0000519121  -0.0000024343   0.0000423068  -0.0000192724
59  9   0.0000079125  -0.0000017010   0.0001102724   0.0000029047  -0.0000851164
59 10   0.0000016779  -0.0000062169   0.0000051862  -0.0002623204   0.0004126091
59 11  -0.0003259177  -0.0004594462   0.0002840995   0.0004409894   0.0080915765
59 12   0.0034089967  -0.0083568727   0.0229176326   0.0682980216  -0.0289741369
59 13  -0.0015420964  -0.0072725839   0.0009989311
60  1  -0.0011350127   0.0003888859  -0.0000844309  -0.0002501640   0.0001741328
60  2   0.0004361117  -0.0001368646   0.0000630519  -0.0000192365  -0.0000577031
60  3   0.0000399064   0.0000558582   0.0000482384  -0.0000298610  -0.0000256990
60  4   0.0000484328  -0.0000037101  -0.0000372151  -0.0076476325  -0.0011189606
60  5   0.0071813948   0.1269524401   0.0217745785  -0.1962618221   0.0025868340
60  6   0.0065428300  -0.0015612082  -0.0000954546  -0.0000631362   0.0000515612
60  7  -0.0001468675   0.0001980843   0.0003896736   0.0000186888  -0.0000165403
60  8   0.0000045592   0.0000822249  -0.0000506085   0.0000210296  -0.0000029189
60  9   0.0000121816  -0.0000133434  -0.0000349088   0.0000067924   0.0000176244
60 10  -0.0000161012  -0.0000027820   0.0000056301   0.0007740061  -0.0006757141
60 11   0.0004404907   0.0004543988  -0.0002164146   0.0007676521   0.0173192855
60 12   0.0018018142  -0.0201338156  -0.1377489130  -0.0289741369   0.2066384555
60 13  -0.0010120081   0.0001496062   0.0021267298
61  1   0.0012663395   0.0017672466  -0.0000578692  -0.0005459286  -0.0006685192
61  2  -0.0001280549  -0.0000108645  -0.0000184141   0.0000999018  -0.0004183158
61  3   0.0003499139   0.0005671925   0.0003621687  -0.0003175631  -0.0001940116
61  4   0.0002696440   0.0000070055  -0.0004081648   0.0015869852   0.0015833546
61  5  -0.0014213531  -0.0031318736   0.0004399914   0.0026771023  -0.1798513911
61  6  -0.0635514948   0.2364051178  -0.0018401946  -0.0001628236   0.0007396211
61  7  -0.0000412737  -0.0004199901  -0.0001626151   0.0002916890  -0.0002289814
61  8   0.0000869429  -0.0000093580   0.0000846597  -0.0000158283  -0.0000196974
61  9   0.0000107340  -0.0000224352   0.0000550830  -0.0000083031  -0.0000325530
61 10  -0.0000613871  -0.0000167094   0.0000665805  -0.0006169701  -0.0000172635
61 11   0.0002612858  -0.0001890995   0.0000621596  -0.0001543743  -0.0000453972
61 12   0.0011103508   0.0004050160   0.0008711033  -0.0015420964  -0.0010120081
61 13   0.1820787386   0.0615367427  -0.2376994931
62  1  -0.0002823369  -0.0006747791  -0.0000365548   0.0005349325   0.0004209529
62  2  -0.0001428637   0.0000367471  -0.0000680775  -0.0001518008   0.0003389405
62  3   0.0005211004  -0.0001654718  -0.0001814433  -0.0003871059   0.0000506859
62  4  -0.0001618755  -0.0001736343   0.0001705202   0.0000946046   0.0002426485
62  5   0.0011176477  -0.0284589008  -0.0141218265   0.0370696242  -0.0336890381
62  6  -0.0571513497   0.0449281271   0.0013143492   0.0008821124  -0.0004089850
62  7   0.0000488543  -0.0002339370  -0.0000970929  -0.0002840662   0.0001553722
62  8  -0.0000603001  -0.0001111433   0.0000240732  -0.0000720580   0.0000198900
62  9  -0.0000412023   0.0000144409  -0.0000989701  -0.0000078776   0.0000482700
62 10  -0.0000038585   0.0000367604  -0.0000230705  -0.0000156535   0.0003743464
62 11  -0.0003538970   0.0000906527  -0.0000715740  -0.0001023083  -0.0005277093
62 12   0.0013086762  -0.0006071283  -0.0002007182  -0.0072725839   0.0001496062
62 13   0.0615367427   0.0762379051  -0.0813273911
63  1  -0.0001781668   0.0005306459   0.0002427193  -0.0000556378  -0.0001712703
63  2  -0.0001787490  -0.0000006628   0.0000116813   0.0000744886  -0.0002090443
63  3   0.0000968429   0.0003709408   0.0001355292  -0.0001063031  -0.0002215491
63  4   0.0001313278   0.0000374113  -0.0003083458   0.0003575568  -0.0006445148
63  5  -0.0001871729   0.0023350713  -0.0032532813  -0.0043776876   0.2365899885
63  6   0.0862658808  -0.3168268825  -0.0000285228  -0.0003584330   0.0007611829
63  7  -0.0000090299  -0.0006246745  -0.0002664414   0.0000641772  -0.0000295253
63  8   0.0000072384  -0.0000888697   0.0000534109  -0.0000474977   0.0000014335
63  9  -0.0000173039  -0.0000243542   0.0000336325  -0.0000083005  -0.0000254534
63 10   0.0000114330  -0.0000128345   0.0000526666   0.0001811573  -0.0004478439
63 11   0.0001298577  -0.0001143137   0.0002122700  -0.0003002927  -0.0006778270
63 12  -0.0012053978   0.0015696962  -0.0007797391   0.0009989311   0.0021267298
63 13  -0.2376994931  -0.0813273911   0.3174289061
$end
