$vibrational normal modes
 1  1   0.0388839336   0.1290039957   0.1578468576  -0.0348703453  -0.0913484440
 1  2  -0.0138238309  -0.0230191875  -0.0356824212  -0.0195076746  -0.1193880731
 1  3  -0.0785359436  -0.0100653540   0.0414108776   0.0274490120  -0.0032571314
 1  4  -0.1281512781  -0.0442841416   0.0468508879   0.0281440766   0.0043655872
 1  5  -0.0157222589   0.0282271877   0.0096220773  -0.0128520726   0.0053057670
 1  6   0.1472216075  -0.0164592435  -0.1358659657   0.1172724859  -0.0469866382
 1  7   0.1527070332  -0.0120721309  -0.0152890871  -0.0223617641  -0.0093179072
 1  8  -0.0484726864   0.0093302216   0.0744622021  -0.0455622260  -0.0078762030
 1  9  -0.0098534846  -0.0305771301  -0.1185398768   0.0746718285   0.0085524052
 1 10  -0.0084318900  -0.0071211474  -0.0050957358  -0.0103678111  -0.0077184182
 1 11   0.0020720599   0.0023542170   0.0224766444   0.0049841871   0.0076147936
 1 12   0.0033892948  -0.0136228697   0.0087179187  -0.0106661011  -0.0079746660
 1 13   0.0072334668   0.0000036277  -0.0001505317
 2  1   0.0372772596  -0.0091219142   0.0944928040   0.1199899889   0.1653120479
 2  2   0.0112032899  -0.0146969100   0.0598764794  -0.1832386183  -0.1924631738
 2  3   0.0103098224   0.0944475823   0.0890065999  -0.0527602095   0.0545288593
 2  4   0.0506039471  -0.0166226611  -0.0100536481   0.0143323168   0.0116421301
 2  5   0.0132442051   0.0616686590  -0.0340460572   0.0391675604   0.0437430193
 2  6  -0.0276066795   0.0480567735   0.0725694350   0.0421600989   0.1032868955
 2  7  -0.0507955422  -0.0571608190  -0.0846376614   0.0127589074  -0.0057391814
 2  8  -0.0047410871   0.0770329913  -0.0359278227  -0.0725170782  -0.0118654935
 2  9  -0.0086027195   0.0095588919   0.0353553981  -0.0065613382  -0.0074591899
 2 10   0.0060276101  -0.0049108226   0.0129870294   0.0294129493  -0.0024821077
 2 11  -0.0019671572   0.0005605797   0.0097304687   0.0098889385   0.0235852988
 2 12   0.0142612582  -0.0579771076   0.0289325824  -0.0349113919  -0.0242395484
 2 13   0.0192484811   0.0000191071  -0.0000426800
 3  1   0.1713687218  -0.0561067371  -0.0339718476   0.0199877993  -0.0818236395
 3  2   0.0702192897  -0.0402013868   0.0105969499  -0.0235768741  -0.1393096934
 3  3   0.1035882117  -0.0919012439  -0.0544656272   0.0499347554  -0.1036589599
 3  4   0.0485838221   0.0242314625   0.0089556408   0.0281104392   0.0024302967
 3  5  -0.0114197512   0.0113778539   0.0084474547  -0.1544487702   0.0346023136
 3  6  -0.0144525948   0.0334032111   0.0275180694  -0.0928541933  -0.1776613718
 3  7  -0.0054806275  -0.0524179232  -0.0086300750   0.0315899253   0.0418630076
 3  8  -0.0722926635   0.0145573678  -0.0329214659  -0.0148904784   0.0033407408
 3  9   0.0103857862  -0.0177008196   0.0422678924  -0.0152623006  -0.0122163786
 3 10   0.0010189622   0.0175008477  -0.0303842319  -0.0686327406   0.0080299041
 3 11   0.0044026865   0.0064292717   0.0665718501   0.0061490830   0.0039703031
 3 12   0.0000096931   0.0070100457   0.0032003601  -0.0036405108  -0.0059145398
 3 13   0.0052108829   0.0000055552   0.0000639281
 4  1   0.0762895440   0.1377837699   0.1540007471  -0.0959617312  -0.0837453273
 4  2  -0.0257027538  -0.0105629815  -0.0357994736   0.0011995577  -0.0175903621
 4  3  -0.0274560064  -0.0681246151   0.0692512842   0.0409294980  -0.0956387743
 4  4  -0.0903562939  -0.0005642316   0.0182855675   0.1666359412   0.0370967630
 4  5   0.0040644009   0.0453268021   0.0612536574   0.0508700378  -0.0115369582
 4  6  -0.0400803142  -0.0469356595  -0.0232575782  -0.0961337515   0.1728031890
 4  7  -0.1302895807  -0.0104096203  -0.0069905524  -0.0182914382  -0.0291657457
 4  8   0.0039228219  -0.0274654506   0.0613598316  -0.0032495330   0.0064977100
 4  9   0.0615115197  -0.0885565420   0.1185914058  -0.0314132927  -0.0145700291
 4 10   0.0008368261   0.0006705352   0.0113489420  -0.0009593745   0.0020641145
 4 11   0.0057438744  -0.0004088504  -0.0031144323  -0.0008291229  -0.0023759259
 4 12   0.0032888698   0.0073728493  -0.0168878117  -0.0040783836  -0.0228463595
 4 13   0.0163381635  -0.0000784341   0.0000425058
 5  1   0.1263434663  -0.0280644057   0.0967488851   0.0129914057   0.1550987678
 5  2  -0.0883096482   0.0308809239  -0.0079330773  -0.1478406702   0.0787097161
 5  3   0.0868280178  -0.0101080123   0.2135385565  -0.0551191074   0.0221487318
 5  4   0.0554602299   0.0644001819  -0.0306396905   0.0347710374  -0.0298067578
 5  5   0.0089548125   0.0401057697   0.1028907948  -0.0227698336   0.0492461737
 5  6  -0.0026655810  -0.0733888456  -0.0592304165  -0.0232433993  -0.0940533552
 5  7   0.0587826881   0.0594616619   0.0783412253  -0.0337600556   0.0522977539
 5  8   0.0242435385  -0.0498139452  -0.0168888118   0.0004067172   0.0533124727
 5  9  -0.0196046191   0.0268287379  -0.0051742488   0.0378884119   0.0005358470
 5 10  -0.0057595318  -0.0071156445  -0.0290513569   0.0139566189  -0.0026756544
 5 11  -0.0118485783  -0.0005635695  -0.0025442124   0.0026822932  -0.0484576396
 5 12  -0.0132825066  -0.0019922835  -0.0348369022  -0.0183077681  -0.0467110786
 5 13   0.0327842817   0.0001310058   0.0000385370
 6  1   0.1978800432  -0.1176833853  -0.0172773807   0.0421365358  -0.1246149114
 6  2  -0.0593911184  -0.0034741657  -0.1039320902  -0.0381118911  -0.0108494751
 6  3   0.0442198914  -0.0609820252   0.0517213064   0.0280144758  -0.0275805805
 6  4  -0.0760276379  -0.1121486243   0.0458655311  -0.1357805701  -0.0836768056
 6  5  -0.0089246269  -0.0094635077  -0.0503469990   0.0473349211   0.0217453229
 6  6  -0.0431769298  -0.0027685108   0.1908553991   0.0639997525   0.0126545140
 6  7  -0.0275982887   0.0862215572   0.0337193078  -0.0217846077   0.0132342509
 6  8   0.0844753027   0.0092677396   0.0361198584  -0.0189404200   0.0079594896
 6  9  -0.0134139422   0.0204547610  -0.0411226471   0.0093774906   0.0087744795
 6 10  -0.0048437830   0.0162098031   0.0635818759  -0.0362598495   0.0005796394
 6 11  -0.0085469983  -0.0003086076  -0.0063409880  -0.0055370829   0.0370554681
 6 12   0.0243853645   0.0264478084  -0.0236413300   0.0023348853  -0.0314139128
 6 13   0.0229315632   0.0000540486  -0.0000016602
 7  1   0.0421627396   0.0760920442   0.1911884288  -0.0745694182  -0.1087541609
 7  2  -0.0657664191   0.0220304698  -0.0894420731   0.0030341620   0.0146309885
 7  3  -0.1181284994   0.0871334135  -0.0445015025   0.0074886103  -0.1243745937
 7  4   0.0622404735   0.0214785962  -0.0477219351   0.1553089546   0.0073506623
 7  5   0.0583301323   0.0135411805   0.0086249302   0.0851410126  -0.0143687723
 7  6  -0.1576864944   0.0578932822   0.0285748682   0.0218802311  -0.1341770298
 7  7   0.0744646116   0.0093524229   0.0104640846   0.0185793824   0.0404638222
 7  8   0.0228778087   0.0557717886  -0.0048167583   0.0132027267  -0.0038637187
 7  9  -0.0145470630   0.0103957166  -0.0730001386  -0.1043552020   0.0151478719
 7 10   0.0184752163   0.0017547672   0.0009501591  -0.0008283037   0.0004330973
 7 11   0.0070933481  -0.0000938278   0.0004642982   0.0001477685  -0.0194802839
 7 12   0.0266450288  -0.0064612378   0.0262625100   0.0492255674  -0.0174176061
 7 13   0.0115288327   0.0000103119   0.0000010476
 8  1   0.0541862064  -0.0678399213   0.1566392489  -0.0633395278   0.1745808542
 8  2   0.0068440508   0.0122221691   0.0177376078  -0.0361800436   0.0333222586
 8  3   0.0973461398  -0.0174507995  -0.0655495853   0.0021052312   0.0688983221
 8  4  -0.0321270814   0.0317139699   0.0180767460   0.0467846114  -0.2251864955
 8  5  -0.0286220360  -0.0024601766   0.1132734965  -0.0383518821  -0.1846820656
 8  6   0.0493591055   0.0586292989   0.0549664746   0.0435344893   0.0248165065
 8  7  -0.0043609374  -0.0281513715  -0.0263718987   0.0151969933  -0.0252712112
 8  8  -0.0079790227   0.0323307515   0.0195014558   0.0210838047  -0.0058622002
 8  9   0.0054811774  -0.0165261920  -0.0406730582  -0.1104061570   0.0124407990
 8 10  -0.0703359390  -0.0046905289  -0.0063084142   0.0045208367  -0.0002418236
 8 11   0.0540175366   0.0000402994  -0.0018240653  -0.0000841813   0.0246095497
 8 12  -0.0511161026  -0.0017318589  -0.0069595596  -0.0024795306  -0.0042302788
 8 13   0.0027451397  -0.0009317541   0.0000085567
 9  1   0.1661135579  -0.1759413980   0.0175104655   0.0631662822  -0.1485589477
 9  2  -0.0983365552   0.0276490754  -0.1553619502  -0.0372684784   0.0196820441
 9  3  -0.0440152276   0.0913379796  -0.0417617788  -0.0145310309   0.0226537224
 9  4   0.0257291930  -0.0413749043  -0.0097113680  -0.1216304709  -0.0855165175
 9  5   0.0279684846  -0.0108004602   0.0280101188   0.0423361771  -0.0286035339
 9  6  -0.0119145654   0.0293913386  -0.1684745689  -0.0643374219   0.0428843213
 9  7  -0.0212344316  -0.1216879768  -0.0431175554   0.0577910797  -0.0485337987
 9  8  -0.0225519447  -0.0547607462  -0.0264536433   0.0150401435   0.0183857111
 9  9  -0.0043630179   0.0179355793   0.0418990206   0.0842776269  -0.0106570952
 9 10  -0.0346079326   0.0000734946   0.0045735715  -0.0018677473  -0.0000759356
 9 11   0.0123954829  -0.0000044620  -0.0010867440   0.0000230035   0.0036120735
 9 12  -0.0233426968  -0.0095445870   0.0238454280   0.0552875794  -0.0249020923
 9 13   0.0164127638  -0.0000836089   0.0000074208
10  1  -0.0178993365   0.0858820045   0.1823775147   0.0388075226  -0.1129205721
10  2  -0.0240420101  -0.0181582193   0.0419423086  -0.1067066540   0.0472606788
10  3   0.0095092574   0.0169163986  -0.0288153257   0.0061573225  -0.0838529135
10  4   0.0427748167  -0.0692336749  -0.1592054295   0.0091203556  -0.0709459511
10  5   0.0924244255  -0.0324893177  -0.0226987493  -0.0905072267  -0.0122362168
10  6   0.0961247979  -0.0311644698   0.0723703551   0.0080553903   0.0345223326
10  7  -0.0227114857   0.1344773056  -0.0903185232  -0.0075548952  -0.0400669889
10  8  -0.0592480520   0.0534141077   0.0085295900   0.0784370440   0.0183429085
10  9  -0.0048044014   0.0174409865   0.0382171415   0.0980321969  -0.0079739142
10 10   0.0159154505   0.0008577635   0.0020659948  -0.0018262846   0.0000081777
10 11   0.0503997235   0.0000340528  -0.0000137635   0.0000526353  -0.0002675811
10 12   0.0011736796   0.0000912192   0.0004895066   0.0006750761   0.0002632715
10 13  -0.0001318853   0.0018351037   0.0000006707
11  1   0.0462601614  -0.0847374513   0.1772455229  -0.1087753347   0.1792682148
11  2   0.0205992638   0.0113968208  -0.0102458933   0.0286118130   0.0175811248
11  3   0.0485001861  -0.0032755928  -0.0847180112   0.0093824100   0.0488575589
11  4  -0.0361105745   0.0348121587   0.0427213542   0.0597230926  -0.0517432269
11  5  -0.0289983383  -0.0257051098  -0.1002794080   0.0314687914   0.0859498824
11  6  -0.0252128496  -0.0124802562  -0.0329923778  -0.0189550143  -0.0276305994
11  7   0.0168331132   0.0387148255  -0.0530018767   0.0359962040  -0.0135536052
11  8   0.0115532225   0.0366228161   0.0216617654   0.0415945847   0.0077494722
11  9   0.0027628207   0.0029034128   0.0296034267   0.0607664124  -0.0059083585
11 10   0.0135718817   0.0010147329  -0.0044693749  -0.0019102977   0.0001554764
11 11  -0.6237122423  -0.0000289849  -0.0001241856  -0.0000999159   0.0015193874
11 12  -0.0007813544   0.0000763595  -0.0003818034  -0.0005212242  -0.0007091207
11 13   0.0005553703   0.0023419250  -0.0000516058
12  1   0.0110579488  -0.2326064326   0.0928278997   0.0837841508  -0.1357228065
12  2   0.0465386751  -0.0530049362  -0.0194592600   0.0291724853   0.0071513969
12  3  -0.0190141008   0.0229098454  -0.0162357760  -0.0065814514   0.0793280923
12  4  -0.0535967316  -0.0169115519  -0.1266127025   0.0560655685   0.0668794273
12  5   0.0736938537  -0.0084824724  -0.0066919797  -0.0647256369   0.0033418266
12  6   0.0705258763  -0.0232859171   0.0386683603   0.0164990819   0.0711081773
12  7  -0.0461503425  -0.0622878923   0.1090483848  -0.0818161228   0.0245309821
12  8  -0.0343120054  -0.0701939964  -0.0382067704  -0.0716160031  -0.0176640537
12  9  -0.0006176355  -0.0116362361  -0.0505899663  -0.1066902773   0.0088996368
12 10  -0.0088947392  -0.0012495222  -0.0063115701   0.0033736561  -0.0000264411
12 11  -0.3230370254  -0.0000546596   0.0000407726  -0.0000302767   0.0002673679
12 12  -0.0013220688  -0.0004367527   0.0003263230   0.0009069257  -0.0011987327
12 13   0.0007846099  -0.0015206846  -0.0000038679
13  1  -0.0359337313   0.1408635952   0.1470818209   0.1061455367  -0.0966513691
13  2   0.0378330019  -0.3035656911   0.0094658680  -0.2573457753   0.0990794010
13  3   0.1092121808  -0.0018804854  -0.1141464353   0.0089914439   0.0190122391
13  4  -0.0065375073  -0.0135642852   0.0446081184  -0.0886051261   0.1349982865
13  5  -0.0444472122   0.0248954655   0.0340898259   0.0232819837  -0.0098839169
13  6  -0.0290514418   0.0088432148  -0.0083287992  -0.0014689249  -0.0150265607
13  7   0.0090617762  -0.0074475605  -0.0016249061   0.0096237468  -0.0001978465
13  8   0.0094417169  -0.0179933193  -0.0033509114  -0.0177706162  -0.0038402747
13  9   0.0010951559  -0.0032174930  -0.0063706092  -0.0164383058   0.0011054131
13 10  -0.0021474676  -0.0001264302  -0.0007506027   0.0005449653   0.0000026836
13 11  -0.0535362119  -0.0000290968  -0.0000732653  -0.0000031282   0.0001912028
13 12  -0.0001459607  -0.0003092077   0.0001112476  -0.0000457858  -0.0003215340
13 13   0.0002025275  -0.0003966587  -0.0000086107
14  1   0.1040061110  -0.0705243676   0.1490433027  -0.0997936643   0.1672594134
14  2  -0.0509051196   0.1238555473  -0.0186361178   0.0014788266   0.0181460818
14  3   0.0666618015   0.0155349714  -0.1529338417   0.0133539228   0.1051526034
14  4  -0.0747786668  -0.0034561304  -0.0221088594   0.0100589565   0.1235782098
14  5   0.0192342240  -0.0093695741  -0.0702571202  -0.0021763009   0.0850998438
14  6   0.0075212384  -0.0318263331  -0.0218714845  -0.0172635404   0.0183716706
14  7  -0.0149122097  -0.0159179625   0.0469663294  -0.0325261466   0.0298800128
14  8  -0.0008913708   0.0360468543   0.0021757220   0.0137728123   0.0012203701
14  9  -0.0033117110   0.0057298922  -0.0002294194   0.0045606252   0.0000652110
14 10  -0.0086720116  -0.0001426663   0.0055613811  -0.0001659086  -0.0001347784
14 11   0.3750978392   0.0000260729   0.0000128739   0.0000304161  -0.0004895207
14 12   0.0006236954   0.0000779699   0.0000417206  -0.0000313569   0.0004323818
14 13  -0.0003151409   0.0003406660   0.0000290516
15  1  -0.0855659161  -0.2409909325   0.1285889395   0.0869317152  -0.1123849835
15  2   0.1764309544  -0.3054398191  -0.0148734638   0.0339071288   0.0191452732
15  3  -0.0232659377  -0.0123332021   0.0704174381  -0.0138715541   0.0190300704
15  4  -0.0081222928   0.0601289581   0.0287244780   0.1117313544  -0.1300306364
15  5  -0.0390947089  -0.0242231295  -0.0738424248   0.0196323913   0.0583191031
15  6  -0.0112259592  -0.0098329420  -0.0290114037  -0.0120487627   0.0007488859
15  7  -0.0014586077  -0.0172690176   0.0193544686  -0.0072271389   0.0167781714
15  8   0.0061677846   0.0411658770   0.0099953673   0.0265784160   0.0053150188
15  9  -0.0019789394   0.0058710061   0.0103098041   0.0238524882  -0.0015976459
15 10  -0.0023271659   0.0000941321   0.0032399531  -0.0004637422  -0.0000519782
15 11   0.2265162441   0.0000214585   0.0000221270   0.0000158363  -0.0003909977
15 12   0.0004793241  -0.0000222370   0.0001895785   0.0000846061   0.0004233491
15 13  -0.0002970410   0.0006846813  -0.0000053211
16  1  -0.0504340487   0.0241451829   0.2196642341   0.0573316771  -0.1377467822
16  2  -0.0650083764   0.3029745665   0.2011954903  -0.0263066178   0.0287878652
16  3   0.0265769991  -0.0176859990   0.0061917387   0.0113237662  -0.1032450638
16  4   0.0667895688  -0.0310619094   0.0168781682  -0.0670362551  -0.0937305219
16  5  -0.0811496529  -0.0215305594  -0.0599772563   0.0191706634   0.0399404322
16  6  -0.0007567138   0.0015655364  -0.0351375311  -0.0030985764   0.0222216555
16  7  -0.0125796908  -0.0823046936   0.0638741954  -0.0204270387   0.0182882776
16  8   0.0066477172  -0.0097206810  -0.0036480375  -0.0162444098  -0.0036142233
16  9   0.0010318234  -0.0038444084  -0.0083253238  -0.0220734651   0.0014353778
16 10  -0.0031182827  -0.0002044091  -0.0001212750   0.0005685663   0.0000013201
16 11  -0.0070060104  -0.0000149713   0.0000442577  -0.0000038548   0.0000505861
16 12  -0.0002481622  -0.0000199700  -0.0000208477  -0.0000205183  -0.0000438842
16 13   0.0000092206   0.0239194245  -0.0000089013
17  1  -0.0343571286  -0.1193257645   0.2331282312  -0.1649235116   0.1990315595
17  2   0.1243120490  -0.1287899958  -0.0268627770   0.1320016772  -0.0062743890
17  3  -0.0394976701  -0.0168599752   0.0479142308   0.0092353181  -0.1434539775
17  4   0.0847344123  -0.0764100873   0.0111721173  -0.1674584801   0.0648360148
17  5   0.0258202141   0.0043957581   0.0135272026  -0.0068940939  -0.0037763985
17  6   0.0102703938  -0.0038578496  -0.0041146179  -0.0053330458   0.0010526366
17  7  -0.0005937157   0.0257323356  -0.0351051554   0.0171614517  -0.0205966561
17  8  -0.0021660600  -0.0591809805  -0.0163948584  -0.0414946478  -0.0066558223
17  9   0.0013939624  -0.0053301638  -0.0102362442  -0.0258875299   0.0017842286
17 10  -0.0052066615  -0.0003764593  -0.0007113772   0.0006440078  -0.0000124272
17 11   0.0502035781   0.0000044755   0.0000399912   0.0000200738   0.0000225329
17 12  -0.0002873089  -0.0000071823   0.0000184502   0.0000531243   0.0001451221
17 13  -0.0001026635   0.0556148900  -0.0000049301
18  1  -0.0093788384  -0.2760939461   0.1177013557   0.0994777965  -0.1545492963
18  2   0.0126455142   0.1856392181   0.0964318219   0.0846204153  -0.0060150033
18  3  -0.0063806947  -0.0028288061   0.0154711109  -0.0076114882   0.0807233390
18  4  -0.0493645497   0.0263921094   0.0004359273   0.0217616822   0.1607912465
18  5  -0.0547521293   0.0443698305   0.0850483529   0.0134431233  -0.0461016596
18  6  -0.0349815080   0.0066471633   0.0242546026  -0.0022984265  -0.0479051205
18  7   0.0283575090   0.1079653756  -0.1016977590   0.0479018556  -0.0304946178
18  8   0.0041324892  -0.0102569011   0.0020767665   0.0025116474   0.0014234294
18  9   0.0000257890   0.0018659355   0.0076161398   0.0185789410  -0.0011195366
18 10   0.0015291444   0.0002236708   0.0000381817  -0.0008315470   0.0000005155
18 11   0.0301638458   0.0000262578  -0.0000854882   0.0000035484  -0.0000023931
18 12   0.0001940572   0.0000742089  -0.0000645563  -0.0000914399   0.0001608206
18 13  -0.0000883200  -0.0086609464  -0.0000020450
19  1   0.0755008332   0.1897508289   0.1213626310  -0.0613079651  -0.0663483382
19  2   0.0239988973  -0.0658674927   0.0610925713   0.0668329080  -0.0194138739
19  3  -0.1294788395   0.0101594244   0.0400275139  -0.0253954311   0.1372173293
19  4  -0.0491766814   0.0671687333  -0.0110089444  -0.1003632804  -0.0198225830
19  5  -0.0051382526  -0.0119559325   0.0164191036   0.0091977609   0.0325152244
19  6   0.0730622003   0.0910080655  -0.0100621390  -0.0438287885  -0.1501467485
19  7  -0.1502031725   0.0373537667   0.0593900512  -0.0172730141  -0.0677830693
19  8   0.0144658442   0.0034085371   0.0443678856  -0.0134235464  -0.0319631536
19  9  -0.0315169654   0.1274268291   0.0750444801  -0.0550461974  -0.0086766929
19 10   0.0070216954   0.0000596716  -0.0048131549  -0.0099134095   0.0066652242
19 11  -0.0016109629   0.0044983692  -0.0039557838  -0.0001786693  -0.0032548244
19 12  -0.0036800843   0.0178888654   0.0225896168  -0.0118070584  -0.0030279249
19 13   0.0071680814   0.0000050058  -0.0000957585
20  1   0.1100373778   0.0306856869   0.0344382274   0.1960707561   0.1457282379
20  2  -0.0846662413  -0.1114484036   0.1018895438   0.0239505382  -0.0003005940
20  3  -0.1801253523  -0.0352454722  -0.0187734087  -0.0212874367   0.0692981741
20  4   0.0404826945  -0.1145032189   0.0346067128   0.0514351765   0.0049839011
20  5  -0.0042249767   0.0490219301  -0.1184676999  -0.0578081807  -0.1267086991
20  6  -0.0557151166  -0.0394299902  -0.0160357178  -0.0772522714  -0.0067211269
20  7   0.0339945797   0.0440791889   0.0912742337   0.0270837454  -0.0179354645
20  8  -0.0037245207  -0.0287182417  -0.0042985715   0.0453346535  -0.0396892205
20  9  -0.0145129354  -0.0453847220  -0.0254475660   0.0133570482  -0.0251010465
20 10  -0.0021123190   0.0317295623   0.0005250890   0.0144493984  -0.0011067950
20 11   0.0036733778   0.0100858397  -0.0036373607  -0.0525046008  -0.0081687548
20 12  -0.0081869839   0.0306327732   0.0485133406  -0.0265795875  -0.0101972820
20 13   0.0110447572  -0.0000011675  -0.0002125011
21  1   0.2093352394   0.0030801308  -0.0712165479  -0.0013847231  -0.0591544644
21  2   0.1014049577  -0.0842981663   0.1044842878   0.0650650626  -0.0313395385
21  3   0.0435836652  -0.0744026759  -0.0749574509   0.0003305230  -0.0302465829
21  4   0.1409654374   0.0998850523  -0.0468766265   0.0153064954   0.0261259896
21  5   0.0175601871   0.0175563961  -0.0035259784   0.0990761750  -0.0065822902
21  6   0.0483284198   0.0247692266  -0.0996090153   0.1233649062   0.0929396103
21  7   0.0097280627   0.0638667881   0.0354995919  -0.0216639622  -0.0506278356
21  8   0.0649599034   0.0098611122  -0.0561910173   0.0248316249  -0.0112102419
21  9  -0.0017046317  -0.0378321641  -0.0144813397   0.0086760718   0.0053192502
21 10   0.0034328888  -0.0743348024   0.0025280309  -0.0254051583  -0.0041014410
21 11  -0.0005726238   0.0029491680  -0.0104864096   0.0453639783  -0.0033830294
21 12  -0.0051159416   0.0335601290   0.0329822041  -0.0156131403  -0.0007994143
21 13   0.0146924143  -0.0000072523   0.0000384498
22  1   0.0392203750   0.1828595451   0.1240739381  -0.0010149466  -0.0731758932
22  2   0.0370607729  -0.0120396491  -0.0209175518   0.0979645836  -0.0329797069
22  3  -0.0462642794  -0.0222218229   0.0244334301  -0.0051757495   0.1182077612
22  4  -0.0201075281   0.1572532917  -0.0429290755  -0.1678800997  -0.0340321932
22  5  -0.0025323761  -0.0257978405  -0.0063463047  -0.0980146402  -0.0032769402
22  6  -0.1472488616  -0.0569606433   0.0354417245   0.0169658560   0.0992391964
22  7   0.0922819509  -0.0404845642  -0.0791033869  -0.0261084933   0.0405684588
22  8   0.0184393241  -0.0147822396  -0.0172393081   0.0243431439   0.0043430836
22  9   0.0185961190  -0.0243655084  -0.0335550706   0.0030076404  -0.0888616932
22 10  -0.0015737831   0.0001164461   0.0005385723   0.0065579475   0.0691964150
22 11   0.0004142570  -0.0388319824   0.0029092894   0.0022122705  -0.0002637720
22 12  -0.0008785566   0.0068201867   0.0079881227  -0.0046882505  -0.0298960885
22 13  -0.0380749858   0.0000143160   0.0015875186
23  1   0.0242665461   0.0503190073   0.0307073942   0.3032262226   0.1552806678
23  2   0.0107978807   0.0235236563  -0.0376278039   0.0913386050   0.0236586541
23  3  -0.0151343381   0.0061188353  -0.0197948217   0.0322258547  -0.1031126301
23  4  -0.0521938625   0.0402228615  -0.0088696665  -0.0058074449   0.0020186951
23  5   0.0015127819   0.0039505910  -0.0112042906   0.0013984162  -0.0385518933
23  6  -0.0231144350  -0.0981332089  -0.0558540701   0.1216174008  -0.1390970560
23  7  -0.1841793865  -0.0474681126  -0.0863957116  -0.0454956836   0.0111725584
23  8   0.0183886616  -0.0019118959  -0.0111175036   0.0033916205   0.0009622269
23  9   0.0631829899   0.0225382525  -0.0021243703   0.0139019497   0.0963133395
23 10  -0.0003541582   0.0014881561   0.0024705510   0.0064897538   0.0439288247
23 11  -0.0013506842  -0.0308099743   0.0018238196  -0.0011574618  -0.0003798019
23 12  -0.0006621922   0.0030865252   0.0046387452  -0.0024566942  -0.0037346157
23 13  -0.0030457526  -0.0000079276  -0.0007062528
24  1   0.1831081962   0.0649442510  -0.0881252809  -0.0236373977  -0.0162821475
24  2   0.2310198246  -0.0304326160   0.1477187513   0.0741554781   0.0635491359
24  3   0.0481541381   0.1379783688   0.0157438741  -0.0288164868  -0.0829828844
24  4  -0.0732149158  -0.0015419747  -0.0001031910  -0.0061749963  -0.0010717354
24  5   0.0027603357   0.0082347474  -0.0228120547   0.0739858229  -0.0382300491
24  6   0.0427117878  -0.0752263677   0.0745512868  -0.0553889690   0.0026312680
24  7   0.0782026372  -0.0559111286  -0.0554440136   0.0066906794   0.0671638058
24  8  -0.0399061398  -0.0363176926   0.0578454142   0.0107601242  -0.0207437791
24  9  -0.0647539680   0.0110498062   0.0235786474  -0.0106789473   0.0066755033
24 10   0.0004772811  -0.0078581238   0.0000762944  -0.0022050640   0.0070636939
24 11   0.0005999954  -0.0564577915   0.0052497010  -0.0088018898  -0.0011066420
24 12  -0.0011713502  -0.0004046253  -0.0002233932   0.0013758285   0.0420610320
24 13   0.0581280105  -0.0000007847  -0.0020706762
25  1  -0.0183830777   0.2021835210   0.1093908279   0.1140769508  -0.0738271634
25  2   0.0864974408   0.0706502423  -0.1367847816   0.2282034243  -0.0112328607
25  3   0.2083107783   0.0216759444   0.0406884780  -0.0103575328   0.1353311633
25  4   0.1100257812  -0.0952686046   0.0204025528   0.0550324354   0.0062629503
25  5  -0.0000498845   0.0121089464  -0.0150347872   0.0022785938  -0.0107076412
25  6   0.0057350493   0.0083079631  -0.0018831723  -0.0111682738   0.0096056065
25  7   0.0061931202   0.0151230481   0.0290032733   0.0200821289  -0.0013700387
25  8  -0.0125707149   0.0008516803   0.0087503567  -0.0052608723  -0.0025047497
25  9  -0.0217847857  -0.0044007625   0.0119876617   0.0008475003   0.0332238390
25 10   0.0001921860  -0.0025166817   0.0004151766  -0.0003347744   0.0042216214
25 11   0.0000861814  -0.0001795607   0.0000303262   0.0000062023  -0.0001267563
25 12  -0.0000329012   0.0000855252  -0.0003855562   0.0002931643   0.0007450644
25 13   0.0007023767   0.0000013592   0.0363832427
26  1   0.0127661058   0.0458298190   0.0381810775   0.2965324491   0.1580095226
26  2   0.0254756783   0.0479090510  -0.0532840214   0.0559127040   0.0222692837
26  3  -0.0505780595  -0.0136832398  -0.0203077870   0.0477743095  -0.0899863988
26  4  -0.0497763856   0.0668413118  -0.0163300160  -0.0209473532  -0.0005833565
26  5   0.0011467524  -0.0230555869   0.0561978131   0.0513552700   0.0705565898
26  6   0.0801196431   0.0957052920   0.0607957865  -0.1136997741   0.0670277722
26  7   0.1345977965   0.0165291592   0.0396529798   0.0037318328  -0.0260098177
26  8   0.0015881259   0.0124515943  -0.0112586487  -0.0100284030   0.0107403806
26  9   0.0253428794   0.0053183350  -0.0067663667   0.0017725963  -0.0046524788
26 10  -0.0002751679  -0.0003122518  -0.0003644591   0.0001667438   0.0085482909
26 11   0.0007852777  -0.0022084913   0.0003176668   0.0002256842   0.0000507711
26 12  -0.0000065663   0.0000580691  -0.0002123915   0.0001599353  -0.0004593449
26 13  -0.0008854426   0.0000132627   0.0147522562
27  1   0.0376462901   0.0350633515  -0.0271274218  -0.0126813752   0.0090202763
27  2   0.4011761627   0.2558223532  -0.0740100757  -0.1755951338   0.0566508681
27  3  -0.1087210362  -0.0167440255   0.0150808306   0.0375144093   0.0689373440
27  4   0.0384235545  -0.0508291614   0.0138292023   0.0268869047   0.0020841601
27  5  -0.0018171280   0.0031099828  -0.0081455005  -0.0185916252  -0.0090972955
27  6  -0.0126428953  -0.0014653896  -0.0175513043   0.0101502892  -0.0072434578
27  7  -0.0122218141   0.0096357945   0.0127106962  -0.0005827792  -0.0158644005
27  8   0.0056769360   0.0107158921  -0.0126588246  -0.0064818677   0.0108464966
27  9   0.0510984848   0.0169672599  -0.0164230581   0.0019200102  -0.0246800914
27 10  -0.0004129528   0.0064868367  -0.0008085071   0.0014765390  -0.0005197490
27 11   0.0003097685   0.0005430712  -0.0000988257   0.0000153710   0.0000856322
27 12   0.0000668003  -0.0002299034   0.0000001292  -0.0000642915  -0.0007643460
27 13  -0.0010058919  -0.0000152202  -0.0483647155
28  1  -0.0083888193   0.1345205501   0.1522852919   0.0529643418  -0.0953645442
28  2   0.0169405664  -0.0524465030  -0.0146227545  -0.0128082730  -0.2590076656
28  3  -0.1450706377   0.0322325662  -0.0539192477   0.0150280409   0.0011421285
28  4  -0.1908644281  -0.1589198316   0.1109315746  -0.0074515822   0.0627307456
28  5  -0.0490142991  -0.1462226869  -0.2041235521   0.0050510232  -0.3322052697
28  6   0.2517265648   0.0824370234  -0.2050722672   0.0738801206  -0.0114791343
28  7   0.2199060041   0.1951795346  -0.0825307210  -0.0719707419   0.3541221885
28  8   0.1665573809  -0.0146198204  -0.3158049357  -0.0052840147   0.5635588273
28  9  -0.0548038437   0.0654747753   0.4367847201  -0.2738529067  -0.0174436133
28 10   0.0018181096  -0.0539853600   0.0988920921   0.1862457760  -0.0158255686
28 11  -0.0530589923   0.0072953647   0.0659948056  -0.0130058487  -0.0470807913
28 12  -0.0301578381   0.1310170325  -0.0605424823   0.0695696572   0.0428738401
28 13  -0.0320366365   0.0002664590   0.0016799648
29  1   0.0181284608  -0.0178077819   0.1082929377   0.1052627025   0.1701019848
29  2   0.0359618669   0.0020995887   0.0513045006  -0.2258861031  -0.2413146578
29  3   0.0568836401   0.1226396214   0.1005997954  -0.0486352105   0.0382566029
29  4   0.0606771655   0.0166236620  -0.0205279327   0.0246014073   0.0292271896
29  5   0.0121980624  -0.0378394711   0.0596035920   0.0686983656   0.0712761956
29  6  -0.0788299129  -0.0275406658   0.0676757741   0.0218383913   0.0789762592
29  7  -0.0762763913  -0.0532694893  -0.0017521233   0.0116807485  -0.1133617767
29  8  -0.0252718415   0.0396373844   0.0783823364  -0.0363962181  -0.1599658359
29  9   0.0079100876  -0.0039750756  -0.1128788549   0.0799820376  -0.0035918124
29 10   0.0035779446  -0.0382898273   0.0676370612   0.1338260977  -0.0136846335
29 11  -0.0049363870   0.0355401466   0.3059230078  -0.0751967013  -0.2377545412
29 12  -0.1524975889   0.6658938370  -0.2882805159   0.3496445925   0.2214840078
29 13  -0.1693059579  -0.0002144550  -0.0008043379
30  1   0.0600803843  -0.0856636601   0.0154742643   0.0307822004  -0.0662799484
30  2   0.1905499596   0.0074156007  -0.0046498970  -0.1811826672  -0.4523617124
30  3   0.2309532474   0.0614882083  -0.0741163928   0.0668010163  -0.1560402798
30  4   0.0453873023   0.0598407980   0.0178603404   0.0404407778   0.1119537946
30  5  -0.0382108017  -0.4979467331   0.2029971805  -0.0220928110  -0.1019296774
30  6  -0.1265763470  -0.1637951453  -0.0302143638  -0.1899350409  -0.2261809488
30  7  -0.0462015436   0.1129739748   0.2494800499   0.0006528877  -0.0904562600
30  8   0.0014913356  -0.1531100585   0.1187859339   0.1621554554  -0.1399234440
30  9   0.0272260959   0.0079676858  -0.1084987115   0.0522695087  -0.0187750435
30 10  -0.0023152574  -0.1706267361   0.3039197988   0.5537105855  -0.0464795116
30 11  -0.0185968074  -0.0072207433  -0.0582248818   0.0206803154   0.0611581703
30 12   0.0382817039  -0.1658313994   0.0746441345  -0.0883283751  -0.0562255147
30 13   0.0431094550   0.0000741107   0.0004236723
31  1   0.0292072751   0.0696110705   0.1946787755  -0.0556112480  -0.1125456315
31  2  -0.0649140706   0.0349233976  -0.1339448326  -0.0998743793  -0.1216388300
31  3  -0.0093089793   0.0005600017   0.1253102568   0.0483399276  -0.0452821341
31  4  -0.2386409645  -0.1451989898   0.0976232392   0.0211362366  -0.0644712098
31  5  -0.0334436946  -0.0073566510   0.1732674769   0.0139157948   0.1445382704
31  6   0.1970075322  -0.3494640484   0.0942376471   0.2656108280  -0.0838792288
31  7   0.3093745378  -0.0961358462   0.1473637950   0.2504038050  -0.0517894569
31  8   0.0122441637   0.0829774601  -0.5223773217   0.2215101741  -0.4534750890
31  9   0.0458778061   0.0726045972   0.3424852096  -0.1745039006  -0.0366278983
31 10   0.0451828657   0.0315057783  -0.0376724798  -0.0569295556   0.0407452180
31 11   0.0129236109  -0.0347935512  -0.3365538316  -0.0431171082  -0.0463808342
31 12  -0.0152738751   0.0392484883  -0.0473180410   0.0541525770   0.0577003866
31 13  -0.0487731290  -0.0000336053  -0.0000988728
32  1  -0.0681160979  -0.0168434063   0.1255659275   0.1574781646   0.1835251265
32  2   0.1369039503   0.0039245123   0.0750489688  -0.2982190452  -0.4931103540
32  3   0.0856806373   0.2161857595   0.0133814612  -0.0504535859   0.0014770905
32  4   0.0562966268   0.0169170191   0.0033343256   0.0369296179   0.1467585997
32  5  -0.0154343873  -0.4143585797   0.0412776161   0.1163882235  -0.2059421901
32  6  -0.1196363099  -0.0274920067  -0.0891342456  -0.1193535764   0.0852816467
32  7  -0.0992867823   0.1487440327   0.0845457985  -0.0930915462  -0.0020835251
32  8   0.0705691575  -0.1091774576   0.1611265681   0.0341319995   0.1283179024
32  9  -0.0036189645  -0.0383334430  -0.1142016386   0.0410055738   0.0412510841
32 10  -0.0200387139   0.1547098111  -0.2782766766  -0.5217490089   0.0402495190
32 11   0.0193845643  -0.0394421598  -0.4257934708  -0.0505351611  -0.0548584496
32 12  -0.0188290627   0.0389483975  -0.0598842113   0.0684691530   0.0648870745
32 13  -0.0581221916  -0.0000986337  -0.0005413269
33  1   0.2330847148  -0.0253764622  -0.0673428484   0.0088358275  -0.0822751440
33  2   0.0245834898  -0.0756054554   0.0453678610   0.0751004290   0.0279217459
33  3   0.0306447689  -0.1633606436  -0.0513884753   0.0370883443  -0.0570920803
33  4   0.0938337932   0.0516238944  -0.0212371500   0.0172537564  -0.0406711500
33  5   0.0123541207   0.2829837717  -0.1050942450  -0.2047127426   0.1060051441
33  6   0.0127488184   0.2211840592   0.0142942495  -0.0696278928  -0.1527772586
33  7  -0.0500746525  -0.1210373547  -0.1649860158  -0.0341763300   0.0574245071
33  8  -0.1351405842   0.0816551749   0.1256439051  -0.1942326961   0.1244041632
33  9  -0.0218655840  -0.0362964980  -0.0788274521   0.0732568988  -0.0241459933
33 10  -0.0117808916  -0.0953846952   0.1573881351   0.2787294494  -0.0362513999
33 11  -0.0194128376  -0.0674073019  -0.7450426490  -0.0929645484  -0.1064466526
33 12  -0.0374914459   0.0892667272  -0.1147533696   0.1300172865   0.1227203914
33 13  -0.1089745010  -0.0000595009  -0.0004251502
34  1   0.1241669802   0.1337064486   0.1586862370  -0.1839540146  -0.0791695746
34  2  -0.0554290662   0.0109003271  -0.0617097653   0.0510630314   0.1305585166
34  3   0.0433437609  -0.1588292627   0.0900492957   0.0695394433  -0.1569984072
34  4  -0.1036142426   0.0617507369   0.0455689920   0.2431423082   0.0757770970
34  5  -0.0375912504  -0.1507006623   0.0308412192  -0.0480205208  -0.3665485460
34  6   0.0421506208   0.0583227996  -0.1310636821  -0.3375515495   0.2973181680
34  7  -0.2635898335   0.0894121864  -0.1234831226   0.0055867960   0.3382587455
34  8   0.1895788591   0.2090417636  -0.3054267303  -0.3666947523  -0.2839490913
34  9  -0.1841595594   0.3090648039  -0.2322472118   0.4078635254  -0.0021321573
34 10   0.0375327100  -0.0295365355  -0.2094084477   0.0955805362  -0.0102588309
34 11  -0.0479865195   0.0010017426  -0.0018139026  -0.0148529936   0.1462623630
34 12   0.0592163576   0.0351592857   0.0425433594   0.0356672743   0.0549387020
34 13  -0.0377864816   0.0000604730  -0.0001770588
35  1   0.1483396900  -0.0191563203   0.0820940118   0.0267461057   0.1498139998
35  2  -0.1164678819   0.0339905442  -0.0176760841  -0.1673915169   0.1065004926
35  3   0.0842795471  -0.0213256189   0.3068584345  -0.0705929457   0.0219504746
35  4   0.0542379950   0.0808171667  -0.0374255274   0.0429997925   0.1033562834
35  5   0.0132357292  -0.0062320475  -0.0033942997  -0.0130171193   0.0766704855
35  6   0.0028556758  -0.0174156420  -0.0371549915   0.0707760863  -0.1195653316
35  7   0.1000501389  -0.0444779778   0.0522576596  -0.0045382358  -0.0761691270
35  8  -0.0632311279  -0.0808965595   0.0705123476   0.1015803150   0.1051219646
35  9   0.0464486053  -0.0804181340   0.0780395927  -0.0965175329  -0.0010470745
35 10  -0.0069844952  -0.0359305636  -0.1462276751   0.0741063443  -0.0044671642
35 11   0.0276574775   0.0028387335  -0.0135318056  -0.0601556792   0.7424925539
35 12   0.2874916658   0.1757243704   0.2206672738   0.2006738929   0.2980800698
35 13  -0.2044621733  -0.0007661173   0.0003369007
36  1   0.3084248354  -0.0887714331  -0.0662074389   0.0315754686  -0.1403096679
36  2  -0.1795761458   0.0237758669  -0.1563485611  -0.0750404899   0.1868973339
36  3   0.0832279253  -0.1599155803   0.3919707676  -0.0060891505  -0.0710746615
36  4  -0.0843246598  -0.0106261211   0.0404700953  -0.0624870347   0.4000162602
36  5  -0.0217921295  -0.2992982334  -0.4373953151   0.0101119538  -0.1037306349
36  6   0.0304352106   0.2507817267   0.1950609120   0.2191724802  -0.0054585202
36  7   0.0267160534  -0.1917559797  -0.1312616698   0.1005791767  -0.1846193090
36  8  -0.0897026622   0.0559103997   0.0947216200   0.1097922063  -0.0095215102
36  9   0.0568445490  -0.0930598872   0.0118595358  -0.1584447573   0.0143172487
36 10   0.0317696513  -0.1222911992  -0.5723927795   0.2741461293  -0.0145048357
36 11   0.1003978476  -0.0011816284   0.0008313849   0.0155398509  -0.1963245991
36 12  -0.0769857513  -0.0425941010  -0.0669531235  -0.0555864833  -0.0890677752
36 13   0.0614522117  -0.0002873563  -0.0001123768
37  1   0.0849628816   0.1964263808   0.1175949780  -0.0739115567  -0.0629253920
37  2   0.0252179572  -0.0458388814   0.0301542740  -0.0246851403  -0.1077418418
37  3   0.0120510077  -0.1417921206   0.1408955168   0.0558534758  -0.1394003085
37  4  -0.0965705025   0.0209268897   0.0479812617   0.2543498470   0.2062521034
37  5  -0.0251474360   0.1154736662  -0.0042261066  -0.1369329847   0.1464384019
37  6   0.1078947508  -0.1497574056   0.2089521414  -0.0720124538   0.2804686788
37  7  -0.2307131354  -0.3115860524  -0.0105442805   0.3070421703  -0.2124069470
37  8   0.1991187238  -0.1511146553  -0.1124175226   0.3403557122   0.3403212254
37  9  -0.2365848948   0.3487686580  -0.4340909163  -0.0562072426   0.0855734685
37 10  -0.0374180417   0.0256191446   0.0710063555  -0.0320994595  -0.0062191587
37 11  -0.0304141736   0.0044317351   0.0377922284   0.0232749443  -0.1193939404
37 12  -0.1010514485  -0.1296912710   0.1628657343   0.0182903281   0.2154618354
37 13  -0.1565540638   0.0000414965  -0.0001374491
38  1   0.2303883433  -0.0208801085   0.0665641970  -0.0253136347   0.1372078596
38  2  -0.2122864163   0.0647989338  -0.0794512585  -0.1570134257   0.3120354128
38  3   0.1298195330  -0.1085487105   0.5023892000  -0.0779975032  -0.0159139411
38  4   0.0246515917   0.1449069552  -0.0241816558   0.0836276804   0.3363721445
38  5  -0.0118681897  -0.2798276870  -0.2228279674  -0.0081782682  -0.2146840934
38  6   0.0464516716   0.2039481218  -0.1144446873   0.0741349589  -0.0666020765
38  7   0.0977524542  -0.0454335077  -0.0972806473  -0.0395301528   0.0167435181
38  8  -0.1379041409   0.0943493813  -0.0020470906  -0.0983934884  -0.1469407004
38  9   0.0657607470  -0.1015425178   0.1010749357  -0.0363532393  -0.0278460334
38 10  -0.0188433446   0.1078392689   0.5345712240  -0.2545860617   0.0201379066
38 11  -0.0491514058   0.0043036723   0.0483258508   0.0319357958  -0.1592636260
38 12  -0.1281318645  -0.1626407176   0.2022236248   0.0146645165   0.2642182715
38 13  -0.1905409555   0.0000552094  -0.0001064619
39  1   0.1345865092  -0.1492739491   0.0169776582   0.0536005079  -0.1241944663
39  2  -0.0126988230  -0.0054568939  -0.0936927575  -0.0206369480  -0.1025838703
39  3   0.0011055879   0.0305827768  -0.1496497509   0.0343443015   0.0157706327
39  4  -0.0551939987  -0.1669910800   0.0278497322  -0.2034731125  -0.3670503854
39  5   0.0168933069   0.1368438747   0.1617497205   0.1229176286   0.0961741979
39  6  -0.1379087844  -0.1078954817   0.1139663147  -0.0023716821  -0.0552680011
39  7  -0.0036466294   0.2806599459   0.1320814400  -0.1650012068   0.1192230475
39  8   0.0884615422  -0.0117640239   0.1088014926  -0.1254128891  -0.0309355565
39  9   0.0758727912  -0.1132648188   0.1550593127   0.0640029592  -0.0218421541
39 10   0.0219996422  -0.0655641526  -0.3064575073   0.1393158805  -0.0091089157
39 11   0.0142654482   0.0080579608   0.0827929215   0.0520925512  -0.2436252264
39 12  -0.2104121034  -0.2741456248   0.3534397450   0.0317634139   0.4639953052
39 13  -0.3348677021  -0.0004955804  -0.0001352551
40  1   0.0283896149   0.0162937608   0.2280926313  -0.0882640981  -0.1305967688
40  2  -0.1150283888   0.0551523050  -0.1833434383   0.0310536610   0.0551116345
40  3  -0.2427288078   0.2809794876  -0.1872808684  -0.0375734140  -0.1579758987
40  4   0.2849481800   0.2493433354   0.0936924456   0.2844361120   0.1679736039
40  5  -0.0584791461  -0.0112185406  -0.0488927080  -0.2583394279  -0.0785502568
40  6   0.1969711443   0.0316244800   0.4025167786   0.2441469660  -0.0846120059
40  7   0.0696392238  -0.1775962135   0.1695336484   0.1096171524  -0.0063446305
40  8   0.3238656183  -0.1734361977   0.1159392986  -0.1470670930  -0.0174070623
40  9   0.0589086827  -0.0353004563   0.2795779322   0.3760657568  -0.0545266329
40 10  -0.4691642284  -0.0171402721  -0.0103459142  -0.0070477849  -0.0030946937
40 11  -0.0005987170   0.0000284497   0.0111760689   0.0008667941  -0.0719957426
40 12   0.2137554223   0.0471013320  -0.0940401454  -0.2425687782   0.1168056655
40 13  -0.0766765436  -0.0003846104   0.0000062092
41  1  -0.0547320265  -0.0762000012   0.1891774692  -0.0257223806   0.1934804023
41  2   0.1368490415  -0.0476620549   0.1857743025  -0.0173727719  -0.0024314516
41  3   0.2075879425  -0.1758540515  -0.0368566614   0.0437849066   0.1747176499
41  4  -0.2686562758  -0.1843574175  -0.3458529313   0.0743965498  -0.2383598037
41  5   0.2200756331  -0.0326515846   0.0890142623   0.1069367432  -0.2105641484
41  6  -0.1594653375   0.2143506001  -0.0493971779   0.1157785674  -0.2147955638
41  7   0.1659913341  -0.4133882580   0.0775788257   0.2415402936  -0.0398055011
41  8   0.2756227116  -0.2093360318   0.0769900299  -0.1073516882   0.0471141163
41  9   0.0295189049  -0.0351119624   0.1091917762   0.2275878017  -0.0262650171
41 10   0.5200335621   0.0258697872   0.0304370354  -0.0162911637   0.0025637178
41 11   0.1876156524  -0.0002847646   0.0070959546  -0.0004567927  -0.0596793643
41 12   0.1942682640   0.0481970557  -0.1024685559  -0.2540160192   0.1209914994
41 13  -0.0799250387  -0.0000793766  -0.0000363307
42  1   0.2197391588  -0.1466651832  -0.0125541774   0.0525487804  -0.1474847493
42  2  -0.1342026837   0.0373956048  -0.1905257225  -0.0582164664   0.0188257811
42  3  -0.0399102620   0.0793927600   0.0068526486  -0.0143079912  -0.0100603430
42  4   0.0363135567  -0.0397365752   0.0940115655  -0.1861540628  -0.1448124479
42  5  -0.0370343026   0.0132428419   0.0625178603   0.1205717620   0.0118527650
42  6  -0.0655592361  -0.0324078562  -0.2764542071  -0.1919559881   0.1349980144
42  7  -0.1004510409   0.1330876023  -0.1548887041  -0.0872205367  -0.0230998649
42  8  -0.2813397735   0.1465180703  -0.1014260196   0.1393752323   0.0044761287
42  9  -0.0462691930   0.0421781389  -0.1842961067  -0.2830418441   0.0379328906
42 10  -0.0627983558  -0.0044097793  -0.0063557817   0.0095923233   0.0002047773
42 11  -0.0615556319  -0.0006752220   0.0170838030  -0.0004523120  -0.1509830431
42 12   0.4643912797   0.1061150570  -0.2198173522  -0.5592960273   0.2740840855
42 13  -0.1811040115   0.0023214944  -0.0000489724
43  1   0.0749254484   0.0782475650   0.1912919294  -0.1316187687  -0.1039579785
43  2  -0.0814187380   0.0311053894  -0.1509889748   0.0498880181   0.0040534770
43  3  -0.1577963243   0.1077759332  -0.0877273077   0.0176971872  -0.1311527362
43  4   0.0578553474   0.1010353531   0.1477007849   0.1993357708   0.0541339341
43  5  -0.0599184740   0.0268761358  -0.0266903967   0.1753411893  -0.0377255655
43  6  -0.2450936551   0.1238682759   0.2361318183   0.1679883283  -0.0305341677
43  7   0.0054025942  -0.0028322254   0.1256645672  -0.2175904396  -0.0760920206
43  8  -0.3476248831  -0.2252441039  -0.2177957345   0.0234609489   0.0740758697
43  9  -0.0686540774   0.1187668634   0.0228153379   0.2586998960  -0.0234062116
43 10   0.1777400482   0.0116123808   0.0078032544  -0.0075212194   0.0004212531
43 11   0.0678380983   0.0006714557  -0.0141538818  -0.0044649362   0.3049196636
43 12  -0.5342626998   0.0327692910  -0.2259389350  -0.3526602009   0.0921504229
43 13  -0.0620578627  -0.0026739064   0.0000593073
44  1   0.1125907106  -0.0795784503   0.1573540709  -0.1314835518   0.1677447257
44  2  -0.0585908599   0.0455994750  -0.1146337925   0.0110164355   0.0437215290
44  3  -0.0083007021   0.0985466443  -0.1411613016  -0.0140837894   0.0225343613
44  4   0.0899983636   0.2298101849   0.3375225726   0.1189307503  -0.1091238296
44  5  -0.2383002750   0.0151928759   0.0630703851  -0.0850121693  -0.1838292493
44  6   0.1177378252   0.0520603546   0.3435552408   0.1995500377   0.1818160634
44  7  -0.1045673921   0.0213418641   0.1024096203  -0.2383738457  -0.1233637884
44  8  -0.3320269297  -0.2364756299  -0.1435184516   0.0037319317   0.0679701140
44  9  -0.0302510709   0.0480158349   0.0270306181   0.1866609726  -0.0184612195
44 10   0.4021074275   0.0165728544   0.0068879133  -0.0028048033   0.0014817096
44 11   0.1206685525  -0.0006005936   0.0113013768   0.0029650794  -0.2406287290
44 12   0.4145109462  -0.0282392900   0.1838445811   0.2899391064  -0.0761803573
44 13   0.0508992284   0.0012340115  -0.0000181435
45  1   0.2056604590  -0.2111873260   0.0189235834   0.0758119967  -0.1801436901
45  2  -0.2083992034   0.0749050991  -0.2891976158  -0.0714138065   0.0801235476
45  3  -0.1790402636   0.3155249432  -0.0963204654  -0.0867864710  -0.0733206458
45  4   0.3494048192   0.2068064664   0.1792405533  -0.0793824583   0.0505825107
45  5  -0.1331403952  -0.0076592865   0.0179442376  -0.3679675057   0.0362875047
45  6   0.4447778552  -0.1958277014  -0.0624969815  -0.1223532427   0.1370427373
45  7  -0.0761604927   0.0554822930  -0.0801446977   0.1458580030   0.0646262355
45  8   0.3111970063   0.1577279376   0.2242404304  -0.0510022886  -0.0414764766
45  9   0.0721174610  -0.1490570484  -0.0750187153  -0.2846846229   0.0311209881
45 10   0.5411446760   0.0193888482   0.0255928897  -0.0025697512   0.0037713492
45 11   0.0459086989   0.0001751743  -0.0078141513  -0.0013749035   0.1090704449
45 12  -0.1864698651   0.0106009595  -0.0732813965  -0.1099567162   0.0264864140
45 13  -0.0176096352   0.0001723513  -0.0000177526
46  1  -0.0874404856   0.0349838595   0.2112198676   0.1302625673  -0.1386956513
46  2  -0.0347426648   0.2310587707   0.2599522731  -0.1156978660   0.0655791554
46  3   0.1203072829  -0.0466568354  -0.0472496505   0.0066330446   0.0340064346
46  4   0.0027799720   0.2144822768   0.5700644608   0.0610324372  -0.2345973190
46  5   0.7034739419  -0.0908914001  -0.1799262016  -0.0211651498   0.1452855996
46  6   0.0244304857  -0.0515133319  -0.0301927940  -0.0427394632  -0.0340517719
46  7   0.0152935588   0.1934403260  -0.2109191119   0.1067567817  -0.1000795283
46  8   0.0086914683  -0.3064673867  -0.0854216207  -0.2257351475  -0.0369874352
46  9   0.0049847580  -0.0258254233  -0.0615337278  -0.1442342777   0.0115191730
46 10  -0.0249979523  -0.0018610376  -0.0000789581   0.0030526976  -0.0001377226
46 11   0.2429752560   0.0000212740   0.0001968478   0.0000707730  -0.0004654794
46 12   0.0006631746   0.0002825527  -0.0002996212  -0.0005008912   0.0004179736
46 13  -0.0002676262  -0.3917594886   0.0001967738
47  1  -0.0324927510  -0.1285797577   0.2430928904  -0.1933581850   0.2006187363
47  2   0.1245642884  -0.1106361206  -0.0419151691   0.1742573198  -0.0210810499
47  3  -0.0784209391  -0.0103751256   0.0818757993   0.0114183830  -0.2148419723
47  4   0.1246022319  -0.1753492868  -0.1580806372  -0.2672157816   0.1482530652
47  5  -0.2214491158   0.0391095497   0.0930004079   0.0034337150  -0.0743034356
47  6   0.0052265767   0.0269732176  -0.0048925185   0.0187368063   0.0411683737
47  7  -0.0210662127  -0.1525862898   0.1473685660  -0.0700309784   0.0604262427
47  8  -0.0051950798   0.1544090341   0.0422468784   0.1111152862   0.0182074533
47  9  -0.0017877767   0.0114192051   0.0293197806   0.0663071224  -0.0059502854
47 10   0.0130177178   0.0010109783   0.0002845696  -0.0012609497   0.0000764054
47 11  -0.1308893784  -0.0000861487   0.0001461512  -0.0000836243  -0.0020110449
47 12   0.0032517644  -0.0000907639   0.0002452692  -0.0001596716  -0.0003983593
47 13   0.0001094710  -0.9067778761   0.0002157960
48  1  -0.1105332002  -0.3119828014   0.1663892277   0.1125400199  -0.1455612449
48  2   0.1087442952   0.1000151069   0.1671894296   0.1239936497  -0.0029321578
48  3  -0.0056227265  -0.0445384970   0.1002973053  -0.0045857398  -0.0201968934
48  4   0.0439779555   0.0545246794   0.4454282729  -0.3030175889   0.3278601214
48  5   0.5265490500   0.0838024221   0.2921372081  -0.0326600366  -0.2360608782
48  6   0.0015267514   0.0704598141   0.0416985060   0.0554482096   0.0626157221
48  7  -0.0311257559  -0.3151142820   0.3422513106  -0.1695366751   0.1633994610
48  8  -0.0075003665   0.4870230547   0.1376305138   0.3550780357   0.0579899950
48  9  -0.0069747429   0.0382811030   0.0932067319   0.2189395576  -0.0181032230
48 10   0.0437970138   0.0029649530   0.0019169730  -0.0039448688   0.0001800962
48 11  -0.3804470553  -0.0000611239   0.0000599628  -0.0000600918   0.0000870193
48 12   0.0009940670   0.0002405828  -0.0004557664  -0.0011773734   0.0000655591
48 13  -0.0000016831   0.1432130063  -0.0000326481
49  1   0.1226002396   0.1834150889   0.1274304343  -0.1493576033  -0.0626295580
49  2  -0.0074486292  -0.1325863539   0.1543517976   0.0032395195  -0.0296606453
49  3  -0.2078879944   0.0174268151   0.0709624875  -0.0943836361   0.3148099437
49  4   0.0611337237  -0.1461941240   0.0429614016   0.0143781309  -0.0086920122
49  5  -0.0074730559  -0.0323453530   0.1191525132   0.1450144543   0.2351705706
49  6   0.2997641489   0.4053759856   0.1603895875  -0.0743194233  -0.1070322494
49  7  -0.3168324662   0.0040794873  -0.2031555864   0.0192690187   0.4670819608
49  8   0.0592662716  -0.2861386102  -0.1706917124   0.3936656030  -0.1128718596
49  9   0.2549390231  -0.3423429725  -0.2361495435   0.1590190171   0.1430748278
49 10  -0.0234078417   0.1948693501   0.0075716203   0.0862101718   0.0305732391
49 11   0.0125265506  -0.0224719866  -0.0059018483   0.1654960310   0.0148984193
49 12   0.0112912925  -0.0217546692  -0.0624115156   0.0389737177   0.0203051004
49 13  -0.0097549193  -0.0000829755   0.0009787971
50  1   0.1279029243   0.0391557126   0.0211528399   0.2108942060   0.1411848312
50  2  -0.1078621879  -0.1353663846   0.1129675677   0.0737401546   0.0402963160
50  3  -0.2161115329  -0.0675227557  -0.0463586385  -0.0115095892   0.0778687499
50  4   0.0577063633  -0.1400585214   0.0447035749   0.0766221841   0.0072004598
50  5  -0.0102202358  -0.0318887996  -0.0288933451  -0.0833446135  -0.0906757225
50  6  -0.1171091178  -0.1458681239  -0.0187969060  -0.0384614064  -0.0134005976
50  7   0.0864694853  -0.0066176820   0.0813173577   0.0107981190  -0.1256039210
50  8  -0.0344340786   0.0656002408   0.0549913341  -0.0934664879   0.0077255944
50  9  -0.0946520697   0.0643125384   0.0552995769  -0.0340821651  -0.0495432844
50 10  -0.0010309347   0.1410733809  -0.0111625250   0.0444933182   0.0024928501
50 11  -0.0025845819  -0.0862027992  -0.0209741761   0.8379060471   0.0718126682
50 12   0.0589421907  -0.1404458976  -0.3335873752   0.1969003075   0.1048258047
50 13  -0.0368681620  -0.0000947477  -0.0011159595
51  1   0.3212255763   0.0327503981  -0.1209108198  -0.0122207486  -0.0748087487
51  2  -0.0196450906  -0.2378773114   0.2277521921   0.2170850469   0.1255154597
51  3  -0.1708103117  -0.1977039890  -0.1619111546  -0.0082730618   0.1487782916
51  4   0.2951913474  -0.1740438173   0.0382636995   0.2045541623   0.0418292524
51  5  -0.0092474955  -0.3211168336   0.4283384842   0.0968966966   0.2875622132
51  6  -0.0122395973  -0.1479172072   0.0155466748   0.2375537023   0.0949362556
51  7   0.1100398559  -0.1462950278  -0.1807912018  -0.0547799284  -0.0803379980
51  8  -0.0266206785   0.1599500463   0.0275121272  -0.2136737447   0.1323535756
51  9  -0.1147969243   0.0211583894   0.0770719511  -0.0221407573   0.0398061435
51 10  -0.0222018651   0.6131872067  -0.0376123251   0.1998255180   0.0135608379
51 11  -0.0060747650   0.0212823600   0.0022787960  -0.1892898337  -0.0189109260
51 12  -0.0155064264   0.0394220497   0.0861517860  -0.0510643884  -0.0271787763
51 13   0.0110725058   0.0000716939  -0.0000361484
52  1   0.0859008570   0.2492418750   0.0845012972  -0.0417943231  -0.0450282452
52  2   0.0747914631  -0.0719977864   0.1070484530   0.1763307451   0.1007822601
52  3  -0.1543809897   0.0802971143   0.0386386597  -0.0523169693   0.1372958193
52  4  -0.1127667724   0.1370164165  -0.0384324948  -0.2020494722  -0.0412567869
52  5  -0.0024621058  -0.1136069893   0.0561259083   0.2190709070  -0.0390976813
52  6   0.1008233977  -0.2196457748   0.1853827698  -0.0527292657  -0.3029384409
52  7  -0.3898871612   0.0318503653   0.2988675970   0.3118501934  -0.1319498458
52  8  -0.1245450374   0.2915991882  -0.2820613168  -0.2277943821   0.2525003538
52  9  -0.0899735870  -0.5259491907  -0.1702417903   0.1482048030  -0.1059249814
52 10  -0.0141400013  -0.1245134539   0.0144036585  -0.0386754800  -0.0531653364
52 11  -0.0026002045  -0.0284298865   0.0577842586  -0.1586653720   0.0277042083
52 12   0.0352507546  -0.1959579601  -0.2099293385   0.1024384897   0.0148232808
52 13  -0.0771863569   0.0000050580   0.0000831132
53  1   0.2158588917   0.0386473166   0.0030051182   0.1590476964   0.1273987210
53  2  -0.2109325983  -0.2608897561   0.2198655143   0.1125317211   0.0962624335
53  3  -0.3696386734  -0.1662603874  -0.0889645568  -0.0426604914   0.2806634368
53  4   0.2455550103  -0.4100804972   0.1200550283   0.2708159629   0.0309550931
53  5  -0.0246542240  -0.2194622974   0.2703007367  -0.0690553095   0.1998730948
53  6  -0.0789524746  -0.0233938305   0.0666361271   0.0482875668   0.0860578365
53  7   0.1073908757  -0.1401272650  -0.2332721723  -0.0815164488   0.1055597201
53  8  -0.0143448957  -0.0493708824   0.0934502682   0.0002355421  -0.0208435059
53  9   0.1005685099   0.2169340350   0.0477091612  -0.0486884428   0.0113857042
53 10   0.0260766045  -0.5694017425   0.0277688645  -0.1932244490  -0.0017055508
53 11  -0.0055596752  -0.0354457494   0.0691123973  -0.2063649766   0.0300033469
53 12   0.0408373669  -0.2348140009  -0.2513890855   0.1232101450   0.0211085574
53 13  -0.0942277845   0.0000232893   0.0003805235
54  1   0.1492096424  -0.0270551996  -0.0386237729   0.0095508245  -0.0588267953
54  2   0.1455749867  -0.0026059038   0.0222342510  -0.0294080862  -0.1343793078
54  3   0.1538849385  -0.0355739298  -0.0371341744   0.0228264286  -0.1425781439
54  4   0.0588923285   0.2232316697  -0.0786896818  -0.0550079822   0.0217711378
54  5   0.0265890051   0.1994603241  -0.2205234632   0.0111989462  -0.1428813028
54  6   0.0483576895   0.1482591006  -0.2264211441   0.0656812898   0.1058302440
54  7   0.0758307465   0.1571524906   0.0933820347  -0.1113281812  -0.0859469171
54  8   0.1299335084  -0.1034448777   0.0356408895   0.1399118916  -0.1488907057
54  9  -0.0385105201   0.1040359093   0.0561846702  -0.0452082309   0.0339897702
54 10  -0.0030427328   0.3152946712  -0.0210580313   0.1020684290   0.0240921035
54 11   0.0040545320  -0.0711114254   0.1300204434  -0.3526222596   0.0593227860
54 12   0.0785775326  -0.4445228668  -0.4803024598   0.2362613184   0.0421541055
54 13  -0.1792977360   0.0000325933  -0.0000498424
55  1   0.0279675948   0.1234954125   0.1608177561  -0.0189266028  -0.0945592085
55  2  -0.0131508508   0.0157358122  -0.0847745693  -0.0296129423  -0.1242875781
55  3  -0.1606046297  -0.2503806734  -0.0522576804   0.0027343277   0.2481917389
55  4   0.1991144342   0.3533055626  -0.1307823621  -0.2569700500  -0.0190285646
55  5   0.0282189373   0.0312118708  -0.1507945079   0.3165296881  -0.2224276459
55  6   0.0882193941  -0.3572753347   0.2509872823  -0.1372555603   0.0152193950
55  7   0.1894763379  -0.1441037280  -0.0798291074   0.1108268508   0.1830566285
55  8  -0.1628458149  -0.0393235726   0.0969929708  -0.0316738955  -0.0025980621
55  9   0.2291168605   0.1793514891   0.0455258055   0.0092373971   0.3100207948
55 10   0.0023022756   0.0472576569  -0.0015186597  -0.0221022002  -0.5215511802
55 11  -0.0002832489   0.3593575325  -0.0328213452   0.0216235933   0.0037334412
55 12   0.0064462629  -0.0227066028  -0.0285113789   0.0131783470  -0.0359574928
55 13  -0.0646945379  -0.0000060863  -0.0002981113
56  1  -0.0829013800   0.0427504323   0.0619869282   0.3421823342   0.1737428834
56  2   0.1385404408   0.2245092874  -0.2017331170  -0.0205031713   0.0317996400
56  3  -0.0351889385  -0.0536052907  -0.0096568327   0.0768592620  -0.0428154598
56  4   0.0058795094  -0.0078795571   0.0037130024   0.0401835431   0.0080286590
56  5   0.0001241232  -0.0119053389   0.0453512849   0.0599597762   0.0340166098
56  6   0.0908459647  -0.0355033306   0.0331500073  -0.0211623991  -0.2786411979
56  7  -0.1276655537  -0.1997027608  -0.3785152909  -0.3441290749  -0.0265740805
56  8   0.2059880697  -0.1031559050  -0.0117988379   0.1663505956  -0.1283495264
56  9  -0.5788427418  -0.2767308576   0.0565110021  -0.0636890252  -0.3569494004
56 10   0.0053143239  -0.0385990236  -0.0089599965  -0.0439329498  -0.2436097440
56 11   0.0017440648   0.3848355376  -0.0305359499   0.0201667662   0.0045489347
56 12   0.0069825879  -0.0230027499  -0.0292697037   0.0131305664  -0.0316009747
56 13  -0.0562587917  -0.0000032365  -0.0031210818
57  1   0.2420597706   0.0960832492  -0.1207422996  -0.0349329834  -0.0156964739
57  2   0.1900544317  -0.1443182962   0.2594201416   0.1890491662   0.1018446915
57  3   0.1112959142   0.2738071644   0.0471618331  -0.0505066011  -0.1708675329
57  4  -0.2008858405  -0.0683114015   0.0341943508   0.0133409440  -0.0106427432
57  5  -0.0107309411  -0.0122852258   0.0212855481  -0.1453956761   0.0352244228
57  6  -0.1177229145   0.0454991793  -0.0659567315   0.0788381865   0.1220172613
57  7   0.0213805147   0.0699557558   0.0916876685   0.0892209791   0.0196646680
57  8  -0.0447599192   0.0218878774  -0.0004824844  -0.0363185846   0.0390343544
57  9   0.1455986887   0.0557561531  -0.0370246293   0.0233000290   0.0482586840
57 10  -0.0036528426  -0.0089382314   0.0059918580   0.0330266694   0.3896776883
57 11  -0.0013428231   0.8133578321  -0.0671120446   0.0416353325   0.0096140183
57 12   0.0151646463  -0.0522519233  -0.0649170237   0.0297122645  -0.0629596502
57 13  -0.1168152708  -0.0000367008   0.0018770239
58  1   0.0699832774   0.2244739908   0.0993328540  -0.0292530700  -0.0553441193
58  2   0.0599039296  -0.0659048732   0.0743690418   0.1553993183   0.0327862288
58  3  -0.0374013369   0.1489593708   0.0848370272  -0.0186293153   0.0340209310
58  4  -0.2157497585   0.0226049205   0.0241868401  -0.1311932444  -0.0530450746
58  5  -0.0292040624  -0.0615713027   0.0699060503  -0.4704184559   0.1244235935
58  6  -0.3739757632   0.1496171525  -0.1026483795   0.0116053853   0.1204852187
58  7   0.1006859335   0.0257599008  -0.0204921962  -0.1646206894  -0.1949669762
58  8   0.1712149998   0.0731061469  -0.1982841798   0.0165445138   0.0155990579
58  9   0.0838825968  -0.1320891378  -0.0077911623   0.0595934981   0.2878938883
58 10   0.0009063912   0.0042189730   0.0051002054  -0.0184806454  -0.3775802007
58 11  -0.0024083869   0.1016187215  -0.0059171725  -0.0536270616  -0.0000413445
58 12   0.0039712624  -0.0546083939  -0.0601483165   0.0398167414   0.3865417004
58 13   0.5112414262  -0.0001037341  -0.0093245817
59  1   0.0781259018   0.0783819689  -0.0121750227   0.3553917874   0.1410695576
59  2  -0.0597976592  -0.0968151005   0.0306667645   0.3001175197   0.0449745987
59  3   0.1887572560   0.1141909840  -0.0165666649  -0.0055223296  -0.2064967399
59  4  -0.0828507417  -0.0214511707   0.0084704555   0.0599343957   0.0117628737
59  5   0.0007614413  -0.0179384141   0.0661763174  -0.0307216630   0.0765042311
59  6  -0.0412593860   0.0640901864  -0.1769362805   0.3891132274   0.1315393921
59  7  -0.3052802448   0.1492704721   0.1043300366   0.2581418976   0.2427704037
59  8  -0.1314216106  -0.0608462041   0.1012617649   0.0233045578   0.0220904759
59  9   0.2546561023   0.2264458685  -0.1144638341  -0.0864814471  -0.6840755357
59 10   0.0001235171   0.0970096135  -0.0229934688  -0.0206663973  -0.3873561654
59 11   0.0043943368   0.0194893197   0.0000878294  -0.0133789378  -0.0005077535
59 12   0.0004509156  -0.0121277975  -0.0138458794   0.0089171374   0.0779663409
59 13   0.1019280678   0.0000140232  -0.0003852074
60  1   0.2210573886   0.1077416449  -0.1185632189  -0.0391054333  -0.0029442717
60  2   0.2381200988  -0.1018889266   0.2466249489   0.1655958243   0.1267930992
60  3   0.0950070563   0.3137080864   0.0713675876  -0.0472064145  -0.1786719827
60  4  -0.2557388787  -0.1371110128   0.0646344160   0.0413905596  -0.0160104968
60  5  -0.0214501419  -0.0268149328   0.0582979587  -0.2706136548   0.0955639894
60  6  -0.1682961935   0.1377392839  -0.0813168061   0.0027818776   0.0714967350
60  7   0.0547365114   0.0430045248   0.0325968127  -0.0609818048  -0.1015502377
60  8   0.0701559171   0.0313608462  -0.0809992403   0.0073072598  -0.0079552211
60  9   0.0177426752  -0.0499077735   0.0286823252   0.0205711255   0.2001970463
60 10   0.0029654896   0.0069443971   0.0002815223  -0.0296399642  -0.4521427520
60 11  -0.0008245894  -0.1426467941   0.0045998104   0.0642982285   0.0003788839
60 12  -0.0041778876   0.0633442684   0.0698142503  -0.0456842941  -0.4347832657
60 13  -0.5740771368   0.0000863208   0.0125105061
61  1  -0.0491769852   0.1643401853   0.1317646170   0.1447830277  -0.0903932257
61  2   0.0672468321   0.1602415654  -0.2300525528   0.1856262615  -0.0787816228
61  3   0.1291472934  -0.2684684350  -0.2676907269  -0.7841054936  -0.3336895587
61  4  -0.1724297570  -0.0603909485   0.0210318363   0.0328421099   0.0052566674
61  5  -0.0006784014  -0.0060752749   0.0180232835   0.0192129467   0.0164490911
61  6   0.0330780948   0.0105262940   0.0410424696  -0.0853592717  -0.0307660461
61  7   0.0551509246  -0.0315832953  -0.0069621679  -0.0444500743  -0.0561476496
61  8   0.0207805628   0.0165576195  -0.0164423654  -0.0083316174  -0.0076692243
61  9   0.0374887501   0.0092355223  -0.0226753852   0.0079257228  -0.0172031063
61 10  -0.0000416607   0.0007883859   0.0019777858   0.0059996229   0.0071586648
61 11  -0.0032745841   0.0014751881   0.0005748381   0.0002802915   0.0008341546
61 12   0.0001801381  -0.0010464478   0.0026179839  -0.0023242008  -0.0080761599
61 13  -0.0083626947  -0.0000541346  -0.5867067430
62  1  -0.0415572275   0.0216676864   0.0767945963   0.2561686799   0.1715007569
62  2   0.0955871714   0.1677430683  -0.1262413004  -0.1299170696   0.0110248960
62  3  -0.2423943443  -0.1207945863  -0.0312122691   0.0907960184  -0.0150669500
62  4  -0.0472242756   0.1799197271  -0.0451870850  -0.1289424509  -0.0228973777
62  5  -0.0034089261  -0.0656601325   0.1057555534  -0.1784602840   0.1485918090
62  6  -0.2096548402   0.1542513175  -0.1369365906   0.3572083450   0.3770207395
62  7  -0.1680122644   0.2051885567   0.2060618729   0.3933225013   0.3353903400
62  8  -0.2347541151  -0.1161905017   0.2053738526   0.0261252471  -0.0795535159
62  9  -0.5096092457  -0.1208051166   0.2117059113  -0.0319542364   0.3216649145
62 10   0.0039159223  -0.0573854549   0.0129939591  -0.0055673090   0.0026864295
62 11  -0.0060350683  -0.0035216621   0.0021548938   0.0006538943  -0.0006551332
62 12  -0.0003076677   0.0030802320  -0.0013710421   0.0016701449   0.0030765808
62 13   0.0027818954  -0.0001634033  -0.2178378472
63  1   0.0000000000   0.0000000000   0.0000000000   0.0000000000   0.0000000000
63  2   0.4050077375   0.3549298282  -0.1638848510  -0.2565070532   0.0024628793
63  3  -0.2178436468  -0.2641626862  -0.2203953615  -0.5356018386  -0.2643538837
63  4  -0.1724955256   0.0045734142   0.0066272867  -0.0176646813  -0.0044875812
63  5  -0.0034576338  -0.0207275359   0.0282673675  -0.0672088816   0.0299728257
63  6  -0.0719682078   0.0112021700  -0.0404031350   0.0872565066   0.0432848426
63  7  -0.0646660568   0.0240025693   0.0289137044   0.0582076658   0.0436338152
63  8  -0.0358945192  -0.0140814631   0.0319216146   0.0013480575  -0.0211644025
63  9  -0.0596970270  -0.0086557086   0.0192567131  -0.0017413221   0.0311424938
63 10   0.0007056861  -0.0068374170   0.0036727718   0.0038450690  -0.0006043025
63 11  -0.0048264265   0.0034412708   0.0002448346  -0.0009203932  -0.0000546417
63 12   0.0000198049  -0.0016566545  -0.0003724143   0.0000570189   0.0077228231
63 13   0.0111781999   0.0002581272   0.7772838626
$end
