$coord
    4.05647657053251      4.77029726717986     -0.07801657543709  c
    3.25517317467819      2.17060150987350     -0.50421407701191  n
    5.00012665252253      0.58106748896514     -1.92214059144944  c
    7.59753617634969      0.44187826287454     -0.74166828105327  c
    7.94334590654895     -0.41904431216795      1.77139208533349  c
   10.15683848867890     -0.63591953443314      2.86555563801078  n
   12.21348442241707      0.01868203669857      1.47001860861308  c
   11.85691450407988      0.87519940040258     -1.03954374042611  c
    9.57288266766600      1.08154092949656     -2.12134233574588  n
   14.11004163964730      1.53022934368647     -2.42805609493755  c
   16.35443293287554      1.32960543759841     -1.38027484894217  n
   16.44023441516172      0.49025330032394      1.04983943968752  c
   14.51871240102928     -0.17415109639847      2.51684031220367  n
   18.78711092525510      0.35000567047771      2.05805357134477  n
   13.89245020349327      2.35127837103213     -4.82219152990261  n
    0.71857631596538      1.57362570765534     -0.26281266194326  c
   -0.93296045877839      3.23373229274108      1.01911678738681  c
   -3.46170839950611      2.66630798869898      1.32331945625971  c
   -4.49901819712464      0.42673071140628      0.39025563214048  c
   -2.88815047838056     -1.20786836413420     -0.91278141397497  c
   -0.35199942842585     -0.66040703978278     -1.24854929904390  c
   -7.24673125605475     -0.03154436708495      0.79169421313369  c
   -8.70293655992044      1.65546884272726      1.40743335243373  o
   -8.09101526253257     -2.45551356795814      0.41052863874429  n
  -10.71371323838645     -3.08773415924947      0.96589349073546  c
  -12.50375178744089     -2.25567275423484     -1.17246752710323  c
  -15.28670276403220     -1.94077819198715     -0.37417813444865  c
  -15.59972943692343      0.13590212145871      1.55413143693492  c
  -15.58769748066657     -0.15004889788819      3.81388710307124  o
  -15.84677915571577      2.43393027746081      0.46272463199683  o
  -10.97652372245973     -5.88696371945086      1.55860694153893  c
  -12.78914998692411     -7.16667361932278      1.07519959863747  o
   -8.92496309190991     -6.82876049111343      2.77188280827833  o
    6.02327712309900      4.96888928506123     -0.63734808610716  h
    3.91407993360019      5.30115439621156      1.91244829702307  h
    2.92923866570700      6.10267184768914     -1.19087973291064  h
    4.24053300171423     -1.32759253078727     -1.99573736425528  h
    5.22274698980810      1.22534488762804     -3.87960931565634  h
    6.29997201453291     -0.93786541465046      2.88921335553402  h
   18.99519933159251     -0.40380353434113      3.78605951539502  h
   20.29312967294664      0.67606827511508      0.95397748843875  h
   12.16630514051119      2.46409385109253     -5.60696054701256  h
   15.45263417871623      2.78587300018940     -5.81114164365109  h
   -0.22780176695994      4.98019524916545      1.80245674501899  h
   -4.69209526986017      3.96930305539750      2.30827930342126  h
   -3.61484022213862     -2.91866660013722     -1.77213680415810  h
    0.76667809000213     -1.97357653762517     -2.33715295874304  h
   -6.81813567940274     -3.86504757725179      0.47707201124224  h
  -11.26013830904379     -2.09473775535458      2.70355107927476  h
  -11.80066500855624     -0.45798968804466     -1.88628117309290  h
  -12.41191672773438     -3.62602754025025     -2.71108840135412  h
  -15.99854499347562     -3.68862608882161      0.44046674193388  h
  -16.39800713333910     -1.47867511244757     -2.04720332119046  h
  -15.86669915470299      3.67245980109798      1.81539779001199  h
   -9.28575657698519     -8.58870212809302      3.14087031847918  h
$user-defined bonds
$end
