$dipgrad          cartesian dipole gradients
  0.17734868419261D+00  0.72907728049821D-01  0.65566421127627D-01
  0.24825126492955D+00  0.57440077783382D+00  -.12548508050238D-01
  0.26198583881875D+00  0.80730268382004D-01  0.20480542760647D+00
  -.26580510476777D+01  -.40049981990797D+00  0.20406809677876D+00
  -.17793157173145D-01  -.48230944468465D+00  -.72880868633965D-01
  -.14107640583639D+00  -.68084395837553D-01  -.23549694222801D+00
  0.81936075440762D+00  -.17257400678327D+00  -.13948639546744D+00
  -.78115536343403D+00  0.17036938704175D+00  0.59776095134087D-01
  -.23592113349720D+00  0.46085432588450D-01  0.38468553190813D+00
  0.62615348497917D-01  -.59978740254140D-01  0.18375488195710D+00
  -.21699249380899D+00  0.92935569676131D-02  0.10362332565774D+00
  0.88702535115759D+00  0.11927473465318D+00  -.24151457582704D+00
  0.11287495952908D+00  -.44171862526747D-01  0.12720175505503D+00
  0.10318962442961D+00  0.11622003320976D+00  -.12986136518661D+00
  -.56734525744020D+00  -.18346520388184D+00  0.45165492695294D+00
  -.53112842194971D+00  0.82501711412455D-01  -.25386807480951D+00
  -.16865404564673D-01  -.28102556984385D+00  -.14715163174247D-01
  0.46851813204911D-01  0.14816285961019D-01  -.28375755341670D+00
  0.15339947511753D+01  -.43632105015742D-01  0.35456133199106D+00
  -.28058653782701D+00  0.20405531265065D+00  -.36628989745606D-02
  0.95684878787632D+00  0.12603107810391D-01  0.30232432254159D+00
  -.94155408052138D+00  -.18242640303551D+00  0.39197014989229D+00
  0.14219426864634D+00  0.62322421447974D-01  0.14628148053346D+00
  -.69276705638030D+00  0.88834952974249D-01  -.23088638501979D+00
  0.51820635188441D+00  0.14516827298551D+00  -.27560732028999D+00
  0.11834705107170D+00  -.23040884603499D+00  0.11713901809663D-01
  0.31645069849780D-01  0.45805670834176D-01  -.33705109108278D+00
  0.12573686782437D+01  0.11420990886702D-01  0.13520702449512D+00
  0.16499487022063D+00  0.37128970710382D+00  -.52603507289687D+00
  -.26425383695434D+00  -.52252641807597D+00  0.17014843467911D+01
  -.11018356343949D+01  0.12006254266995D+00  -.47296611290233D+00
  0.12265565130940D+00  -.36490290704838D+00  0.22983246500837D+00
  -.50079679398883D+00  0.23192270724402D+00  -.10617434243390D+01
  0.27214685182680D+01  -.12320556389368D-01  0.53080393113777D+00
  0.50881404072971D-01  0.31999135123897D+00  -.24062966149042D+00
  0.47208345342569D+00  -.24711854403925D+00  0.10562889642156D+01
  -.21220724703455D+01  -.53463879100571D-02  -.28240412535018D+00
  -.18467884374391D+00  -.33125101490548D+00  0.67959226886556D-01
  0.75864057680141D-01  0.10029676239429D+00  -.54567439610881D+00
  -.19260929391558D+01  0.51375855557625D-01  -.45524420171436D+00
  -.68423869454287D-01  -.48804171238013D+00  -.11880029764450D+00
  -.80319167522967D+00  -.90450453100189D-01  -.44089014808801D+00
  -.30722900774951D+00  0.26422285147524D-01  -.21220511939366D-01
  -.23174612162189D-01  -.60436697568155D+00  0.31486701399211D+00
  0.19697797018188D+00  0.30586034615292D+00  -.13705855243115D+01
  0.25440193411124D+01  0.46555366772088D+00  -.18700627175106D+00
  0.66378819543148D+00  0.74681589970476D-01  -.47270477542025D-01
  -.11907742433393D+00  -.63900303641843D-01  0.71412766147091D-01
  -.87304998671962D+00  -.14839672097825D+00  0.41009902979146D-01
  0.32906354199103D+00  0.22875470171696D-01  0.33129848702408D-01
  0.32293663632696D+00  0.14129166972525D+00  -.16275098043827D+00
  0.45878740652085D+00  0.15215189643863D+00  -.26206612477307D-01
  0.36549076309754D+00  0.19863898623366D+00  0.64520121034724D-01
  0.38742551898535D-01  0.75625763795649D-01  -.34184204936319D-01
  -.12377530617703D+01  -.22591237486665D+00  0.12041224628187D+00
  -.26423655766464D+00  -.29571330930012D+00  -.43159418556601D-01
  0.18263343237470D+00  -.63804457268964D-01  -.12954363274944D+00
  0.60172357803651D+00  0.20365649804139D-01  -.13095145565135D+00
  -.99468756159861D-01  -.30900770247792D-03  0.98265230804151D-01
  -.10221588571936D+00  0.96979062908493D-01  -.79900321605854D-03
  -.74058736053911D+00  -.94456864352967D-01  0.48267219480995D-01
  -.72450761934594D+00  -.19038450650352D+00  0.13395121098070D+00
  -.26055858195173D+00  0.32325443163079D-01  -.11364522434713D+00
  0.25612386517681D+01  0.36925558449455D+00  -.27653641330866D+00
  0.83172487827578D+00  0.15278124507455D+01  0.15256678499670D+00
  -.29415399560381D+00  0.21435192532914D+00  0.30153349359378D+00
  -.14209360059222D+01  0.14161146248880D+00  0.19765216968596D+00
  0.12621953815625D+00  -.86503014157950D+00  -.12319204602175D+00
  0.30075215343374D+00  -.10498867356944D+00  -.39632826188496D+00
  -.11312498877914D+01  -.38645622864533D+00  0.16716836985091D-01
  -.86539372910961D+00  -.10713166151771D+01  -.30861761713073D-01
  -.16489413992915D+00  -.17731704466168D+00  -.34188638516782D+00
  0.78742329901254D+00  0.24462600187706D+00  -.27685906414572D-01
  0.61258917406853D-01  -.20697204000085D-01  0.15897094843023D-01
  -.54200120044536D-01  -.14163686249467D+00  0.19036397645185D+00
  0.16145139107045D+00  -.17567469207459D+00  -.36604882489338D-01
  -.18714411950647D-01  0.34264848756422D-01  0.15356722375410D-01
  0.13508228563978D-01  0.69740346669430D-01  0.86899339034744D-01
  -.42108781640587D-01  0.62330387302052D-01  0.92298719678324D-01
  0.98716144681295D-01  -.42330484492697D-01  -.10096726161247D+00
  0.57963552486750D-01  -.11061260089341D+00  -.45701909188965D-01
  0.35003063644231D+00  -.17852692829254D+00  -.31542524522420D-01
  -.44806005087045D+00  0.14226555244597D+01  -.21186204307659D+00
  -.10513697363030D+00  -.29780524323814D+00  0.13709237025103D+01
  -.46711469980964D+00  0.61118024203662D-01  0.57758398263204D-01
  0.14241425600345D+00  -.61876776080463D+00  -.33078635047306D-01
  0.12283640485958D+00  0.20638755174732D+00  -.11036171669225D+01
  -.43036293948368D+00  0.12985046660163D+00  -.34675945602009D-01
  0.30209156522858D+00  -.11131370348637D+01  0.39139352705407D+00
  0.19374175322900D-01  0.23349455404976D+00  -.47086430670072D+00
  0.15081691221130D+01  0.39441750993632D-01  0.52922797564206D+00
  0.37521737212028D+00  0.13740540531891D+01  -.25704564072063D+00
  0.51736247132676D+00  -.23435843180451D+00  0.54946685125323D+00
  -.10335578999774D+01  -.16752398811764D+00  -.21199277071183D+00
  -.55673395695394D+00  -.89807205500930D+00  -.13967104437714D-02
  -.23578337566542D+00  0.64240271125016D-01  -.40059032580424D+00
  -.92032791639779D+00  0.26044342717992D+00  -.32754029774750D+00
  0.26797847164650D+00  -.63315903695308D+00  0.27567701036039D+00
  -.37059631995217D+00  0.23999540016832D+00  -.54966320302377D+00
  -.96783387782692D-01  -.57080300495310D-01  0.35253910333769D-01
  -.87234288290347D-01  0.75558567795355D-01  -.16994389297607D-01
  0.72798663002490D-01  0.78555434470633D-02  0.51498617673579D-01
  0.89951009477784D-01  0.31527024836517D-01  0.16670650009343D-01
  -.50294829633970D-01  -.31450011221046D-01  -.65751253445430D-02
  -.13831364363813D-01  -.85884577615343D-01  -.10702343123029D+00
  -.78127518360416D-02  0.12831764597048D+00  -.71917413143956D-01
  -.54121665974676D-01  -.10824853657252D+00  0.35600034857467D-01
  -.44467176614939D-01  0.66256604876906D-01  -.20282790964524D-01
  -.38161769260931D-01  -.34059402122208D-01  -.32982362266517D-01
  0.57191604244533D-01  -.53550482160414D-01  -.16349767301807D-01
  -.94175640817959D-02  0.69762528795873D-02  0.53263107418597D-01
  -.10086752059595D+00  0.12683787587366D-01  0.53900084309642D-01
  0.13644533545893D+00  0.35563150219238D-01  0.63538663940553D-01
  0.13591010698893D+00  0.14148255529935D-01  -.14342493504605D+00
  -.53602990954388D-01  -.37303799404213D-01  0.53573613972156D-01
  -.72101057118058D-01  0.68347876102578D-01  0.77124311059776D-02
  0.12654790860911D+00  0.76943730571568D-02  0.52056553802230D-01
  0.18724936370916D+00  -.25090393833630D-01  0.52814635641052D-01
  0.15863784213377D-02  0.28055105382116D+00  0.52474001145092D-01
  0.14613602960450D+00  0.34666369682438D-01  0.25234903368665D+00
  0.30684936828984D+00  0.94820206962649D-02  -.46432234285707D-02
  0.90177975430672D-01  0.29007243052963D+00  0.57951337929939D-01
  -.32148054888998D-01  0.43365453124748D-01  0.15924711527480D+00
  0.22881119436125D+00  -.14209115400419D-01  0.17093900492396D-01
  -.32798433345228D-02  0.26822116549999D+00  0.20664881275301D-03
  -.16843140833379D-01  0.71075630114822D-02  0.25646046693305D+00
  0.18817209290580D+00  0.12939850479003D-01  -.61387318744237D-01
  0.20153475698941D-01  0.29966670735296D+00  0.67288511350167D-02
  -.71613884760232D-01  0.14991369487524D-01  0.24364212066012D+00
  0.48621766047206D-01  -.57200551362860D-01  -.10909734936009D-01
  -.75193412858922D-01  -.15767072891925D-01  -.58172624825587D-01
  -.21826044804177D-01  -.66129937067981D-01  0.91963850010506D-01
  0.95535015670803D-01  0.57084899131326D-01  0.36003177599060D-01
  0.33331105193613D-01  0.55810898897451D-01  -.42833043572005D-01
  0.50140803756006D-01  -.32050309632727D-01  0.83192735724126D-01
  0.55856790789535D-01  -.62471514202166D-01  -.24020310024953D-01
  -.84950109569268D-01  -.35154525739451D-01  -.61056948478308D-01
  -.60523040077230D-01  -.73767749646989D-01  0.78990939580978D-01
  -.50958087861598D-02  0.37263895742078D-01  0.59718808337827D-01
  0.11598882074747D+00  0.35887368481193D-01  -.66933911748011D-01
  0.93252465109379D-01  -.70602779878767D-01  0.66376378727256D-01
  0.11532137387771D+00  0.23714523275881D-01  -.13004835691222D-01
  0.91058024294259D-01  0.22193020519769D+00  -.33085006617598D-01
  -.61981298502019D-02  0.22034790244082D-01  0.23150141016649D+00
  0.23008507524923D-01  -.97110403314084D-01  -.41393449560150D-02
  0.12485949442180D-01  0.56497706399368D-01  -.17465261788436D-01
  0.30124442028057D-01  0.68648666595440D-01  -.88074478930393D-02
  0.37318696469917D-01  -.13479575746809D-02  0.18879494373765D-01
  -.41347182933838D-01  -.37512615206666D-01  0.62312424604406D-01
  0.55855287787600D-01  0.48436476474880D-01  0.41442557721322D-01
  -.25806516363845D-01  0.70398920241433D-01  0.29601150824560D-01
  0.19854287214940D-01  -.90996900728657D-02  -.11579730721223D+00
  -.70928929097709D-02  -.76149137149076D-01  -.40415312018262D-01
  0.73289845340688D-01  -.34737962708496D-01  0.21161838300477D-01
  -.57987750002577D-01  0.11647709340234D-01  0.99224987848625D-02
  0.63954214286502D-01  0.25823098772797D-01  0.21861003357205D-01
  -.34127217789919D-01  0.13106243155887D-01  -.71085829047939D-01
  0.77977935848241D-01  0.47744936116067D-01  0.20550884365011D-01
  -.69375245591460D-01  0.62003579369256D-02  -.35629678804079D-01
  0.38065722366143D+00  -.27139145594439D-01  -.13682113337346D-01
  -.41143687528121D-01  0.32145605662312D+00  -.16361548072646D-01
  0.12768515624813D-02  -.47296570944298D-01  0.17396230510954D+00
  0.24054638480518D+00  -.10747829176715D+00  0.81639831004623D-02
  -.36289479250164D-01  0.27012525743220D+00  -.12216071809933D-01
  -.16083206589420D-01  -.36917738354173D-01  0.32310639590511D+00
$end
