$energy      SCF               SCFKIN            SCFPOT
     1 -1014.304398248      1010.234400089     -2024.538798337
     2 -1014.309885324      1010.397899030     -2024.707784354
     3 -1014.310978713      1010.313238307     -2024.624217020
     4 -1014.312557661      1010.339394969     -2024.651952630
     5 -1014.313258249      1010.341597007     -2024.654855256
     6 -1014.313997036      1010.363092486     -2024.677089521
     7 -1014.314655626      1010.351340638     -2024.665996263
     8 -1014.314895996      1010.360562473     -2024.675458469
     9 -1014.315142735      1010.352959968     -2024.668102703
    10 -1014.315419029      1010.337859013     -2024.653278042
    11 -1014.315590611      1010.329018850     -2024.644609461
    12 -1014.315839894      1010.311558476     -2024.627398370
    13 -1014.316112753      1010.308469841     -2024.624582594
    14 -1014.316298336      1010.311533736     -2024.627832072
    15 -1014.316646662      1010.317846149     -2024.634492811
    16 -1014.316966237      1010.322715399     -2024.639681636
    17 -1014.317167698      1010.329082838     -2024.646250535
    18 -1014.317251847      1010.321649211     -2024.638901059
    19 -1014.317354023      1010.314029522     -2024.631383545
    20 -1014.317450487      1010.302764565     -2024.620215053
    21 -1014.317575844      1010.299648606     -2024.617224450
    22 -1014.317698233      1010.309521541     -2024.627219774
    23 -1014.317750175      1010.307567288     -2024.625317464
    24 -1014.317808899      1010.314604235     -2024.632413134
    25 -1014.317878098      1010.317423076     -2024.635301175
    26 -1014.317938066      1010.322806189     -2024.640744254
    27 -1014.318002105      1010.324109633     -2024.642111739
    28 -1014.318053008      1010.330141272     -2024.648194280
    29 -1014.318103047      1010.331440717     -2024.649543765
    30 -1014.318164320      1010.334034095     -2024.652198415
    31 -1014.318228387      1010.335096827     -2024.653325213
    32 -1014.318288377      1010.340671716     -2024.658960093
    33 -1014.318352074      1010.346253202     -2024.664605276
    34 -1014.318408007      1010.357322885     -2024.675730893
    35 -1014.318470709      1010.366149850     -2024.684620559
    36 -1014.318537056      1010.368533268     -2024.687070324
    37 -1014.318601841      1010.358036439     -2024.676638280
    38 -1014.318654655      1010.342410808     -2024.661065463
    39 -1014.318692972      1010.335546616     -2024.654239588
    40 -1014.318761758      1010.327837634     -2024.646599393
    41 -1014.318807620      1010.330919963     -2024.649727582
    42 -1014.318829036      1010.330792662     -2024.649621698
    43 -1014.318857132      1010.337788953     -2024.656646085
    44 -1014.318885658      1010.338990003     -2024.657875661
    45 -1014.318900343      1010.334061268     -2024.652961610
    46 -1014.318915322      1010.334372665     -2024.653287986
    47 -1014.318935444      1010.328760061     -2024.647695506
    48 -1014.318952354      1010.327319282     -2024.646271636
    49 -1014.318981741      1010.328666521     -2024.647648262
    50 -1014.319006630      1010.332709189     -2024.651715819
    51 -1014.319032238      1010.334343528     -2024.653375766
    52 -1014.319062230      1010.331174664     -2024.650236893
    53 -1014.319095461      1010.324169050     -2024.643264511
    54 -1014.319135655      1010.313271537     -2024.632407192
    55 -1014.319165802      1010.309277258     -2024.628443060
    56 -1014.319218706      1010.310553824     -2024.629772529
    57 -1014.319270992      1010.315639749     -2024.634910741
    58 -1014.319304453      1010.320823286     -2024.640127739
    59 -1014.319347325      1010.318153227     -2024.637500551
    60 -1014.319374410      1010.317441992     -2024.636816403
    61 -1014.319420169      1010.317152347     -2024.636572516
    62 -1014.319474587      1010.311798364     -2024.631272952
    63 -1014.319514908      1010.319305526     -2024.638820434
    64 -1014.319579094      1010.326099959     -2024.645679053
    65 -1014.319610609      1010.329886401     -2024.649497010
    66 -1014.319651774      1010.326668584     -2024.646320359
    67 -1014.319686808      1010.320903169     -2024.640589977
    68 -1014.319720420      1010.322257650     -2024.641978071
    69 -1014.319749266      1010.314939641     -2024.634688907
    70 -1014.319772309      1010.352064294     -2024.671836603
    71 -1014.319803607      1010.320585307     -2024.640388914
    72 -1014.319837485      1010.310789602     -2024.630627087
    73 -1014.319908464      1010.327668326     -2024.647576790
    74 -1014.319963540      1010.323882445     -2024.643845985
    75 -1014.319999503      1010.315569273     -2024.635568775
    76 -1014.320056636      1010.329476165     -2024.649532801
    77 -1014.320244367      1010.327607019     -2024.647851387
    78 -1014.320327365      1010.319198216     -2024.639525582
    79 -1014.320380610      1010.320708596     -2024.641089206
    80 -1014.320446558      1010.319441824     -2024.639888382
    81 -1014.320547690      1010.314111477     -2024.634659167
    82 -1014.320576210      1010.324619260     -2024.645195470
    83 -1014.320607780      1010.292307988     -2024.612915768
    84 -1014.320630760      1010.321433807     -2024.642064566
    85 -1014.320643240      1010.326143855     -2024.646787094
    86 -1014.320677715      1010.319308216     -2024.639985931
    87 -1014.320692129      1010.319818993     -2024.640511122
    88 -1014.320717539      1010.320382237     -2024.641099775
    89 -1014.320734561      1010.322291241     -2024.643025803
    90 -1014.320755564      1010.326558543     -2024.647314108
    91 -1014.320767656      1010.326896322     -2024.647663978
    92 -1014.320783953      1010.329181392     -2024.649965345
    93 -1014.320818918      1010.329050362     -2024.649869281
    94 -1014.320841586      1010.327847529     -2024.648689114
    95 -1014.320867106      1010.326710368     -2024.647577474
    96 -1014.320895128      1010.324815709     -2024.645710838
    97 -1014.320916502      1010.330942419     -2024.651858921
    98 -1014.320927585      1010.330452308     -2024.651379893
    99 -1014.320939922      1010.332882362     -2024.653822284
   100 -1014.320947845      1010.336737506     -2024.657685351
   101 -1014.320956417      1010.342891360     -2024.663847777
   102 -1014.320963007      1010.344755962     -2024.665718969
   103 -1014.320967459      1010.345197917     -2024.666165376
   104 -1014.320974235      1010.341543774     -2024.662518009
   105 -1014.320981317      1010.336383368     -2024.657364685
   106 -1014.320983958      1010.334017285     -2024.655001243
   107 -1014.320986627      1010.331896145     -2024.652882772
   108 -1014.320994625      1010.331379143     -2024.652373768
   109 -1014.321003125      1010.332790095     -2024.653793221
   110 -1014.321005366      1010.332436690     -2024.653442057
   111 -1014.321009021      1010.331398506     -2024.652407527
   112 -1014.321011598      1010.331151450     -2024.652163048
   113 -1014.321015245      1010.331644394     -2024.652659639
   114 -1014.321017349      1010.331332809     -2024.652350158
   115 -1014.321019968      1010.330978094     -2024.651998062
   116 -1014.321022477      1010.330531783     -2024.651554259
   117 -1014.321023799      1010.330693159     -2024.651716958
   118 -1014.321025263      1010.329976607     -2024.651001870
   119 -1014.321026814      1010.329468492     -2024.650495306
   120 -1014.321028957      1010.329774569     -2024.650803526
   121 -1014.321032958      1010.330758301     -2024.651791259
   122 -1014.321036652      1010.332685069     -2024.653721721
   123 -1014.321038473      1010.334651787     -2024.655690261
   124 -1014.321039775      1010.336098805     -2024.657138580
   125 -1014.321041922      1010.336790990     -2024.657832913
   126 -1014.321044612      1010.337905350     -2024.658949963
   127 -1014.321047028      1010.336092218     -2024.657139246
   128 -1014.321051023      1010.334257922     -2024.655308944
   129 -1014.321055497      1010.329830183     -2024.650885680
   130 -1014.321060959      1010.325730391     -2024.646791350
   131 -1014.321064922      1010.326388684     -2024.647453605
   132 -1014.321068793      1010.327664828     -2024.648733622
   133 -1014.321071928      1010.330337805     -2024.651409733
   134 -1014.321075261      1010.331583441     -2024.652658703
   135 -1014.321082556      1010.335681268     -2024.656763824
   136 -1014.321087237      1010.331566247     -2024.652653483
   137 -1014.321092158      1010.324327688     -2024.645419846
   138 -1014.321095625      1010.326035825     -2024.647131451
   139 -1014.321100387      1010.329015494     -2024.650115881
   140 -1014.321102675      1010.327717135     -2024.648819810
   141 -1014.321104296      1010.328413854     -2024.649518151
   142 -1014.321105374      1010.328260877     -2024.649366251
   143 -1014.321106295      1010.327598158     -2024.648704453
   144 -1014.321107861      1010.326581049     -2024.647688910
   145 -1014.321108311      1010.325316737     -2024.646425048
   146 -1014.321109153      1010.326423266     -2024.647532419
   147 -1014.321110367      1010.326375082     -2024.647485449
   148 -1014.321111747      1010.326682996     -2024.647794743
   149 -1014.321112896      1010.327733784     -2024.648846679
   150 -1014.321113860      1010.329971593     -2024.651085453
   151 -1014.321114588      1010.330791240     -2024.651905828
   152 -1014.321115317      1010.330358155     -2024.651473472
   153 -1014.321115951      1010.329481745     -2024.650597696
   154 -1014.321117068      1010.329165532     -2024.650282600
   155 -1014.321117873      1010.330348223     -2024.651466096
   156 -1014.321118032      1010.330392345     -2024.651510378
   157 -1014.321118323      1010.331820088     -2024.652938410
   158 -1014.321118645      1010.331402930     -2024.652521575
   159 -1014.321119422      1010.331833071     -2024.652952493
   160 -1014.321119789      1010.332210112     -2024.653329901
   161 -1014.321120147      1010.332929662     -2024.654049808
   162 -1014.321120546      1010.332742931     -2024.653863477
   163 -1014.321120714      1010.332824785     -2024.653945499
   164 -1014.321120796      1010.332581137     -2024.653701933
$end
