$hessapprox
  0.787084805287D+00 -0.284405238015D-02  0.299639996826D+00 -0.944640355220D-01
  0.155115421343D+00  0.641839248864D+00 -0.423246861613D+00  0.478164333756D-01
  0.108952955937D+00  0.860037017095D+00  0.145527973671D-01 -0.325344284474D-01
 -0.226569425651D-01  0.326036782777D-02  0.278312505917D+00 -0.877861630827D-02
 -0.339253038695D-02 -0.106551741122D+00 -0.228793423851D-01  0.134154790202D+00
  0.645088177822D+00  0.776043921901D-02  0.285300039598D-01  0.317438741758D-01
 -0.132919574736D+00  0.185246196294D-01  0.725532757516D-01  0.562357847172D+00
 -0.109337004424D-01 -0.179831435391D-01 -0.291775564038D-02 -0.107128411036D-02
 -0.791093171492D-01 -0.647258761983D-01 -0.517432185347D-02  0.273763074732D+00
  0.651409893758D-01 -0.116438970673D-01 -0.187332175830D-01  0.184278656191D-01
 -0.602850973004D-01 -0.266486577832D+00 -0.608091523183D-01  0.166767819805D+00
  0.603400743451D+00 -0.537619978514D-01 -0.971954332855D-02  0.369013555558D-02
  0.942468575766D-01 -0.351316199625D-01 -0.353842035687D-01 -0.127180866526D+00
  0.495981099541D-01  0.102770766135D+00  0.774055960111D+00  0.171021156670D-02
 -0.310136199616D-01 -0.776308126589D-03 -0.201792036129D-02 -0.354633964461D-01
 -0.350328942216D-01 -0.991801030504D-02 -0.733304217023D-01 -0.131753390652D-02
 -0.691326829187D-01  0.516126653946D+00 -0.145775878059D-01 -0.302041005750D-02
 -0.663591553565D-02 -0.157082072953D-01 -0.426441606303D-01 -0.971356109852D-01
 -0.175700175295D-02 -0.234551319613D-01 -0.967435326734D-01 -0.284847928389D+00
  0.258533179849D+00  0.948119584217D+00 -0.116907838090D-01 -0.224297161436D-01
  0.463196434743D-02  0.190137660450D-01 -0.294330448576D-01  0.270660630200D-01
  0.285252116065D-01 -0.127790641670D-01 -0.197983815789D-01 -0.162741927495D+00
  0.108449430701D+00  0.185951089137D+00  0.341342084601D+00 -0.105998118602D-02
 -0.115581480200D-01  0.884204304407D-02  0.593707667942D-02 -0.928076037088D-03
  0.300709740495D-01  0.224718390661D-02  0.159709329469D-02 -0.256074737134D-01
  0.106589732456D+00 -0.188460020658D+00 -0.203201770469D+00 -0.550275352320D-01
  0.337730098934D+00  0.211178784784D-03 -0.319757860594D-01 -0.164193509888D-01
  0.149995012401D-01  0.152830950699D-02  0.513485467743D-01 -0.247150568606D-01
 -0.108568916893D-01 -0.817811003110D-01  0.234416235767D+00 -0.207174947326D+00
 -0.556194285340D+00 -0.182233461645D+00  0.284315318932D+00  0.817220900624D+00
  0.294971002815D-02 -0.283947582548D-01 -0.261783310142D-01 -0.944288453454D-01
  0.951738880987D-02  0.650210960282D-01 -0.432116620593D-01 -0.223222966174D-01
 -0.494464006417D-01 -0.247924815199D+00  0.225193354099D-01  0.817239367306D-01
 -0.144081426042D-01  0.181089667089D-01  0.175619078250D-01  0.569960587043D+00
 -0.394518968018D-01 -0.357776803488D-01 -0.213203020866D-01 -0.498288569847D-02
 -0.171683028845D-01 -0.416553104455D-02 -0.152264694511D-01  0.193439927780D-01
 -0.171542104076D-01 -0.565454515487D-01 -0.817161109984D-01  0.697107920998D-02
  0.588378418691D-01  0.398575294472D-01 -0.386222285276D-02 -0.945082999312D-02
  0.232747179565D+00 -0.437888276707D-01 -0.304625199070D-01 -0.213597664738D-01
  0.177400496879D-01  0.476946594287D-02 -0.499823707009D-01 -0.241893335283D-01
  0.941658244666D-02  0.474291839368D-01  0.219984849712D-03 -0.168158216541D-01
 -0.118493058374D+00  0.544966788216D-01 -0.233980188765D-01  0.512430872129D-02
 -0.144896336015D+00  0.171888549452D+00  0.560100816440D+00 -0.135520066136D+00
 -0.261436291741D-01 -0.734193373855D-01 -0.230332043114D-01 -0.159374291880D-02
 -0.101011499128D-01 -0.118375304341D-01 -0.110467453383D-02  0.687668414511D-02
 -0.970281812344D-01  0.311022543152D-01  0.670865960831D-01 -0.823483874510D-02
 -0.323962032122D-02  0.854565759859D-02 -0.872970499006D-01  0.527216110036D-01
  0.993464694496D-01  0.748245063053D+00  0.260462390707D-01 -0.968033254030D-01
 -0.446817190383D-01 -0.197131126860D-01  0.187520783624D-01 -0.241791497264D-01
 -0.168895791329D-01  0.774251412911D-02 -0.683478973105D-02  0.818923517572D-01
 -0.299146895489D-01 -0.310705797215D-02 -0.110402381996D-01  0.992770083170D-03
  0.794118980929D-03 -0.387983476591D-02 -0.137505445613D+00 -0.805857021865D-01
 -0.511203780081D-01  0.354848893993D+00  0.161492633463D-01 -0.294856680682D-01
 -0.180683895666D+00 -0.260618703880D-01  0.352483335635D-02  0.438235918434D-01
 -0.208345017639D-01 -0.100883256968D-01 -0.557460975159D-01  0.952878542603D-01
  0.919602038684D-03 -0.667346717995D-01 -0.210156281047D-01  0.423726764188D-02
  0.594904734373D-01  0.237365547731D-01 -0.113972518864D+00 -0.304712249290D+00
 -0.106866035122D+00  0.171743174761D+00  0.698653482452D+00 -0.223183913446D-01
  0.316265605890D-02  0.301594641650D-01 -0.292142718082D-01 -0.182665555135D-01
 -0.670596645674D-02 -0.273270650331D-01 -0.772736294668D-01 -0.348821542207D-01
 -0.596738962162D-01 -0.461718875264D-01  0.182865030595D-01  0.117291329725D-01
  0.248001032335D-01 -0.773577589619D-01  0.693053450916D-02 -0.770571887680D-02
 -0.355568739295D-01 -0.392621638602D+00 -0.179379795846D-01  0.264166023731D-01
  0.156712830858D+01 -0.195203482632D-01  0.119377738429D-01  0.680466675871D-02
 -0.573479205577D-02 -0.112018058336D-01  0.715866937129D-02  0.109816305991D-01
 -0.246035951557D-01  0.107501089462D-02 -0.303640816332D-01 -0.398898310629D-01
 -0.200208389939D-01 -0.327227726316D-01 -0.395905613431D-01 -0.203878829047D-01
  0.358851578112D-01 -0.180494231877D-02  0.138482767936D-01  0.161632347115D-01
 -0.596950995047D-01 -0.725579607742D-01 -0.377100390910D-01  0.343907823656D+00
 -0.613269548035D-01  0.366830449573D-01  0.295925329945D-01  0.644924249859D-02
 -0.259808455497D-01  0.601382151006D-02  0.340939758428D-01 -0.401412772562D-01
  0.704401515334D-01 -0.225472847266D-01 -0.291608897570D-01  0.276497263292D-01
  0.203010480851D-01  0.788519444227D-02 -0.139489816111D+00  0.776610005720D-01
 -0.787283360182D-01  0.227721396954D-01  0.139483433457D-01 -0.146629126780D-01
 -0.203470017400D+00 -0.626668058739D-01  0.452704402840D+00  0.102042359868D+01
  0.102637340718D-01  0.173819626730D-01  0.309621350095D-02 -0.205881961224D-01
  0.158984166159D-01  0.245639466679D-01 -0.720080884933D-01 -0.750770338545D-03
  0.244092703354D-01 -0.482749133137D-01 -0.293130057953D-01 -0.135841862561D-01
 -0.819311299293D-02  0.156188829101D-01 -0.159435960795D-01 -0.536934733756D-02
  0.305913043076D-02 -0.564735599102D-02 -0.235594077852D-01 -0.226780195557D-01
 -0.114705218419D-01 -0.322549933981D-02  0.143005900079D-01  0.241218776944D-01
  0.483977432070D+00 -0.225721380364D-01 -0.108670713473D-01  0.417422152914D-02
  0.442286099074D-03  0.466240138205D-03  0.126679035318D-01  0.497145353624D-02
 -0.604892475998D-01 -0.192506353033D-01  0.404831666454D-02  0.986898295277D-02
  0.191799277850D-01  0.166049432741D-01 -0.170970023767D-02  0.338220342309D-03
  0.366631907235D-02  0.243110254375D-01  0.734714936176D-02  0.546458102722D-02
 -0.141927881361D-01 -0.291602317190D-01 -0.896853794909D-02 -0.617885857322D-02
 -0.202704010286D-01  0.303793108071D-01  0.492760227313D+00 -0.457581674439D-02
 -0.163514128375D-02  0.147364827972D-01  0.369624347347D-01  0.843424613056D-02
  0.833059375494D-02  0.393495644969D-01 -0.122397904243D-01 -0.989959187047D-01
 -0.226955916914D-01  0.177949351959D-01  0.751253187670D-02  0.453380461250D-02
  0.252366965659D-02 -0.441095182123D-01 -0.153411286458D-01 -0.112133165693D-01
 -0.763128483438D-02 -0.906611463729D-02  0.167533688100D-03 -0.913075394171D-02
  0.475931652091D-02 -0.751901794968D-02  0.300364371690D-01 -0.108249194781D-02
  0.104132121913D+00  0.553658862432D+00 -0.869239087016D-02  0.261802450701D-02
  0.244164783051D-01 -0.116390779057D-02  0.114996854650D-01 -0.360627061807D-02
 -0.212870885101D-01 -0.148854357073D-01  0.203341302439D-01 -0.820908359054D-02
 -0.110045579865D-01  0.329961257723D-02 -0.179676215884D-01 -0.819107640949D-02
 -0.305228997377D-01 -0.161331694578D-01 -0.851111078270D-02 -0.149039934113D-01
 -0.123786949981D-01 -0.275137918324D-02 -0.109097824487D-02 -0.164389735442D-01
 -0.304358161079D-02 -0.269106421891D-02 -0.254220928084D-01  0.733937766946D-02
  0.186438736449D-01  0.456452635979D+00 -0.183100472656D-01 -0.213591018855D-01
 -0.103974721917D-01 -0.730714492264D-03 -0.809537431238D-02  0.266688149107D-02
 -0.480991794214D-02  0.103487204110D-01  0.128786381569D-02 -0.448400409227D-02
  0.873921605630D-02  0.109757443889D-01  0.230091095756D-01  0.358517547010D-02
  0.220281777324D-01  0.660441021986D-02  0.237277705393D-01  0.121947001096D-02
  0.311226724740D-01 -0.124307713956D-02 -0.334692661803D-02 -0.336434132195D-01
  0.922802472954D-02 -0.629125893308D-02 -0.133527124944D-01 -0.858482364013D-01
 -0.220339300292D-01 -0.112180913086D-01  0.489790134164D+00  0.522898553417D-02
 -0.655623018400D-02 -0.151465714802D-02 -0.927733543798D-02  0.109937413564D-01
 -0.583153037871D-02 -0.162467175307D-02  0.221017916479D-02 -0.123773856780D-01
 -0.392208432240D-01  0.226800049474D-01  0.423428367573D-01  0.311613178481D-02
 -0.177754865828D-01 -0.280480341555D-01  0.195458046418D-01  0.115475919012D-01
 -0.747103757072D-02  0.188064786930D-02 -0.147521653609D-01  0.188484989359D-02
  0.569561099850D-01  0.380352916145D-02 -0.212775256807D-02  0.936696731177D-02
  0.179341104810D-01 -0.603651206247D-01  0.201374566698D-01 -0.312524295467D-01
  0.485006596012D+00  0.223851810139D-02 -0.144144534659D-01  0.158111325635D-01
 -0.172257323566D-01  0.137512887532D-01 -0.395333603130D-02  0.866093828498D-02
 -0.240078553111D-02 -0.581534665242D-02 -0.271823121589D-01  0.617895853238D-03
  0.916698363463D-02 -0.156725070810D-01  0.105833657215D-01 -0.385876289670D-01
  0.173866030999D-02 -0.181823086056D-02 -0.722637832480D-02  0.100876265016D-02
  0.216587276042D-02  0.676418076947D-02  0.225633457201D-02 -0.518687337293D-02
  0.365338933019D-02 -0.372032575088D-01 -0.210817489495D-01  0.409303644473D-02
 -0.443903540310D-01  0.487396144757D-02 -0.193888656089D-01  0.476054073171D+00
 -0.832900906763D-02 -0.383529713839D-02 -0.169888942581D-02  0.462385769115D-02
  0.509813086844D-02 -0.320923841442D-03  0.407314941741D-02  0.129095579865D-01
 -0.469513477276D-02 -0.941630233932D-02  0.577398259342D-02  0.140954228099D-01
  0.100454333254D-01 -0.115639315466D-02 -0.136710210307D-01  0.114507327554D-01
  0.436046097073D-02  0.244110723356D-02  0.155030875590D-01  0.140834724389D-01
  0.480445110939D-02 -0.446660039442D-01  0.529599199540D-02 -0.569275856367D-02
 -0.216182248434D-01 -0.233758991534D-01 -0.289248225764D-02 -0.357559130385D-03
 -0.308310856067D-01 -0.290602388915D-01  0.145792231350D-02  0.504368637013D+00
  0.208433827828D-01  0.172155199463D-01  0.195497271307D-02  0.313650511249D-02
  0.104190790759D-01 -0.157925418689D-02  0.148866554484D-02 -0.309032224212D-02
 -0.116186161930D-02  0.349678299060D-02  0.145771954810D-02 -0.100924098155D-02
 -0.239366671132D-02 -0.308723974214D-01  0.171767591934D-02 -0.735991434899D-02
 -0.139110162287D-01  0.239248254082D-02 -0.112399111374D-01 -0.365663392242D-02
 -0.746750810876D-02 -0.801526007594D-02 -0.243391671326D-02 -0.100383790893D-01
 -0.263527217522D-03  0.188664708113D-01 -0.691117578604D-02 -0.113314150859D-01
 -0.127316988069D-01 -0.682400846934D-01 -0.317155144765D-01  0.378743521943D-01
  0.500560107147D+00  0.142258280570D-01  0.396122802971D-02  0.979419696924D-02
 -0.207563077426D-01  0.353061919169D-02 -0.112756962353D-01 -0.102605587306D-01
  0.140801098572D-01 -0.896279166928D-02 -0.363206251934D-01  0.224260008048D-01
  0.181439136646D-01  0.483142836022D-02 -0.150105974050D-01 -0.582145834280D-01
  0.217211008408D-01  0.670227786255D-02  0.880767636864D-03  0.106635503219D-01
 -0.928825607555D-02 -0.987325122118D-02 -0.914505814296D-02 -0.570311751596D-02
  0.547379830797D-02 -0.459021365692D-01 -0.108858933320D-01 -0.253426245813D-01
 -0.161520588344D-01  0.134900976264D-01 -0.953816051045D-02 -0.339044484136D-01
  0.250035936771D-01  0.561906986104D-02  0.444762643803D+00 -0.264076611815D-02
  0.885471240477D-02  0.545901276961D-02 -0.164305948759D-03 -0.121639498502D-02
  0.129977634588D-01 -0.371324272082D-02  0.512752429115D-02 -0.827982873717D-02
 -0.199795312978D-02  0.801810440000D-03  0.378948078578D-02 -0.808506918807D-03
  0.132125430016D-01 -0.225546948797D-01  0.975613120344D-02  0.148897741346D-01
  0.297206042586D-02  0.120879171132D-01 -0.949392474346D-03  0.554158141579D-02
 -0.972460185618D-02  0.445439010568D-02 -0.533366843668D-02 -0.244036079719D-02
 -0.787199450428D-02  0.133058810129D-01  0.733996165052D-02 -0.129905085442D-01
  0.120436636874D-01  0.998181946984D-02 -0.795377991631D-01 -0.562316637249D-02
 -0.189720286642D-01  0.446591506986D+00  0.100169987078D-01  0.189120816582D-03
  0.459442468294D-02  0.183612761848D-02 -0.727363182094D-03 -0.137923149997D-01
 -0.491256843792D-02  0.615714466355D-02 -0.102177846193D-02 -0.190658525731D-02
  0.878500542366D-02  0.332597227742D-02 -0.709930998358D-03  0.343459337735D-02
 -0.216847938815D-01 -0.406259189752D-02 -0.107831163819D-01 -0.874239678894D-02
 -0.726573939572D-02  0.106379110585D-01  0.123401533749D-01 -0.222459253041D-01
 -0.435707155812D-02  0.564989629569D-02 -0.161205577747D-01 -0.400739056495D-01
 -0.530410776559D-01 -0.137345237656D-01  0.293776781969D-01 -0.165696139833D-01
  0.146009758254D-01  0.107327458990D-01 -0.704277422942D-01  0.362661458618D-01
  0.591341467364D-02  0.542243933646D+00 -0.247591494004D-02  0.112819368992D-02
  0.809403171671D-02 -0.135185781684D-02  0.115708872262D-01 -0.594577292878D-02
 -0.546593431317D-01  0.193381466369D-01 -0.384930276848D-01 -0.123206297500D-01
  0.996999077387D-02  0.108000655388D-01  0.125326933253D-01 -0.860701727423D-02
 -0.416113721158D-01  0.882365119757D-02  0.671847435859D-03  0.350808545865D-02
 -0.168338633116D-03 -0.404368037941D-02  0.213139392816D-02 -0.542833682412D-02
 -0.177277851127D-02  0.298523592130D-01 -0.479990373421D-01  0.177798568436D-01
 -0.249531228912D-01 -0.111015204935D-01  0.182226388529D-02  0.330979368927D-02
 -0.328437955972D-01 -0.217255928997D-01  0.108312712425D-01 -0.907207261716D-01
 -0.301816207153D-01  0.107484982638D-01  0.384614713801D+00  0.224719598608D-02
 -0.532646386746D-02 -0.429757491008D-02  0.815358502821D-02 -0.120893540992D-02
  0.129898504086D-01  0.569325856592D-02  0.271132576793D-02 -0.174112543045D-03
 -0.117049052631D-02  0.200353338067D-01  0.734046292468D-02 -0.100919891539D-01
  0.341898895262D-01 -0.206627330127D-01  0.147863612326D-01  0.226273035059D-01
  0.271240383467D-02  0.101818313243D-01 -0.184605054418D-01  0.956839522992D-02
 -0.471092595536D-01 -0.337330888387D-02 -0.529068464944D-01  0.410110932391D-04
 -0.678835000763D-01  0.143964624207D-01 -0.841517577670D-02 -0.228788174521D-01
  0.206191954661D-01 -0.317804589598D-01 -0.175395419348D-01  0.137756595371D-01
 -0.229507800425D-01 -0.546325047420D-01  0.207414708632D-01  0.561893550271D-01
  0.246630853269D+00  0.178852023631D-01  0.775569812066D-02  0.196426007195D-01
  0.159780443436D-01 -0.154900863709D-01 -0.232272098059D-01 -0.114972391817D-01
 -0.151706219078D-02  0.533498178740D-03 -0.143618627660D-01  0.183741534907D-01
  0.356524906786D-02 -0.283274724401D-02  0.190751457053D-01 -0.459075223958D-01
 -0.175055659409D-01  0.798535122072D-02 -0.805958521826D-02 -0.287052761896D-03
  0.402576137462D-02  0.147530344258D-01 -0.211534406856D-01  0.875623822268D-02
  0.190453852122D-01  0.505892215585D-02  0.140586600232D-01 -0.134034412328D+00
 -0.557893322222D-02  0.293661279896D-01 -0.250645414482D-01  0.308781501880D-02
  0.116147084776D-01 -0.255787089781D-01  0.127613590917D-01  0.730418463659D-02
 -0.402877095382D-01  0.637217562949D-01 -0.778813273656D-01  0.327566860943D+00
 -0.131418721307D-02  0.816874011910D-02 -0.125308813644D-01 -0.217321984191D-02
  0.155849706597D-01  0.891816523635D-02 -0.867298121698D-02  0.842694013413D-02
 -0.107609259348D-01  0.139397587745D-01 -0.351991051910D-02 -0.118570978147D-01
 -0.173039160618D-01 -0.578013349568D-02  0.625942489639D-02 -0.315958036052D-02
 -0.997156670482D-02  0.243396870053D-02 -0.329389919079D-02  0.701895854347D-03
  0.128820626279D-01  0.170586933011D-01 -0.154580550938D-01 -0.738611796609D-02
 -0.108457424720D-01 -0.138189718058D-02  0.563920010922D-02 -0.986978710810D-02
  0.217516179215D-01 -0.115977523816D-01  0.238593883151D-02 -0.663283649902D-04
 -0.833270078724D-02 -0.538788684814D-01 -0.250751284486D-02 -0.447215231910D-02
 -0.249144468372D-01  0.105406232895D-01  0.143350365738D-01  0.454494246827D+00
 -0.716953895582D-02 -0.164857822145D-02 -0.110695688778D-01  0.145313264548D-01
  0.332314583354D-02  0.504832593763D-02 -0.906036580908D-02  0.719645701561D-03
  0.261503380581D-02  0.813580879246D-02 -0.406520319594D-02 -0.101337983960D-01
 -0.731954111223D-02 -0.568438581338D-02  0.117591630646D-01 -0.315786013193D-02
 -0.880855571704D-02 -0.626236390230D-02 -0.471746304576D-02  0.597881891165D-02
  0.845035402337D-02 -0.231328942841D-02 -0.473116640365D-03  0.384229882209D-02
  0.261817472115D-02 -0.220599690647D-01 -0.181921515024D-01 -0.328326618750D-02
 -0.105123561941D-01  0.127936328460D-01  0.959876416790D-02 -0.317469834102D-01
  0.129071991985D-01  0.140250668873D-01 -0.885785429771D-01 -0.133816643511D-01
 -0.122190137438D-02  0.537379002771D-02  0.107709533933D-01  0.216232362169D-01
  0.477867856262D+00 -0.184821453077D-01 -0.447709675867D-02  0.741604404017D-02
  0.665069170006D-02  0.469835151070D-03 -0.680399815914D-02 -0.163711919443D-03
 -0.153799191318D-02 -0.651783287952D-02 -0.203597410321D-02 -0.857820793727D-02
 -0.500922502054D-02 -0.409505434117D-02  0.238199909045D-01 -0.148707232454D-01
 -0.116773038323D-02  0.164959284663D-02 -0.699747173406D-02  0.279542958710D-02
 -0.375741072824D-02  0.619649852842D-02  0.222238163152D-01 -0.506773674217D-02
  0.653896152014D-02 -0.247174994965D-02  0.128901616194D-01  0.225326381689D-01
  0.459550983893D-02 -0.108845997639D-01  0.522582519906D-02  0.745109793118D-02
 -0.100920104798D-02  0.104545464206D-01  0.490075683593D-02 -0.722165506028D-02
 -0.702452214485D-01  0.154566224217D-01  0.492988998069D-02  0.180845636814D-02
 -0.167432326048D-01 -0.379072270300D-02  0.422198023819D+00 -0.320829510716D-01
 -0.944649684809D-02 -0.930227188856D-03 -0.297270488147D-02  0.310110168868D-01
  0.120110217274D-01 -0.116091708082D-01  0.391538604438D-01 -0.186195459070D-01
 -0.377348414742D-02 -0.140174656598D-01 -0.299397170680D-01  0.464252100408D-02
 -0.922093948668D-02  0.751912589145D-01 -0.163517769772D-01  0.872220114881D-02
  0.453470741350D-02 -0.264119082664D-01 -0.108531568978D-03 -0.324259813656D-02
 -0.296578128838D-01 -0.402594147437D-01  0.279271865103D-02 -0.319091097914D-02
  0.509409782357D-02 -0.487338002654D-02  0.137636467471D-02  0.635517906040D-02
  0.721589943847D-02 -0.108504923871D-02 -0.127386010267D-01  0.220054099035D-01
  0.568788698738D-02 -0.157504300129D-01  0.193729206628D-01  0.134588632826D-01
 -0.395659514782D-01 -0.264117623332D-01 -0.894734370669D-02  0.320084154662D-01
 -0.157045745791D-01  0.304864003297D+00  0.271760590313D-01  0.196758456052D-01
  0.236670458249D-01  0.365205439856D-02 -0.543065114195D-02 -0.153439224473D-01
  0.138240895732D-01 -0.412773625026D-01  0.263286875717D-01 -0.116996533248D-01
 -0.402490352310D-01 -0.973429190357D-02 -0.180047741494D-01 -0.475223093734D-01
 -0.473321184204D-01 -0.182298480021D-01 -0.412844074522D-01  0.149780599053D-01
 -0.370878343034D-02  0.497114045878D-02  0.311707920546D-02  0.300412674359D-01
  0.285826164977D-01  0.929914776992D-01 -0.439148995830D-02 -0.176989870029D-01
  0.101264132385D-01  0.739821177541D-02 -0.113845678149D-01 -0.307034358081D-02
  0.521500733928D-02 -0.101826047146D-01 -0.133733840572D-01 -0.153882766458D-01
 -0.124719044883D-01 -0.380127761652D-01 -0.738488817160D-02 -0.356166574467D-01
 -0.566407802456D-02 -0.106948977563D-01 -0.893510217073D-01 -0.182144038580D-01
 -0.213139584824D+00  0.553212123770D+00 -0.380115055329D-02 -0.203841194509D-02
  0.498510706767D-02  0.157854619632D-01 -0.181897299689D-02  0.169732219818D-01
 -0.446558384534D-02 -0.303642637011D-02 -0.151073495814D-01 -0.692678024688D-02
 -0.172555637291D-01  0.191395131264D-01  0.229676359509D-02  0.109934157505D-01
 -0.469552197183D-01  0.817625960228D-03  0.162128893777D-02 -0.948015030483D-02
  0.728364321038D-03 -0.838923944579D-02 -0.440929922815D-02  0.390984107253D-01
  0.103641727898D-01  0.208986670092D-01  0.401864264556D-02 -0.666838367785D-02
  0.138328331110D-01  0.273845010603D-02 -0.171782882628D-02  0.942900739312D-02
  0.118751530249D-01  0.308698103661D-02 -0.134433336689D-01  0.698208259852D-02
 -0.261345559693D-02 -0.333978207824D-01  0.195942043432D-02  0.825042094571D-02
  0.169864320216D-01 -0.320712603260D-01 -0.834559279441D-02 -0.144943468159D+00
 -0.732632075026D-01  0.184371432138D+00  0.469445021558D+00  0.242317105334D-01
  0.138882462115D-01  0.139650776303D-01 -0.306200598658D-03  0.244108573124D-01
 -0.418955176067D-02 -0.186663434643D-01 -0.114862384441D-01 -0.231709697501D-03
 -0.944014793094D-02 -0.554240744748D-02  0.332577730753D-01 -0.261440067674D-01
 -0.768122888803D-03 -0.534892554255D-01 -0.153501063275D-01 -0.135054626262D-01
 -0.713401633653D-02  0.438115142373D-02  0.267073021070D-01  0.125469869243D-01
 -0.248017089309D-01 -0.501716294842D-02  0.149095577327D-01 -0.463865860563D-02
 -0.617854043962D-02  0.357202735257D-02 -0.356364422188D-01 -0.331064678861D-01
  0.224769797018D-01 -0.106790363072D+00 -0.374908756979D-01  0.267105083586D-01
 -0.124628091638D-01 -0.109383201966D-01 -0.908182216625D-02  0.534979888549D-02
 -0.150935267381D-01  0.154474695685D-01  0.742295765191D-02  0.671958256073D-02
  0.536668819022D-02 -0.247162352445D-02  0.570536655315D-02 -0.173495088688D-02
  0.344835451133D+00 -0.352700374221D-02 -0.337122375055D-01  0.187770729665D-01
 -0.105637810656D-01 -0.147793785297D-01 -0.228554170845D-01 -0.192438308540D-01
 -0.108459793211D-01  0.254582826266D-02 -0.188323018252D-01 -0.720748360989D-03
 -0.137585793557D-01 -0.621160058875D-02 -0.439741768011D-01 -0.509310495176D-01
 -0.573285717878D-02 -0.809125132463D-02  0.932340512375D-02  0.684236019841D-02
 -0.131135593967D-02 -0.116024247662D-01  0.639570860327D-01  0.219498974123D-01
  0.165226751190D-01 -0.106548827698D-01  0.193643626044D-01  0.210115691634D-01
  0.247117540792D-02 -0.836880147840D-02  0.375254253929D-02  0.454822257504D-03
 -0.841035736319D-01 -0.426281117273D-02 -0.208117785320D-01 -0.302735442607D-01
  0.274271154348D-01 -0.551710449614D-02 -0.337386217110D-01  0.825068098949D-02
 -0.821778122097D-02  0.615775092395D-02  0.926603521638D-02 -0.225115808203D-01
  0.260209353064D-01  0.315565126017D-02  0.645485895445D-01  0.370143880313D+00
  0.271788248749D-02  0.579444809860D-01 -0.403399144197D-02  0.240552723146D-01
  0.534431297900D-02 -0.101651426666D-01  0.101980657938D-01 -0.323982805374D-01
  0.922218361212D-02 -0.213854742973D-01 -0.156990302228D-01 -0.375884549122D-01
 -0.201634888655D-01 -0.454394937397D-01  0.294748149922D-01 -0.299983391584D-01
 -0.305318441428D-01  0.334900771582D-01 -0.500392618440D-02 -0.150726372267D-02
 -0.121039367769D-01 -0.197884491711D-01  0.728969224987D-02  0.196154568379D-01
 -0.216245765725D-03 -0.142113450343D-01  0.645456026749D-03 -0.105578759489D-01
 -0.116222483130D-01 -0.201540404851D-01  0.446542250614D-01 -0.257610002229D-02
 -0.111314727351D+00  0.145359709371D-01 -0.333263463476D-02 -0.123129408821D-01
 -0.147136334903D-02 -0.283608481701D-01 -0.213383011162D-02 -0.178375555676D-02
  0.606829710443D-02 -0.210286559876D-01  0.298858577998D-02  0.499469617981D-01
 -0.174243105026D-01 -0.144671249623D+00  0.171984233802D+00  0.501768050222D+00
 -0.282596219319D-01 -0.347625933130D-01 -0.103960436982D-01 -0.637411783486D-03
  0.346277873749D-03  0.139124509581D-01 -0.227791193831D-01  0.124215188815D-01
 -0.892299102056D-02  0.234616373044D-02  0.574468343930D-02 -0.130543651957D-01
 -0.191974932964D-01  0.179925375463D-02  0.340169647821D-01  0.111326200092D-02
  0.247997518970D-01  0.134266474176D-01  0.127552800178D-01 -0.323659122093D-02
 -0.378177444514D-02 -0.945235581824D-01 -0.322041843506D-02 -0.319277084012D-01
 -0.233523450538D-01  0.523121804798D-03  0.593216134311D-02 -0.109003285331D+00
  0.715940750857D-01 -0.157938505883D-01 -0.293458149121D-01  0.468919412037D-01
 -0.158523084459D-01 -0.120227547081D-01  0.512021613378D-02 -0.182232352021D-01
 -0.861117864112D-02  0.103953483138D-01  0.147613823071D-02  0.141340903786D-01
 -0.201848537733D-02 -0.882780141405D-02  0.189946806690D-01  0.130454673227D-02
 -0.588938180422D-02 -0.578266898900D-02 -0.123443228371D-01 -0.146349769365D-01
  0.221268705275D+00  0.133684001826D-01  0.307528351758D-02  0.237704470592D-01
 -0.117910150974D-01 -0.828091601473D-02 -0.774433784990D-03  0.119807040473D-01
  0.265805862894D-01  0.354159492534D-02 -0.924971372011D-02  0.181192018371D-01
  0.530493800654D-02  0.163978921158D-01 -0.140580394912D-01 -0.787239100338D-02
 -0.758537584709D-03 -0.162224249247D-01 -0.145361977969D-01 -0.763112917913D-02
  0.543356681655D-02  0.791550620545D-02  0.556672408641D-01 -0.154865434562D-01
 -0.714338071713D-02  0.184513918568D-01 -0.354298948351D-01 -0.118876130432D-01
  0.439256301295D-01 -0.139888762652D+00 -0.430053191235D-03 -0.651612602351D-02
 -0.716345098020D-02  0.933057482356D-02  0.128647924210D-01  0.870371707782D-02
  0.434801645237D-02  0.153459725427D-01  0.294678760749D-02 -0.101605214105D-01
  0.218417751440D-03  0.151716819825D-01 -0.356426328567D-02  0.532376765156D-01
 -0.397942709846D-01 -0.241715733646D-01 -0.894601008950D-02  0.275143807750D-03
 -0.164501951357D-01 -0.115117087711D+00  0.281675367508D+00  0.293698823503D-02
  0.161989481352D-02  0.585766934030D-02  0.448452042754D-02 -0.348702945068D-02
 -0.142028687739D-01 -0.184502706570D-02  0.713335540369D-02 -0.117160798957D-01
 -0.322139847739D-02  0.214539627703D-01  0.870610813576D-03 -0.370253068864D-01
  0.175321527034D-01 -0.322465497293D-01 -0.150760277936D-01 -0.149334972624D-02
  0.600966944646D-02 -0.529280896701D-02  0.219276495286D-02  0.204087960321D-01
  0.529827992267D-02 -0.840470987531D-02 -0.462064330502D-01  0.434947148734D-02
 -0.112055018384D-01  0.251194682435D-02  0.899963785787D-02 -0.271813439427D-01
 -0.626943667986D-01 -0.567189603062D-02  0.591587645667D-02 -0.866773391153D-02
  0.282102910658D-02  0.907592546751D-02  0.151757821298D-01 -0.324155198938D-02
  0.358661534334D-01  0.225383720575D-01 -0.709918990841D-02 -0.230579010575D-03
  0.643301754850D-02 -0.266116586407D-01 -0.377295520119D-01  0.918999742954D-02
  0.154980121975D-01 -0.884330008435D-02 -0.901171897547D-02 -0.427085050647D-01
  0.437023773676D-01  0.169877629803D+00 -0.417369565683D-02 -0.172701625323D-01
  0.148162534886D-01 -0.811216177437D-02 -0.636352511026D-02 -0.590545585375D-02
 -0.131638827184D-02  0.186701923560D-01 -0.134976398030D-01 -0.924282782234D-02
  0.677497424839D-02  0.762326612059D-02  0.499065140559D-02 -0.457541445899D-01
  0.553481389604D-02  0.606376255223D-02  0.647078788501D-02  0.725724350402D-02
  0.100071181321D-02 -0.594263515791D-02  0.100574988925D-01  0.331982284702D-01
  0.539478318611D-02 -0.222865601599D-01 -0.539056971118D-02 -0.308942766707D-02
  0.232224777216D-01 -0.704805006462D-01 -0.108044051483D-02  0.318065716115D-01
 -0.952644160399D-02 -0.172183822116D-02 -0.306470776752D-01  0.731057616209D-02
 -0.364680226438D-03 -0.756540983402D-04  0.165353873944D-01 -0.220010575161D-01
 -0.453756695552D-02 -0.172104934287D-02  0.206230840162D-02 -0.187518379008D-02
  0.370188254926D-02  0.308368169240D-02  0.630483292724D-02 -0.631293940124D-02
  0.200081173921D-01 -0.665596651142D-02 -0.137590798375D-01  0.184268160335D-01
  0.431278508351D-01  0.124153518446D+00  0.237832690074D-01 -0.165180499884D-01
  0.295892778945D-01  0.589387697787D-02 -0.620701405781D-02  0.832026935927D-02
  0.865439994928D-03 -0.317969139425D-02  0.583086981753D-03 -0.196345100756D-02
 -0.688284410500D-02 -0.308904394777D-01  0.649016354342D-02  0.358952280755D-02
  0.728212439193D-02 -0.903749462904D-02  0.106782219830D-01 -0.214854606147D-01
 -0.424388847949D-02 -0.329754578481D-02 -0.125282380451D-01 -0.129203530343D-01
  0.102165012860D-01 -0.264026542032D-01 -0.205377240985D-02 -0.800878293799D-03
  0.442222115189D-01  0.777430745873D-03 -0.730965654353D-01  0.120881586810D-01
 -0.153166792660D-02 -0.367990815275D-02 -0.907265983655D-02 -0.206410243252D-02
  0.270749618396D-02 -0.401001460680D-02 -0.101466231077D-01 -0.299976833151D-02
  0.207307182826D-01 -0.127046696405D-01 -0.359997077017D-02  0.321351078865D-02
 -0.229252732680D-01  0.178920066184D-01  0.532703403800D-02 -0.958669932164D-02
  0.254187523020D-01 -0.238363469434D-02  0.263937701852D-01  0.809197041686D-04
 -0.575712386552D-01 -0.982673131950D-02  0.128311064663D+00 -0.197581762463D-01
 -0.249449992846D-01 -0.249795453926D-01 -0.206854285808D-01 -0.320248507254D-02
  0.330958573067D-02 -0.141669154406D-01  0.153788228475D-01 -0.202196166607D-01
  0.295696832193D-01 -0.330885549946D-01 -0.279541674587D-01 -0.102325319948D-01
  0.276812414077D-01  0.765823876265D-01  0.578004306818D-02  0.146219690039D-01
  0.956755043646D-02  0.952467295714D-02  0.211526270907D-01  0.607497747269D-02
 -0.300642557551D-01 -0.108767209079D-01 -0.483399341165D-01 -0.109059812087D-01
 -0.972623777091D-02 -0.465778465432D-01  0.410263834258D-02  0.249152525759D-01
 -0.207132938763D+00 -0.990453483331D-03  0.233276883082D-01 -0.422644376771D-01
 -0.113954937889D-01  0.256796408473D-02  0.201542251451D-02 -0.513958757028D-02
  0.998879816636D-02 -0.141525024899D-01 -0.726742510314D-02 -0.219369974065D-01
  0.790040364622D-03 -0.148938049871D-01  0.773629824965D-02  0.223063247004D-02
  0.264594196225D-02 -0.173709036227D-01 -0.902837179732D-02  0.431003740685D-01
 -0.304370867619D-01 -0.516465707287D-01 -0.383866475977D-01 -0.234702833932D-01
  0.374223619306D+00 -0.776041474830D-01  0.246549078739D-01  0.628586224486D-01
  0.248522147187D-02  0.767465209282D-02  0.215984649800D-01 -0.164081519350D-01
 -0.230601671446D-01  0.874363163997D-02  0.149848354133D-01 -0.280800813667D-01
 -0.501673393287D-01 -0.293490377451D-01 -0.579161289873D-02 -0.660631082027D-02
 -0.203405639660D-01  0.819755416558D-02 -0.533313998005D-01 -0.461826710295D-02
 -0.416392711618D-02 -0.309107544687D-01 -0.376336383963D-01  0.515884006284D-01
  0.469840974588D-01 -0.182116997511D-01 -0.180986978037D-01 -0.719699675704D-02
 -0.851652063745D-02 -0.210596683475D-01 -0.161600747819D-01 -0.154946992499D-01
 -0.170242272706D-01  0.220144366236D-02 -0.426390207663D-02  0.232609578832D-02
  0.759873609587D-02 -0.181604662111D-01  0.188732586898D-01  0.134415438218D-01
  0.350929123939D-03  0.112145192640D-01  0.608726193618D-02  0.532930312651D-02
 -0.416477370136D-01 -0.934148807188D-03 -0.119023809110D-01  0.103025018417D-01
  0.227668232906D-01 -0.102722224845D-01 -0.148452063909D-01  0.213111051506D-01
 -0.166125487412D-01  0.582111164616D-02 -0.437243376787D-02  0.268723190337D+00
  0.291217608082D-01 -0.788518352556D-01 -0.617339188148D-01  0.153481621190D-01
 -0.610520138754D-01  0.118346122926D-01  0.172379802016D-02 -0.330662359374D-01
  0.122289190845D-01  0.113056855871D-01 -0.126011393597D-01  0.407848106749D-01
  0.326472754872D-01 -0.598978474409D-02 -0.368105984989D-01  0.133337001571D-01
 -0.302642251746D-01 -0.216988108124D-01  0.214927568565D-01 -0.275542119858D-01
  0.102410659709D-01  0.756361111430D-01  0.402769494072D-01  0.130174066830D+00
 -0.230996261908D-02 -0.159927747246D-01 -0.301622273833D-02 -0.908407320057D-02
 -0.114491885581D-01 -0.924789952517D-02 -0.540136006449D-02 -0.523883710278D-02
  0.305285112191D-02 -0.108216662572D-01 -0.101543986755D-01  0.587940732981D-02
 -0.229370698514D-02 -0.762987076586D-02 -0.985273776721D-02 -0.635515875487D-02
  0.602016061146D-02  0.778674627666D-02 -0.549026491181D-01  0.652660557570D-01
  0.295143547029D-01 -0.254963232499D-01  0.513659858165D-01  0.623708649109D-02
 -0.288263420000D-01 -0.349683744488D-02 -0.206813411418D-01  0.178210716754D-02
 -0.315869255376D-02 -0.735871189220D-02 -0.138563437591D-01  0.232560708535D+00
  0.817243408113D-01 -0.602579313554D-01 -0.261625848809D+00 -0.153082295301D-01
  0.163514448353D-01 -0.250784268279D-01  0.152472215687D-01 -0.110630717814D-01
 -0.121377551641D-01 -0.496579861254D-01  0.784027887308D-02  0.242593862333D-01
 -0.246733720608D-01 -0.335250255851D-01 -0.852037664581D-01 -0.152909277008D-01
  0.174570737267D-02 -0.302370360729D-01  0.267566564598D-01 -0.936109206575D-02
 -0.170475014027D-01 -0.209579601293D-01 -0.465152628050D-02 -0.381657547057D-01
  0.215615060260D-01 -0.459534744782D-02  0.224061550947D-02  0.142481329852D-01
 -0.772702908729D-03  0.603107992542D-02  0.244002507342D-01  0.144393435550D-01
  0.921526644501D-02  0.209244140722D-01 -0.480677131209D-02  0.100708036161D-01
  0.522475948804D-02  0.813540644347D-02  0.616733615876D-02  0.228316929219D-01
  0.100111651942D-01  0.127318293415D-02 -0.455093446165D-03 -0.286342320771D-01
 -0.342370035995D-02  0.133564922745D-01  0.211762769874D-01 -0.788945681085D-03
  0.597514338248D-02 -0.223632776603D-01  0.902538949473D-02 -0.112294612190D-01
 -0.738954808231D-02 -0.602867351554D-02 -0.493740922328D-01  0.724579524935D-01
  0.337185331794D+00  0.215825943397D-01 -0.565195780846D-02 -0.378695573603D-01
 -0.165389774090D+00 -0.459630214694D-01 -0.954382364107D-01  0.334914861741D-01
 -0.355824147563D-01  0.233642354561D-01 -0.842245507048D-02  0.209732922186D-03
  0.388615752913D-01  0.156761208969D-01 -0.138126664952D-01 -0.504414217897D-01
  0.226222635222D-01  0.741712078746D-02  0.110057105504D-01 -0.272294483815D-01
 -0.161483872434D-02 -0.841459459468D-02 -0.474264386262D-01  0.546891015122D-02
 -0.772380293227D-02  0.181743170567D-01 -0.134834384132D-01 -0.109264202155D-01
  0.178117534634D-02 -0.264500474920D-02 -0.825916152416D-02  0.321159903703D-02
  0.339011496867D-03  0.508861128794D-02  0.144857682047D-02  0.125343485159D-01
  0.842222770278D-02 -0.464862880126D-02  0.208098320360D-01  0.830543880249D-02
 -0.231275288385D-01 -0.263301791830D-02  0.395746995602D-02 -0.543422402810D-01
  0.522253445191D-01  0.151564781996D-01  0.330604558649D-02  0.101164440600D-01
  0.231690582436D-01 -0.372006785038D-01 -0.382823266971D-02 -0.158826867528D-02
 -0.263837766821D-01  0.186844200590D-01 -0.255579114314D-01 -0.380572811358D-02
  0.958831117813D-02 -0.174236325119D-02  0.334972232062D+00 -0.122761375032D-01
 -0.223562432763D-02 -0.158709566429D-01 -0.604504802226D-01 -0.494788479444D-01
 -0.372415321197D-01 -0.102418672292D-01 -0.891479247964D-02 -0.181078742753D-01
 -0.308257035911D-01 -0.153525381107D-02 -0.135110838641D-01 -0.136531030206D-01
 -0.148722265062D-01 -0.115328850150D-01 -0.871297641426D-02  0.113707523626D-01
  0.976970432020D-02 -0.334662133255D-01 -0.112305205850D-01 -0.105350994790D-01
  0.475049813684D-01 -0.316460648248D-01  0.865151475378D-02 -0.284355033090D-02
 -0.144849582814D-01 -0.533689259008D-03  0.169172488893D-02 -0.180193993595D-01
  0.100930898621D-03  0.101564819593D-01 -0.290217969777D-01 -0.801016357294D-03
  0.165394564414D-01 -0.193321769440D-01 -0.807659269953D-02  0.127722356369D-02
 -0.258024734246D-01 -0.251605023172D-02  0.251108716922D-01  0.455261226069D-02
  0.486177579662D-03  0.805733075589D-01 -0.310722367874D-02 -0.186899681278D-01
  0.159543518604D-01  0.145603682725D-02  0.234642726048D-01  0.652232514376D-02
 -0.673986807195D-02  0.415771095893D-02 -0.101293666979D-02 -0.228920098688D-01
 -0.781639154821D-02  0.291033612194D-01 -0.184661323153D-01  0.198459507793D-01
  0.506258984493D-01  0.159649100233D+00  0.964518503890D-02  0.311786468688D-01
 -0.451778595019D-01 -0.114235617431D+00 -0.306959962503D-01 -0.145016187383D+00
 -0.200345570994D-01 -0.210165559144D-01  0.664699921789D-02 -0.115435128092D-01
 -0.432071887835D-02 -0.648868113410D-02  0.119613823464D-01 -0.109545660243D-02
 -0.407985738639D-01  0.149113142033D-01  0.240195462108D-02  0.239438993760D-02
  0.158845132671D-01  0.859585011527D-02 -0.249940966178D-01  0.136683587213D-01
  0.209870760124D-01  0.602049914901D-01 -0.137093360727D-01  0.104805763289D-01
 -0.182166372195D-04 -0.121870789692D-01  0.240068450357D-02  0.117999695518D-02
 -0.482904704154D-02 -0.254687671902D-02 -0.324064185759D-02  0.160909244646D-01
  0.733987994434D-02 -0.175485150012D-01  0.473032807699D-02 -0.230112899539D-02
 -0.206485776240D-02 -0.599534604626D-02  0.308209630353D-02 -0.228574176959D-02
 -0.174477125744D-01 -0.664370708628D-02  0.681147652869D-02 -0.128253404096D-01
 -0.910989294336D-02 -0.527482516233D-02 -0.453878208868D-02  0.129963756417D-01
 -0.133833754108D-01 -0.894527274088D-02 -0.125086523298D-01 -0.860714796806D-04
  0.158833714820D-01 -0.170159020166D-01  0.185984802779D-01  0.693765037630D-01
  0.454784598106D-01  0.250953761981D+00 -0.562768148680D-02  0.923010627788D-02
  0.976534829293D-03 -0.869461123381D-02 -0.206348752478D-01 -0.247241132089D-02
 -0.974746660784D-02  0.181945878951D-01  0.972670037111D-02  0.228887403544D-01
 -0.886001346626D-02  0.258457589988D-02 -0.140538999005D-01 -0.940401054216D-02
  0.120523736200D-01 -0.168869178970D-01 -0.125206851810D-01  0.315126371088D-01
  0.303940793923D-01  0.429284443930D-01  0.359919892551D-01 -0.316073702951D+00
  0.136387823834D+00  0.185103290164D+00 -0.109120776241D-01  0.363408392707D-02
  0.483667176978D-03 -0.282883873253D-02  0.120472513027D-01 -0.146888623145D-01
 -0.967223005386D-02  0.235020926171D-01  0.305456248725D-02 -0.660730294996D-02
  0.133053600836D-01 -0.783371499349D-02  0.148195681088D-02  0.138174651621D-01
 -0.476395452056D-02 -0.979412874450D-02  0.906101379779D-02 -0.105630794780D-01
 -0.278243385045D-01 -0.556949846825D-02 -0.447463140352D-02 -0.907379533568D-02
  0.150463813500D-02  0.118828522678D-02  0.226227497678D-01  0.103057706249D-01
 -0.724636187160D-02  0.633721234862D-03 -0.768766734899D-02  0.138968988627D-01
  0.111656139628D-01  0.232548950443D-01 -0.963557312657D-02 -0.431036749778D-01
 -0.592161621068D-01  0.588275218902D-01  0.300070583731D+00  0.286905529519D-01
 -0.115573421304D-01  0.599604812115D-02 -0.660143886904D-02  0.787977580361D-02
 -0.117265032879D-01 -0.147713984971D-02 -0.140153123308D-02 -0.482830977049D-01
 -0.242008917821D-01 -0.221028973838D-01 -0.299797140349D-01 -0.169289038792D-01
 -0.893455170006D-01  0.290125054780D-01 -0.142374495739D-01  0.134198545748D-01
 -0.391597586584D-01 -0.420599282888D-01  0.237773037976D-02  0.126840329658D-01
  0.251476114818D+00 -0.121964885545D+00 -0.335445816112D+00 -0.277820070259D-02
  0.240687640779D-02 -0.267232113962D-01 -0.216735752310D-02  0.280087066591D-03
  0.169035812537D-01 -0.122877623603D-01 -0.689138556730D-02  0.275475463974D-01
 -0.620047831883D-02 -0.107885309290D-01  0.866712599869D-02 -0.168086273914D-01
 -0.184128305558D-01 -0.181925809743D-01 -0.637688916848D-02 -0.199857003774D-02
 -0.633922466889D-02  0.994230411604D-02 -0.162335182854D-02 -0.123357197232D-01
 -0.170974718600D-01  0.253437535970D-01  0.151372084388D-01 -0.249253078217D-01
  0.266159004882D-01  0.713670564757D-02  0.344420979495D-01  0.239208089716D-01
  0.228480926916D-02  0.132993193737D-02 -0.415365603034D-01  0.210480037955D-01
  0.287518475985D-01  0.372260130180D-02 -0.357386256115D-01 -0.162083465252D+00
  0.320123396445D+00 -0.546203816893D-03 -0.185760729630D-01 -0.123069487351D-01
 -0.167201906104D-01  0.419717854176D-02 -0.429119497102D-02 -0.484575723966D-02
  0.362817491336D-02 -0.371068160853D-01 -0.123889236158D-01  0.434333274025D-02
 -0.958132359039D-02  0.194002537043D-01 -0.131105377084D-01  0.195557453160D-01
  0.100237877409D-03  0.145964826000D-01 -0.462456470159D-01 -0.756980104351D-01
 -0.535372485250D-02  0.125171573069D-02  0.485262892425D+00 -0.264757475819D+00
 -0.424467658333D+00 -0.651274868726D-02  0.619410939332D-02 -0.189285818735D-01
 -0.531673607104D-02 -0.739557937214D-02  0.286584325670D-01 -0.766522752789D-02
 -0.190459606445D-01  0.143035541325D-01 -0.113980686229D-01 -0.191166292415D-01
  0.129943025267D-01 -0.179589916090D-01 -0.341800816265D-01 -0.228241298749D-01
 -0.981590400358D-02 -0.931297160756D-02  0.745251000481D-02  0.347822677617D-01
 -0.310594107183D-03 -0.765061489984D-02 -0.162766234003D-01  0.674474572699D-02
 -0.546660857522D-02 -0.295223613271D-01  0.406902658819D-01  0.104473508529D-01
  0.283050269452D-01  0.983957555149D-02  0.111256399797D-01 -0.895805354128D-01
 -0.556398301885D-01  0.390239268837D-04  0.173019149024D-01  0.357718379466D-01
 -0.420245281662D-01 -0.296865218001D+00  0.373585399826D+00  0.640717323291D+00
 -0.555719385503D-01 -0.102348304177D-01 -0.445681752385D-01 -0.189816816101D-01
 -0.904938268424D-02  0.520535798562D-02 -0.290920383709D-01  0.614866420136D-01
 -0.115018484067D-01  0.419185695193D-01 -0.438964295905D-03 -0.184270111177D-01
 -0.620946907410D-01  0.744768242457D-03  0.936094506869D-01 -0.161935809966D-01
 -0.715181656929D-02  0.324860406100D-01  0.430090565524D-01 -0.522021517069D-02
  0.895830335667D-02 -0.500384344280D+00 -0.596765392779D-01 -0.176485242506D+00
 -0.269671228046D-01  0.230942733059D-01 -0.956694275382D-02  0.749447764031D-02
  0.132977132489D-01 -0.289200704025D-01 -0.459774934848D-02  0.160514289782D-01
 -0.789756554893D-02 -0.274385071489D-01 -0.109887694925D-02 -0.250026120725D-02
 -0.255974627179D-01  0.302425581950D-01 -0.164487530212D-01 -0.240768341565D-01
 -0.822171684190D-02 -0.826329252821D-02 -0.275376771490D-01  0.519148541633D-02
  0.559023634960D-02 -0.152337955745D-01 -0.340126860546D-01 -0.209455014372D-01
  0.100319043204D+00 -0.299312179750D-01  0.178349615537D-01 -0.104769429060D-01
  0.779740619275D-02  0.689920566164D-01 -0.468725501246D-01 -0.455717247206D-01
 -0.187997224766D-01 -0.568895496499D-01 -0.609528077109D-01  0.266568100929D-01
  0.141248460197D+00 -0.633267539021D-01 -0.953207010030D-01  0.524293287134D+00
 -0.434672633520D-01  0.160577844623D-01 -0.278268150968D-01  0.503731646393D-02
  0.113008811677D-01  0.707594642649D-02 -0.130055350969D-01  0.219474648288D-01
  0.257250188180D-01  0.370524038926D-01  0.121105281336D-01  0.311478795032D-01
  0.918652140044D-02  0.201198503416D-01  0.421170196217D-01  0.837928681409D-02
 -0.278490870035D-01  0.361741008307D-01  0.209227495729D-01 -0.229070292543D-01
  0.383189601567D-01 -0.176394148173D+00 -0.125448061240D+00 -0.837796865251D-01
 -0.114652723910D-01  0.765036725072D-03  0.890259570793D-02  0.224196432756D-02
 -0.126447711762D-01 -0.148417510595D-01  0.146915114540D-03 -0.107070330987D-01
 -0.332262861899D-02 -0.532576789478D-03 -0.173934864899D-01 -0.873436047890D-02
  0.110498150855D-01 -0.139544946021D-01 -0.254741353617D-01  0.282039266671D-01
  0.396717830255D-02 -0.562222123534D-03  0.496148892621D-01  0.182474833695D-01
 -0.992795605934D-02  0.361990184341D-02 -0.184448960823D-01  0.209745730676D-01
  0.262669500435D-01 -0.161504944980D-01 -0.210089106201D-01 -0.692037138235D-02
 -0.361038494301D-01  0.150105467004D-01 -0.553523173467D-01  0.246309296782D-01
 -0.259394768191D-01 -0.276674783514D-01  0.370421077063D-01 -0.194451888971D-01
 -0.691334651523D-02 -0.111832742091D+00 -0.670826659040D-01  0.156108575182D+00
  0.240489521631D+00 -0.215563453723D-02 -0.250454342929D-01 -0.288694143680D-01
  0.773202803180D-02  0.131914018598D-01  0.104677151747D-01 -0.142675799668D-01
  0.493575061015D-01 -0.194387527737D-01  0.574064607521D-01  0.425697469764D-02
 -0.156734238476D-01  0.217620271624D-02 -0.298217236904D-01  0.126811860819D+00
  0.944070990747D-02  0.406069097282D-01 -0.279431109223D-02  0.632171049516D-01
 -0.259197996045D-02  0.402157159928D-01 -0.411006116550D+00 -0.130995896647D+00
 -0.409807339106D+00 -0.121319130125D-01  0.285303745290D-01 -0.142531248665D-01
  0.558897920961D-03  0.203053141465D-01 -0.273824939846D-01 -0.200484281809D-01
  0.154305083596D-01  0.315467107884D-02 -0.369048161610D-02  0.294509507151D-02
 -0.160581012785D-01 -0.698755246347D-02  0.377441085142D-01 -0.233246042674D-01
  0.657459175150D-02 -0.246176704959D-02 -0.177132446541D-01 -0.105228719144D-01
 -0.575915859502D-01 -0.177684638535D-01 -0.216876710827D-01 -0.188429827640D-01
 -0.288228639001D-02  0.487716733686D-01 -0.335618572542D-01 -0.685516746275D-02
  0.494286459896D-02  0.215608394387D-01  0.492112565661D-01  0.199589398818D-01
 -0.637330918766D-01  0.125042238121D-01  0.618810341582D-02 -0.366855267878D-01
 -0.188980983670D-01  0.265485745621D-01  0.390724870882D-02 -0.115696166856D+00
  0.271541090040D+00  0.152168897846D+00  0.481608261703D+00  0.192389785943D-01
  0.437230309313D-01 -0.371599418912D-01  0.788321588731D-02  0.151230913667D-01
 -0.592512152225D-02 -0.119327560881D-01 -0.140727169427D-01  0.274651885606D-01
 -0.327514876437D-02 -0.495702421091D-02  0.200343114200D-01  0.185495264343D-02
  0.466558746896D-01  0.116077408208D-01 -0.163143141391D-02 -0.781255942364D-02
  0.233457805046D-01  0.122097477350D-03  0.192089462431D-01 -0.981693429298D-02
  0.328942225592D-01 -0.550416194066D-02 -0.812196596393D-02 -0.415132293215D-01
 -0.366883137491D-02  0.915870745984D-03 -0.209633192616D-01 -0.165331469339D-01
 -0.874637066351D-02 -0.907371214458D-02  0.640577633335D-02  0.481125984982D-02
 -0.100420552613D-01  0.116844976793D-01  0.113241263292D-01 -0.253952731337D-01
  0.108215874849D-01 -0.115817921776D-01 -0.968549502410D-02 -0.117887584666D-01
  0.494784449595D-02 -0.267205366093D-01 -0.649870708427D-02 -0.960117948710D-02
  0.944423217398D-02 -0.250937960123D-01  0.399577826803D-01 -0.293113090665D-01
 -0.174002245642D-01  0.105041539506D-01 -0.398086343971D-01 -0.200507887536D-02
 -0.504375442650D-03 -0.914678487413D-02 -0.231198974335D-01 -0.369441653142D-02
  0.797172972184D-01 -0.108419178560D-01 -0.427396507182D-02 -0.426188445897D-01
  0.119541063038D-01  0.439600256720D-01 -0.413060106407D-01 -0.208463410646D-01
 -0.277382116217D-01  0.198029560465D+00  0.762742065637D-02  0.313650233837D-01
 -0.306982370861D-01 -0.532809855854D-02  0.186550687124D-01 -0.186692029917D-01
  0.118955968060D-01  0.132335563905D-01  0.140331236083D-01  0.270137053410D-01
  0.339961431176D-02 -0.199665193612D-01  0.367962114773D-01 -0.103865794602D-01
  0.273655996472D-01  0.205880038841D-01 -0.778721009200D-02 -0.105334915044D-02
 -0.158422150017D-04  0.163968316770D-01 -0.106004727593D-01 -0.546572960057D-02
 -0.934691632780D-02  0.842923034813D-02  0.151243669789D-01 -0.138246270885D+00
 -0.943340080675D-01 -0.303801398937D-02 -0.204102098326D-01 -0.178586077622D-01
 -0.276659954785D-02  0.364623178101D-02 -0.740553961227D-02  0.914887085478D-02
 -0.106194370358D-01  0.727980126222D-02  0.166507171627D-01 -0.232978359820D-01
  0.917094437642D-02 -0.646366110173D-02 -0.113085656414D-02 -0.179450379261D-01
 -0.195384318457D-01  0.141297760625D-01  0.125108347637D-01 -0.653605093519D-02
 -0.115350478779D-01  0.144529060006D-01 -0.177905342401D-01 -0.443422538415D-01
 -0.363632694311D-01  0.231498575277D-01 -0.139960546139D-02  0.111246183011D-01
 -0.305342462756D-01 -0.344425081426D-01  0.154320560538D-02 -0.147178273915D-01
 -0.182072800162D-01  0.464457176867D-01 -0.392128824783D-02 -0.785284934467D-02
  0.137418668987D-03 -0.133429492827D-01  0.144606208693D-01  0.365331692972D-01
 -0.224988759943D-01  0.297086802075D+00  0.193526988620D-01 -0.300703513554D-01
  0.233271232007D-01 -0.140557092399D-01  0.962784685860D-03 -0.139345692268D-01
 -0.160741043298D-02 -0.137094777370D-01  0.547923743788D-02 -0.595549873690D-02
  0.554005640399D-02 -0.352310622140D-01 -0.209393239881D-01  0.203682413987D-01
 -0.320780381232D-01 -0.747786874689D-02  0.557484984343D-02 -0.156239830529D-01
 -0.496139323957D-03 -0.308519209297D-02 -0.561762687168D-02 -0.183370911374D-01
 -0.787473400969D-02 -0.813044814294D-02  0.900783360369D-02 -0.983391398182D-01
 -0.145829424548D+00  0.116305183418D-01  0.671494226902D-02 -0.139649224379D-01
  0.283546994933D-01  0.386660069825D-02 -0.193412477865D-01  0.114087920928D-01
  0.966553796730D-03  0.716669764037D-02 -0.154546265852D-01  0.147790600039D-01
 -0.301046309885D-01  0.108780904332D-01  0.515123881568D-02 -0.671653810608D-02
  0.471266658985D-02  0.144431091713D-01  0.839727026819D-02  0.142115569053D-01
  0.295922701483D-01 -0.275204901665D-01  0.397391658631D-01  0.229032663689D-02
 -0.130843142848D-02 -0.244439481860D-01  0.449002834352D-01 -0.177231875237D-01
  0.384392439365D-03 -0.380291661909D-02  0.634060591018D-02  0.193061280250D-01
  0.105388262598D-02  0.219781630186D-02 -0.111172610397D-01 -0.175981333228D-01
 -0.106863783116D-01  0.273762141017D-01 -0.470390858091D-02  0.230598310197D-02
 -0.422114325132D-01  0.879535527859D-01  0.326624632433D+00 -0.148111636543D-02
 -0.394126634577D-01 -0.561598731278D-02 -0.146342639933D-02 -0.285247697267D-01
  0.346695478286D-02 -0.116788330581D-01 -0.227130319821D-01  0.478828491826D-02
 -0.231400539855D-02  0.180656508709D-01 -0.400874655416D-01  0.117992159846D-01
  0.461739979301D-01  0.433333273065D-01 -0.145277671165D-01  0.327633480316D-01
 -0.214237384540D-01 -0.832394448427D-02 -0.172795479188D-01  0.120401104351D-01
  0.739679223442D-02 -0.286804227213D-01 -0.390715469206D-01 -0.154511155920D-01
 -0.418542726142D-02  0.300886901009D-02 -0.114372973673D-01 -0.185876469371D-01
 -0.270680268313D-01 -0.579653873291D-01 -0.118252440297D-01 -0.139278121655D-01
 -0.193273583231D-01  0.507643174719D-02 -0.167119423303D-01 -0.139567892704D-01
  0.612156821940D-02  0.131565860792D-01 -0.257949692692D-01  0.111059667792D-01
  0.171887527248D-02  0.411444071374D-02  0.173636406235D-01 -0.219540655567D-02
 -0.214726257363D-01 -0.530223475434D-02  0.188332907274D-01  0.446085922489D-01
 -0.740542531599D-02  0.133838512802D-02 -0.178935593034D-01  0.281007285702D-01
  0.105126961684D-02  0.106105522711D-01 -0.225734133133D-02 -0.157705581986D-01
 -0.488738896826D-03  0.228697788722D-01  0.599940888346D-02 -0.143240992237D-01
 -0.568128572823D-02  0.401950041091D-01  0.302776130486D-01 -0.239952435521D-02
 -0.112181433704D-01 -0.137295109310D-01 -0.336474672384D-01  0.389505772050D-01
  0.188175661965D+00  0.904970242801D-02  0.296206321205D-01 -0.198296720263D-02
  0.320165478181D-02  0.379178249715D-02  0.111344112255D-02  0.583356933779D-02
  0.178797522829D-01 -0.205434609215D-01 -0.785396216779D-02  0.175783869469D-01
 -0.122298309537D-02  0.689517440063D-04  0.117735134837D-01 -0.255380444289D-01
 -0.110690467945D-01 -0.173944496967D-01 -0.110744330066D-03 -0.138289931144D-01
  0.318893773790D-02 -0.788970844049D-03  0.351864694269D-01  0.911457121404D-02
  0.195932704415D-01  0.596170584122D-02  0.965509083870D-02  0.768491651787D-02
 -0.639594671436D-02 -0.764233962707D-02  0.156954952201D-01  0.167177601862D-01
 -0.137831877672D+00 -0.764689616551D-01  0.123507505488D-01 -0.315516933917D-01
  0.231181276842D-01 -0.924384819548D-02  0.174877741161D-01  0.230421307687D-01
  0.853907668141D-02 -0.332172310880D-01  0.505753334919D-02 -0.245901484424D-01
 -0.111955466414D-01  0.184767077585D-01 -0.172481921800D-01  0.125659704872D-01
 -0.928626776008D-02 -0.118342966482D-01  0.546079686199D-02  0.159262927702D-01
 -0.486337282632D-02  0.855158266084D-02 -0.126148713146D-01 -0.135973785026D-01
 -0.188814322624D-01  0.261094574066D-02 -0.110207416380D-01 -0.337344826755D-01
 -0.127729707970D-03 -0.106255881645D-01  0.984524240742D-02  0.238478421099D-01
  0.151530471611D-01 -0.242805373549D-01 -0.319564789481D-01  0.336571126036D-01
  0.187534349520D-01 -0.516304603818D-02 -0.702096927889D-01  0.297560142661D+00
 -0.323752855185D-02 -0.422147764282D-02  0.196450253155D-01  0.219541477175D-01
 -0.101688205531D-01  0.245830155757D-01  0.115356216157D-01 -0.707146113485D-02
  0.370395329713D-02 -0.128952484208D-02 -0.168947375501D-01  0.353260586386D-01
  0.114574794991D-01 -0.461690704846D-01 -0.301131912890D-01  0.379660886137D-02
  0.388224120895D-03  0.337454735752D-02 -0.727247796951D-02 -0.624346651410D-03
 -0.107690341012D-01  0.150955249997D-01  0.143831819275D-01  0.169980807945D-01
  0.987583798398D-04 -0.174279916845D-01 -0.880014554619D-02 -0.363913386306D-02
 -0.124546325602D-01 -0.127695320805D-01  0.189190988718D-01 -0.844153353955D-01
 -0.110829451269D+00  0.244591540449D-02  0.254883131853D-01 -0.984640315841D-02
  0.134833656773D-01 -0.903622371088D-02 -0.313790915826D-01  0.127270610958D-01
  0.151202279957D-01 -0.144039428517D-01  0.263982764568D-01 -0.833428353695D-03
 -0.247569707154D-01  0.265554973665D-01 -0.133995587493D-01 -0.507443936034D-02
 -0.111065812994D-01  0.295368650475D-01 -0.640313907225D-02  0.130349283241D-01
 -0.968321441842D-02 -0.421401001649D-01 -0.865977427899D-02  0.279414335853D-01
  0.119705681162D-01  0.215105415231D-01  0.144441385832D-01 -0.207099725015D-01
  0.194768020856D-01  0.372789551729D-01  0.668624016349D-02 -0.751993474377D-01
 -0.245680605580D-01 -0.262390271938D-01 -0.271866930804D-01 -0.316581758389D-01
 -0.218806127434D-01 -0.346141082439D-01  0.379540599838D-01  0.308555387845D+00
 -0.113041913034D-01  0.207798868843D-01 -0.997713404094D-02 -0.784237738259D-02
  0.108746849481D-01 -0.122109038718D-01  0.598196560744D-02  0.451736207367D-02
 -0.373901826252D-02 -0.576312626107D-02  0.111336895895D-01 -0.236034764816D-01
 -0.928806088868D-02  0.924609183848D-02 -0.220330582868D-01 -0.150300369578D-01
  0.153725758865D-02 -0.181058988822D-01 -0.130362489309D-01  0.130964685177D-01
 -0.188328992578D-01  0.279224110726D-01 -0.163076654104D-02  0.227945304608D-01
 -0.486337740781D-02 -0.776206776827D-02 -0.174666559750D-02  0.777608334450D-04
 -0.167355358477D-01  0.222838460243D-01 -0.448153856138D-03 -0.792100656115D-02
 -0.163024370677D-02 -0.499676456177D-01  0.153618033127D-02 -0.178612018812D-01
 -0.262322076153D-01 -0.259552508482D-01 -0.330431955946D-01 -0.201664986470D-01
  0.503674369051D-03  0.318254087551D-01 -0.180650844527D-01 -0.102784776313D-01
  0.120964113040D-02  0.154886776057D-02 -0.795352460550D-02  0.135051718045D-01
 -0.266129020175D-01 -0.284455461250D-01  0.223747916239D-01  0.172679557832D-01
 -0.263720930026D-01  0.195928022518D-01  0.538564058729D-01 -0.357698046947D-01
  0.212868008458D-01 -0.568494755896D-01  0.100396790246D-01  0.335461077343D-01
  0.799332594261D-02  0.826595158554D-02  0.206155809531D-01 -0.126343002425D-01
 -0.330544142589D-01 -0.379483957051D-01 -0.923045097432D-02  0.493184711004D-01
 -0.626528951036D-01 -0.267550998571D-02  0.936952730676D-02 -0.207301402724D-01
  0.227759588830D+00  0.162502483339D-01 -0.998282505570D-02  0.976191360891D-02
  0.363590631981D-02 -0.179076641872D-01  0.106086157264D-01  0.165744139022D-01
 -0.259152985764D-01  0.783299635626D-02  0.102384231095D-01  0.146793746221D-01
 -0.228659377042D-02  0.200019527241D-01  0.366049458824D-01 -0.515856743046D-02
  0.548739261366D-03  0.160434941788D-01 -0.218742184939D-01 -0.166505223025D-01
  0.333703622580D-02 -0.836273740046D-02  0.181584262614D-02 -0.181644827588D-01
 -0.246055443141D-01  0.787681306239D-02 -0.101724260365D-01 -0.543593051232D-02
  0.317276328935D-02 -0.142421304246D-01  0.713686106172D-02  0.224760514120D-01
 -0.182731387593D-01  0.198418448894D-01 -0.786523545073D-02 -0.537553165901D-01
 -0.229953302648D-01 -0.142828853279D-01 -0.379847467128D-02 -0.888675539781D-02
 -0.314036011928D-01 -0.604166275857D-02 -0.219234207644D-01 -0.479926725906D-01
  0.139073296890D-01  0.262886439148D-02  0.223084331132D-01 -0.206429194150D-01
  0.527878054319D-02 -0.203914231859D-01 -0.334097815000D-01  0.162779524162D-01
  0.123371176443D-02  0.308659242122D-03  0.510839197494D-02  0.187056971316D-02
 -0.261587318416D-02  0.560992618174D-02  0.256808915853D-01  0.531510258951D-02
 -0.637396427919D-02 -0.146515631202D-01  0.109210325559D-01  0.382798983831D-01
 -0.325967627485D-01 -0.303075337856D-01 -0.171930345469D-01  0.130588114493D-01
  0.168124555966D-01 -0.276337760161D-01  0.450287569617D-01 -0.462096362015D-01
  0.432789434834D-01  0.643760009796D-01  0.182941632713D+00 -0.658487877062D-02
 -0.148909736626D-01 -0.712459440204D-03 -0.393235355338D-02 -0.966182313537D-02
 -0.860351804771D-02 -0.193941789659D-02  0.796477827156D-02 -0.153727497724D-01
 -0.139752009382D-01  0.520074540637D-02  0.464886171259D-02 -0.511939068673D-02
  0.314322765920D-02 -0.205902925764D-01 -0.261976504119D-02 -0.171300396410D-02
  0.194215493408D-01 -0.510034993299D-02  0.184544437184D-02 -0.464667687447D-02
  0.243390413355D-01  0.416374474474D-02  0.295166877577D-02 -0.179994779589D-02
  0.106025853046D-01  0.113401107351D-01 -0.691292228673D-02 -0.203880701256D-03
  0.232121167646D-03 -0.166870068163D-01  0.302175982144D-01 -0.112682927024D-01
 -0.266763745235D-01 -0.138770288849D-01 -0.198510691302D+00 -0.163961154637D-01
  0.869615185888D-02 -0.465579502435D-02  0.200581351451D-01 -0.157627781597D-01
 -0.185226298160D-01  0.552322336026D-02 -0.169512879330D-01 -0.216901188634D-01
  0.446725858016D-02  0.397596785381D-01  0.881563643673D-03 -0.127692161391D-01
  0.146188060515D-01  0.146876161412D-01 -0.693148571534D-02 -0.771967486293D-03
 -0.783324839229D-02 -0.585941623382D-02  0.136843239075D-01  0.969786094725D-02
  0.312746943777D-01 -0.545376414810D-03 -0.271518636985D-01 -0.147659755684D-01
  0.207162101283D-01  0.308010713962D-01 -0.172240806816D-01 -0.146973861970D-01
 -0.305735745993D-01  0.334492307442D-01 -0.385397709280D-01  0.382336196208D-02
 -0.327466481756D-01  0.244870649057D-01 -0.761727182817D-02  0.450159010617D-01
  0.116318588847D-02  0.355418252230D+00 -0.144458019570D-01 -0.153063886751D-01
 -0.267999453625D-02 -0.276224197631D-02  0.144824110946D-01 -0.485095736591D-02
 -0.612238127386D-02  0.188765690699D-01 -0.276262604632D-01 -0.732531517126D-02
 -0.420649282776D-02 -0.270595597308D-01 -0.560810406397D-02 -0.131223777910D-01
  0.610708752878D-01 -0.102339423361D-01  0.819641488298D-02  0.167200612296D-01
 -0.121377224568D-01 -0.459862692644D-02  0.126815178845D-01 -0.529985624509D-01
 -0.149957279960D-01 -0.317982777604D-01  0.121117119892D-02  0.868750625064D-02
  0.369916451366D-03  0.622244957213D-02 -0.393597718889D-02  0.563317332366D-02
 -0.508628152178D-02 -0.203630805639D-02  0.652171709991D-02 -0.461683136624D-02
  0.239873060473D-02  0.739457570527D-02 -0.520235910651D-02 -0.964831722254D-02
 -0.177301893962D-02 -0.427155776849D-01 -0.441474372381D-01  0.124346194196D-01
  0.529088261110D-01 -0.375057459556D-03 -0.759788326422D-02 -0.201123219318D-02
  0.221975982652D-02  0.268387072447D-02  0.171818571653D-01 -0.132735999668D-01
 -0.311801943938D-02  0.736468304831D-02 -0.108451983777D-02  0.134149934834D-01
  0.578711062833D-02 -0.299477114575D-01 -0.105218584382D-01 -0.173059806331D-02
  0.348703624581D-01 -0.323196357813D-01 -0.431001092287D-01  0.120913477335D-01
  0.149750717394D-01  0.216693913191D-01  0.346696086522D-01  0.353526729439D-01
  0.723508929351D-03  0.103188703172D-01  0.177780154752D-02 -0.173093587973D-01
  0.402965392364D-01 -0.551669659806D-01 -0.801056604446D-02 -0.431948457980D-01
  0.208165499072D-01  0.152320386232D+00 -0.574431938390D-02  0.226079136032D-01
 -0.179912875700D-01  0.103574246962D-01  0.978987907230D-04  0.851829575902D-02
 -0.292528491370D-02 -0.840064842281D-02  0.363115649568D-02 -0.761926182850D-03
 -0.127728801560D-01  0.537544894927D-02 -0.825873079114D-02  0.100332025003D-01
  0.225978800526D-01 -0.148917104500D-01 -0.109451380579D-01 -0.199960550730D-01
 -0.453692711754D-03  0.330396534350D-02 -0.582847520935D-02  0.169103865423D-02
 -0.879093470267D-02 -0.119004541987D-01 -0.495258167176D-02  0.188789553351D-01
 -0.391552338287D-02  0.215199504410D-02  0.758212444542D-02 -0.155976390942D-01
  0.119278371896D-01 -0.283806465251D-01  0.106106174848D-02 -0.563087445670D-02
 -0.446927564077D-01 -0.212671554502D-01 -0.167085414358D-01  0.907356297636D-02
 -0.177043039352D-01 -0.122179239809D-01 -0.171752885197D+00  0.464020456897D-01
  0.388439840322D-01 -0.404942635259D-01  0.184968433805D-01 -0.289182960294D-02
 -0.160633049777D-01  0.162426393560D-01  0.713874226672D-02  0.265183819544D-01
 -0.494613274470D-02 -0.215619966103D-01 -0.950456548566D-02  0.100999987534D-02
  0.102769549217D-01 -0.908328430496D-02  0.130482735973D-01 -0.190798040855D-01
  0.923851579363D-02  0.479882841261D-01  0.418341076313D-01 -0.358742773684D-02
  0.972308833204D-03  0.247696147927D-01 -0.280987643691D-02 -0.107374335850D-01
 -0.119516299628D-02 -0.333849133036D-01 -0.161394085922D-02  0.231484452591D-01
 -0.428308260041D-01  0.355880129299D-01 -0.159173895794D-01  0.999601704394D-02
 -0.196688657398D-01 -0.696259830048D-03  0.347570796175D+00  0.159252551649D-01
  0.272993543010D-01 -0.860641127075D-02 -0.504830316885D-02  0.385385027147D-02
 -0.256753828523D-03  0.395957572073D-02 -0.125650424871D-01  0.913475685122D-02
 -0.643961737632D-02  0.155623244879D-01 -0.333774606420D-01 -0.181503156099D-01
  0.170258340795D-01 -0.138235178315D-01 -0.164799032981D-01 -0.450168145507D-02
 -0.179234973264D-01 -0.111404422505D-01  0.137854423542D-01 -0.101849874959D-01
  0.293535548781D-01 -0.353758942395D-02 -0.481223263461D-02 -0.518944216090D-02
 -0.613175626548D-02 -0.425519654125D-02 -0.574097551392D-02  0.128596175318D-01
 -0.645297961389D-02 -0.932192327164D-02  0.703941971966D-03 -0.531061526840D-02
 -0.598890139154D-02  0.394400449517D-03 -0.743689036206D-02 -0.595213206476D-02
  0.568234479258D-02  0.125942454405D-01  0.992695371298D-02  0.650317615765D-01
 -0.763869398378D-01  0.108688981821D-01  0.284458812161D-01 -0.758781885043D-01
  0.560977948330D-02 -0.195722266948D-01  0.106070510187D-01  0.244359769620D-01
  0.241217723244D-01 -0.224294969645D-02 -0.283570697222D-01  0.177402137978D-01
 -0.599190068188D-02 -0.208088933100D-01 -0.508124259392D-01  0.873359399814D-02
 -0.275018726974D-02 -0.989451257851D-02  0.451861250857D-01  0.166098195245D-01
  0.709168107688D-02  0.341501568536D-01  0.240651089244D-01 -0.379730732337D-01
 -0.342258365381D-01  0.189959990896D-01 -0.144369400339D-01  0.377392065571D-01
  0.504562544105D-01 -0.946302697501D-02  0.879958076739D-02 -0.124150572165D-02
  0.122578295142D-01 -0.183112810323D-01 -0.625752626673D-01 -0.348261859878D-01
  0.207437243618D+00  0.755093798937D-03  0.290353908473D-01  0.662139277332D-02
 -0.995222118613D-02  0.137798706729D-01 -0.123950718556D-01  0.803784113347D-02
 -0.218334957092D-03  0.191028341703D-01 -0.361836512008D-01  0.271778743490D-01
  0.431505394414D-01 -0.645346354775D-02 -0.285976553841D-01 -0.651945949956D-01
  0.742236568554D-02 -0.985179775585D-02 -0.457094214385D-02  0.126065593502D-01
 -0.141778173782D-01 -0.193348228211D-01  0.305014821063D-01 -0.142860402324D-01
  0.309379185731D-02 -0.215475403677D-02  0.467391149143D-02  0.916286097382D-02
 -0.172076552392D-02 -0.330612357983D-02 -0.469796240595D-02 -0.122520767901D-01
  0.170888175763D-01  0.318102254390D-02 -0.193001769188D-01  0.613972104190D-02
  0.154150938790D-01 -0.995953978977D-02  0.124406234540D-01  0.458302894295D-02
 -0.156287207174D+00 -0.318072300240D-01 -0.233681408990D-01  0.321126406017D-01
 -0.206097827870D-01 -0.545389161263D-01 -0.301690862927D-03  0.238931000282D-01
  0.218335280568D-01  0.495509786652D-02  0.263388332704D-01 -0.102709019952D-01
 -0.195887091958D-01 -0.232722974392D-02 -0.291855828045D-01  0.205645761907D-01
 -0.512430159065D-02  0.224792443813D-01  0.259898337257D-02  0.140572731637D-01
 -0.399415879486D-02 -0.169368241564D-01 -0.200585032391D-02 -0.634023346435D-02
 -0.418090694190D-01  0.142811087436D-01 -0.543029605651D-02  0.108680229701D-01
 -0.261733444871D-01  0.151154175755D-01 -0.219184997254D-01  0.184822183400D-01
  0.160425785336D-01 -0.272455801661D-01 -0.619900112706D-01  0.710570571025D-02
 -0.176044990343D-01 -0.129234371536D-01  0.262013509751D-01  0.340018471346D+00
 -0.152517530224D-02 -0.174195712591D-01  0.115156754706D-01 -0.161989504991D-01
  0.118123645151D-01 -0.981293177151D-02 -0.135827145910D-02  0.898332876662D-02
  0.590239308157D-02 -0.827773994142D-02 -0.291516169921D-02  0.246737279109D-01
 -0.253584136904D-01 -0.388779372218D-01 -0.153540813364D-01  0.380049422177D-02
  0.183339831454D-01  0.189643719998D-01  0.646722853657D-02 -0.147040661965D-02
 -0.385562109377D-02 -0.505894715732D-01  0.202571334200D-02 -0.309119283552D-01
  0.144775165901D-02 -0.852440106367D-03  0.353422722538D-02  0.144881319692D-01
 -0.582987738258D-02  0.535418907293D-02  0.149464655275D-01 -0.236163731348D-02
 -0.843525290905D-02  0.275620649756D-01  0.832855565087D-02 -0.112266858399D-01
  0.228835951222D-01 -0.133015492961D-01 -0.128506009099D-01 -0.406189907406D-01
 -0.572297236867D-01 -0.154350910980D-01  0.787893352616D-02  0.936526671103D-02
 -0.924352061093D-02  0.237851546762D-01 -0.952726004995D-02  0.321131519214D-02
  0.127127074625D-01 -0.185341189961D-01  0.120182470071D-01  0.281254114238D-01
 -0.137943035851D-01  0.732555335434D-02 -0.718914616063D-02 -0.246269279103D-01
  0.101154197430D-01 -0.194417989238D-01  0.235077899357D-01 -0.184133568582D-01
  0.621233684736D-02  0.652382618080D-02 -0.152525030537D-01  0.103388903363D-01
  0.104866087218D-01  0.331977699646D-01 -0.399232897039D-01  0.570044375741D-02
 -0.184873350874D-01  0.994539282564D-02 -0.600622015446D-01  0.435115552718D-01
  0.199053972091D-01  0.364916555010D-01 -0.347192508868D-01 -0.480815160417D-01
 -0.212238081778D-01 -0.132684324964D-01  0.278674114844D-01  0.147137853547D+00
 -0.109933298551D-02  0.105058422016D-01 -0.107751122225D-01 -0.126456802913D-01
  0.440243131472D-02 -0.262893527957D-02 -0.137739935386D-03 -0.124852991159D-01
  0.818952080383D-02 -0.102792206857D-01  0.102136406357D-01  0.303370135645D-01
 -0.225616490060D-01 -0.365867303607D-02 -0.127173954932D-01  0.141000472673D-01
 -0.725247700020D-02  0.244104192969D-01  0.985910733018D-02 -0.156127081990D-01
  0.739167394765D-02  0.374884749538D-01 -0.390672465608D-02 -0.128656995023D-02
  0.273025855225D-02 -0.869236397495D-02 -0.380710546162D-02  0.395527281749D-02
 -0.187941462703D-01  0.411476299059D-02 -0.209919951933D-03 -0.133053676400D-01
 -0.110213142130D-01  0.202209012893D-01 -0.154785154181D-02 -0.555374420621D-02
  0.125568264254D-01 -0.323521592682D-02  0.564585066127D-03 -0.231329536917D-01
 -0.219948674530D-02 -0.578540857092D-01 -0.708703897771D-01  0.786959879634D-02
 -0.308832633556D-01  0.245367535488D-01 -0.800526407535D-02  0.182247234070D-01
 -0.538064826580D-02 -0.308092045719D-01  0.239242010738D-01  0.140099442710D-01
 -0.276254211628D-01  0.563758964317D-02 -0.151950659475D-01  0.885438849594D-02
  0.700411503256D-03 -0.173557623660D-01  0.232478829314D-01 -0.730904942136D-02
 -0.149736857362D-01 -0.263019592919D-01 -0.106909939365D-01 -0.518617617118D-02
  0.404433925824D-01 -0.156844991745D-02 -0.278414158220D-02  0.172646073986D-01
 -0.312594375231D-01 -0.634655386456D-02 -0.201215793781D-01  0.189163482780D-02
  0.217709461303D-01  0.244708955587D-01 -0.229282011589D-01  0.667385754160D-02
 -0.189785475897D-01 -0.157528546317D-01  0.236245625130D-01  0.504140071425D-01
  0.148763285821D+00  0.125245309952D-01  0.454533621228D-02  0.580044702334D-02
  0.616088364924D-02 -0.127421851340D-01 -0.199848126096D-02  0.644297457637D-03
 -0.774884977599D-02 -0.138947810877D-02  0.112563050539D-01 -0.283657507554D-01
  0.101967971936D-01  0.256870079695D-02 -0.539671665681D-01  0.303268619443D-01
  0.387725377274D-02 -0.156316051529D-01  0.257466123300D-01  0.201261999283D-01
  0.117892030634D-01  0.617755542154D-02 -0.285698089323D-01  0.359506716813D-01
 -0.129777681811D-01 -0.309689673087D-02  0.186131293362D-02 -0.121061704575D-01
 -0.145755666457D-02  0.807764226093D-02 -0.655444367089D-03 -0.100010479079D-01
  0.839559423387D-02  0.400941607237D-02 -0.205871453942D-01  0.283419839389D-02
 -0.873282987265D-02 -0.869290023950D-02 -0.104129867915D-01 -0.188805603634D-01
 -0.297857392950D-01 -0.122235276400D-01 -0.158670397166D-01 -0.126510659826D+00
  0.199481714142D+00  0.834769252524D-01 -0.134042472585D-01  0.138148840776D-01
  0.202618158729D-01 -0.214566982066D-02 -0.100564270543D-01 -0.231585630722D-01
  0.208517165580D-01  0.167833317365D-01  0.172284424208D-01 -0.513077186147D-01
  0.326849525976D-01 -0.331888356127D-01  0.344125954376D-01 -0.608814254633D-01
  0.498434327031D-04  0.413033734117D-01  0.354753021174D-01  0.502042523241D-03
  0.611782217678D-01 -0.141204383549D-01  0.337206703710D-01 -0.219687468803D-02
  0.258354067012D-01 -0.145896135095D-01 -0.136902380869D-01 -0.424316566574D-02
  0.128279161335D-01 -0.278151267688D-01  0.459102651945D-02 -0.722050544043D-02
 -0.137687126327D-01 -0.964422511740D-02 -0.132968610805D-01 -0.393608124829D-01
  0.467089894758D-02 -0.176541227871D-02  0.155190631899D+00 -0.148727898568D-01
  0.406323138863D-02 -0.269456113603D-01  0.149192247607D-01 -0.216723439864D-01
 -0.361730167908D-02 -0.165485070496D-01 -0.215127197328D-01 -0.826220817857D-02
  0.141729596062D-01 -0.154497452159D-01  0.987405158316D-03 -0.174560525562D-01
  0.103341518206D-01  0.489660786882D-01 -0.147121018018D-02 -0.127879522669D-01
 -0.169669646638D-02 -0.251530432212D-02 -0.921373467585D-02  0.783285034786D-02
  0.314700696884D-01  0.261368926919D-01  0.373982332025D-01 -0.131349362319D-01
 -0.163086284200D-01 -0.183076449461D-01 -0.191624294330D-01 -0.204941157189D-01
 -0.161241596607D-01 -0.295599156472D-01 -0.161374082444D-01  0.130740952764D-01
 -0.144607552306D-01 -0.201923051482D-01  0.705243168843D-02 -0.257651157183D-01
  0.571018539274D-02 -0.310362664910D-02  0.163971405845D-01  0.140381908347D-01
  0.350682597638D-02  0.156203756226D+00 -0.350593690805D+00 -0.185382272812D+00
 -0.160813432716D-01 -0.608543194643D-02  0.137714128385D-01 -0.142973587930D-01
  0.285682594909D-02  0.210019033616D-01 -0.166197614244D-01 -0.198525947489D-01
 -0.103250127444D-02  0.921023849101D-01  0.524355728722D-01 -0.451812318791D-02
 -0.310759766546D-01  0.293929441805D-01 -0.123897880954D-01  0.141799486840D-02
 -0.156020614785D-01 -0.459769207917D-01 -0.119880394853D-01  0.215998866279D-01
  0.448881241727D-02  0.210637306395D-01 -0.451879823087D-01 -0.210084353281D-01
 -0.834089726268D-02 -0.823342220534D-03 -0.824492890842D-02 -0.184228428763D-02
 -0.289725188625D-01  0.125633959106D-01  0.141806289833D-01  0.191276567319D-01
 -0.186137985338D-01  0.226610282195D-01 -0.209664945093D-01  0.988470922345D-02
 -0.157686742579D+00  0.430289258036D+00 -0.585460307802D-02 -0.514547375631D-01
  0.420123728877D-02 -0.177522200941D-01 -0.942608755088D-02 -0.300139429437D-02
  0.291213088822D-03  0.176811515589D-01  0.555172656006D-02  0.683229768524D-02
  0.285367521431D-01 -0.318406278032D-01  0.363400717381D-01  0.187951257666D-01
  0.253821996611D-01  0.906029591069D-02  0.387970041539D-01 -0.335584539680D-01
 -0.743647244410D-02 -0.105260643761D-01 -0.114752174528D-01 -0.379675688067D-01
 -0.189431577163D-01 -0.264250111748D-01 -0.448661390177D-02  0.180870127176D-01
  0.636347137411D-02  0.503939897060D-02  0.102409789325D-02 -0.223613084589D-02
  0.386875714401D-03 -0.931308056950D-03 -0.522702681448D-02  0.841379597905D-02
 -0.197870079081D-01 -0.189869497068D-02 -0.725395776731D-02 -0.144927107505D-02
  0.182900283252D-02  0.171183097964D-01 -0.421858782868D-01 -0.242741824715D-01
  0.779290556461D-01 -0.165048339486D+00 -0.130029549146D+00 -0.190478244736D-01
  0.693052548619D-02 -0.312447134256D-01  0.108603881429D-01 -0.965705893310D-02
 -0.467353391553D-02  0.364395043569D-02  0.119484764177D-01  0.136943894296D-01
  0.699306840828D-01 -0.143201702423D-01  0.143062225156D-01 -0.424469275534D-01
  0.279181019652D-01 -0.107777896750D-01 -0.244710515195D-01  0.194092927186D-02
 -0.767817297175D-02 -0.243092348895D-01 -0.730279687522D-02  0.426271795352D-01
 -0.388377800681D-01  0.145756636614D-01  0.115339948409D-01  0.177965405364D-01
  0.496771167779D-02 -0.314148937046D-01  0.394016954620D-01  0.539145616133D-02
  0.221822612363D-02  0.393921999407D-01 -0.258279888691D-01 -0.251229398624D-01
  0.579893745416D-02  0.206050804416D-02 -0.145132838502D-01 -0.106901745665D+00
  0.175204964084D+00  0.246037090051D+00 -0.132842034436D-01 -0.225929018521D-01
  0.103608711239D-01  0.338983067567D-02 -0.276911811691D-01 -0.300251470462D-03
 -0.674261852304D-02 -0.118632254478D-02 -0.166539086005D-01 -0.927778023750D-02
 -0.355549401774D-03 -0.549659508883D-02 -0.311048723145D-01 -0.111506401028D-01
  0.182134257417D-01 -0.147444152094D-01  0.409424380627D-04  0.361136492141D-01
  0.241787761354D-02 -0.885153501337D-02  0.972529045552D-02 -0.395534338912D-01
  0.183658920052D-01 -0.422192080056D-02 -0.529306469377D-02 -0.169081063547D-01
 -0.111756143922D-01 -0.215359403782D-02 -0.105070813091D-01  0.667908520979D-02
 -0.177934107823D-01  0.610468227483D-02  0.276072885832D-01 -0.697431414475D-02
 -0.818402657683D-03  0.134548102497D-01 -0.123563116332D-01  0.128397815056D-01
  0.141910442065D-02 -0.222576142211D-01  0.787554167224D-02 -0.783381641424D-03
 -0.276361397092D-01  0.159589874751D-01  0.945599157581D-02 -0.583164282820D-01
 -0.360241144434D-02  0.339269838041D-01  0.125175916186D-01 -0.113340388887D-01
  0.322962984011D-01  0.177270298761D-01 -0.290963327404D-02  0.146071883332D-01
  0.666329001924D-02  0.332188510709D-01 -0.157162058718D-01 -0.159565523045D-01
 -0.152179622000D-02 -0.303522104666D-01  0.280779393930D-01  0.482564548380D-02
 -0.262788376455D-02  0.723477260498D-01  0.535709436653D-02 -0.929728913587D-02
 -0.131947117343D-01 -0.416885378561D-01 -0.128677345356D-01  0.102412821931D-01
  0.275628821923D-02  0.742153274070D-03  0.106726394077D-01  0.102801668609D-01
  0.132113114381D-01  0.740081315487D-02 -0.156844535339D-01 -0.179267911504D-01
 -0.314115932112D-01  0.155244972850D-01  0.183973798963D-01  0.222964446153D-01
  0.282905014971D-01 -0.114697103231D-01  0.134298593757D+00  0.146203102672D-01
 -0.791385345242D-02 -0.606519754756D-03 -0.146177400875D-02  0.122449886369D-01
 -0.133681885516D-01 -0.812656762944D-02 -0.128581529039D-01 -0.236591789437D-01
 -0.184200241383D-01 -0.281500867495D-01 -0.222613461303D-02 -0.510117401459D-01
 -0.950643073097D-02  0.335713989672D-01 -0.275983169916D-01  0.369584125138D-02
 -0.668898975883D-02 -0.175784793213D-01 -0.565862845057D-02  0.338145169086D-01
 -0.255483629590D-01  0.453186199089D-02 -0.155167503148D-01 -0.342176574764D-02
 -0.280122740729D-01 -0.163571100280D-01  0.439297807365D-02 -0.160519658859D-01
  0.909596700605D-03 -0.326248763309D-03 -0.754016734627D-02  0.903743135784D-02
 -0.150985120292D-01 -0.666934252581D-02  0.390492580520D-02 -0.997393301176D-02
  0.306934859872D-02  0.901240951722D-02  0.847152018914D-02 -0.527121860840D-02
  0.108299410004D-01  0.280685496681D-01  0.280072764945D-01  0.283688418663D-02
  0.353632600416D-01 -0.207843940184D+00 -0.203548987322D+00  0.287895313610D-01
 -0.245165037110D-01  0.181349830026D-01 -0.523176525934D-02 -0.470767897522D-02
  0.146421640342D-01  0.189645527049D-01 -0.164035980957D-01 -0.810117463413D-02
  0.576610669006D-02  0.444735689014D-01 -0.396320607777D-01 -0.445498087810D-01
  0.131175969858D-01  0.122829767636D-01  0.285388810218D-01  0.176080099777D-01
 -0.300613732739D-02  0.403925153743D-03 -0.360621030935D-01  0.893263414595D-02
  0.406889161194D-01 -0.717201488788D-02 -0.280424470924D-01 -0.148621615954D-01
 -0.694705307323D-02 -0.168235470681D-01  0.473624152037D-01 -0.193108312709D-01
 -0.162595576410D-01 -0.245182260143D-01  0.202960295831D-01  0.149608938949D-01
 -0.906697956606D-02  0.258682737635D-01  0.300038593635D-02  0.153637194679D-01
  0.277683047834D+00  0.212531412078D-01  0.864264548287D-02 -0.288063333254D-01
 -0.108343609402D-01  0.136480053978D-01 -0.113686706971D-01 -0.664782716103D-02
 -0.177947488540D-02  0.932468311805D-03  0.323732106625D-01 -0.453774603477D-01
 -0.140660230212D-02  0.821531631385D-02 -0.260683086094D-01  0.503227758334D-01
  0.964364699944D-02  0.206371729533D-03 -0.471748344898D-01  0.923572049507D-02
  0.183285239628D-01  0.167086074116D-01 -0.170072332268D-02  0.349542992056D-01
  0.393583053702D-02 -0.108474526972D-01  0.269635541458D-03 -0.170530756737D-01
 -0.148852076649D-01  0.119388262387D-01 -0.370834560313D-02 -0.211079420529D-01
  0.331027198550D-02 -0.941049813942D-02 -0.153274065855D-01 -0.401078225953D-02
 -0.172009377087D-01 -0.554940338674D-02 -0.173087099366D-02 -0.147959266783D-01
  0.202640028076D-01 -0.738542728842D-02 -0.374584306601D-02  0.745963359373D-02
  0.466000648375D-03 -0.107735832134D-02  0.352356544106D-01 -0.197665895933D+00
 -0.279376946268D+00  0.116834468173D-01  0.165124149062D-02 -0.456991301381D-01
 -0.991253354399D-02  0.844764642868D-02  0.176360218456D-01  0.394081175772D-01
 -0.494744118469D-02 -0.862197412088D-02  0.822592387733D-02 -0.220320103577D-01
  0.390749076357D-01  0.583754782961D-02  0.168863532364D-01 -0.425373025451D-01
 -0.751703490221D-03 -0.208679082521D-01  0.611150136329D-01 -0.131349929536D-01
  0.307087375368D-01  0.201509954142D-02  0.106641995438D-01 -0.818640745099D-02
 -0.263868735363D-01 -0.298665915716D-01 -0.421984829487D-01 -0.371335990469D-01
  0.917422013743D-02  0.986773849555D-02 -0.802852658981D-02 -0.319026541892D-02
 -0.145323681736D-01 -0.336000256151D-01  0.224039629957D-01  0.194908996985D-01
  0.216468761350D-01 -0.107321334479D+00  0.217965641606D+00  0.423745202981D+00
$end
