$dipgrad          cartesian dipole gradients
  0.22819449821764D+00  -.13086869850957D-01  -.36442654587635D-01
  -.79391891108081D-01  0.54034134857137D+00  0.86627994003566D-01
  -.61099028409380D-01  0.17278499182387D-01  0.25086571769381D+00
  0.88176679699173D+00  0.11601335513817D+00  0.47856295052837D-01
  0.15777753614705D+00  0.38287797743126D+00  -.84827439531181D-01
  0.25456547894498D+00  -.99080318617889D-01  0.31175478693546D+00
  -.14105832276252D+01  -.22825992933491D-01  0.21822499834441D+00
  -.11934854264389D-02  -.44582641964184D+00  -.71082213086476D-01
  0.24200504095519D+00  -.11898336979223D+00  -.58206626440230D+00
  0.73725882783618D+00  -.13145501254082D+00  -.21206632981320D+00
  -.17551300703201D+00  0.42343998947413D+00  0.35495374033441D-01
  -.36270134869035D+00  -.39978429857919D-01  0.54580395578227D+00
  0.24560192213204D+00  0.54426239707085D-01  -.57844325215880D-01
  0.15691304009098D-01  0.61932566523524D+00  0.23266433165829D-01
  -.49395746621089D-01  -.39857207503412D-01  0.19711672072107D+00
  -.45726872624760D+00  0.10345297510993D+00  0.67447531019366D-01
  0.26302064531981D-01  -.69965916344608D+00  -.33024978117911D-01
  0.42849179050863D-01  0.20673279479593D-01  -.25246475324105D+00
  -.43839079714283D+00  0.12642345112094D+00  0.15086135197052D+00
  0.15405889459043D+00  -.68594047592549D+00  -.18946016993658D+00
  0.13141330625426D+00  -.16456917264578D+00  -.40403428443486D+00
  -.15200640768830D+00  -.75589295504427D-01  -.17964703550144D-01
  -.37703704187579D-01  -.15482887701396D-01  -.27694056603496D-01
  -.49438919170585D-01  -.54112269567757D-01  0.39083099245708D-01
  0.46031560658182D-01  0.52527169927024D-01  -.50691422793029D-01
  0.35914342516181D-01  -.47722776351249D-01  0.50796074421086D-01
  -.55811893390052D-02  0.73042107059851D-01  -.10851787443260D+00
  -.59824700471217D-01  0.82154933525047D-02  0.81708883874961D-02
  0.81327780279674D-02  -.15036575826165D-01  0.11114396377637D+00
  -.10154310462389D+00  0.56543716058009D-01  -.17011578813108D+00
  -.57598936207424D-01  0.45914060499212D-01  0.33315553137764D-01
  -.73894975053861D-01  -.25889758875088D+00  -.39033694020206D-01
  -.20656163286638D-01  -.18766805787165D-01  0.25595499102704D-01
  -.44819588226964D-01  0.10496819614878D-01  -.76997573055344D-01
  0.34145984550451D-01  0.14966827578290D-02  0.90955082071144D-01
  0.42111350609805D-01  0.45012552910799D-01  -.18607647835732D+00
  -.43473872897956D-01  -.17403843648871D-01  0.18668269513968D-01
  0.63496327812524D-01  -.22510279125631D+00  -.47486675416573D-01
  0.67420088271231D-01  0.15357077603681D-01  0.14363950038547D-01
  0.56801445068206D-01  0.41589307517548D-02  -.62695199515576D-02
  -.27928578054026D-01  -.58811754081575D-02  0.24585705137114D-01
  -.53888657851916D-01  0.44396149955402D-01  -.11465699359522D+00
  -.12950180393500D+00  0.10427899643777D+00  0.77537003425546D-01
  0.74000851342390D-01  -.16616725968809D+00  -.48178311008950D-01
  0.11779608718010D+00  -.94235343566849D-01  -.93228624515848D-02
  0.23296236846366D+00  -.72735823409370D-01  0.30532826182176D-01
  -.32549594144950D-01  0.14968032430319D+00  -.21148252346655D-01
  0.14952501839587D-01  0.51361845250606D-01  0.11060006616542D-03
  0.49187759088044D-01  -.13346624969427D+00  -.91391684311359D-01
  -.49040942115254D-01  0.15344648008258D+00  0.38687831228630D-01
  -.55585791443434D-01  0.58597076930270D-01  0.17130133246929D+00
  0.77735485101457D-01  -.79157934988193D-01  -.54572185603940D-01
  -.36920322107274D-01  0.15891404532427D+00  0.64934409620412D-01
  -.37976055721284D-01  0.11607295631244D+00  0.25436026836815D+00
  0.23792739688894D+00  -.80186469088906D-01  -.48374318151896D-01
  -.55383584298575D-01  0.13619460081974D+00  0.35442922610398D-01
  -.11524702794840D+00  0.13124765659597D+00  0.16899368626732D-01
$end
