$hessian (projected)
 1  1   0.5707734914   0.0355818408   0.0650576499  -0.1102871313   0.0134353516
 1  2   0.0379771153  -0.0435912195   0.0100880889   0.0270842776  -0.0043295771
 1  3  -0.0022700261  -0.0026809164  -0.0009870788   0.0009747012   0.0014983408
 1  4   0.0002238623   0.0000838748  -0.0000206130  -0.0867884355   0.0145034725
 1  5  -0.0186929403  -0.2676098672  -0.0631225351  -0.0543621439  -0.0651384102
 1  6   0.0194128937  -0.0542251203   0.0049002030  -0.0011494743  -0.0033286570
 1  7   0.0036905984  -0.0011197941  -0.0015263909  -0.0001658947  -0.0002145497
 1  8   0.0003958277  -0.0001678411   0.0004068073   0.0000056001   0.0001416258
 1  9   0.0000664937  -0.0000238978  -0.0005353303  -0.0002288452  -0.0001935827
 1 10  -0.0000572560   0.0000096609  -0.0000109949   0.0000373270  -0.0000115413
 1 11  -0.0000093285   0.0004038399  -0.0400170711  -0.0022587997  -0.0005129059
 1 12   0.0135706516   0.0053145738
 2  1   0.0355818408   0.4868382111  -0.0426658391   0.0233152823  -0.0864870690
 2  2  -0.0238624326  -0.0085869402   0.0036615614   0.0089493172  -0.0023268943
 2  3  -0.0020775640  -0.0015239405  -0.0006879749   0.0014096218   0.0004163301
 2  4   0.0003381291  -0.0005965045  -0.0001684507  -0.0171467298  -0.2081319274
 2  5   0.0154731794  -0.0687437791  -0.0675922383  -0.0175716164   0.0223206029
 2  6  -0.0806076478   0.0859219184  -0.0085165060   0.0031328928   0.0112116855
 2  7   0.0202998386  -0.0110206305  -0.0223664926   0.0000966024   0.0000818378
 2  8  -0.0001378883  -0.0000798271   0.0003156297  -0.0000462846   0.0000146801
 2  9  -0.0000219279  -0.0000267032  -0.0004252058  -0.0003052402  -0.0000881423
 2 10  -0.0000534076   0.0000602974   0.0000226196  -0.0001445128   0.0000412831
 2 11   0.0001055863   0.0021658182  -0.0179785766  -0.0068143739   0.0025789832
 2 12  -0.0207220091  -0.0068284723
 3  1   0.0650576499  -0.0426658391   0.5492171469   0.0500512811  -0.0182363749
 3  2  -0.1398990357  -0.0055791438   0.0033198522   0.0095575304  -0.0016351481
 3  3  -0.0012276744  -0.0022231069  -0.0005656152   0.0002673198   0.0010881167
 3  4  -0.0000814337  -0.0002713551  -0.0001576246  -0.0219418945  -0.0277560156
 3  5  -0.0798623100  -0.0525690547  -0.0153031316  -0.0637994308  -0.0564736337
 3  6   0.0812649033  -0.2515361610   0.0211302599  -0.0108813372  -0.0218067397
 3  7  -0.0027373365   0.0028819018   0.0008658839   0.0001908816  -0.0002532136
 3  8   0.0006578092   0.0001278427   0.0000591982   0.0000814607   0.0001388147
 3  9   0.0000531679  -0.0000519838  -0.0004035096  -0.0001620462  -0.0000856161
 3 10  -0.0000009911   0.0000542487  -0.0000036227  -0.0000932547  -0.0000396274
 3 11   0.0000751825   0.0034396945  -0.0077647849  -0.0020896328   0.0019445912
 3 12   0.0366608084  -0.0000278661
 4  1  -0.1102871313   0.0233152823   0.0500512811   0.4464778559  -0.0066921357
 4  2  -0.0021314583  -0.1825773586  -0.0315501154  -0.0201760109  -0.0470170425
 4  3  -0.0064214940   0.0015266426  -0.0021579883   0.0015404436   0.0014561478
 4  4   0.0009922478   0.0010016018   0.0000763564   0.0019475079   0.0048083793
 4  5  -0.0000220718  -0.0188483542   0.0074635190   0.0211512569   0.0032921430
 4  6  -0.0024806635  -0.0057540596  -0.0544703589   0.0173117608  -0.0364951283
 4  7  -0.0485405781  -0.0030814831   0.0012758993   0.0052909666  -0.0003729561
 4  8  -0.0054781610   0.0052188929  -0.0027281757  -0.0032191052  -0.0004253711
 4  9   0.0001032692   0.0002163218   0.0002083944  -0.0001985234  -0.0005202690
 4 10   0.0001081990  -0.0003012176  -0.0000260628   0.0002387843  -0.0000242157
 4 11  -0.0001306644   0.0010045147  -0.0023335345  -0.0022175351  -0.0004553235
 4 12   0.0006402586   0.0004166207
 5  1   0.0134353516  -0.0864870690  -0.0182363749  -0.0066921357   0.5592810010
 5  2  -0.0231951766  -0.0471361481  -0.0824682056  -0.0226089542   0.0087913383
 5  3  -0.0008666709   0.0061080609   0.0015483756  -0.0014005130  -0.0012437769
 5  4  -0.0000971296   0.0006450530   0.0002448365   0.0222171083  -0.0323878708
 5  5  -0.0282509066  -0.0068369043   0.0038313328   0.0073622253  -0.0067797625
 5  6   0.0050360356   0.0075885497   0.0168067943  -0.0896727850   0.0804533226
 5  7  -0.0014552809  -0.2786086411  -0.0030666733  -0.0005451203   0.0004316808
 5  8  -0.0015852913   0.0044143840   0.0010362030  -0.0014616664  -0.0000236830
 5  9   0.0000832271   0.0000228945   0.0009001386   0.0004617359  -0.0000984262
 5 10  -0.0002493646  -0.0000808427   0.0000647339   0.0001437906  -0.0000413908
 5 11  -0.0000845140   0.0016485137   0.0001467993  -0.0004923871  -0.0000902661
 5 12   0.0010609205  -0.0015204757
 6  1   0.0379771153  -0.0238624326  -0.1398990357  -0.0021314583  -0.0231951766
 6  2   0.5453069781  -0.0540187296  -0.0260567258  -0.0997858271   0.0252955664
 6  3   0.0102488234   0.0045828285   0.0026640283  -0.0026888650  -0.0040849671
 6  4  -0.0001748047   0.0007805057   0.0002400340   0.0017818984  -0.0074920955
 6  5  -0.0010474094  -0.0089044100   0.0048396290   0.0062697191   0.0225801539
 6  6  -0.0107213317  -0.0263908605  -0.0341186261   0.0829131577  -0.2346681080
 6  7   0.0022051800  -0.0050206691  -0.0538580638   0.0048756170  -0.0003656518
 6  8  -0.0000469521   0.0010141177  -0.0006211692  -0.0004398124  -0.0002883033
 6  9  -0.0001029085   0.0004892160   0.0016610543   0.0005580267   0.0006720367
 6 10   0.0002813760  -0.0001451864   0.0000140081   0.0000864584   0.0001355604
 6 11  -0.0001479246   0.0006765023  -0.0007600275   0.0001057971  -0.0014627358
 6 12   0.0015565370   0.0026883431
 7  1  -0.0435912195  -0.0085869402  -0.0055791438  -0.1825773586  -0.0471361481
 7  2  -0.0540187296   0.4719111117   0.0219682230  -0.0531413537  -0.1379367350
 7  3   0.0321355038   0.0749654017  -0.0387594259   0.0136441261   0.0284281379
 7  4   0.0022201571  -0.0022864074   0.0001139448   0.0013909265   0.0000560766
 7  5   0.0007957158  -0.0031952847   0.0030224812   0.0038826102   0.0026340413
 7  6  -0.0004220567  -0.0008683685  -0.0284496820  -0.0045386368  -0.0151342280
 7  7  -0.0209908555  -0.0150091664  -0.0051709923  -0.0040368800  -0.0016697937
 7  8   0.0122398128  -0.0139294032   0.0120799081   0.0142387752   0.0034727031
 7  9   0.0009372165   0.0011352862  -0.0071490290  -0.0042624083  -0.0010601405
 7 10  -0.0008047855   0.0006588348  -0.0001656515   0.0000625820   0.0000914628
 7 11   0.0001454823  -0.0000694934  -0.0001216591  -0.0003990924  -0.0002013694
 7 12  -0.0005606162  -0.0004074668
 8  1   0.0100880889   0.0036615614   0.0033198522  -0.0315501154  -0.0824682056
 8  2  -0.0260567258   0.0219682230   0.1532098936   0.0946848139   0.0158600153
 8  3  -0.0836470113  -0.0388126760  -0.0075020049   0.0047089459   0.0090434367
 8  4  -0.0016071527   0.0012367319   0.0008037581   0.0019313814   0.0012343294
 8  5  -0.0006787885   0.0023270511  -0.0002696191  -0.0019665511  -0.0002667884
 8  6  -0.0001190986   0.0000669610   0.0069351504   0.0081889587  -0.0007843301
 8  7  -0.0384112525  -0.0077637122  -0.0132604319  -0.0057215659   0.0074699539
 8  8   0.0020112076   0.0280452314  -0.0071832978  -0.0295292052   0.0005566873
 8  9   0.0001024453   0.0002150732  -0.0031219369  -0.0000087124  -0.0004279848
 8 10   0.0001473493   0.0000318768   0.0001258707  -0.0001839514   0.0005573595
 8 11   0.0000591755   0.0006551806   0.0009177366   0.0010968668  -0.0001495907
 8 12   0.0001398640   0.0000896777
 9  1   0.0270842776   0.0089493172   0.0095575304  -0.0201760109  -0.0226089542
 9  2  -0.0997858271  -0.0531413537   0.0946848139   0.2774626326   0.0409828912
 9  3  -0.0428706919  -0.1483694183  -0.0005173081   0.0038875983   0.0062385937
 9  4   0.0002591904   0.0004765454   0.0014471057  -0.0001891524  -0.0004272887
 9  5   0.0011253621   0.0050562983  -0.0025982078  -0.0037184889  -0.0008958681
 9  6   0.0006718132   0.0025673186  -0.0331186929  -0.0115488724  -0.0096197794
 9  7  -0.0050305751  -0.0050571099   0.0016562598   0.0310076792  -0.0123016243
 9  8  -0.0335198675   0.0119317473  -0.0116356679  -0.0066064847   0.0005327391
 9  9   0.0008534110   0.0017917373  -0.0035597968  -0.0006322094   0.0000216198
 9 10  -0.0005751894  -0.0006046440  -0.0000798849  -0.0000302123   0.0000419233
 9 11   0.0000300381  -0.0000845349   0.0009485811   0.0001337198   0.0004638715
 9 12  -0.0002287329  -0.0003321672
10  1  -0.0043295771  -0.0023268943  -0.0016351481  -0.0470170425   0.0087913383
10  2   0.0252955664  -0.1379367350   0.0158600153   0.0409828912   0.4818866321
10  3  -0.0022335503   0.0414318399  -0.1584138390  -0.0440634992  -0.0398670556
10  4  -0.0005905117  -0.0063046978   0.0001133210   0.0013435322  -0.0008220611
10  5  -0.0011215190  -0.0000745912   0.0002883488   0.0010297711  -0.0002575882
10  6  -0.0001168780   0.0001613106   0.0043982565   0.0001126431   0.0030751177
10  7   0.0050860305   0.0023212400   0.0005258639  -0.0676541703   0.0230056788
10  8  -0.0577408573  -0.0505856953   0.0083986919  -0.0035673880  -0.0073088810
10  9  -0.0015002597  -0.0026049827  -0.0198075024  -0.0061133735  -0.0077984563
10 10   0.0011775539   0.0005700051   0.0006737193   0.0006195627   0.0024858788
10 11   0.0001726500  -0.0003195930   0.0012947913   0.0006719466  -0.0002158412
10 12   0.0003525824   0.0002014095
11  1  -0.0022700261  -0.0020775640  -0.0012276744  -0.0064214940  -0.0008666709
11  2   0.0102488234   0.0321355038  -0.0836470113  -0.0428706919  -0.0022335503
11  3   0.5613403123  -0.0203082737  -0.0310545380  -0.0910393585  -0.0108825280
11  4  -0.0333661946  -0.0268194460  -0.0155624372   0.0005703561   0.0005770766
11  5   0.0003666574  -0.0007585356   0.0006018100   0.0003325806   0.0000817716
11  6   0.0000539780   0.0000560172  -0.0002382859   0.0003648692  -0.0016372608
11  7  -0.0045178772   0.0010412163   0.0007483734   0.0219243061  -0.0804346829
11  8   0.0706971327   0.0103067824  -0.2807279215   0.0039388727   0.0042223277
11  9   0.0028669998   0.0008265964   0.0140380623   0.0049657626   0.0031392229
11 10  -0.0005700342   0.0009409680   0.0001550250  -0.0021508647  -0.0073583277
11 11   0.0021955583   0.0000128939   0.0003584500  -0.0000826299   0.0002893966
11 12  -0.0001404600  -0.0001333640
12  1  -0.0026809164  -0.0015239405  -0.0022231069   0.0015266426   0.0061080609
12  2   0.0045828285   0.0749654017  -0.0388126760  -0.1483694183   0.0414318399
12  3  -0.0203082737   0.5245997862  -0.0318186279  -0.0153734414  -0.0931247666
12  4   0.0025584791   0.0008875191   0.0006994236  -0.0005896666   0.0012855525
12  5   0.0010733164  -0.0010948009   0.0002752350   0.0010530468   0.0005177890
12  6  -0.0001146808   0.0002415114  -0.0073301790  -0.0003994034   0.0006753074
12  7  -0.0036546297  -0.0019157385  -0.0001720475  -0.0608053426   0.0737782530
12  8  -0.2303991612  -0.0037796641   0.0018839990  -0.0508757354  -0.0323757152
12  9  -0.0139222358  -0.0117479261   0.0196001648   0.0061868306   0.0041289988
12 10   0.0026685890   0.0014143321   0.0007736440   0.0004889396   0.0014298424
12 11  -0.0001207739   0.0002439863  -0.0006256702  -0.0006524903   0.0001277104
12 12  -0.0002535643  -0.0001424369
13  1  -0.0009870788  -0.0006879749  -0.0005656152  -0.0021579883   0.0015483756
13  2   0.0026640283  -0.0387594259  -0.0075020049  -0.0005173081  -0.1584138390
13  3  -0.0310545380  -0.0318186279   0.5064509657  -0.0228114857  -0.0095481784
13  4  -0.0688264458   0.0169746700  -0.0184560904   0.0003264757  -0.0002245726
13  5  -0.0001945452  -0.0001747602   0.0001425714   0.0002768690   0.0000262885
13  6  -0.0000356449  -0.0000012301  -0.0002328589   0.0000127093   0.0001169804
13  7  -0.0000676930  -0.0003164224   0.0000407839  -0.0080356405  -0.0054817081
13  8  -0.0043990966   0.0035348355   0.0029602026  -0.0001180288  -0.0517558550
13  9   0.0047157041  -0.0328404294  -0.1748258342   0.0759878010   0.0851506257
13 10  -0.0025812637  -0.0025272078   0.0029862683  -0.0034191779  -0.0320158400
13 11   0.0070769050  -0.0000543922   0.0002480647   0.0001118156  -0.0000463119
13 12   0.0000673008   0.0000348740
14  1   0.0009747012   0.0014096218   0.0002673198   0.0015404436  -0.0014005130
14  2  -0.0026888650   0.0136441261   0.0047089459   0.0038875983  -0.0440634992
14  3  -0.0910393585  -0.0153734414  -0.0228114857   0.4776729070   0.0012164353
14  4  -0.0251235777  -0.2048498315   0.0281746831  -0.0000774433  -0.0005326547
14  5   0.0000199101   0.0002924108  -0.0002562221  -0.0002974303  -0.0000158627
14  6  -0.0000862702  -0.0000244957  -0.0001040178   0.0000631634   0.0001032785
14  7   0.0002561486   0.0002433520  -0.0000167319   0.0092014396   0.0034673789
14  8   0.0042128945  -0.0281550447  -0.0125498159  -0.0100304916   0.0065822295
14  9  -0.0552671236   0.0426576796   0.0725570273  -0.0924872830  -0.0511613773
14 10   0.0063535121  -0.0123066225  -0.0031281411   0.0087323570  -0.0170565703
14 11   0.0021647217   0.0001644957   0.0002112152  -0.0000681358   0.0000520396
14 12   0.0000556814   0.0000845893
15  1   0.0014983408   0.0004163301   0.0010881167   0.0014561478  -0.0012437769
15  2  -0.0040849671   0.0284281379   0.0090434367   0.0062385937  -0.0398670556
15  3  -0.0108825280  -0.0931247666  -0.0095481784   0.0012164353   0.6052920057
15  4  -0.0113096864   0.0076985229  -0.0976200912  -0.0000898141  -0.0000232719
15  5  -0.0001539894   0.0003216393  -0.0001983631  -0.0003972102  -0.0001257452
15  6   0.0001102194   0.0000198700   0.0001742175  -0.0003777345   0.0006939486
15  7  -0.0000507545   0.0001507726   0.0000009354  -0.0286769445  -0.0122776729
15  8  -0.0084824232   0.0021411905   0.0020802763   0.0001602811  -0.0296024868
15  9   0.0340451405  -0.2948293528   0.0830880487  -0.0532055189  -0.1133445620
15 10   0.0000152832   0.0417997220  -0.0050959062   0.0021662971  -0.0182417857
15 11   0.0034726878   0.0000075574  -0.0000981096   0.0001836497  -0.0000261947
15 12  -0.0000120942  -0.0000168199
16  1   0.0002238623   0.0003381291  -0.0000814337   0.0009922478  -0.0000971296
16  2  -0.0001748047   0.0022201571  -0.0016071527   0.0002591904  -0.0005905117
16  3  -0.0333661946   0.0025584791  -0.0688264458  -0.0251235777  -0.0113096864
16  4   0.3592516599   0.1732008203   0.1414491620  -0.0003125330  -0.0000564478
16  5   0.0003513663  -0.0000218169  -0.0000694996  -0.0000537587   0.0000309006
16  6  -0.0000273178   0.0000430068   0.0000003452   0.0000511369  -0.0000006148
16  7  -0.0001041800  -0.0000507979  -0.0000440420   0.0022621148   0.0009558795
16  8   0.0013192249  -0.0051732560  -0.0032470078  -0.0011910577   0.0002976279
16  9   0.0049469639  -0.0002383222   0.0063518635   0.0219913275  -0.0048592354
16 10  -0.0280934395  -0.0232903518   0.0063231826  -0.2688577100  -0.1144906083
16 11  -0.1340363193   0.0001340900  -0.0000039495  -0.0002972126   0.0002150239
16 12  -0.0000542221  -0.0000171244
17  1   0.0000838748  -0.0005965045  -0.0002713551   0.0010016018   0.0006450530
17  2   0.0007805057  -0.0022864074   0.0012367319   0.0004765454  -0.0063046978
17  3  -0.0268194460   0.0008875191   0.0169746700  -0.2048498315   0.0076985229
17  4   0.1732008203   0.4397037189  -0.0441304024  -0.0001843725   0.0007151251
17  5   0.0001498380  -0.0001176608   0.0001103295   0.0000940851  -0.0000161721
17  6   0.0000695599  -0.0000017859  -0.0001012896  -0.0000243730  -0.0001921357
17  7  -0.0000023102   0.0001080607  -0.0000466570   0.0015423450   0.0016298136
17  8   0.0001453853  -0.0023626455  -0.0001971916  -0.0003194191  -0.0014241422
17  9  -0.0132957671   0.0031687531   0.0024208323  -0.0343402943   0.0025706505
17 10  -0.0341780918  -0.0631539772   0.0815656072  -0.1481763700  -0.1004647695
17 11  -0.0524394081  -0.0000246644  -0.0003763425  -0.0000508089  -0.0000453199
17 12  -0.0000998953  -0.0000854401
18  1  -0.0000206130  -0.0001684507  -0.0001576246   0.0000763564   0.0002448365
18  2   0.0002400340   0.0001139448   0.0008037581   0.0014471057   0.0001133210
18  3  -0.0155624372   0.0006994236  -0.0184560904   0.0281746831  -0.0976200912
18  4   0.1414491620  -0.0441304024   0.6175891826  -0.0001320463   0.0001307900
18  5   0.0002345640   0.0000064849   0.0000599122   0.0000436920   0.0000143977
18  6   0.0000060405   0.0000464124   0.0000696537  -0.0000133446  -0.0000053570
18  7   0.0001303324   0.0001041582  -0.0000092073   0.0014562757  -0.0006563643
18  8   0.0017593716  -0.0037074809  -0.0021422885   0.0002257294   0.0008350340
18  9   0.0379633544  -0.0033979255  -0.0027587345  -0.0127990694   0.0074925409
18 10   0.0511364585   0.0586237481  -0.4021834219  -0.1702608641  -0.0506120064
18 11  -0.1261662035  -0.0001594141  -0.0000504394  -0.0002369415   0.0000938221
18 12   0.0000235217  -0.0000012837
19  1  -0.0867884355  -0.0171467298  -0.0219418945   0.0019475079   0.0222171083
19  2   0.0017818984   0.0013909265   0.0019313814  -0.0001891524   0.0013435322
19  3   0.0005703561  -0.0005896666   0.0003264757  -0.0000774433  -0.0000898141
19  4  -0.0003125330  -0.0001843725  -0.0001320463   0.5253428382   0.0737453443
19  5   0.1953768562   0.0033478562  -0.0342639091  -0.0030113794   0.0010754115
19  6   0.0138489940   0.0011646040   0.0006948572  -0.0011234175  -0.0008965163
19  7  -0.0025829310   0.0023440647   0.0030095786   0.0000117256  -0.0000243892
19  8   0.0000847316  -0.0003181688  -0.0000109808   0.0002575698  -0.0000130740
19  9  -0.0000281330  -0.0000307667  -0.0000465127  -0.0000074416   0.0000514605
19 10   0.0001046559   0.0000165762  -0.0000200267  -0.0000956333   0.0000234964
19 11   0.0000488496  -0.3718476779  -0.0987606938  -0.0369377082  -0.0735808207
19 12   0.0369301891  -0.1379365774
20  1   0.0145034725  -0.2081319274  -0.0277560156   0.0048083793  -0.0323878708
20  2  -0.0074920955   0.0000560766   0.0012343294  -0.0004272887  -0.0008220611
20  3   0.0005770766   0.0012855525  -0.0002245726  -0.0005326547  -0.0000232719
20  4  -0.0000564478   0.0007151251   0.0001307900   0.0737453443   0.4800531329
20  5  -0.1169537178  -0.0016654318  -0.0189241070  -0.0015992830   0.0013701962
20  6  -0.0245325953   0.0006681470  -0.0014983820   0.0023624614   0.0001469486
20  7   0.0031512362  -0.0010011739  -0.0026052908  -0.0000303571  -0.0000800660
20  8  -0.0001325345  -0.0000866073   0.0001034342  -0.0000700405  -0.0000277375
20  9   0.0000428825   0.0000162243   0.0001449876   0.0001403482  -0.0000094264
20 10   0.0000812177  -0.0001091022  -0.0000305023   0.0001676984  -0.0000309107
20 11  -0.0001085908  -0.1215896208  -0.0883930375   0.0076322204   0.0279726091
20 12  -0.1111053448   0.1473281751
21  1  -0.0186929403   0.0154731794  -0.0798623100  -0.0000220718  -0.0282509066
21  2  -0.0010474094   0.0007957158  -0.0006787885   0.0011253621  -0.0011215190
21  3   0.0003666574   0.0010733164  -0.0001945452   0.0000199101  -0.0001539894
21  4   0.0003513663   0.0001498380   0.0002345640   0.1953768562  -0.1169537178
21  5   0.4124955235   0.0001060266  -0.0120304961  -0.0003284308   0.0000858497
21  6   0.0299231727   0.0063033801  -0.0016192461  -0.0001861280   0.0032502744
21  7   0.0047554563  -0.0033372290  -0.0023949313  -0.0000169798   0.0000418158
21  8  -0.0000682676   0.0000385102  -0.0000518969  -0.0001541154  -0.0000030563
21  9  -0.0000153984   0.0000488161   0.0001290684   0.0000120852  -0.0000283956
21 10  -0.0001584139   0.0000177710   0.0000202171   0.0001569646  -0.0000337905
21 11  -0.0000950098  -0.0824497522  -0.0046023385  -0.0353233006  -0.0975172894
21 12   0.1201362608  -0.3050952939
22  1  -0.2676098672  -0.0687437791  -0.0525690547  -0.0188483542  -0.0068369043
22  2  -0.0089044100  -0.0031952847   0.0023270511   0.0050562983  -0.0000745912
22  3  -0.0007585356  -0.0010948009  -0.0001747602   0.0002924108   0.0003216393
22  4  -0.0000218169  -0.0001176608   0.0000064849   0.0033478562  -0.0016654318
22  5   0.0001060266   0.2901351188   0.0760532059   0.0573263439  -0.0062831481
22  6  -0.0010982985  -0.0019123688   0.0007474308  -0.0004797828   0.0005790322
22  7   0.0002725425   0.0008736058  -0.0000203908  -0.0000749728  -0.0000280908
22  8   0.0002089657  -0.0001231377   0.0001512807   0.0000764962   0.0000582521
22  9  -0.0000106200  -0.0000189882  -0.0001765111  -0.0000778181  -0.0000280902
22 10   0.0000014889   0.0000186477   0.0000018719  -0.0000216212  -0.0000050996
22 11   0.0000166401   0.0016847596   0.0007493273   0.0006853136   0.0003566163
22 12  -0.0006435079   0.0001629909
23  1  -0.0631225351  -0.0675922383  -0.0153031316   0.0074635190   0.0038313328
23  2   0.0048396290   0.0030224812  -0.0002696191  -0.0025982078   0.0002883488
23  3   0.0006018100   0.0002752350   0.0001425714  -0.0002562221  -0.0001983631
23  4  -0.0000694996   0.0001103295   0.0000599122  -0.0342639091  -0.0189241070
23  5  -0.0120304961   0.0760532059   0.0838250428   0.0220979011   0.0110496681
23  6   0.0041638268   0.0015083439  -0.0003515558   0.0001883164  -0.0000675083
23  7  -0.0003001221   0.0001869934   0.0006397111   0.0000815763  -0.0000082054
23  8  -0.0001272182   0.0000253280  -0.0000618474  -0.0000044423  -0.0000269229
23  9  -0.0000028774   0.0000027549   0.0000968014   0.0000803865   0.0000192061
23 10   0.0000121036  -0.0000122302  -0.0000020599   0.0000280990  -0.0000043983
23 11  -0.0000200577   0.0002122220  -0.0072052122   0.0004728268  -0.0003413801
23 12   0.0013489190   0.0004359649
24  1  -0.0543621439  -0.0175716164  -0.0637994308   0.0211512569   0.0073622253
24  2   0.0062697191   0.0038826102  -0.0019665511  -0.0037184889   0.0010297711
24  3   0.0003325806   0.0010530468   0.0002768690  -0.0002974303  -0.0003972102
24  4  -0.0000537587   0.0000940851   0.0000436920  -0.0030113794  -0.0015992830
24  5  -0.0003284308   0.0573263439   0.0220979011   0.0638011076  -0.0264271869
24  6  -0.0087906973  -0.0055043446  -0.0008561917   0.0007174478   0.0004860619
24  7  -0.0007948636  -0.0001042040   0.0008157943  -0.0000757566   0.0000636067
24  8  -0.0000482254   0.0000740231  -0.0000534621  -0.0000421439  -0.0000302190
24  9  -0.0000132991   0.0000062844   0.0001665397   0.0000835975   0.0000403600
24 10   0.0000137137  -0.0000072108   0.0000034791   0.0000245776   0.0000022052
24 11  -0.0000245253   0.0010143810  -0.0003192880   0.0010535956   0.0006514138
24 12  -0.0000306073   0.0002896591
25  1  -0.0651384102   0.0223206029  -0.0564736337   0.0032921430  -0.0067797625
25  2   0.0225801539   0.0026340413  -0.0002667884  -0.0008958681  -0.0002575882
25  3   0.0000817716   0.0005177890   0.0000262885  -0.0000158627  -0.0001257452
25  4   0.0000309006  -0.0000161721   0.0000143977   0.0010754115   0.0013701962
25  5   0.0000858497  -0.0062831481   0.0110496681  -0.0264271869   0.0649262981
25  6  -0.0281014904   0.0575969982  -0.0022738737   0.0010740693   0.0031181827
25  7   0.0006695500  -0.0003634704  -0.0009936622  -0.0001056560   0.0000931844
25  8  -0.0003315879   0.0000541765  -0.0000659683  -0.0000355510  -0.0000850949
25  9  -0.0000149591  -0.0000125539   0.0000457915   0.0000122650  -0.0000044315
25 10   0.0000153357   0.0000002968   0.0000002212  -0.0000077529   0.0000005629
25 11   0.0000115790  -0.0000032681   0.0000644529   0.0005936530   0.0013848555
25 12  -0.0004425961   0.0007813961
26  1   0.0194128937  -0.0806076478   0.0812649033  -0.0024806635   0.0050360356
26  2  -0.0107213317  -0.0004220567  -0.0001190986   0.0006718132  -0.0001168780
26  3   0.0000539780  -0.0001146808  -0.0000356449  -0.0000862702   0.0001102194
26  4  -0.0000273178   0.0000695599   0.0000060405   0.0138489940  -0.0245325953
26  5   0.0299231727  -0.0010982985   0.0041638268  -0.0087906973  -0.0281014904
26  6   0.1015583298  -0.0919120050   0.0023350896   0.0001128792  -0.0017046309
26  7  -0.0008647139   0.0005752527   0.0003609605   0.0000207352  -0.0000520117
26  8   0.0000463620   0.0000046954  -0.0000128591  -0.0000014815   0.0000081652
26  9   0.0000271066  -0.0000038981  -0.0000012825   0.0000148959  -0.0000168507
26 10   0.0000236948  -0.0000192464  -0.0000076205   0.0000031411  -0.0000049166
26 11   0.0000042298  -0.0004270870   0.0007797409   0.0004517717  -0.0020819757
26 12  -0.0069569598   0.0004337233
27  1  -0.0542251203   0.0859219184  -0.2515361610  -0.0057540596   0.0075885497
27  2  -0.0263908605  -0.0008683685   0.0000669610   0.0025673186   0.0001613106
27  3   0.0000560172   0.0002415114  -0.0000012301  -0.0000244957   0.0000198700
27  4   0.0000430068  -0.0000017859   0.0000464124   0.0011646040   0.0006681470
27  5   0.0063033801  -0.0019123688   0.0015083439  -0.0055043446   0.0575969982
27  6  -0.0919120050   0.2735277198   0.0033918878  -0.0022479579  -0.0019218550
27  7  -0.0000427036  -0.0005276138   0.0005859005  -0.0002305455  -0.0000360734
27  8   0.0002999814  -0.0000301003   0.0000028356  -0.0000106553   0.0000698573
27  9   0.0000197196   0.0000240768   0.0000173693  -0.0000087252  -0.0000048819
27 10  -0.0000388995  -0.0000004243   0.0000069416   0.0000168710  -0.0000002583
27 11  -0.0000126487  -0.0000947527   0.0005379472   0.0000675885   0.0007362439
27 12  -0.0016111000   0.0016907057
28  1   0.0049002030  -0.0085165060   0.0211302599  -0.0544703589   0.0168067943
28  2  -0.0341186261  -0.0284496820   0.0069351504  -0.0331186929   0.0043982565
28  3  -0.0002382859  -0.0073301790  -0.0002328589  -0.0001040178   0.0001742175
28  4   0.0000003452  -0.0001012896   0.0000696537   0.0006948572  -0.0014983820
28  5  -0.0016192461   0.0007474308  -0.0003515558  -0.0008561917  -0.0022738737
28  6   0.0023350896   0.0033918878   0.0717662824  -0.0170013817   0.0494846939
28  7   0.0027086428   0.0014362937   0.0002521392   0.0006829549  -0.0004175635
28  8   0.0019447769  -0.0003791539   0.0001699714   0.0006176686   0.0002139298
28  9   0.0000260224   0.0002831967  -0.0001195655  -0.0001189462   0.0001274259
28 10  -0.0001097387  -0.0000054283   0.0000099610   0.0000062028  -0.0000133209
28 11   0.0000034309  -0.0000261784   0.0002500256   0.0001393222  -0.0000576954
28 12   0.0004073301  -0.0005856985
29  1  -0.0011494743   0.0031328928  -0.0108813372   0.0173117608  -0.0896727850
29  2   0.0829131577  -0.0045386368   0.0081889587  -0.0115488724   0.0001126431
29  3   0.0003648692  -0.0003994034   0.0000127093   0.0000631634  -0.0003777345
29  4   0.0000511369  -0.0000243730  -0.0000133446  -0.0011234175   0.0023624614
29  5  -0.0001861280  -0.0004797828   0.0001883164   0.0007174478   0.0010740693
29  6   0.0001128792  -0.0022479579  -0.0170013817   0.0885251294  -0.0875131734
29  7   0.0050667061  -0.0127836125   0.0289431731   0.0006084485  -0.0001018207
29  8   0.0000149455  -0.0001359884  -0.0003251127   0.0003480161  -0.0001096384
29  9  -0.0000618993   0.0000184015   0.0000515384  -0.0000074172   0.0000414545
29 10   0.0000158941   0.0000151908  -0.0000026584   0.0000020956   0.0000045249
29 11  -0.0000046340  -0.0000700893  -0.0000590753  -0.0001784158   0.0003014072
29 12   0.0000777095   0.0003570635
30  1  -0.0033286570   0.0112116855  -0.0218067397  -0.0364951283   0.0804533226
30  2  -0.2346681080  -0.0151342280  -0.0007843301  -0.0096197794   0.0030751177
30  3  -0.0016372608   0.0006753074   0.0001169804   0.0001032785   0.0006939486
30  4  -0.0000006148  -0.0001921357  -0.0000053570  -0.0008965163   0.0001469486
30  5   0.0032502744   0.0005790322  -0.0000675083   0.0004860619   0.0031181827
30  6  -0.0017046309  -0.0019218550   0.0494846939  -0.0875131734   0.2612812872
30  7   0.0011276090   0.0006780018   0.0008676672  -0.0016646719   0.0002875456
30  8   0.0010994610  -0.0002424368   0.0004240148  -0.0000600425   0.0003844366
30  9   0.0000814924  -0.0000063757  -0.0001629943  -0.0000977177   0.0000357983
30 10  -0.0001254400   0.0000480001   0.0000175377  -0.0000043829  -0.0000213033
30 11   0.0000143764  -0.0002404742  -0.0001078921  -0.0002608593   0.0004094923
30 12  -0.0013083374  -0.0000726034
31  1   0.0036905984   0.0202998386  -0.0027373365  -0.0485405781  -0.0014552809
31  2   0.0022051800  -0.0209908555  -0.0384112525  -0.0050305751   0.0050860305
31  3  -0.0045178772  -0.0036546297  -0.0000676930   0.0002561486  -0.0000507545
31  4  -0.0001041800  -0.0000023102   0.0001303324  -0.0025829310   0.0031512362
31  5   0.0047554563   0.0002725425  -0.0003001221  -0.0007948636   0.0006695500
31  6  -0.0008647139  -0.0000427036   0.0027086428   0.0050667061   0.0011276090
31  7   0.0604231200   0.0151033394   0.0031476436  -0.0005025280   0.0002309677
31  8   0.0004461583   0.0003629730   0.0018944884   0.0002137603   0.0001142184
31  9  -0.0000078997   0.0000270775  -0.0001861617  -0.0000380019   0.0000277922
31 10  -0.0000574861   0.0000205415   0.0000164404  -0.0000536788   0.0000701266
31 11   0.0000328870  -0.0005233725   0.0000334425   0.0000649453   0.0002817889
31 12  -0.0005293773   0.0001155805
32  1  -0.0011197941  -0.0110206305   0.0028819018  -0.0030814831  -0.2786086411
32  2  -0.0050206691  -0.0150091664  -0.0077637122  -0.0050571099   0.0023212400
32  3   0.0010412163  -0.0019157385  -0.0003164224   0.0002433520   0.0001507726
32  4  -0.0000507979   0.0001080607   0.0001041582   0.0023440647  -0.0010011739
32  5  -0.0033372290   0.0008736058   0.0001869934  -0.0001042040  -0.0003634704
32  6   0.0005752527  -0.0005276138   0.0014362937  -0.0127836125   0.0006780018
32  7   0.0151033394   0.3079579601   0.0102676617   0.0000446009  -0.0003591477
32  8   0.0004950391  -0.0016807269   0.0003005889   0.0009890469   0.0001117411
32  9  -0.0000230497   0.0000066724  -0.0001973699  -0.0000320368   0.0000419420
32 10   0.0000230830   0.0000213582  -0.0000136925   0.0000247612   0.0000368361
32 11  -0.0000354886  -0.0000661634   0.0005258020   0.0004381622  -0.0003973352
32 12   0.0005945841  -0.0000416132
33  1  -0.0015263909  -0.0223664926   0.0008658839   0.0012758993  -0.0030666733
33  2  -0.0538580638  -0.0051709923  -0.0132604319   0.0016562598   0.0005258639
33  3   0.0007483734  -0.0001720475   0.0000407839  -0.0000167319   0.0000009354
33  4  -0.0000440420  -0.0000466570  -0.0000092073   0.0030095786  -0.0026052908
33  5  -0.0023949313  -0.0000203908   0.0006397111   0.0008157943  -0.0009936622
33  6   0.0003609605   0.0005859005   0.0002521392   0.0289431731   0.0008676672
33  7   0.0031476436   0.0102676617   0.0514582323  -0.0003596546   0.0002950858
33  8  -0.0000154468  -0.0003450022   0.0001650950   0.0002802737   0.0000027662
33  9  -0.0000214727  -0.0000131189  -0.0000069382  -0.0000113572   0.0000126484
33 10  -0.0000483653   0.0000294229   0.0000109127   0.0000002700  -0.0000155235
33 11   0.0000140628  -0.0000328596   0.0003201332   0.0002097860   0.0002933532
33 12  -0.0003589857  -0.0003155415
34  1  -0.0001658947   0.0000966024   0.0001908816   0.0052909666  -0.0005451203
34  2   0.0048756170  -0.0040368800  -0.0057215659   0.0310076792  -0.0676541703
34  3   0.0219243061  -0.0608053426  -0.0080356405   0.0092014396  -0.0286769445
34  4   0.0022621148   0.0015423450   0.0014562757   0.0000117256  -0.0000303571
34  5  -0.0000169798  -0.0000749728   0.0000815763  -0.0000757566  -0.0001056560
34  6   0.0000207352  -0.0002305455   0.0006829549   0.0006084485  -0.0016646719
34  7  -0.0005025280   0.0000446009  -0.0003596546   0.0753510425  -0.0240527126
34  8   0.0559954913   0.0012906127  -0.0003569279  -0.0018229146  -0.0048497206
34  9  -0.0027084053  -0.0011676075   0.0005341277   0.0003280266   0.0007322185
34 10  -0.0004206322  -0.0007157944   0.0004101943   0.0004028673   0.0003645160
34 11   0.0001362826   0.0000389013  -0.0001038705  -0.0000047861  -0.0000192183
34 12   0.0000221575   0.0000205636
35  1  -0.0002145497   0.0000818378  -0.0002532136  -0.0003729561   0.0004316808
35  2  -0.0003656518  -0.0016697937   0.0074699539  -0.0123016243   0.0230056788
35  3  -0.0804346829   0.0737782530  -0.0054817081   0.0034673789  -0.0122776729
35  4   0.0009558795   0.0016298136  -0.0006563643  -0.0000243892  -0.0000800660
35  5   0.0000418158  -0.0000280908  -0.0000082054   0.0000636067   0.0000931844
35  6  -0.0000520117  -0.0000360734  -0.0004175635  -0.0001018207   0.0002875456
35  7   0.0002309677  -0.0003591477   0.0002950858  -0.0240527126   0.0794651210
35  8  -0.0763545685   0.0098987892  -0.0114687033   0.0287030301  -0.0023603123
35  9  -0.0004963936  -0.0014797861   0.0004569729   0.0000568736   0.0003529634
35 10  -0.0003229823   0.0002366314   0.0003457593   0.0002685201   0.0001525718
35 11  -0.0000981766   0.0000155620  -0.0000042172  -0.0000520641   0.0000195038
35 12   0.0000133858   0.0000071358
36  1   0.0003958277  -0.0001378883   0.0006578092  -0.0054781610  -0.0015852913
36  2  -0.0000469521   0.0122398128   0.0020112076  -0.0335198675  -0.0577408573
36  3   0.0706971327  -0.2303991612  -0.0043990966   0.0042128945  -0.0084824232
36  4   0.0013192249   0.0001453853   0.0017593716   0.0000847316  -0.0001325345
36  5  -0.0000682676   0.0002089657  -0.0001272182  -0.0000482254  -0.0003315879
36  6   0.0000463620   0.0002999814   0.0019447769   0.0000149455   0.0010994610
36  7   0.0004461583   0.0004950391  -0.0000154468   0.0559954913  -0.0763545685
36  8   0.2671245274  -0.0018925025   0.0018779547   0.0006641769  -0.0011584785
36  9  -0.0000555794   0.0007143045  -0.0010035459  -0.0004168682   0.0000320055
36 10  -0.0009385942  -0.0009130107  -0.0001108414   0.0003620088  -0.0000663628
36 11   0.0003328859  -0.0001216900   0.0002677628  -0.0000110553   0.0000675158
36 12   0.0000206376   0.0000177171
37  1  -0.0001678411  -0.0000798271   0.0001278427   0.0052188929   0.0044143840
37  2   0.0010141177  -0.0139294032   0.0280452314   0.0119317473  -0.0505856953
37  3   0.0103067824  -0.0037796641   0.0035348355  -0.0281550447   0.0021411905
37  4  -0.0051732560  -0.0023626455  -0.0037074809  -0.0003181688  -0.0000866073
37  5   0.0000385102  -0.0001231377   0.0000253280   0.0000740231   0.0000541765
37  6   0.0000046954  -0.0000301003  -0.0003791539  -0.0001359884  -0.0002424368
37  7   0.0003629730  -0.0016807269  -0.0003450022   0.0012906127   0.0098987892
37  8  -0.0018925025   0.0593050373  -0.0187657854  -0.0060319957   0.0007375152
37  9   0.0007021747  -0.0003105551   0.0007702047   0.0000059573   0.0007384373
37 10  -0.0001878280   0.0001514591  -0.0000215356  -0.0004766798  -0.0019415275
37 11   0.0004830310   0.0000714553  -0.0003192180  -0.0001852776  -0.0000045392
37 12  -0.0000274307  -0.0000023491
38  1   0.0004068073   0.0003156297   0.0000591982  -0.0027281757   0.0010362030
38  2  -0.0006211692   0.0120799081  -0.0071832978  -0.0116356679   0.0083986919
38  3  -0.2807279215   0.0018839990   0.0029602026  -0.0125498159   0.0020802763
38  4  -0.0032470078  -0.0001971916  -0.0021422885  -0.0000109808   0.0001034342
38  5  -0.0000518969   0.0001512807  -0.0000618474  -0.0000534621  -0.0000659683
38  6  -0.0000128591   0.0000028356   0.0001699714  -0.0003251127   0.0004240148
38  7   0.0018944884   0.0003005889   0.0001650950  -0.0003569279  -0.0114687033
38  8   0.0018779547  -0.0187657854   0.3098792136   0.0073402566   0.0001945984
38  9   0.0002498675  -0.0004923963  -0.0009072019   0.0008187929   0.0004925419
38 10   0.0003265497   0.0001716573  -0.0000125781  -0.0003269104  -0.0006117125
38 11   0.0004893547  -0.0001261168   0.0002073175   0.0001682289  -0.0000474235
38 12   0.0000557573   0.0000257033
39  1   0.0000056001  -0.0000462846   0.0000814607  -0.0032191052  -0.0014616664
39  2  -0.0004398124   0.0142387752  -0.0295292052  -0.0066064847  -0.0035673880
39  3   0.0039388727  -0.0508757354  -0.0001180288  -0.0100304916   0.0001602811
39  4  -0.0011910577  -0.0003194191   0.0002257294   0.0002575698  -0.0000700405
39  5  -0.0001541154   0.0000764962  -0.0000044423  -0.0000421439  -0.0000355510
39  6  -0.0000014815  -0.0000106553   0.0006176686   0.0003480161  -0.0000600425
39  7   0.0002137603   0.0009890469   0.0002802737  -0.0018229146   0.0287030301
39  8   0.0006641769  -0.0060319957   0.0073402566   0.0553623597   0.0007122680
39  9  -0.0000069829   0.0001757586   0.0004426158   0.0006912867   0.0005011449
39 10  -0.0005440088  -0.0004175358   0.0001694150   0.0000285024  -0.0004373400
39 11   0.0003943174  -0.0000814937   0.0002776337   0.0001660909   0.0000182873
39 12   0.0000367472   0.0000079814
40  1   0.0001416258   0.0000146801   0.0001388147  -0.0004253711  -0.0000236830
40  2  -0.0002883033   0.0034727031   0.0005566873   0.0005327391  -0.0073088810
40  3   0.0042223277  -0.0323757152  -0.0517558550   0.0065822295  -0.0296024868
40  4   0.0002976279  -0.0014241422   0.0008350340  -0.0000130740  -0.0000277375
40  5  -0.0000030563   0.0000582521  -0.0000269229  -0.0000302190  -0.0000850949
40  6   0.0000081652   0.0000698573   0.0002139298  -0.0001096384   0.0003844366
40  7   0.0001142184   0.0001117411   0.0000027662  -0.0048497206  -0.0023603123
40  8  -0.0011584785   0.0007375152   0.0001945984   0.0007122680   0.0544185519
40  9  -0.0041072624   0.0365110540   0.0037013727  -0.0029768884   0.0238762730
40 10   0.0007390871  -0.0005710391   0.0000161349   0.0005843395  -0.0001278421
40 11   0.0004004085  -0.0000522602   0.0000603978  -0.0000276769   0.0000110334
40 12   0.0000046412   0.0000061498
41  1   0.0000664937  -0.0000219279   0.0000531679   0.0001032692   0.0000832271
41  2  -0.0001029085   0.0009372165   0.0001024453   0.0008534110  -0.0015002597
41  3   0.0028669998  -0.0139222358   0.0047157041  -0.0552671236   0.0340451405
41  4   0.0049469639  -0.0132957671   0.0379633544  -0.0000281330   0.0000428825
41  5  -0.0000153984  -0.0000106200  -0.0000028774  -0.0000132991  -0.0000149591
41  6   0.0000271066   0.0000197196   0.0000260224  -0.0000618993   0.0000814924
41  7  -0.0000078997  -0.0000230497  -0.0000214727  -0.0027084053  -0.0004963936
41  8  -0.0000555794   0.0007021747   0.0002498675  -0.0000069829  -0.0041072624
41  9   0.0684335322  -0.0468464848  -0.0026852594   0.0029973569  -0.0136302369
41 10  -0.0002241821  -0.0072318353   0.0011362265  -0.0002311010   0.0016588790
41 11   0.0004451884   0.0000271530  -0.0000382961   0.0000305270  -0.0000069157
41 12  -0.0000231269  -0.0000136291
42  1  -0.0000238978  -0.0000267032  -0.0000519838   0.0002163218   0.0000228945
42  2   0.0004892160   0.0011352862   0.0002150732   0.0017917373  -0.0026049827
42  3   0.0008265964  -0.0117479261  -0.0328404294   0.0426576796  -0.2948293528
42  4  -0.0002383222   0.0031687531  -0.0033979255  -0.0000307667   0.0000162243
42  5   0.0000488161  -0.0000189882   0.0000027549   0.0000062844  -0.0000125539
42  6  -0.0000038981   0.0000240768   0.0002831967   0.0000184015  -0.0000063757
42  7   0.0000270775   0.0000066724  -0.0000131189  -0.0011676075  -0.0014797861
42  8   0.0007143045  -0.0003105551  -0.0004923963   0.0001757586   0.0365110540
42  9  -0.0468464848   0.3194496704  -0.0014018301   0.0008138279  -0.0152327645
42 10   0.0001399159   0.0005005187   0.0021257552   0.0003108641   0.0006119640
42 11   0.0005108977   0.0000017919  -0.0000051649  -0.0000545133   0.0000244255
42 12  -0.0000069271  -0.0000025564
43  1  -0.0005353303  -0.0004252058  -0.0004035096   0.0002083944   0.0009001386
43  2   0.0016610543  -0.0071490290  -0.0031219369  -0.0035597968  -0.0198075024
43  3   0.0140380623   0.0196001648  -0.1748258342   0.0725570273   0.0830880487
43  4   0.0063518635   0.0024208323  -0.0027587345  -0.0000465127   0.0001449876
43  5   0.0001290684  -0.0001765111   0.0000968014   0.0001665397   0.0000457915
43  6  -0.0000012825   0.0000173693  -0.0001195655   0.0000515384  -0.0001629943
43  7  -0.0001861617  -0.0001973699  -0.0000069382   0.0005341277   0.0004569729
43  8  -0.0010035459   0.0007702047  -0.0009072019   0.0004426158   0.0037013727
43  9  -0.0026852594  -0.0014018301   0.1895735573  -0.0840612119  -0.0945528818
43 10   0.0007213381   0.0006776740  -0.0006335117   0.0008553067   0.0001545524
43 11  -0.0005107746   0.0000417161  -0.0000669909  -0.0000863777   0.0000427740
43 12  -0.0000321277  -0.0000239657
44  1  -0.0002288452  -0.0003052402  -0.0001620462  -0.0001985234   0.0004617359
44  2   0.0005580267  -0.0042624083  -0.0000087124  -0.0006322094  -0.0061133735
44  3   0.0049657626   0.0061868306   0.0759878010  -0.0924872830  -0.0532055189
44  4   0.0219913275  -0.0343402943  -0.0127990694  -0.0000074416   0.0001403482
44  5   0.0000120852  -0.0000778181   0.0000803865   0.0000835975   0.0000122650
44  6   0.0000148959  -0.0000087252  -0.0001189462  -0.0000074172  -0.0000977177
44  7  -0.0000380019  -0.0000320368  -0.0000113572   0.0003280266   0.0000568736
44  8  -0.0004168682   0.0000059573   0.0008187929   0.0006912867  -0.0029768884
44  9   0.0029973569   0.0008138279  -0.0840612119   0.1156660212   0.0595163518
44 10  -0.0010006685   0.0018381396  -0.0007783096   0.0008302818   0.0002458196
44 11   0.0002321835  -0.0000374009  -0.0000875553   0.0000364229  -0.0000341314
44 12  -0.0000175938  -0.0000187911
45  1  -0.0001935827  -0.0000881423  -0.0000856161  -0.0005202690  -0.0000984262
45  2   0.0006720367  -0.0010601405  -0.0004279848   0.0000216198  -0.0077984563
45  3   0.0031392229   0.0041289988   0.0851506257  -0.0511613773  -0.1133445620
45  4  -0.0048592354   0.0025706505   0.0074925409   0.0000514605  -0.0000094264
45  5  -0.0000283956  -0.0000280902   0.0000192061   0.0000403600  -0.0000044315
45  6  -0.0000168507  -0.0000048819   0.0001274259   0.0000414545   0.0000357983
45  7   0.0000277922   0.0000419420   0.0000126484   0.0007322185   0.0003529634
45  8   0.0000320055   0.0007384373   0.0004925419   0.0005011449   0.0238762730
45  9  -0.0136302369  -0.0152327645  -0.0945528818   0.0595163518   0.1142653641
45 10  -0.0014952977  -0.0000495836   0.0018112537  -0.0001488510  -0.0007312007
45 11  -0.0003179543  -0.0000291861   0.0000265161  -0.0000095209  -0.0000138110
45 12   0.0000123796   0.0000099242
46  1  -0.0000572560  -0.0000534076  -0.0000009911   0.0001081990  -0.0002493646
46  2   0.0002813760  -0.0008047855   0.0001473493  -0.0005751894   0.0011775539
46  3  -0.0005700342   0.0026685890  -0.0025812637   0.0063535121   0.0000152832
46  4  -0.0280934395  -0.0341780918   0.0511364585   0.0001046559   0.0000812177
46  5  -0.0001584139   0.0000014889   0.0000121036   0.0000137137   0.0000153357
46  6   0.0000236948  -0.0000388995  -0.0001097387   0.0000158941  -0.0001254400
46  7  -0.0000574861   0.0000230830  -0.0000483653  -0.0004206322  -0.0003229823
46  8  -0.0009385942  -0.0001878280   0.0003265497  -0.0005440088   0.0007390871
46  9  -0.0002241821   0.0001399159   0.0007213381  -0.0010006685  -0.0014952977
46 10   0.0297621858   0.0220118949  -0.0169473125  -0.0002610603   0.0076364492
46 11  -0.0335232796   0.0000646477  -0.0000326206   0.0001389178  -0.0001210021
46 12  -0.0000003967   0.0000015378
47  1   0.0000096609   0.0000602974   0.0000542487  -0.0003012176  -0.0000808427
47  2  -0.0001451864   0.0006588348   0.0000318768  -0.0006046440   0.0005700051
47  3   0.0009409680   0.0014143321  -0.0025272078  -0.0123066225   0.0417997220
47  4  -0.0232903518  -0.0631539772   0.0586237481   0.0000165762  -0.0001091022
47  5   0.0000177710   0.0000186477  -0.0000122302  -0.0000072108   0.0000002968
47  6  -0.0000192464  -0.0000004243  -0.0000054283   0.0000151908   0.0000480001
47  7   0.0000205415   0.0000213582   0.0000294229  -0.0007157944   0.0002366314
47  8  -0.0009130107   0.0001514591   0.0001716573  -0.0004175358  -0.0005710391
47  9  -0.0072318353   0.0005005187   0.0006776740   0.0018381396  -0.0000495836
47 10   0.0220118949   0.0757981562  -0.0831807868   0.0033084114   0.0037219820
47 11  -0.0171688990  -0.0000573345   0.0000486308  -0.0000183488   0.0000243712
47 12   0.0000289681   0.0000178667
48  1  -0.0000109949   0.0000226196  -0.0000036227  -0.0000260628   0.0000647339
48  2   0.0000140081  -0.0001656515   0.0001258707  -0.0000798849   0.0006737193
48  3   0.0001550250   0.0007736440   0.0029862683  -0.0031281411  -0.0050959062
48  4   0.0063231826   0.0815656072  -0.4021834219  -0.0000200267  -0.0000305023
48  5   0.0000202171   0.0000018719  -0.0000020599   0.0000034791   0.0000002212
48  6  -0.0000076205   0.0000069416   0.0000099610  -0.0000026584   0.0000175377
48  7   0.0000164404  -0.0000136925   0.0000109127   0.0004101943   0.0003457593
48  8  -0.0001108414  -0.0000215356  -0.0000125781   0.0001694150   0.0000161349
48  9   0.0011362265   0.0021257552  -0.0006335117  -0.0007783096   0.0018112537
48 10  -0.0169473125  -0.0831807868   0.4218337402   0.0073774700   0.0037108073
48 11  -0.0192683883  -0.0000192537   0.0000198814  -0.0000489101   0.0000288856
48 12   0.0000098184   0.0000040709
49  1   0.0000373270  -0.0001445128  -0.0000932547   0.0002387843   0.0001437906
49  2   0.0000864584   0.0000625820  -0.0001839514  -0.0000302123   0.0006195627
49  3  -0.0021508647   0.0004889396  -0.0034191779   0.0087323570   0.0021662971
49  4  -0.2688577100  -0.1481763700  -0.1702608641  -0.0000956333   0.0001676984
49  5   0.0001569646  -0.0000216212   0.0000280990   0.0000245776  -0.0000077529
49  6   0.0000031411   0.0000168710   0.0000062028   0.0000020956  -0.0000043829
49  7  -0.0000536788   0.0000247612   0.0000002700   0.0004028673   0.0002685201
49  8   0.0003620088  -0.0004766798  -0.0003269104   0.0000285024   0.0005843395
49  9  -0.0002311010   0.0003108641   0.0008553067   0.0008302818  -0.0001488510
49 10  -0.0002610603   0.0033084114   0.0073774700   0.2703609820   0.1378431767
49 11   0.1596872952  -0.0000226321  -0.0001133384  -0.0001518871   0.0000479921
49 12  -0.0000252841  -0.0000170668
50  1  -0.0000115413   0.0000412831  -0.0000396274  -0.0000242157  -0.0000413908
50  2   0.0001355604   0.0000914628   0.0005573595   0.0000419233   0.0024858788
50  3  -0.0073583277   0.0014298424  -0.0320158400  -0.0170565703  -0.0182417857
50  4  -0.1144906083  -0.1004647695  -0.0506120064   0.0000234964  -0.0000309107
50  5  -0.0000337905  -0.0000050996  -0.0000043983   0.0000022052   0.0000005629
50  6  -0.0000049166  -0.0000002583  -0.0000133209   0.0000045249  -0.0000213033
50  7   0.0000701266   0.0000368361  -0.0000155235   0.0003645160   0.0001525718
50  8  -0.0000663628  -0.0019415275  -0.0006117125  -0.0004373400  -0.0001278421
50  9   0.0016588790   0.0006119640   0.0001545524   0.0002458196  -0.0007312007
50 10   0.0076364492   0.0037219820   0.0037108073   0.1378431767   0.1190973130
50 11   0.0641931488  -0.0000134317   0.0000435148   0.0000625619  -0.0000267947
50 12   0.0000129127   0.0000111853
51  1  -0.0000093285   0.0001055863   0.0000751825  -0.0001306644  -0.0000845140
51  2  -0.0001479246   0.0001454823   0.0000591755   0.0000300381   0.0001726500
51  3   0.0021955583  -0.0001207739   0.0070769050   0.0021647217   0.0034726878
51  4  -0.1340363193  -0.0524394081  -0.1261662035   0.0000488496  -0.0001085908
51  5  -0.0000950098   0.0000166401  -0.0000200577  -0.0000245253   0.0000115790
51  6   0.0000042298  -0.0000126487   0.0000034309  -0.0000046340   0.0000143764
51  7   0.0000328870  -0.0000354886   0.0000140628   0.0001362826  -0.0000981766
51  8   0.0003328859   0.0004830310   0.0004893547   0.0003943174   0.0004004085
51  9   0.0004451884   0.0005108977  -0.0005107746   0.0002321835  -0.0003179543
51 10  -0.0335232796  -0.0171688990  -0.0192683883   0.1596872952   0.0641931488
51 11   0.1411997654   0.0000129026   0.0000617562   0.0001057125  -0.0000179775
51 12   0.0000088655   0.0000035020
52  1   0.0004038399   0.0021658182   0.0034396945   0.0010045147   0.0016485137
52  2   0.0006765023  -0.0000694934   0.0006551806  -0.0000845349  -0.0003195930
52  3   0.0000128939   0.0002439863  -0.0000543922   0.0001644957   0.0000075574
52  4   0.0001340900  -0.0000246644  -0.0001594141  -0.3718476779  -0.1215896208
52  5  -0.0824497522   0.0016847596   0.0002122220   0.0010143810  -0.0000032681
52  6  -0.0004270870  -0.0000947527  -0.0000261784  -0.0000700893  -0.0002404742
52  7  -0.0005233725  -0.0000661634  -0.0000328596   0.0000389013   0.0000155620
52  8  -0.0001216900   0.0000714553  -0.0001261168  -0.0000814937  -0.0000522602
52  9   0.0000271530   0.0000017919   0.0000417161  -0.0000374009  -0.0000291861
52 10   0.0000646477  -0.0000573345  -0.0000192537  -0.0000226321  -0.0000134317
52 11   0.0000129026   0.3828523097   0.1217065047   0.0744166717  -0.0133773665
52 12  -0.0041964349   0.0034999236
53  1  -0.0400170711  -0.0179785766  -0.0077647849  -0.0023335345   0.0001467993
53  2  -0.0007600275  -0.0001216591   0.0009177366   0.0009485811   0.0012947913
53  3   0.0003584500  -0.0006256702   0.0002480647   0.0002112152  -0.0000981096
53  4  -0.0000039495  -0.0003763425  -0.0000504394  -0.0987606938  -0.0883930375
53  5  -0.0046023385   0.0007493273  -0.0072052122  -0.0003192880   0.0000644529
53  6   0.0007797409   0.0005379472   0.0002500256  -0.0000590753  -0.0001078921
53  7   0.0000334425   0.0005258020   0.0003201332  -0.0001038705  -0.0000042172
53  8   0.0002677628  -0.0003192180   0.0002073175   0.0002776337   0.0000603978
53  9  -0.0000382961  -0.0000051649  -0.0000669909  -0.0000875553   0.0000265161
53 10  -0.0000326206   0.0000486308   0.0000198814  -0.0001133384   0.0000435148
53 11   0.0000617562   0.1217065047   0.1047438437   0.0094145432   0.0174659396
53 12   0.0061592618   0.0024589601
54  1  -0.0022587997  -0.0068143739  -0.0020896328  -0.0022175351  -0.0004923871
54  2   0.0001057971  -0.0003990924   0.0010968668   0.0001337198   0.0006719466
54  3  -0.0000826299  -0.0006524903   0.0001118156  -0.0000681358   0.0001836497
54  4  -0.0002972126  -0.0000508089  -0.0002369415  -0.0369377082   0.0076322204
54  5  -0.0353233006   0.0006853136   0.0004728268   0.0010535956   0.0005936530
54  6   0.0004517717   0.0000675885   0.0001393222  -0.0001784158  -0.0002608593
54  7   0.0000649453   0.0004381622   0.0002097860  -0.0000047861  -0.0000520641
54  8  -0.0000110553  -0.0001852776   0.0001682289   0.0001660909  -0.0000276769
54  9   0.0000305270  -0.0000545133  -0.0000863777   0.0000364229  -0.0000095209
54 10   0.0001389178  -0.0000183488  -0.0000489101  -0.0001518871   0.0000625619
54 11   0.0001057125   0.0744166717   0.0094145432   0.0451814301  -0.0342562323
54 12  -0.0120469675  -0.0085201461
55  1  -0.0005129059   0.0025789832   0.0019445912  -0.0004553235  -0.0000902661
55  2  -0.0014627358  -0.0002013694  -0.0001495907   0.0004638715  -0.0002158412
55  3   0.0002893966   0.0001277104  -0.0000463119   0.0000520396  -0.0000261947
55  4   0.0002150239  -0.0000453199   0.0000938221  -0.0735808207   0.0279726091
55  5  -0.0975172894   0.0003566163  -0.0003413801   0.0006514138   0.0013848555
55  6  -0.0020819757   0.0007362439  -0.0000576954   0.0003014072   0.0004094923
55  7   0.0002817889  -0.0003973352   0.0002933532  -0.0000192183   0.0000195038
55  8   0.0000675158  -0.0000045392  -0.0000474235   0.0000182873   0.0000110334
55  9  -0.0000069157   0.0000244255   0.0000427740  -0.0000341314  -0.0000138110
55 10  -0.0001210021   0.0000243712   0.0000288856   0.0000479921  -0.0000267947
55 11  -0.0000179775  -0.0133773665   0.0174659396  -0.0342562323   0.0862523101
55 12  -0.0454831175   0.1284346282
56  1   0.0135706516  -0.0207220091   0.0366608084   0.0006402586   0.0010609205
56  2   0.0015565370  -0.0005606162   0.0001398640  -0.0002287329   0.0003525824
56  3  -0.0001404600  -0.0002535643   0.0000673008   0.0000556814  -0.0000120942
56  4  -0.0000542221  -0.0000998953   0.0000235217   0.0369301891  -0.1111053448
56  5   0.1201362608  -0.0006435079   0.0013489190  -0.0000306073  -0.0004425961
56  6  -0.0069569598  -0.0016111000   0.0004073301   0.0000777095  -0.0013083374
56  7  -0.0005293773   0.0005945841  -0.0003589857   0.0000221575   0.0000133858
56  8   0.0000206376  -0.0000274307   0.0000557573   0.0000367472   0.0000046412
56  9  -0.0000231269  -0.0000069271  -0.0000321277  -0.0000175938   0.0000123796
56 10  -0.0000003967   0.0000289681   0.0000098184  -0.0000252841   0.0000129127
56 11   0.0000088655  -0.0041964349   0.0061592618  -0.0120469675  -0.0454831175
56 12   0.1295174255  -0.1426082596
57  1   0.0053145738  -0.0068284723  -0.0000278661   0.0004166207  -0.0015204757
57  2   0.0026883431  -0.0004074668   0.0000896777  -0.0003321672   0.0002014095
57  3  -0.0001333640  -0.0001424369   0.0000348740   0.0000845893  -0.0000168199
57  4  -0.0000171244  -0.0000854401  -0.0000012837  -0.1379365774   0.1473281751
57  5  -0.3050952939   0.0001629909   0.0004359649   0.0002896591   0.0007813961
57  6   0.0004337233   0.0016907057  -0.0005856985   0.0003570635  -0.0000726034
57  7   0.0001155805  -0.0000416132  -0.0003155415   0.0000205636   0.0000071358
57  8   0.0000177171  -0.0000023491   0.0000257033   0.0000079814   0.0000061498
57  9  -0.0000136291  -0.0000025564  -0.0000239657  -0.0000187911   0.0000099242
57 10   0.0000015378   0.0000178667   0.0000040709  -0.0000170668   0.0000111853
57 11   0.0000035020   0.0034999236   0.0024589601  -0.0085201461   0.1284346282
57 12  -0.1426082596   0.3098148114
$end
