$vibrational normal modes
 1  1   0.0241170536  -0.0382122206   0.1710343394   0.1080586978  -0.0778912837
 1  2  -0.0249632186  -0.0458727008   0.0320524290  -0.0114168919  -0.0764954501
 1  3   0.0881956020   0.0572319713  -0.0269216971   0.0714537619  -0.0498629902
 1  4   0.0958051317   0.1449749891   0.0405870728   0.1278355573   0.0462203300
 1  5  -0.0699980102   0.0191918613  -0.0950578174  -0.0098480939   0.0382651675
 1  6   0.0945647921  -0.0318708801   0.0487749224   0.0363679929  -0.0359754945
 1  7   0.0488601531   0.0006250823  -0.0063294036  -0.0108245505  -0.0221049079
 1  8  -0.0989195181  -0.0089240408   0.0131296055  -0.0283013997   0.0448084848
 1  9  -0.0004638619  -0.0035339831   0.0017214050  -0.0000361446  -0.0184437142
 1 10  -0.0030682285   0.0029867021  -0.0021576471  -0.0000328430   0.0004538983
 1 11  -0.0391339405  -0.0680763694   0.0043455369  -0.0016230073   0.0000019141
 1 12  -0.0020792542  -0.0000080750
 2  1  -0.2905799253   0.0472409721  -0.0588422907   0.0557596459  -0.0881213260
 2  2   0.0085935728  -0.0781126304  -0.0229900244  -0.0095832302   0.0336966931
 2  3   0.0300258919   0.0034466191  -0.0238824329  -0.0687056833   0.0615231552
 2  4   0.0086106652   0.0515242580  -0.0008259954   0.0021807033   0.0733370841
 2  5   0.0405789075   0.0269577247  -0.0062709272   0.0263742481  -0.0598484588
 2  6  -0.1246849701  -0.0040883865   0.2359235155  -0.0420355417  -0.0247344707
 2  7   0.0199120861  -0.0168601614  -0.0002765358   0.0005829947  -0.0507290253
 2  8   0.1068515949  -0.0428242272   0.0044024613   0.0055582907   0.0605432441
 2  9   0.0008577182  -0.0039785577  -0.0038924852  -0.0000628790   0.0058896636
 2 10  -0.0011381900   0.0011166806  -0.0007495528  -0.0032119445  -0.0002668567
 2 11  -0.0392525261   0.0041542972  -0.0003043266  -0.0000885994  -0.0000069345
 2 12  -0.0002371651   0.0000021687
 3  1  -0.0387564625  -0.1704608493   0.0937388345  -0.1487985476  -0.1746043840
 3  2  -0.0344018884  -0.0150560278   0.1071737609   0.0229853724  -0.0641335897
 3  3   0.0602637592   0.0481920759  -0.0323220022  -0.0262856904  -0.0698211764
 3  4  -0.0683462443  -0.1071268868   0.0181174789   0.0248349270  -0.0639848526
 3  5   0.0053485975  -0.0583171885   0.0123749799   0.0439746359  -0.0904556888
 3  6  -0.1130851215   0.0360547339  -0.0473789253  -0.0675579120  -0.0496798972
 3  7   0.0678255213   0.0823913419  -0.0180176096  -0.0076495920  -0.0400982171
 3  8   0.0233190506  -0.0614782059  -0.0024838510   0.0104712502  -0.0390891938
 3  9  -0.0006378881  -0.0013279321  -0.0011162254  -0.0000499006   0.0209651102
 3 10  -0.0021217835   0.0018140239  -0.0012590097   0.0081635946   0.0014175124
 3 11   0.0394773730  -0.0638024254   0.0041689916   0.0028386844  -0.0000052210
 3 12  -0.0019281641   0.0000067525
 4  1   0.0937095077   0.0344475089   0.1227975618   0.1279371564  -0.0952917379
 4  2   0.0038162236   0.0019268972   0.0106203140  -0.0423574709   0.0423072569
 4  3   0.0119580464  -0.0416733179  -0.0107368981   0.1257594249   0.0684333179
 4  4   0.1187657605   0.0178681220   0.0243077219   0.0318350274  -0.0939648899
 4  5  -0.0206362248  -0.0156761210   0.0809150452  -0.0304039789   0.0262980838
 4  6  -0.2021495266   0.0815893153   0.0030076676  -0.2630805062   0.0219294232
 4  7  -0.0347533283   0.0063129709  -0.0003003230   0.0070317454   0.0920875798
 4  8   0.0128264113  -0.0328646603  -0.0578653185   0.0915002446   0.0103328142
 4  9   0.0011125300  -0.0075120567  -0.0385217472  -0.0009261619   0.0019328210
 4 10   0.0078302726  -0.0069449554   0.0045511164  -0.0085035949  -0.0020905342
 4 11   0.0008458491  -0.0026172883   0.0002388271  -0.0000043809  -0.0000087783
 4 12  -0.0000511112  -0.0000051322
 5  1  -0.1970106250  -0.0634644539  -0.0866033834   0.1119487220  -0.0151877080
 5  2   0.0844729447   0.1019976420  -0.0556752292  -0.0748240081   0.0702367935
 5  3   0.0863527744   0.0158103327   0.0115876202   0.0969798883  -0.0671466034
 5  4   0.0096256497  -0.1185905361   0.0073511004  -0.0014345770   0.1004899988
 5  5  -0.0050470599   0.1494110587  -0.0152833422   0.0093366740  -0.0060185353
 5  6  -0.0726938347   0.0389036444  -0.1392765045  -0.0825201257  -0.0079689023
 5  7   0.0150085318  -0.0346583018   0.0094980025   0.0004617598   0.0002456878
 5  8  -0.0371427064   0.0238720567   0.0111538711  -0.0283290493  -0.0025356471
 5  9  -0.0031208835  -0.0287959363  -0.0282324338   0.0000356410  -0.0002631542
 5 10   0.0252755505  -0.0213156673   0.0079661479   0.0783789388   0.0107172944
 5 11  -0.0104732227   0.0031499956   0.0001270291   0.0002706345  -0.0000256301
 5 12  -0.0000070412  -0.0000180284
 6  1  -0.0229890383  -0.0445500412   0.0633281915  -0.1597677192  -0.2291376065
 6  2  -0.0474102139  -0.0644199988   0.1054551412   0.0274010271   0.0307638379
 6  3  -0.0413959479  -0.0500939840  -0.0223310720   0.0013928888   0.0692216949
 6  4   0.0089013974  -0.1197239756   0.0229202092   0.0486510350   0.0884004665
 6  5   0.0148037092   0.0606736819   0.0092775405  -0.0515896227   0.1142665254
 6  6   0.0496365087  -0.0167872827   0.0298318819   0.0012728406   0.0753540142
 6  7  -0.1051234381  -0.0352285181   0.0107991007   0.0050667359  -0.0443997845
 6  8  -0.0153835314  -0.0067359753   0.0258587614  -0.0578647393  -0.0054968744
 6  9  -0.0044565138  -0.0466264276  -0.0409090646   0.0005619318  -0.0031296933
 6 10   0.0404295428  -0.0307126989   0.0164698264  -0.0480720462  -0.0094386493
 6 11   0.0036366142  -0.0079185669   0.0002955513  -0.0000283801  -0.0000044428
 6 12   0.0001903757  -0.0000078226
 7  1   0.0557706367   0.0032816351   0.1327405459   0.1273665822  -0.0846548016
 7  2  -0.0178585900  -0.0234712772   0.0054599568  -0.0408262373   0.0820163593
 7  3   0.0479983142  -0.0193562663  -0.0269144508   0.0656083751   0.0771946327
 7  4   0.0546761447  -0.0826883759  -0.0029704509  -0.0566880160  -0.0285772505
 7  5   0.0544263685   0.0149178390   0.0546090942   0.0308141532  -0.0692493009
 7  6   0.0492707768  -0.0644908836   0.0025427962   0.3806231408  -0.0158491936
 7  7   0.0291567330   0.0042895123   0.0108652202   0.0075663038   0.0138216707
 7  8   0.0086802504   0.0019102374   0.0004260471   0.0080852047  -0.0044990731
 7  9   0.0035236290  -0.0112699743  -0.0038743169   0.0002937261  -0.0000676327
 7 10   0.0045711140  -0.0008662595  -0.0006960843  -0.0002273228   0.0006480380
 7 11   0.0001133362   0.0003558660   0.0000103023   0.0000035188   0.0000619099
 7 12  -0.0000313018   0.0000122255
 8  1  -0.1173462199   0.0212962845  -0.0142332721   0.0358013221  -0.0793618222
 8  2   0.1556979732   0.1633685504   0.0976055950  -0.0575075000  -0.2359769238
 8  3  -0.0526827608  -0.0973987957   0.0219544373   0.1202317780  -0.0029386979
 8  4   0.0033785659  -0.0064136257  -0.0180449823  -0.0378523237   0.0181175371
 8  5  -0.0128759009  -0.0468658390  -0.0103408393   0.0182317395  -0.0166231626
 8  6   0.1200916285  -0.0037234881   0.0488458420  -0.0074200951  -0.0141352939
 8  7  -0.0197968567   0.0333118612  -0.0416855671  -0.0074737048   0.0019639994
 8  8   0.0017193542   0.0046536944  -0.0071381397   0.0206227031  -0.0013475387
 8  9  -0.0009078312   0.0011420036  -0.0098148863   0.0000220680  -0.0000983224
 8 10   0.0001879418  -0.0010325008   0.0005301385   0.0003105462  -0.0003536984
 8 11   0.0000962634   0.0000347471   0.0000413997   0.0000969419   0.0000060033
 8 12   0.0000950270  -0.0000133048
 9  1   0.0278241256  -0.0229676629  -0.0472972093  -0.0782905619  -0.1997239736
 9  2  -0.0452116999  -0.0364401125  -0.0342235567   0.0043906422   0.2409453863
 9  3  -0.0372937711  -0.0123784908   0.0649456578   0.1202461912  -0.0405949387
 9  4   0.0364787744   0.0367907970  -0.0559296214  -0.0653784529   0.0304738986
 9  5  -0.0082118896  -0.0442407692  -0.0713502725  -0.0034786621  -0.0388554883
 9  6   0.1349875866  -0.0103255205   0.0087488529  -0.1257977544   0.0029290726
 9  7   0.0748579957  -0.0051357857  -0.0005884662  -0.0228219315   0.0032280571
 9  8   0.0101859721   0.0053418138  -0.0109750347   0.0321991498   0.0022946529
 9  9   0.0009484723   0.0033542169  -0.0153877353  -0.0009552911   0.0004162150
 9 10  -0.0008977545  -0.0019774865   0.0020301368  -0.0001531522  -0.0004661708
 9 11  -0.0000636392   0.0001293074  -0.0002136627   0.0000303905  -0.0000121652
 9 12   0.0000205044   0.0000047110
10  1   0.1096151470   0.0647066455   0.0853354336   0.1490770401  -0.0974080642
10  2   0.0007177377   0.0221815353  -0.0482200612  -0.0411106771  -0.0126655932
10  3   0.0437831122   0.0104364058  -0.0269885121  -0.0837049900   0.0485755061
10  4  -0.1127919613  -0.0457666542  -0.0019497928  -0.0365103331  -0.0367168828
10  5   0.1039200222   0.0029143004  -0.0700825111   0.0821777407   0.0237513948
10  6   0.1182850526  -0.0765363266   0.0042003212  -0.2825212303  -0.0305134807
10  7  -0.0269593785   0.0069229662   0.0077428641   0.0071762450   0.0734341107
10  8   0.0192303523  -0.0431080353   0.0305529461  -0.1375795234  -0.0001866942
10  9  -0.0152682572   0.0131714390   0.0193474483   0.0086204712   0.0007718282
10 10  -0.0096244574  -0.0034837867   0.0153005898  -0.0015397375   0.0136473346
10 11  -0.0000603120   0.0002904350   0.0014364731   0.0000436346   0.0001844581
10 12   0.0000277842  -0.0003059183
11  1  -0.0247552315  -0.0735014594  -0.0337935628   0.0811868522  -0.0175949280
11  2   0.2313295982   0.0126650032   0.0977059900   0.0788705739   0.0653356123
11  3  -0.0847847063   0.0392768491   0.0017386135   0.1204871022   0.0167421934
11  4  -0.0982568716   0.0729561765  -0.0036987141   0.0447004226  -0.0891416887
11  5   0.1338462166   0.0155504165  -0.0860796031  -0.0435306994   0.0154247577
11  6  -0.1330990438  -0.0939950465  -0.0252116735   0.0843430444   0.0447802559
11  7   0.0326203110  -0.0002881334   0.0217196808   0.0357227651   0.0064900867
11  8   0.0016185527  -0.0031012521  -0.0224500260  -0.0453507758  -0.0015875193
11  9  -0.0000607616   0.0338486706  -0.0248594040   0.0018216762  -0.0001321990
11 10  -0.0184314840  -0.0188167476   0.0002113262   0.0110161332  -0.0806517704
11 11  -0.0000706055  -0.0006870866  -0.0045003792  -0.0000052316  -0.0001161704
11 12   0.0000205926   0.0000136553
12  1   0.0492050201   0.0810216287  -0.0907274847  -0.0728675859  -0.2380284659
12  2  -0.0551858693   0.0690165628  -0.0922959021  -0.0531319299  -0.0000631402
12  3  -0.0281808674  -0.0294454497   0.0708510998  -0.0175320627  -0.0933262574
12  4  -0.0406495915   0.1016034797   0.0413271274   0.0491681177  -0.0449908901
12  5   0.0119408835   0.0234094470   0.0398228241   0.0925627553   0.0419475564
12  6  -0.1142804414  -0.0380479797  -0.0217050190   0.1694649899  -0.0817157411
12  7  -0.0881139755   0.0035230478   0.0417862673   0.0217046635  -0.0126685432
12  8  -0.0068949400   0.0053483957  -0.0023478553  -0.0050322011  -0.0010227250
12  9   0.0065129847   0.0491729822  -0.0465077691   0.0042771069  -0.0006279363
12 10  -0.0297144120  -0.0151311222   0.0535205480  -0.0035902893   0.0338318654
12 11  -0.0007257598   0.0002421733   0.0072364035  -0.0000161912   0.0000194088
12 12  -0.0000070834  -0.0000418400
13  1   0.0558807273   0.0252779270   0.0902919209   0.1539980412  -0.0817002393
13  2  -0.0333214121   0.0325692067   0.0192935279  -0.0545567598   0.0469105124
13  3   0.0052124359  -0.0219107020   0.0130733882  -0.0624072680   0.0173952317
13  4  -0.2268813455   0.0065968363  -0.0449594947  -0.0207359062   0.0978576133
13  5  -0.1051097195  -0.0649048599  -0.0714116522  -0.0685923314   0.0287196323
13  6  -0.1237262474   0.0655872197  -0.0123090437   0.1024686099   0.0223148649
13  7   0.0037759942  -0.0117182936  -0.0241852977  -0.0168562427  -0.0047524359
13  8  -0.0084202588   0.0011924058   0.0979537719   0.0779572392   0.0012928865
13  9  -0.0434907071   0.0061903417  -0.0082368494  -0.0235482032   0.0000939059
13 10  -0.0189727559  -0.0425680800  -0.0350416059  -0.0039412697   0.0154408317
13 11   0.0001810911   0.0003402754   0.0042104412   0.0000019755  -0.0020942024
13 12  -0.0000078787   0.0007829685
14  1   0.0554015317   0.0178563392   0.0422808895   0.0003624998  -0.0864494449
14  2   0.3032194732  -0.0233264758  -0.0630523969   0.0428018096   0.0131152561
14  3  -0.0173866844   0.0238808152   0.0035102614  -0.1004293544  -0.0283219629
14  4   0.0450992830  -0.0157133196  -0.0252850006   0.0325886067  -0.0383681854
14  5   0.0652635051   0.0360311828  -0.0053453541  -0.0030423580   0.0032838928
14  6   0.0879197487   0.2613919859   0.0294538962   0.0631064081  -0.0155779687
14  7  -0.0073335481   0.0070727554   0.0316878001  -0.0506869255   0.0246834191
14  8   0.0015085107  -0.0144094747   0.1129130167   0.0430132799  -0.0003642383
14  9   0.0624362507   0.0005082202  -0.0028636979   0.0028991690   0.0006108261
14 10   0.0119619116   0.0261349362   0.0205608831   0.0024373882  -0.0097309517
14 11  -0.0000912753  -0.0006874777  -0.0101235668   0.0000267189   0.0018941685
14 12   0.0000463231  -0.0005037778
15  1   0.1063185827   0.0761340549  -0.2160270502   0.0275750415  -0.1894037932
15  2  -0.0493676285   0.0887826137  -0.0795504168   0.0631581511  -0.1092950734
15  3   0.0028153302   0.1037219918  -0.0571085609   0.0555731396   0.0449322179
15  4  -0.0350776628   0.0024400536   0.0563208009   0.0090742928   0.0086338959
15  5  -0.0233697943   0.0350349247   0.0802281180  -0.0680310338  -0.0524553758
15  6   0.0625073321   0.0062935480   0.0129577463  -0.0084428359   0.0558013379
15  7   0.0627060459  -0.0054953068  -0.0602470837   0.0743329741   0.0126458440
15  8   0.0000334707  -0.0069942408   0.0550401146   0.0180119327   0.0002926099
15  9  -0.0309333108   0.0039142164   0.0005382890   0.0077423237  -0.0000851062
15 10   0.0115904072   0.0225815627   0.0126315470   0.0024620549  -0.0121374061
15 11  -0.0001181318   0.0054986397   0.0840553721   0.0000197874   0.0021711912
15 12   0.0000002485   0.0020669882
16  1  -0.0366352985  -0.0029248306   0.0219816564   0.2107109085  -0.0492475025
16  2  -0.1200525963   0.1856450264   0.1374786720   0.0781669521   0.0928674760
16  3  -0.0879344482   0.0288235715   0.0301346213  -0.1653478983  -0.0596434096
16  4   0.0614201385  -0.0156503057  -0.0638051538   0.0518489854  -0.0026346558
16  5  -0.0238825668   0.0284111398   0.0686301390  -0.0209013667  -0.0366240701
16  6   0.0564044271  -0.0026273305   0.0077180744  -0.0290588760  -0.0226436386
16  7  -0.0104657970   0.0076908372   0.0242384865   0.0080809573  -0.0033055170
16  8   0.0012199432   0.0021184635  -0.0322287072  -0.0174352589  -0.0000059659
16  9  -0.0066138014   0.0004318972   0.0005139461  -0.0269864321   0.0002703690
16 10   0.0001550958   0.0002141718   0.0000237833   0.0000314787  -0.0001888303
16 11  -0.0000227464  -0.0000357897  -0.0005277249  -0.0000836586  -0.0334732330
16 12  -0.0000745085   0.0404225404
17  1   0.0632302951  -0.0083622875   0.0308645930   0.0168076200  -0.0683871042
17  2   0.3089409495  -0.0660692055  -0.0398423302   0.0244980647   0.0194055670
17  3  -0.0136864635   0.0081307893   0.0109906037  -0.1212815936  -0.0369270337
17  4   0.0685262681  -0.0249537618   0.0776769680  -0.0648733231   0.0759463521
17  5  -0.1178016422  -0.0382179434   0.0372987028  -0.0138321452  -0.0172103285
17  6  -0.0518613096  -0.1868396989  -0.0190009447  -0.0461060839  -0.0019519568
17  7  -0.0064730020  -0.0041746314  -0.0135709386  -0.0027033232   0.0012244681
17  8   0.0002658611  -0.0006725638  -0.0064966801  -0.0076950588  -0.0001560749
17  9   0.0070746482   0.0005560695  -0.0005539609  -0.0678379230   0.0001442705
17 10   0.0009661416   0.0017927612   0.0012085679   0.0000387383  -0.0001195479
17 11  -0.0000023692  -0.0000057790   0.0001500859  -0.0000709477  -0.0319023433
17 12  -0.0000388462   0.0143612334
18  1   0.1454687640  -0.1130408552  -0.3080224046   0.1529337810  -0.0568419583
18  2  -0.0240392157  -0.1881972813   0.1126092586  -0.0724121035  -0.0747020170
18  3   0.0023582325  -0.0041887392  -0.0009279529  -0.0373492260  -0.0068658311
18  4   0.0395363081  -0.0177371266   0.0065357720  -0.0162037528   0.0029357291
18  5   0.0074475906  -0.0105016581  -0.0303376604  -0.0194551609   0.0009029507
18  6  -0.0150386283   0.0371217819  -0.0016954721   0.0333596370  -0.0213088171
18  7  -0.0222805387  -0.0004487259   0.0144227568  -0.0790740546   0.0042258419
18  8   0.0052983044  -0.0006065938  -0.0348434713  -0.0188757068   0.0001168980
18  9  -0.0071379164  -0.0035736503   0.0037376469   0.0203916308  -0.0000403898
18 10  -0.0001675371  -0.0005412814  -0.0006914290  -0.0000280921  -0.0000201570
18 11  -0.0000003419  -0.0001257290  -0.0021949251  -0.0000415063   0.0324013651
18 12  -0.0002448313   0.0685500728
19  1  -0.0794696715  -0.0857658346   0.1254868380   0.1521367275  -0.0437324582
19  2  -0.1107498941  -0.1773464981  -0.1472795006   0.0831210599  -0.1745746512
19  3  -0.0950986339   0.0104888652   0.0686162049   0.0647249001  -0.0482204521
19  4  -0.0062271832  -0.0303414174   0.0009243424   0.0095068973   0.0675686134
19  5   0.0433501831  -0.0241941744   0.0163643720   0.0079678695  -0.0190249202
19  6  -0.0019807224   0.0117358288  -0.0583947843  -0.0096847084   0.0220453326
19  7  -0.0249640737   0.0028242031   0.0023090408   0.0039178971   0.0138944831
19  8   0.0551586451   0.0459216422   0.0039007685   0.0003900586  -0.0011068144
19  9   0.0003627018   0.0020610112   0.0029136499  -0.0000861833  -0.0161064690
19 10   0.0000191732  -0.0000161868   0.0000205895  -0.0000753595  -0.0000428110
19 11   0.0009541614   0.0017120931  -0.0000977262  -0.0226557784  -0.0000192090
19 12  -0.0649208906  -0.0001992335
20  1  -0.2955890722   0.0652454341  -0.0508787124   0.0443863698  -0.1005450328
20  2   0.0049782019  -0.0951803151  -0.0047599186  -0.0034630395   0.0284573164
20  3   0.0339640197   0.0092476611  -0.0263505657  -0.0681245799   0.0489844666
20  4  -0.0037171209   0.0380878994  -0.0034791944  -0.0185849712  -0.1846359925
20  5  -0.0779972845  -0.0501538695   0.0062547560  -0.0298366706   0.0584253201
20  6   0.0973139569  -0.0001813126  -0.1483897979   0.0311114719   0.0139408761
20  7  -0.0114859533   0.0195966390  -0.0013178676   0.0009207375  -0.0007685986
20  8   0.0021991792  -0.0083523060  -0.0015590191   0.0017376312   0.0045816450
20  9   0.0004668631   0.0011659555   0.0016019196  -0.0004200794  -0.0688660028
20 10  -0.0000252356   0.0000179294   0.0000606435  -0.0007418703  -0.0000730660
20 11  -0.0002259006  -0.0000260519   0.0000190114  -0.0391500328   0.0000598435
20 12   0.0023339237  -0.0000302189
21  1  -0.0011839131  -0.3632786820   0.0050804750  -0.0250654761  -0.0413682738
21  2  -0.0088003329   0.1400044410  -0.1098999985  -0.0221593560  -0.0172650961
21  3   0.0096572753  -0.0139750643   0.0017690133  -0.0770889233   0.0975408668
21  4   0.0126777129   0.0595899215  -0.0069517208  -0.0243220165  -0.0979843806
21  5  -0.0657351879   0.0322747051  -0.0270948088  -0.0065334383   0.0073737094
21  6   0.0152927242  -0.0087806869   0.0528948266   0.0093648614   0.0106599969
21  7  -0.0164504442  -0.0288377029   0.0050423748   0.0023835351   0.0171993683
21  8   0.0198524574   0.0498563395   0.0039064457  -0.0027788796  -0.0043824935
21  9   0.0002403542   0.0040395246   0.0042317171   0.0000853652   0.0171180060
21 10  -0.0000403171   0.0000360702   0.0000212044   0.0003523794   0.0000187143
21 11  -0.0010963892   0.0017888727  -0.0001320879   0.0328222079  -0.0000815963
21 12  -0.0478778394  -0.0001148799
22  1   0.0553725929  -0.0151015078   0.1678098625   0.1054106665  -0.0870039765
22  2  -0.0052887400  -0.0148320230   0.0555755680  -0.0336850033  -0.0311130756
22  3   0.0962905114   0.0368076137  -0.0425562286   0.0905983653  -0.0218022869
22  4   0.1197537745   0.1090646827   0.0641939523   0.1698393884   0.0571737594
22  5  -0.0915055971   0.0886372898  -0.0911770539  -0.0535194949   0.1743396697
22  6   0.0618248881  -0.0443229254   0.0231006737  -0.0028086116  -0.1431399286
22  7   0.1610156036   0.1334999002  -0.0331284210  -0.0147791097  -0.1284437179
22  8   0.2361902670   0.0308587756   0.0477400244  -0.0345419552   0.0192221111
22  9  -0.0002338584   0.0013617677   0.0155129938  -0.0001142483   0.0126662143
22 10   0.0384467342  -0.0347121751   0.0225348447   0.0323899724   0.0005733260
22 11   0.6391639422   0.6606968230  -0.0417144935   0.0090550291   0.0000243360
22 12   0.0157385586   0.0000841215
23  1  -0.3529814633  -0.0128044052  -0.1121256556   0.1110095399  -0.0423311245
23  2  -0.0469625410  -0.1387659866  -0.1905228906   0.0417504752   0.0033065908
23  3  -0.1052526520  -0.0501212428   0.0459790686  -0.1000080480   0.1440500759
23  4  -0.0267456524  -0.0604054580   0.0710592956   0.1975110105  -0.0139976949
23  5  -0.0376507451  -0.1848131591  -0.1480952921   0.1684703959  -0.4213666311
23  6  -0.0474246754   0.0303390142   0.2485843110   0.0058394923   0.1233963235
23  7  -0.1098074356  -0.2522307447   0.0406529020  -0.0058118840   0.1040747798
23  8  -0.6574273318  -0.2617520617  -0.0744678830   0.0296375654  -0.3642685507
23  9  -0.0066754850  -0.0158684323  -0.0305881643  -0.0002617564  -0.0518321292
23 10   0.0156755760  -0.0145115931   0.0095519566   0.0087772781  -0.0005358200
23 11   0.2066116275   0.2185945704  -0.0138133617   0.0020391354   0.0000224029
23 12   0.0061980902   0.0000088329
24  1  -0.0791502777  -0.1807708453   0.1819052049  -0.2156507018  -0.2016429269
24  2  -0.0369358880  -0.0579769951   0.2453239509   0.0442021737  -0.2130012902
24  3   0.2171440016   0.2119540539  -0.0531210368  -0.0554899947  -0.3005862730
24  4  -0.1144240346   0.2037860123  -0.1878776615  -0.4422751879  -0.0053117829
24  5   0.2007234255  -0.0460290008   0.2123441655   0.0118038025  -0.1248705987
24  6  -0.0910485602   0.0470264452   0.0348072577   0.0042461164   0.1999384932
24  7  -0.2325789046  -0.1595604632   0.0397220054   0.0179377894   0.1729476446
24  8  -0.3247081813   0.0523199712  -0.0377277259  -0.0003606491   0.5887928800
24  9   0.0066989168  -0.0165282378  -0.0356153998   0.0002187873  -0.0276865315
24 10   0.0130138578  -0.0119734193   0.0078660586   0.0104650825   0.0002728977
24 11   0.1649435773   0.1535206628  -0.0097047039   0.0028077049   0.0000043984
24 12   0.0057818792   0.0000029887
25  1   0.0235626983  -0.0802545550   0.2517110039   0.0574952853  -0.0834035148
25  2   0.0041947122  -0.0162190228   0.1704862333  -0.0234574292  -0.2007582554
25  3   0.2804752727   0.2264926462  -0.0484799588   0.0716244645  -0.2929380802
25  4   0.0679217612   0.4565920262  -0.1661655693  -0.3565672595   0.1018130083
25  5   0.0648394814   0.1754131444   0.0689350741  -0.0631151527   0.0810838839
25  6   0.0919946808  -0.0102018404  -0.0198318684   0.0380008374   0.1819978215
25  7  -0.2289003290  -0.1221745792   0.0366303224   0.0317035162  -0.0865147225
25  8   0.2351847801  -0.2927209675  -0.0486925801   0.0835576236  -0.5919145085
25  9  -0.0070328986  -0.0059060339  -0.0155690046   0.0000333460   0.0224013880
25 10   0.0013229809  -0.0014798439   0.0019412997  -0.0338820290  -0.0051341287
25 11  -0.1772736609   0.1537499892  -0.0100081711  -0.0054902763   0.0000055395
25 12   0.0043335654   0.0000076222
26  1  -0.2986712478   0.1824219573   0.0109219088  -0.0360958457  -0.1830266309
26  2   0.0066781901  -0.1575543180   0.1552852412   0.0034313377   0.0104185421
26  3   0.0955245097   0.0490502870  -0.0897625392  -0.0602898406  -0.0450614062
26  4  -0.0149451154   0.0925160190  -0.0615003837  -0.1534317605   0.0620267677
26  5   0.1767447680  -0.0375945324   0.2171203829  -0.0978429128   0.2313479058
26  6  -0.1798405912  -0.0202790830   0.3868321263  -0.1305563593  -0.1878193000
26  7   0.1787913068  -0.0866074869  -0.0033022949  -0.0173700965   0.2541743077
26  8  -0.1469047492   0.6212116478   0.0521123565  -0.0606520282  -0.3884677852
26  9  -0.0031787433   0.0430364087   0.0569737169  -0.0005361546  -0.0547069617
26 10  -0.0051973065   0.0036728283  -0.0025423748   0.0528798101   0.0085672918
26 11   0.2707623482  -0.2671979973   0.0176083488   0.0040981497   0.0000108321
26 12  -0.0056433590   0.0000072440
27  1  -0.0422217830  -0.0990867737   0.1036764603  -0.1765067796  -0.2155101574
27  2  -0.0429174613  -0.0582681622   0.1502356137   0.0321291379  -0.0422628957
27  3   0.0391671618   0.0243922725  -0.0534637645  -0.0225571591  -0.0506793232
27  4  -0.0702107021  -0.1696688123   0.0439774348   0.0791936160  -0.0743705537
27  5   0.0367258244  -0.1241824319   0.0724192592   0.0016934023   0.0286121680
27  6  -0.1427745871   0.0238401178   0.0419625164  -0.1118573159  -0.1746763237
27  7   0.2060643045   0.0884846591  -0.0309440578  -0.0267894698   0.1118058438
27  8  -0.1792214220   0.3007738056   0.0330572564  -0.0456883885  -0.0530197233
27  9  -0.0005207931   0.0192101715   0.0284166781  -0.0002970512  -0.0162084676
27 10   0.0097338953  -0.0059180962   0.0034839054  -0.1163451494  -0.0197132153
27 11  -0.6304375175   0.6128963595  -0.0404750841  -0.0153942930   0.0000008825
27 12   0.0123046486  -0.0000323818
28  1   0.0972038892   0.0787549150   0.0416410200   0.1783623289  -0.0906242581
28  2  -0.0235556686  -0.0287676109  -0.0993571968  -0.0539406012   0.2511898125
28  3   0.0010964973  -0.0404319471   0.0419843557   0.1660584171   0.0827279422
28  4   0.1833492436   0.1329106511  -0.0571384361  -0.1392252450  -0.1053793941
28  5  -0.0141322458   0.0462164729   0.0763281956  -0.0098833868  -0.1731479517
28  6  -0.2876415809   0.1115984248   0.1150509325  -0.2000135963   0.3106042510
28  7  -0.3084887014   0.5395280449  -0.1070197858  -0.0707965882  -0.4369022839
28  8  -0.2393492663   0.1852118159   0.2214617510  -0.3429801523  -0.0643042808
28  9  -0.0013236780   0.0842286833   0.2076120943   0.0008575813   0.0058673481
28 10  -0.1115532314   0.0902791045  -0.0545316056   0.1412603598   0.0228676735
28 11  -0.0103863272   0.0160286876  -0.0026814832   0.0012462474  -0.0000295109
28 12  -0.0009935296  -0.0000604250
29  1  -0.1874327727  -0.2016476673  -0.1574754892   0.2055581110   0.0817533712
29  2   0.0875478230   0.1648967899  -0.1937721934  -0.1126380655   0.2791434351
29  3   0.2117796341   0.1337127721   0.0542488451   0.2329778573  -0.3131174927
29  4  -0.0521592932  -0.3800659300   0.0622058427   0.1522743077  -0.0479445122
29  5   0.0710835278  -0.2304213079   0.0904914084  -0.1130191756   0.2226234924
29  6   0.1527488968  -0.0872332499   0.3163426939   0.1003258301   0.1094098750
29  7  -0.1784465791   0.0251075677  -0.0054717845   0.0084125326   0.0083836116
29  8   0.0101575838  -0.0909596986  -0.0824104326   0.1614038568   0.0331281492
29  9   0.0338948041   0.4323829174   0.4683696537  -0.0000532077   0.0000055482
29 10   0.2146179402  -0.1631813354   0.0866869964  -0.2433853558  -0.0473630856
29 11   0.0205631174  -0.0324976554   0.0018137785  -0.0008381791   0.0000171641
29 12   0.0007228915   0.0000213389
30  1  -0.0199789222  -0.1110887860   0.0545468034  -0.1343185608  -0.1911806520
30  2  -0.0394918300  -0.0320785617   0.0763330032   0.0159875478   0.0649263316
30  3   0.0120128248  -0.0021272613  -0.0161728469   0.0446305814  -0.0322142293
30  4  -0.0333097064  -0.2509954592   0.0609750225   0.1429010811   0.0364342664
30  5   0.0499238304  -0.1056607184   0.0496451374  -0.1019119510   0.2466327079
30  6   0.1771687473  -0.0849195961   0.1776683188   0.0926272713   0.0564912126
30  7  -0.1125496904  -0.1310321214   0.0356577975   0.0242100328   0.0809769574
30  8   0.0526469145  -0.1071304785  -0.0839030258   0.1357366591   0.0262853507
30  9   0.0134692907   0.1397086464   0.1196136128   0.0001780536  -0.0035221699
30 10  -0.4798621041   0.3650346716  -0.1987049179   0.6181335059   0.1150907874
30 11  -0.0505379381   0.0795012087  -0.0048024700  -0.0022767847  -0.0000318479
30 12   0.0000066390  -0.0000619463
31  1   0.1703989767   0.0675625296   0.1605670851   0.0927626532  -0.1208658581
31  2   0.0688094797   0.0852549859   0.1070554666  -0.0446651889  -0.1372678743
31  3  -0.0699013462  -0.1125472517   0.0183239506   0.2223062353   0.0654272121
31  4   0.1177608920   0.0148307538  -0.0029885186  -0.0604986333  -0.2215462345
31  5  -0.0161072532  -0.2089165600   0.2175103633  -0.0040525711  -0.0585081091
31  6  -0.1846489058   0.1801009562  -0.2112561878  -0.2723922478  -0.1306163909
31  7   0.1965294490  -0.6694164253   0.1012092879  -0.0252038359  -0.4940312097
31  8   0.0396880219   0.0049017480   0.1937298267  -0.2907646648   0.0343359041
31  9   0.0018061171   0.1253977217   0.2426253172   0.0006444728  -0.0027773858
31 10  -0.0271435375   0.0271743653  -0.0135442633  -0.0402187406   0.0022758490
31 11   0.0007756614   0.0008900644  -0.0003428123  -0.0013300338   0.0000073968
31 12  -0.0003291549  -0.0000241861
32  1  -0.2008184616  -0.0728850652  -0.0929420584   0.1193071696  -0.0083330934
32  2   0.0808698922   0.1005809800  -0.0692833507  -0.0766786161   0.0926256230
32  3   0.0972891644   0.0262170013   0.0130156462   0.0991760059  -0.0817355487
32  4   0.0034059812  -0.1364858405   0.0099545243   0.0073801421   0.0975660313
32  5   0.0015305986   0.1359702041  -0.0165969917   0.0033319358   0.0085163253
32  6  -0.0486750343   0.0213331315  -0.0933062790  -0.0479675750   0.0026052079
32  7  -0.0090851987  -0.0043322025  -0.0001759254   0.0027453071   0.0230715813
32  8  -0.0375355283   0.0232917177  -0.0021684828  -0.0072267729  -0.0002256525
32  9  -0.0036436956  -0.0418858250  -0.0534445450  -0.0005362848  -0.0009862795
32 10  -0.5246533838   0.4239417023  -0.1813454021  -0.6967333328  -0.0762313144
32 11   0.1047348987  -0.0083153261  -0.0030274194   0.0018600112   0.0002141984
32 12  -0.0008602519   0.0000260540
33  1  -0.0542226886   0.0960440985   0.1363819193  -0.2566371627  -0.3293791204
33  2  -0.0664309346  -0.1555541885   0.2371614210   0.0746554482  -0.1775079116
33  3  -0.1555443660  -0.1513583436  -0.0678458594  -0.1833603238   0.3329943789
33  4   0.0599279201   0.1761488773  -0.0327550705  -0.1030034308   0.3270458583
33  5  -0.0397663851   0.5215575467  -0.1605359210   0.0946777477  -0.1228411358
33  6  -0.1179919621   0.0438660801  -0.3928833439  -0.0552650289  -0.0531024397
33  7   0.0881639087   0.0384768475   0.0125515931   0.0057036932   0.1549412446
33  8  -0.0897304075  -0.0287242978  -0.1266035461   0.2242647587   0.0194945312
33  9   0.0349249677   0.4426792406   0.4582621736  -0.0009525433   0.0017803535
33 10  -0.0070931374   0.0062245685  -0.0013019055  -0.0401181940  -0.0047823669
33 11   0.0086898455  -0.0006952921   0.0000196072   0.0000679647   0.0000034200
33 12   0.0000044500  -0.0000163366
34  1   0.1170169536   0.1111154707   0.0053012792   0.1982135087  -0.0939871735
34  2  -0.0236362060   0.1103360197  -0.0494486596  -0.0363480599  -0.1934074365
34  3   0.0542890465   0.0440068365  -0.0693884273  -0.0840257942   0.0805885424
34  4  -0.2885491779  -0.0172360978   0.1378622087   0.0072538653  -0.0410345029
34  5   0.0822839248   0.0831125884   0.1318770182   0.2622459756   0.0833573851
34  6   0.2399110873  -0.2541711175   0.0362929295  -0.3927045116   0.2715311204
34  7   0.1843515963   0.0722239167   0.5345914367  -0.2632854311  -0.3493621150
34  8  -0.0873762026   0.1811941435  -0.1016936441   0.4645442195   0.0015540735
34  9   0.0884085241   0.0261587939  -0.1358980175  -0.0108689046  -0.0029494208
34 10   0.1100711235   0.0499813929  -0.1803741464   0.0097226245  -0.1257569519
34 11   0.0025224794  -0.0021910136  -0.0235065525  -0.0000158179  -0.0004786526
34 12  -0.0000084868  -0.0015949203
35  1  -0.0166282101  -0.2140391547  -0.1064185103   0.1767446111   0.0810868067
35  2   0.2330773489  -0.0834968520   0.2030416155   0.2261120055   0.3172523531
35  3  -0.1160984161   0.1629020675  -0.0629701597   0.4162598932   0.1535415590
35  4  -0.3675232753   0.1615382824   0.1232378772  -0.0174789472   0.0652042154
35  5  -0.1611832593   0.0298518060   0.1910982688   0.3404784054   0.0875141524
35  6   0.1494342401   0.0744071021   0.0208656867  -0.0880496066  -0.2000243441
35  7  -0.2023143292   0.0113590187   0.0316682799  -0.0107666376  -0.0297066984
35  8  -0.0229853981   0.0228886910  -0.0150429480   0.2016648788   0.0068494524
35  9  -0.0124158269  -0.4941029285   0.4090104295  -0.0323336574   0.0048048109
35 10  -0.1503515806  -0.0803362379   0.2448303692  -0.0143912568   0.1404595106
35 11  -0.0024993181   0.0008074365   0.0266336316   0.0000458808  -0.0006605566
35 12   0.0000340130  -0.0005509309
36  1   0.0500523520   0.0198425168  -0.0945940078  -0.0527955304  -0.2046760546
36  2  -0.0480820575   0.0124594247  -0.0564848797  -0.0005062636   0.1378820875
36  3  -0.0397570325   0.0036075054   0.0600628576   0.0841763346  -0.0543667677
36  4  -0.0862742244   0.1220097131   0.0421490677   0.0104685384   0.0129746095
36  5  -0.0826349327   0.0036057360   0.0682465110   0.1719177071   0.0511736696
36  6  -0.0401281520   0.0629689177  -0.0169686371   0.1007074028  -0.2527693417
36  7  -0.2242862549  -0.0168750463  -0.1040592254   0.0885276810   0.0955561793
36  8   0.0150924898  -0.0491843198   0.0291853129  -0.0718020646   0.0022748890
36  9  -0.0292267537  -0.1632925695   0.1638609829   0.0032042363   0.0014149444
36 10   0.3827799212   0.2017494521  -0.6571079995   0.0525768715  -0.4316468013
36 11   0.0060154027  -0.0011200044  -0.0739947410  -0.0002286886   0.0007694417
36 12  -0.0000166462  -0.0014423882
37  1   0.1859531927   0.0973382517   0.1235741414   0.1136605302  -0.1229101942
37  2   0.0656482361  -0.0429768995  -0.1388500902  -0.0361992097   0.0207832724
37  3   0.0632282705   0.0313549864  -0.0178415508  -0.3217531231  -0.0121616564
37  4   0.0130764285  -0.0865737632  -0.0426064087   0.0520417088  -0.2154038665
37  5   0.4561632132   0.1146100217  -0.2171726438  -0.0802028861  -0.0388713657
37  6   0.0984216783  -0.1285692576  -0.0949022653  -0.2007729954  -0.1677020934
37  7  -0.2189132910  -0.1586688696  -0.5818608269   0.0164651555  -0.3868289483
37  8  -0.0940848690   0.2004819942  -0.2615728746   0.4508914972   0.0069795957
37  9  -0.0153797913  -0.0967083935  -0.0210200471  -0.0349731762  -0.0025166589
37 10  -0.0295232911  -0.0322354644   0.0251385177   0.0127852424  -0.0537028937
37 11  -0.0011390124  -0.0006308817   0.0016844568  -0.0001193341  -0.0011176893
37 12  -0.0000577412   0.0007558104
38  1  -0.0174407913  -0.0773313344  -0.0333765061   0.0822380206  -0.0152963366
38  2   0.2374396360   0.0018468368   0.0943310992   0.0854984466   0.0813650543
38  3  -0.0859374531   0.0483311938  -0.0005190737   0.1137119875   0.0186796613
38  4  -0.1028466298   0.0720448266  -0.0046719560   0.0464213576  -0.0950543773
38  5   0.1493727968   0.0237895288  -0.0922924890  -0.0353303000   0.0172819688
38  6  -0.1099380152  -0.0863915635  -0.0263695937   0.0535303898   0.0240553892
38  7   0.0048514470  -0.0069669336  -0.0234342398   0.0320166128  -0.0250916468
38  8  -0.0079235221   0.0152175746  -0.0491465589   0.0031987073  -0.0012909576
38  9   0.0037276484   0.0261063865  -0.0328538611  -0.0003473595  -0.0005068618
38 10   0.3773487398   0.3126862574  -0.2450370842  -0.1228016813   0.8240998440
38 11   0.0033688115   0.0072996615   0.0306376962   0.0000130028  -0.0001370316
38 12  -0.0001859165  -0.0000820770
39  1   0.0231631152   0.2306215434  -0.0287532850  -0.1634802481  -0.3388962427
39  2  -0.0747629467   0.1985421402  -0.1878813576  -0.1995603455  -0.3031133241
39  3   0.0154222033  -0.1681736868   0.1278108955  -0.2764644891  -0.2124767709
39  4   0.2064128523  -0.0029558751  -0.0818623971   0.0805829549  -0.1610716047
39  5   0.2558613832  -0.0147865654  -0.2383241218  -0.2699541354  -0.0102694535
39  6  -0.3053458938  -0.2114513852  -0.0277891802   0.1383765090   0.2282261091
39  7   0.2212902952   0.0392683701   0.2346484485   0.0722940228   0.0902826180
39  8   0.0116796416  -0.0313669403  -0.0160749865   0.0372227232   0.0030813854
39  9  -0.0227889308  -0.5224056311   0.4654072673  -0.0331120118   0.0057016507
39 10  -0.0019940191   0.0036871725   0.0058637581  -0.0071511033   0.0296941255
39 11   0.0005992789   0.0002671314   0.0013682777   0.0000714198  -0.0004082864
39 12   0.0000415236  -0.0006028104
40  1   0.0362891507  -0.0284219734   0.1682486955   0.1079878830  -0.0813324410
40  2  -0.0178611774  -0.0939545729   0.0568149461  -0.2324766440   0.1576611573
40  3  -0.0330353366  -0.1662162496   0.1574365791  -0.1625699756  -0.1320244433
40  4  -0.4865872627   0.2082093327   0.3036083651   0.0650118182   0.0029309842
40  5  -0.0575662620   0.1541716486   0.2989204618  -0.0376030355  -0.0483217435
40  6   0.1979718904   0.2660304227   0.0676878270   0.0926569673   0.3092817255
40  7   0.2928378865  -0.0455678561  -0.3013238919  -0.0346719764   0.0428380416
40  8   0.0449645758  -0.0092797733  -0.3552441507  -0.2649177718  -0.0076483665
40  9   0.4663040002  -0.0588083468   0.0415649069   0.0227902605   0.0019871186
40 10  -0.0034317153  -0.0010043374   0.0036204032   0.0002183842   0.0073772941
40 11   0.0000525730  -0.0081879266  -0.1289854597  -0.0000841544  -0.0005027314
40 12  -0.0000400605  -0.0028380836
41  1   0.0372063510   0.1623253323   0.1136128904  -0.0957137751  -0.1873496505
41  2   0.2930118126   0.1668381034  -0.2167447259   0.1294931477  -0.0308540983
41  3  -0.0057294958   0.0988554492  -0.0420782128  -0.0610466193   0.0088194556
41  4   0.0722843555  -0.0467740969  -0.1669283336   0.0505743597   0.0389492070
41  5  -0.0918554381  -0.0391195841   0.0014328135   0.3551797407   0.2426298704
41  6  -0.1542749214   0.3192734317   0.0294439674   0.3708869370   0.2583975712
41  7   0.1805972372  -0.0435608295  -0.1580767775  -0.3923839448   0.0094604675
41  8   0.0509544925   0.0143926954  -0.4744577718  -0.2289799735   0.0059410652
41  9  -0.4971555368  -0.0055229578   0.0378727984  -0.0449459441  -0.0018397505
41 10  -0.0004280815  -0.0088862459  -0.0205569117   0.0005197423  -0.0091855289
41 11  -0.0000903627   0.0111108197   0.1690916839   0.0000536487   0.0010712069
41 12   0.0000181933   0.0031862290
42  1   0.1055833459   0.1101238779  -0.2132994075   0.0159651917  -0.2081467702
42  2  -0.0533386998   0.1409437566  -0.1130096458   0.1018538504  -0.1327841556
42  3   0.0092386303   0.1376301283  -0.0849860688   0.0753656648   0.0713264641
42  4   0.0071054238  -0.0308785547  -0.0210032969   0.0013571046   0.0355505100
42  5  -0.0580627479  -0.0105026597   0.0270315221  -0.0022946218   0.0055311675
42  6  -0.0313291278  -0.0080835636   0.0010284544   0.0553404657   0.0640667761
42  7   0.0555199200  -0.0109797054  -0.0603932902   0.0210165761   0.0020934736
42  8   0.0012906232   0.0002828337   0.0090520395   0.0166930943   0.0024062787
42  9  -0.1864189770   0.0113034358   0.0000436554  -0.0075307503  -0.0009800106
42 10   0.0228895217   0.0858443233   0.1279177549   0.0031835998   0.0327252893
42 11  -0.0000068577  -0.0631258750  -0.9606434481  -0.0001630914  -0.0121721305
42 12   0.0000458481  -0.0170991538
43  1   0.1097057523   0.0700261624   0.0751547965   0.1554545807  -0.0967186432
43  2  -0.0029479403   0.0401668064  -0.0562448982   0.0014990820  -0.0289687640
43  3   0.0688088164   0.0322782713  -0.0665665134  -0.0269079506   0.1068077798
43  4  -0.1222230390  -0.1141279840  -0.1738652718  -0.1326807431   0.2201472933
43  5  -0.2136019276  -0.2177322133  -0.2616233549  -0.0241181789   0.1011259953
43  6  -0.1791297878   0.2303997224   0.0027599713   0.1058742473  -0.0830842469
43  7  -0.0543679526   0.0409654688   0.1536087393   0.3218484270  -0.1481301274
43  8  -0.0329387744   0.0782716749  -0.3675641558  -0.0724385456  -0.0038600170
43  9   0.2041981587  -0.0138032675  -0.0170626452   0.0126451690  -0.0010300397
43 10   0.2322690211   0.5058641026   0.4069459390   0.0470882963  -0.1841713647
43 11  -0.0026417856   0.0049244852   0.0866828341   0.0000283106   0.0069830464
43 12   0.0001349518   0.0018951437
44  1   0.1236380632  -0.0315267345   0.0388489093   0.0196257678  -0.0553748201
44  2   0.3597150523  -0.1958522199  -0.0619249642  -0.0463480808   0.0047622878
44  3   0.0381837134  -0.0332936870   0.0101680701  -0.1156675650  -0.0138472271
44  4  -0.0174992345  -0.0276277066   0.1384252291  -0.0965224516   0.0472909283
44  5  -0.0028209911  -0.0050509418  -0.0201694850  -0.1152720207  -0.0725817509
44  6   0.2973259197   0.5052167190   0.0940646016  -0.0516466971  -0.0989263116
44  7   0.0091637069   0.0945260717   0.2728769672   0.6007740007  -0.1634102813
44  8  -0.0406869570   0.0849519823  -0.3702208085  -0.0639426591   0.0017820494
44  9  -0.2671018263   0.0262389471  -0.0231796110   0.0553634964  -0.0033866494
44 10  -0.1522624653  -0.3290835946  -0.2566406187  -0.0303512598   0.1180003451
44 11   0.0014669672  -0.0031630657  -0.0532686432  -0.0000987849  -0.0003661505
44 12  -0.0002134711  -0.0021022123
45  1   0.1166346361   0.1917925283  -0.2348302659   0.0102783214  -0.2428542606
45  2  -0.0617003391   0.2744709147  -0.1929261742   0.2414528532  -0.2112437603
45  3   0.0449590906   0.2384034777  -0.1816289641   0.1282608185   0.1636582962
45  4   0.1871116887  -0.1648528884  -0.2851212959  -0.0417421206   0.1159890777
45  5  -0.1354559960  -0.1614468720  -0.1895267240   0.1093264385   0.1317683806
45  6  -0.2526419398  -0.0239701444  -0.0333364026   0.1188891221  -0.0277701205
45  7  -0.0490276121  -0.0102082648  -0.0179654719  -0.0414774075  -0.0201445041
45  8   0.0026817905   0.0124219279  -0.1690070138  -0.0997634405  -0.0089356955
45  9   0.6038221632  -0.0408991472   0.0002245527   0.0222034261   0.0018997755
45 10  -0.1632119739  -0.3529686282  -0.2786314688  -0.0322125491   0.1236482378
45 11   0.0016023697  -0.0024090973  -0.0439141671  -0.0000821365  -0.0072216450
45 12  -0.0001259399  -0.0017181999
46  1  -0.0212614419   0.0456695669  -0.0516925042   0.2546630648  -0.0486563854
46  2  -0.1367595768   0.3358279408   0.0656756445   0.6700684943   0.1110336695
46  3   0.3776557846  -0.4022796231   0.0974425405  -0.1187833983  -0.0997510841
46  4   0.0919153220   0.0224717739   0.4352499737  -0.2749394557   0.0410705594
46  5   0.0532051113  -0.0960083100  -0.2081963383  -0.0065372094   0.0730378351
46  6  -0.1259815379   0.0765634283  -0.0146868733   0.0916542392   0.0151999296
46  7  -0.0082094635  -0.0141278911  -0.0274031107  -0.0944776558   0.0018856582
46  8   0.0004327444   0.0001517703   0.0256421221   0.0368585998   0.0004540441
46  9  -0.0162493187  -0.0129895489   0.0067978755   0.4582061979  -0.0045498949
46 10   0.0012019680   0.0043113181   0.0067935844  -0.0003711749   0.0011360509
46 11   0.0001088270  -0.0002367210  -0.0019767728   0.0001501123   0.0272052623
46 12  -0.0001261038   0.0545872179
47  1   0.0947575107  -0.1361840913  -0.0270355733   0.0984350590   0.0200366238
47  2   0.3311593735  -0.2672633131   0.0860604609  -0.0746127071   0.0405474865
47  3   0.0009692482  -0.0933308481   0.0629335069  -0.2067584506  -0.0854690022
47  4   0.1035100026  -0.0408666176  -0.4032637056   0.1961791693   0.0227660049
47  5  -0.1704060790   0.0086740534   0.1928225868   0.4143747172   0.1610931158
47  6  -0.0625057388  -0.2740232328  -0.0012289774  -0.1081200757   0.2415326065
47  7   0.1989620313  -0.0221926745  -0.1628209673   0.3848810086  -0.0240709389
47  8  -0.0288139301   0.0059795251   0.2050447411   0.1418619212   0.0005188492
47  9   0.0015063486  -0.0088523396   0.0029658644   0.5108019185  -0.0019000365
47 10  -0.0018053427  -0.0002672851   0.0038451320  -0.0001757995   0.0024285485
47 11  -0.0000368935   0.0000443202   0.0000095360   0.0000377938   0.1717498817
47 12  -0.0005848087   0.1346698332
48  1   0.1538877417  -0.1378943964  -0.3272853879   0.1750784189  -0.0367872083
48  2  -0.0204101156  -0.2209892784   0.1349755607  -0.0435744116  -0.0679575959
48  3   0.0464233056  -0.0657303929   0.0174128601  -0.0528748166  -0.0218192845
48  4   0.0460034385  -0.0168480563  -0.0845025085   0.0344794241  -0.0109933648
48  5   0.0028744715  -0.0009931301  -0.0017543846   0.0786696921   0.0439517603
48  6  -0.0171311737   0.0272987411   0.0031084916   0.0229178802   0.0364149928
48  7   0.0266183921  -0.0048189142  -0.0218203129   0.0115888532  -0.0005678050
48  8  -0.0012563503   0.0003002170   0.0179280081   0.0165044417   0.0002350852
48  9  -0.0090835489  -0.0046669041   0.0037781875   0.1618443046  -0.0007672516
48 10   0.0024479817   0.0056791420   0.0041197361   0.0004075241  -0.0031192051
48 11   0.0000606500   0.0014466135   0.0222773321  -0.0005676438  -0.7726564064
48 12   0.0022789175  -0.5840203109
49  1  -0.0794745777  -0.0402728307   0.0373850198   0.2074450204  -0.0375305423
49  2  -0.1429986015   0.1609496954   0.2214452166  -0.2078501028   0.0997173830
49  3  -0.3979514030   0.3125802885  -0.0102444547  -0.2544316540  -0.0718486228
49  4   0.2888641034  -0.0748222561   0.2886161999  -0.2213328696   0.0405345008
49  5   0.0002135772  -0.0824136312  -0.1436277784   0.1051153891   0.1034774211
49  6  -0.0893117498   0.0621303270  -0.0013062251   0.0539018879   0.0530873308
49  7   0.0318999595  -0.0091599629  -0.0344825056   0.0168084112  -0.0014343887
49  8  -0.0056040701   0.0003714926   0.0438700775   0.0355735822   0.0002636602
49  9   0.0045848770  -0.0055804322   0.0015952326   0.1096650730  -0.0005710882
49 10  -0.0012526082  -0.0021500220  -0.0007858676  -0.0001073602   0.0002203240
49 11  -0.0000172995   0.0004096143   0.0064082973   0.0010262765   0.4549538910
49 12   0.0013368596  -0.6203263338
50  1   0.1052960363   0.0752955706   0.0899413516  -0.0503440785  -0.1297125617
50  2   0.3479893347  -0.0444260271  -0.1803213228   0.0754872392  -0.0145691544
50  3   0.1125416281  -0.0542555519  -0.0075426236   0.0237808469   0.0381872887
50  4  -0.2820970220   0.0358199937  -0.2908517540   0.2316375079   0.0677894177
50  5  -0.1807913434   0.0856744730   0.2671185067  -0.4337145234  -0.3090604407
50  6   0.1061611716  -0.2728591249  -0.0276969540  -0.1006070309  -0.2336680077
50  7  -0.1814196046   0.0187195940   0.1306305517  -0.2945589027  -0.0023678666
50  8   0.0222067559   0.0083305437  -0.2285590654  -0.1065144734   0.0006568126
50  9  -0.0510838108  -0.0236634896   0.0232730609   0.3980521642  -0.0028533292
50 10  -0.0006450114   0.0003948622   0.0026936183  -0.0002944344   0.0010929947
50 11  -0.0000122494  -0.0001436216  -0.0017938224   0.0006683835   0.2504706895
50 12   0.0007708949  -0.3284824420
51  1   0.1810735286  -0.1235082913  -0.3863783185   0.2178065145  -0.0225666300
51  2  -0.0195599346  -0.1652882968   0.0942378906   0.3657148760  -0.0566149537
51  3   0.4134071473  -0.4251702721   0.0818511818  -0.0154886001  -0.0515857098
51  4  -0.0263070778   0.0256399078  -0.2130124288   0.1429538057  -0.0486269677
51  5   0.0172406081   0.0462683658   0.0908914419   0.1388900228   0.0367612659
51  6   0.0552504534  -0.0037521209   0.0153409850  -0.0410999371   0.0619798395
51  7   0.0608536640   0.0031760953  -0.0259800154   0.1480360716   0.0032566107
51  8  -0.0031038669  -0.0049200914   0.0401909399  -0.0107617412  -0.0009081788
51  9   0.0216971795   0.0261885710  -0.0187227262  -0.5622658509   0.0035643376
51 10  -0.0011746831  -0.0041930790  -0.0050302317  -0.0002060344   0.0015594253
51 11   0.0000252520   0.0001811702   0.0029929147   0.0008585527   0.3155768393
51 12   0.0009121005  -0.3717767269
52  1  -0.1070345731  -0.1032812671   0.1227799465   0.1579565884  -0.0353051443
52  2  -0.1301327595  -0.2121190851  -0.1830091346   0.1140516623  -0.2329240850
52  3  -0.1234771528   0.0277232856   0.1714312323   0.0688466013  -0.0197688474
52  4  -0.0520814517  -0.1179913591  -0.0423426966  -0.1454878853  -0.1769315560
52  5  -0.0848900170   0.1441915125   0.0210096920  -0.0525534501   0.1251961543
52  6  -0.0302686381  -0.0211461344   0.0857037000  -0.0016439536  -0.0681372167
52  7   0.0687591634   0.0286581174  -0.0098350686  -0.0068297430  -0.0300169490
52  8  -0.0460743015  -0.0664508947  -0.0049460664   0.0037865349   0.0080864259
52  9   0.0003629981  -0.0031858496  -0.0046350005  -0.0008759986  -0.1246679030
52 10  -0.0011202021   0.0005659064  -0.0004435674   0.0008215942   0.0001229478
52 11  -0.0146692094  -0.0147608985   0.0007944390   0.6112596458  -0.0002943809
52 12   0.6930786680   0.0025236399
53  1  -0.2349291235   0.1109677497  -0.0058651748  -0.0005619994  -0.1361364369
53  2   0.0585159585  -0.0247422262   0.1440437815  -0.0623044176   0.0776448364
53  3   0.1876719937   0.0828061919  -0.0251837524  -0.0754378496   0.0936850153
53  4   0.0986522671   0.1835188617   0.1026259156   0.3223888414   0.1659231909
53  5   0.0421102913  -0.3296879034  -0.1011819639   0.1105351169  -0.2836332572
53  6   0.1887292715   0.0566320717  -0.3649891475   0.0375070231   0.2426080326
53  7  -0.2591382506  -0.1009702725   0.0364408965   0.0296307263   0.1315271171
53  8   0.2388639075   0.3323724187   0.0226778596  -0.0120158526  -0.0177939204
53  9  -0.0000945321   0.0214884333   0.0234262436   0.0037507726   0.5302715706
53 10  -0.0009297079   0.0015743364  -0.0016328376  -0.0011160976   0.0001668417
53 11  -0.0039927840   0.0002649999  -0.0002537978   0.2159561383  -0.0001395913
53 12   0.2538358485   0.0009363818
54  1   0.0369983280  -0.3550300827  -0.0783079384   0.0385817001  -0.0150107414
54  2  -0.0062331639   0.1996066512  -0.2171849523  -0.0856327819   0.2383712677
54  3  -0.1540439537  -0.2862090749  -0.6423449012  -0.0852751520  -0.1799064314
54  4   0.0615984027   0.2608150844   0.0174156023   0.1295246352   0.4385904734
54  5   0.3153271267  -0.2816099775   0.1246814394   0.0326279702  -0.0731797129
54  6   0.0115355003   0.0416010499  -0.2469450639  -0.0275857434   0.0384167866
54  7  -0.0268095323   0.0469862137  -0.0017812303   0.0034731131  -0.0048036546
54  8   0.0725353164  -0.0053324050   0.0041706759   0.0018720072  -0.0124780988
54  9   0.0012650015  -0.0025211754   0.0066411993  -0.0028196608  -0.4641657230
54 10  -0.0005952924   0.0005790023  -0.0006865806  -0.0013605440   0.0004190077
54 11  -0.0009198308   0.0001894297   0.0001672676   0.1395207595  -0.0000393157
54 12   0.1136371793   0.0005321603
55  1  -0.0826039113  -0.0501940335   0.0524391470   0.1984623020  -0.0376549331
55  2  -0.1395767484  -0.1951786596  -0.2644188719   0.0705585580   0.0169401042
55  3  -0.3132210256  -0.2774824669  -0.5620061780   0.0969674047  -0.4190942433
55  4  -0.0772850512  -0.0554383439  -0.0378040878  -0.1367168450  -0.3117210454
55  5  -0.2191366124   0.2001263940  -0.0860699248  -0.0273978271   0.0551118154
55  6   0.0153562633  -0.0333085581   0.1548012637   0.0321219801  -0.0240640637
55  7   0.0211739612  -0.0354964025   0.0025802236  -0.0030714554  -0.0019419209
55  8  -0.0751618037  -0.0134399394  -0.0040795429  -0.0036642513   0.0134526811
55  9  -0.0020577165   0.0049888266  -0.0015332311   0.0028761624   0.5037019936
55 10  -0.0002415586   0.0003340037  -0.0001464136   0.0015452389   0.0000071870
55 11   0.0035704314  -0.0047521150   0.0002556929  -0.2809470454   0.0005087277
55 12   0.2157507088   0.0003280694
56  1  -0.2956370907  -0.0566720656  -0.1162793900   0.1288375323  -0.0145469569
56  2   0.0004274463  -0.0320521780  -0.1752345486  -0.0127401181   0.0455688672
56  3  -0.0457863658  -0.0484302715  -0.0093673098  -0.1190779451   0.1663603856
56  4   0.0478794937   0.1831367863  -0.0572941851  -0.1062562369   0.2603247158
56  5   0.3330249068  -0.2016633065   0.3234552196  -0.1503270412   0.3687187175
56  6   0.0608157272  -0.0180747464  -0.2340280623   0.0121939964  -0.1820768865
56  7   0.2141939213   0.1571462639  -0.0367206559  -0.0283025690  -0.0934541317
56  8  -0.3093766975  -0.2898851206  -0.0214616238  -0.0037985867   0.0150909661
56  9  -0.0044750488  -0.0202693140  -0.0274376518   0.0032756109   0.4666945448
56 10   0.0020401518  -0.0012863016   0.0005758496  -0.0041040373  -0.0007215236
56 11  -0.0047622393   0.0024269396  -0.0002702791   0.3172136176  -0.0006654696
56 12  -0.2853801319  -0.0005407432
57  1   0.0000000000  -0.4389609146   0.0000000000   0.0000000000   0.0000000000
57  2   0.0000000000   0.1789152668  -0.1511738406  -0.0221416210  -0.0824519555
57  3   0.0539921981   0.0692383202   0.2573600567  -0.1160282666   0.3038145948
57  4   0.0685137738   0.1456333519  -0.0174400679  -0.0032499383   0.3131674007
57  5   0.2736017943  -0.1510623859   0.1869319071  -0.0506762093   0.1299456215
57  6  -0.0187351743   0.0044420048  -0.0929988840  -0.0231238497  -0.0728700827
57  7   0.0839463553   0.0670660202  -0.0147826493  -0.0102071247  -0.0281431273
57  8  -0.0818796750  -0.0761377174  -0.0025929814  -0.0040195639  -0.0043812759
57  9  -0.0013425857  -0.0096551144  -0.0098428352   0.0006178674   0.0510196057
57 10  -0.0003088859   0.0002446921  -0.0002337890  -0.0004478640   0.0003376012
57 11   0.0125180393  -0.0195841857   0.0013873728  -0.6141460565   0.0012654534
57 12   0.5543033678   0.0010690847
$end
