$coord
   -4.57015257753454      2.38048402518158      4.66510230560016  c
   -4.42691429032475      1.48020656592706      1.93938363243302  c
   -6.33535392891177     -0.59703914261843      1.30546750317360  c
   -5.89711657990933     -1.53705829484647     -1.38063109802311  c
   -3.14710229700135     -2.31711217660892     -1.83977034867159  c
   -1.41887143085948     -0.14772579985706     -1.01449399906440  c
   -1.92830225835102      0.50764524682759      1.52905993674585  o
    1.10247404269029     -0.91996108479618     -1.16399454380697  o
    2.92910342313266      1.08639263294200     -0.92223411162432  c
    3.77686267338700      1.91818718905903     -3.58805800563606  c
    5.00443209752664     -0.14461370679411     -5.21477720165799  c
    7.53678745393269     -0.67786632817488     -4.50883035134405  o
    5.39207316913181      4.06513574554203     -3.49272055973803  o
    5.12967976531374      0.26253509332566      0.81295758351184  c
    4.38205364639090     -1.12387079478837      3.28425255059661  c
    2.52773459829534      0.37243050756170      4.87754992297061  c
    2.51905728460949      2.66106307990720      4.99310702822862  o
    3.54902243408323     -3.72982737159928      3.04357717497900  n
    6.59605251813943      2.47519370587833      1.38256676360073  o
   -2.90408267343747     -3.14435629031012     -4.45822163917041  n
   -7.56904888886825     -3.58383983357123     -1.82409707136267  o
   -8.80630027984290      0.40575958420713      1.58079187674349  o
   -3.00020892979182      4.48672819341148      5.14667064457532  o
   -4.12726214952667      0.79071301161138      5.92367288761651  h
   -6.50599847261593      2.96979232053184      5.04743285573555  h
   -4.74529278220629      3.11117584590686      0.69569754498708  h
   -6.04928313411462     -2.18987573646479      2.60706374286724  h
   -6.36125469357499      0.03251494615698     -2.67041208771030  h
   -2.71985634011074     -3.93415585771115     -0.62509108009399  h
   -1.73625971530271      1.52565552498441     -2.21918666635005  h
    2.01546830296978      2.70386815403708     -0.02090100972200  h
    2.05426749733986      2.50727405827298     -4.57906486751429  h
    3.95197141326693     -1.90957630842512     -5.05203907519919  h
    4.92437134343406      0.46995506947916     -7.19251862450009  h
    8.44348322295595      0.90545313356258     -4.57889376825093  h
    6.24853496246199      4.05212689321733     -1.86772157136461  h
    6.39258799576666     -0.98657792311231     -0.22612585715075  h
    6.11821563024107     -1.12777919609864      4.42293924377270  h
    1.19322603595546     -0.78242803693210      5.98855715070435  h
    2.29929362741901     -3.90187841425032      1.60706400390350  h
    5.02015759704481     -4.90229199390456      2.70646760299628  h
    5.62512777264384      3.45130826409033      2.59646828203254  h
   -3.02747019932760     -1.66894797815726     -5.67785673929897  h
   -1.23145319107532     -4.01909102979865     -4.76600756172392  h
   -6.99931836497399     -4.39960457957601     -3.35994405617274  h
   -9.97778214966535     -0.83918969018990      0.94366268349671  h
   -1.24735696025738      3.96307255641471      5.14408275333567  h
$user-defined bonds
$end
