$energy      SCF               SCFKIN            SCFPOT
     1 -1258.013281750      1252.321652243     -2510.334933993
     2 -1258.016499134      1252.796627578     -2510.813126712
     3 -1258.019354972      1252.779982925     -2510.799337897
     4 -1258.021343451      1252.729118187     -2510.750461639
     5 -1258.022621044      1252.804863839     -2510.827484884
     6 -1258.023800254      1252.894601409     -2510.918401664
     7 -1258.024372471      1252.917699985     -2510.942072456
     8 -1258.024807249      1252.892244054     -2510.917051303
     9 -1258.025145642      1252.864224953     -2510.889370595
    10 -1258.025442392      1252.849536296     -2510.874978688
    11 -1258.025703696      1252.843124405     -2510.868828101
    12 -1258.025947026      1252.866310135     -2510.892257161
    13 -1258.026177082      1252.882210210     -2510.908387292
    14 -1258.026349832      1252.895119591     -2510.921469423
    15 -1258.026502201      1252.894557493     -2510.921059694
    16 -1258.026676760      1252.890784719     -2510.917461478
    17 -1258.026883310      1252.887969183     -2510.914852493
    18 -1258.027061354      1252.887396126     -2510.914457480
    19 -1258.027210769      1252.890428219     -2510.917638988
    20 -1258.027324738      1252.887000433     -2510.914325172
    21 -1258.027429916      1252.876229102     -2510.903659018
    22 -1258.027519921      1252.865992758     -2510.893512679
    23 -1258.027600166      1252.857480400     -2510.885080566
    24 -1258.027674158      1252.857571793     -2510.885245951
    25 -1258.027737179      1252.859807508     -2510.887544687
    26 -1258.027812742      1252.866828359     -2510.894641102
    27 -1258.027900504      1252.868425770     -2510.896326274
    28 -1258.027988280      1252.870321166     -2510.898309447
    29 -1258.028093550      1252.859355441     -2510.887448992
    30 -1258.028208345      1252.854781505     -2510.882989850
    31 -1258.028327398      1252.852701368     -2510.881028766
    32 -1258.028448506      1252.861753883     -2510.890202388
    33 -1258.028613467      1252.877019963     -2510.905633431
    34 -1258.028736994      1252.901816441     -2510.930553435
    35 -1258.028887343      1252.911542774     -2510.940430117
    36 -1258.029092832      1252.915492167     -2510.944584999
    37 -1258.029222913      1252.942347312     -2510.971570224
    38 -1258.029376965      1252.869761218     -2510.899138184
    39 -1258.029625451      1252.903830865     -2510.933456316
    40 -1258.029905267      1252.894325511     -2510.924230778
    41 -1258.030174772      1252.842530238     -2510.872705010
    42 -1258.030470909      1252.857897342     -2510.888368251
    43 -1258.030462391      1252.824745078     -2510.855207469
    44 -1258.030748449      1252.903380858     -2510.934129307
    45 -1258.031267549      1252.913035751     -2510.944303300
    46 -1258.031704559      1252.890622623     -2510.922327182
    47 -1258.031979544      1252.911781235     -2510.943760780
    48 -1258.032321309      1252.902738223     -2510.935059532
    49 -1258.032485190      1252.911274269     -2510.943759459
    50 -1258.032646963      1252.822722891     -2510.855369854
    51 -1258.032823160      1252.826832789     -2510.859655949
    52 -1258.033118443      1252.848749162     -2510.881867605
    53 -1258.033272639      1252.865113919     -2510.898386558
    54 -1258.033471095      1252.878582526     -2510.912053621
    55 -1258.033582657      1252.886332635     -2510.919915292
    56 -1258.033828300      1252.899173980     -2510.933002280
    57 -1258.033991471      1252.885892185     -2510.919883655
    58 -1258.034065159      1252.893669208     -2510.927734367
    59 -1258.034160063      1252.885342965     -2510.919503028
    60 -1258.034252608      1252.892671654     -2510.926924261
    61 -1258.034324677      1252.896116260     -2510.930440937
    62 -1258.034371679      1252.894012626     -2510.928384305
    63 -1258.034438078      1252.889659778     -2510.924097856
    64 -1258.034482179      1252.885355821     -2510.919838000
    65 -1258.034547682      1252.886241664     -2510.920789346
    66 -1258.034597766      1252.887265567     -2510.921863332
    67 -1258.034622638      1252.891645749     -2510.926268387
    68 -1258.034647077      1252.893522410     -2510.928169487
    69 -1258.034669548      1252.894326640     -2510.928996188
    70 -1258.034686174      1252.892729978     -2510.927416152
    71 -1258.034703945      1252.889153426     -2510.923857371
    72 -1258.034719050      1252.888051820     -2510.922770871
    73 -1258.034726461      1252.886795188     -2510.921521649
    74 -1258.034736701      1252.887668088     -2510.922404788
    75 -1258.034748427      1252.888795526     -2510.923543952
    76 -1258.034756315      1252.889524492     -2510.924280808
    77 -1258.034767510      1252.889484799     -2510.924252309
    78 -1258.034776005      1252.888153405     -2510.922929410
    79 -1258.034786882      1252.888194345     -2510.922981227
    80 -1258.034797094      1252.888626643     -2510.923423737
    81 -1258.034800076      1252.889776246     -2510.924576322
    82 -1258.034804652      1252.891517880     -2510.926322532
    83 -1258.034809192      1252.892369192     -2510.927178384
    84 -1258.034812656      1252.891689671     -2510.926502327
    85 -1258.034815309      1252.889603525     -2510.924418834
    86 -1258.034817549      1252.890202931     -2510.925020480
    87 -1258.034819380      1252.888930318     -2510.923749698
    88 -1258.034820907      1252.889911352     -2510.924732259
    89 -1258.034823719      1252.890308715     -2510.925132435
    90 -1258.034825514      1252.890203952     -2510.925029466
    91 -1258.034828345      1252.888872600     -2510.923700945
    92 -1258.034830509      1252.887134311     -2510.921964819
    93 -1258.034834442      1252.884920561     -2510.919755003
    94 -1258.034836779      1252.886047089     -2510.920883868
    95 -1258.034839714      1252.887359046     -2510.922198760
    96 -1258.034841498      1252.888640287     -2510.923481785
    97 -1258.034844701      1252.889794671     -2510.924639372
    98 -1258.034847360      1252.889796868     -2510.924644228
    99 -1258.034851793      1252.889778660     -2510.924630453
   100 -1258.034856637      1252.889503094     -2510.924359731
   101 -1258.034859563      1252.890794087     -2510.925653650
   102 -1258.034863804      1252.893457445     -2510.928321248
   103 -1258.034870178      1252.896124484     -2510.930994662
   104 -1258.034875059      1252.897594325     -2510.932469384
   105 -1258.034879483      1252.898274984     -2510.933154467
   106 -1258.034885199      1252.897762424     -2510.932647623
   107 -1258.034890981      1252.896001557     -2510.930892538
   108 -1258.034895733      1252.894714822     -2510.929610555
   109 -1258.034901109      1252.893722322     -2510.928623431
   110 -1258.034905257      1252.892917254     -2510.927822511
   111 -1258.034909085      1252.892843228     -2510.927752313
   112 -1258.034911692      1252.891364308     -2510.926275999
   113 -1258.034916006      1252.888455375     -2510.923371382
   114 -1258.034919994      1252.888088217     -2510.923008211
   115 -1258.034923578      1252.885600603     -2510.920524181
   116 -1258.034925925      1252.886007052     -2510.920932977
   117 -1258.034929796      1252.888847628     -2510.923777424
   118 -1258.034931492      1252.890502801     -2510.925434292
   119 -1258.034934451      1252.890637916     -2510.925572367
   120 -1258.034936784      1252.889648085     -2510.924584869
   121 -1258.034937790      1252.888667356     -2510.923605146
   122 -1258.034938718      1252.887647505     -2510.922586224
   123 -1258.034939376      1252.886971036     -2510.921910411
   124 -1258.034940125      1252.885577331     -2510.920517456
   125 -1258.034941017      1252.887296453     -2510.922237470
   126 -1258.034941382      1252.887811275     -2510.922752657
   127 -1258.034942124      1252.888901435     -2510.923843559
   128 -1258.034942684      1252.889086961     -2510.924029645
   129 -1258.034942846      1252.890799201     -2510.925742046
   130 -1258.034943376      1252.888916790     -2510.923860166
   131 -1258.034944200      1252.887950928     -2510.922895129
   132 -1258.034944951      1252.887267012     -2510.922211963
   133 -1258.034945636      1252.887155984     -2510.922101620
   134 -1258.034946728      1252.888158737     -2510.923105464
   135 -1258.034947316      1252.889084280     -2510.924031596
   136 -1258.034947292      1252.889493655     -2510.924440947
   137 -1258.034947999      1252.889302051     -2510.924250050
   138 -1258.034949580      1252.889729956     -2510.924679536
   139 -1258.034950052      1252.888929982     -2510.923880034
   140 -1258.034950863      1252.887874852     -2510.922825715
   141 -1258.034951149      1252.888541815     -2510.923492963
   142 -1258.034951551      1252.889466837     -2510.924418387
   143 -1258.034951819      1252.888763006     -2510.923714825
   144 -1258.034952114      1252.888585066     -2510.923537180
   145 -1258.034952429      1252.888324312     -2510.923276740
   146 -1258.034952746      1252.888690848     -2510.923643594
   147 -1258.034953223      1252.888769311     -2510.923722535
   148 -1258.034953496      1252.888626762     -2510.923580258
   149 -1258.034953746      1252.888698067     -2510.923651813
   150 -1258.034953907      1252.888963229     -2510.923917136
   151 -1258.034953998      1252.889049760     -2510.924003758
   152 -1258.034954167      1252.889427655     -2510.924381822
   153 -1258.034954269      1252.889754162     -2510.924708431
   154 -1258.034954446      1252.890268354     -2510.925222800
   155 -1258.034954554      1252.890232208     -2510.925186762
   156 -1258.034954737      1252.890177242     -2510.925131979
   157 -1258.034954919      1252.889823663     -2510.924778583
   158 -1258.034954999      1252.889227767     -2510.924182766
   159 -1258.034955468      1252.890226034     -2510.925181502
   160 -1258.034955661      1252.889945077     -2510.924900738
   161 -1258.034955775      1252.890152816     -2510.925108591
   162 -1258.034955900      1252.890243231     -2510.925199131
   163 -1258.034956038      1252.890403154     -2510.925359193
   164 -1258.034956107      1252.890135135     -2510.925091242
   165 -1258.034956066      1252.889445994     -2510.924402060
   166 -1258.034956232      1252.889127998     -2510.924084230
   167 -1258.034956452      1252.888992279     -2510.923948731
$end
