$hessian (projected)
 1  1   0.5210303327  -0.0352100505   0.0530561790  -0.1250656811  -0.0223827012
 1  2   0.0514700557  -0.0276968053  -0.0122767106   0.0219818036  -0.0013937037
 1  3  -0.0000332980  -0.0044105029  -0.0009567972  -0.0006988571  -0.0009494231
 1  4   0.0097812905   0.0045147767  -0.0051802083  -0.0611358991   0.0551287782
 1  5  -0.0113482332  -0.2663255556   0.0106451246  -0.1044170905  -0.0474455596
 1  6   0.0004688559  -0.0007570923  -0.0004665351  -0.0012695546   0.0019707754
 1  7   0.0004971897  -0.0003227738  -0.0003363435  -0.0008222762   0.0014364104
 1  8  -0.0010799199
 2  1  -0.0352100505   0.5660790906   0.0280972847  -0.0111618746  -0.0765423775
 2  2   0.0137276922  -0.0104912788   0.0010003267  -0.0045021434   0.0011769095
 2  3   0.0015021917   0.0009547689   0.0005104018  -0.0018297824   0.0015445001
 2  4  -0.0220414416  -0.0330069411   0.0274628663   0.0587904609  -0.2865195756
 2  5   0.0543334551   0.0087988113  -0.0467783547   0.0035701934  -0.0011760829
 2  6  -0.1281218683  -0.1198831827   0.0107126525   0.0076035644  -0.0102951052
 2  7  -0.0002861713  -0.0001186764  -0.0001931174   0.0003776636  -0.0032675974
 2  8   0.0051827880
 3  1   0.0530561790   0.0280972847   0.5215941629   0.0396809213   0.0171043965
 3  2  -0.1181901339   0.0014938418  -0.0048399373   0.0155389650  -0.0040576882
 3  3  -0.0037705469  -0.0051808957  -0.0012770426   0.0018455995  -0.0013373402
 3  4   0.0044469057   0.0147764745  -0.0036275651  -0.0126992754   0.0561437517
 3  5  -0.0619676689  -0.1019752315   0.0029296411  -0.0937735110  -0.0012615416
 3  6  -0.1220638374  -0.2300738611   0.0233838909   0.0098360736  -0.0211519804
 3  7   0.0002938779  -0.0000384113  -0.0001099988  -0.0010848374  -0.0000204887
 3  8  -0.0017201728
 4  1  -0.1250656811  -0.0111618746   0.0396809213   0.4633376231   0.0052088032
 4  2   0.0086627481  -0.1510598139  -0.0003053560  -0.0242236079  -0.0204382433
 4  3  -0.0176177566  -0.0175687103  -0.0105372168   0.0086181456  -0.0092413662
 4  4  -0.0969449376   0.0527600655  -0.0241168666   0.0056646396   0.0036236430
 4  5  -0.0084148266  -0.0242677374  -0.0138838265   0.0246675337  -0.0029853244
 4  6  -0.0002998942   0.0025160299  -0.0501809435   0.0017388084  -0.0023527924
 4  7   0.0035020604  -0.0008625178  -0.0005673889   0.0089755749  -0.0278182399
 4  8   0.0109583258
 5  1  -0.0223827012  -0.0765423775   0.0171043965   0.0052088032   0.5321372495
 5  2   0.0567505243   0.0136571496  -0.0627045939   0.0013712637  -0.0363386146
 5  3  -0.0201248974  -0.0084340514   0.0318012748  -0.0063814721   0.0136701071
 5  4   0.0065032389  -0.2055095403   0.0193928208  -0.0196558835  -0.0106017630
 5  5   0.0177262315   0.0005389879  -0.0009996697  -0.0001368019   0.0139803646
 5  6   0.0058306139  -0.0127029002  -0.0017316118  -0.1143506334  -0.1137421829
 5  7   0.0031375076  -0.0053590489   0.0022883603   0.0052814844  -0.0353938672
 5  8   0.0067122322
 6  1   0.0514700557   0.0137276922  -0.1181901339   0.0086627481   0.0567505243
 6  2   0.5022189832  -0.0293374820  -0.0051511426  -0.1050035782  -0.0168071840
 6  3  -0.0019893287   0.0198553995  -0.0109359180   0.0045634108   0.0044612367
 6  4  -0.0176694180   0.0427932312  -0.0750947320   0.0015843974  -0.0005824902
 6  5  -0.0031802506  -0.0078410826  -0.0032611039   0.0073510306   0.0209228254
 6  6   0.0117686681  -0.0190708569  -0.0046332732  -0.1114214334  -0.2167409006
 6  7  -0.0005458461   0.0004551601   0.0040552852   0.0051301772  -0.0076531879
 6  8  -0.0006614831
 7  1  -0.0276968053  -0.0104912788   0.0014938418  -0.1510598139   0.0136571496
 7  2  -0.0293374820   0.6634971701   0.1794931591   0.1549437292  -0.3029302432
 7  3  -0.2811305409  -0.0627749916  -0.1496849750   0.0413982339  -0.0376065497
 7  4  -0.0170898712   0.0060411697  -0.0084947096   0.0010637196   0.0010638469
 7  5  -0.0004119751   0.0010189890   0.0001821749   0.0002940672   0.0019832842
 7  6   0.0005557222  -0.0023746381   0.0028016362  -0.0039609221   0.0010882448
 7  7  -0.0255863606   0.0525094249  -0.0167319299   0.0036832702   0.0006818606
 7  8  -0.0000876070
 8  1  -0.0122767106   0.0010003267  -0.0048399373  -0.0003053560  -0.0627045939
 8  2  -0.0051511426   0.1794931591   0.8389008221   0.0126658223  -0.2672046524
 8  3  -0.5108882881  -0.0658262370   0.0671586747  -0.2317060286   0.0423746308
 8  4   0.0280956180  -0.0294866917   0.0168680205  -0.0016709185  -0.0024688187
 8  5   0.0004888029  -0.0008839690  -0.0017538963   0.0027164807   0.0016474969
 8  6   0.0010186521  -0.0006419580  -0.0186823220  -0.0015404434  -0.0101121559
 8  7   0.0088563642   0.0048819188   0.0034290975   0.0157726154  -0.0052529590
 8  8   0.0080285761
 9  1   0.0219818036  -0.0045021434   0.0155389650  -0.0242236079   0.0013712637
 9  2  -0.1050035782   0.1549437292   0.0126658223   0.2931321653  -0.0640690537
 9  3  -0.0708505051  -0.0967818148  -0.0399807629   0.0315789685  -0.0829602241
 9  4  -0.0112275109   0.0073076494  -0.0069936415  -0.0001402562   0.0010104138
 9  5   0.0002090785   0.0048836465   0.0030721880  -0.0049227188   0.0018900146
 9  6  -0.0003063604  -0.0005624678  -0.0293773563  -0.0034997898  -0.0117659792
 9  7  -0.0128668990   0.0208443555  -0.0027007012  -0.0018137470   0.0013081375
 9  8   0.0028109167
10  1  -0.0013937037   0.0011769095  -0.0040576882  -0.0204382433  -0.0363386146
10  2  -0.0168071840  -0.3029302432  -0.2672046524  -0.0640690537   0.2987633811
10  3   0.3202990390   0.0760168056   0.0367685872  -0.0034745739   0.0037299141
10  4  -0.0028608410  -0.0050905987  -0.0013643412  -0.0000576591  -0.0002748875
10  5   0.0001692964  -0.0011279488  -0.0005830446   0.0016731212  -0.0000394610
10  6   0.0003525123   0.0009183542  -0.0065771601   0.0004733994  -0.0020826634
10  7   0.0012168778  -0.0069077703   0.0037225352  -0.0013235859  -0.0024277183
10  8   0.0021509038
11  1  -0.0000332980   0.0015021917  -0.0037705469  -0.0176177566  -0.0201248974
11  2  -0.0019893287  -0.2811305409  -0.5108882881  -0.0708505051   0.3202990390
11  3   0.6214081104   0.0724075575  -0.0158583223  -0.1078536791   0.0060547802
11  4   0.0100167752   0.0092063021   0.0029945234   0.0006148211   0.0008701622
11  5  -0.0002061722  -0.0010851381  -0.0000895997   0.0009953635  -0.0004700080
11  6  -0.0001623330   0.0009452934  -0.0009076388   0.0017502661   0.0008662260
11  7  -0.0075242337   0.0019499291  -0.0037851389  -0.0063036989   0.0024318357
11  8  -0.0036620523
12  1  -0.0044105029   0.0009547689  -0.0051808957  -0.0175687103  -0.0084340514
12  2   0.0198553995  -0.0627749916  -0.0658262370  -0.0967818148   0.0760168056
12  3   0.0724075575   0.0564230109   0.0049150833   0.0113123659   0.0293922978
12  4  -0.0035269694  -0.0037549571   0.0011505487   0.0001184424  -0.0001907597
12  5   0.0001964319  -0.0011465174  -0.0008344250   0.0018265149  -0.0004582822
12  6   0.0000590169   0.0003891925   0.0025557752  -0.0001735639   0.0002333129
12  7   0.0037195578  -0.0035458053  -0.0045078194   0.0025603096  -0.0019739098
12  8  -0.0029961791
13  1  -0.0009567972   0.0005104018  -0.0012770426  -0.0105372168   0.0318012748
13  2  -0.0109359180  -0.1496849750   0.0671586747  -0.0399807629   0.0367685872
13  3  -0.0158583223   0.0049150833   0.5466079349  -0.0105973205   0.2021311999
13  4  -0.0079332541   0.0050317651  -0.0043028907  -0.0012915281   0.0007304891
13  5  -0.0000988846  -0.0005053735   0.0002391761   0.0003593164  -0.0001508326
13  6   0.0002280350   0.0004259218  -0.0011112051   0.0009793248  -0.0005872456
13  7  -0.4106137923  -0.0784385711  -0.1505647689  -0.0005915473  -0.0017849276
13  8  -0.0000840080
14  1  -0.0006988571  -0.0018297824   0.0018455995   0.0086181456  -0.0063814721
14  2   0.0045634108   0.0413982339  -0.2317060286   0.0315789685  -0.0034745739
14  3  -0.1078536791   0.0113123659  -0.0105973205   0.3940623839  -0.0365853121
14  4   0.0037071005   0.0038045145   0.0011196491   0.0006222404   0.0013197482
14  5  -0.0002854244   0.0002885404   0.0007497862  -0.0007765164   0.0000529023
14  6  -0.0002592926  -0.0001872327   0.0012780122   0.0001969546   0.0011548468
14  7  -0.0355747166  -0.0532690131  -0.0110015653  -0.0056197072   0.0011658805
14  8  -0.0027387896
15  1  -0.0009494231   0.0015445001  -0.0013373402  -0.0092413662   0.0136701071
15  2   0.0044612367  -0.0376065497   0.0423746308  -0.0829602241   0.0037299141
15  3   0.0060547802   0.0293922978   0.2021311999  -0.0365853121   0.1229171424
15  4  -0.0040328092   0.0019909925  -0.0005213732  -0.0001836543  -0.0006456432
15  5  -0.0001993597  -0.0005351381  -0.0004541181   0.0008741917  -0.0004828610
15  6   0.0003670988   0.0003209592   0.0015524589   0.0005647536   0.0011752701
15  7  -0.1542577865  -0.0281370759  -0.0746214784  -0.0001239848  -0.0007447136
15  8   0.0004986775
16  1   0.0097812905  -0.0220414416   0.0044469057  -0.0969449376   0.0065032389
16  2  -0.0176694180  -0.0170898712   0.0280956180  -0.0112275109  -0.0028608410
16  3   0.0100167752  -0.0035269694  -0.0079332541   0.0037071005  -0.0040328092
16  4   0.4088024091   0.1507145638   0.1308741411  -0.0026363363  -0.0022623021
16  5   0.0038827311   0.0025941354   0.0005160090  -0.0010434709   0.0008712252
16  6   0.0005908522  -0.0014205239   0.0036539200   0.0016165573   0.0003956330
16  7  -0.0002624916   0.0011705477  -0.0003725175  -0.2979752485  -0.1786275190
16  8  -0.1003061910
17  1   0.0045147767  -0.0330069411   0.0147764745   0.0527600655  -0.2055095403
17  2   0.0427932312   0.0060411697  -0.0294866917   0.0073076494  -0.0050905987
17  3   0.0092063021  -0.0037549571   0.0050317651   0.0038045145   0.0019909925
17  4   0.1507145638   0.4849643517  -0.0091280689  -0.0040347483  -0.0012102445
17  5   0.0042606299   0.0011718609   0.0012189320  -0.0019613928   0.0003985670
17  6   0.0019111709   0.0006991896   0.0119141283  -0.0378205049   0.0069537628
17  7  -0.0000512562  -0.0011362526   0.0002797243  -0.2233702938  -0.1929350963
17  8  -0.0642172354
18  1  -0.0051802083   0.0274628663  -0.0036275651  -0.0241168666   0.0193928208
18  2  -0.0750947320  -0.0084947096   0.0168680205  -0.0069936415  -0.0013643412
18  3   0.0029945234   0.0011505487  -0.0043028907   0.0011196491  -0.0005213732
18  4   0.1308741411  -0.0091280689   0.0974473623   0.0035567888   0.0022661603
18  5  -0.0013394495  -0.0001548352  -0.0008140318   0.0007948417  -0.0025505784
18  6  -0.0010309190   0.0030178881   0.0044234616  -0.0147287919   0.0151783659
18  7  -0.0001556079   0.0007706191   0.0003579840  -0.0925343535  -0.0451728479
18  8  -0.0303702294
19  1  -0.0611358991   0.0587904609  -0.0126992754   0.0056646396  -0.0196558835
19  2   0.0015843974   0.0010637196  -0.0016709185  -0.0001402562  -0.0000576591
19  3   0.0006148211   0.0001184424  -0.0012915281   0.0006222404  -0.0001836543
19  4  -0.0026363363  -0.0040347483   0.0035567888   0.0629566760  -0.0619124133
19  5   0.0126723059  -0.0046334393   0.0281907293  -0.0054229679  -0.0010043258
19  6  -0.0010157931   0.0000575179   0.0008291771   0.0005210056  -0.0002705746
19  7  -0.0001616407   0.0001302528  -0.0000935734   0.0004066160  -0.0005797534
19  8   0.0008208495
20  1   0.0551287782  -0.2865195756   0.0561437517   0.0036236430  -0.0106017630
20  2  -0.0005824902   0.0010638469  -0.0024688187   0.0010104138  -0.0002748875
20  3   0.0008701622  -0.0001907597   0.0007304891   0.0013197482  -0.0006456432
20  4  -0.0022623021  -0.0012102445   0.0022661603  -0.0619124133   0.3113662950
20  5  -0.0628544197   0.0003277357   0.0007427693  -0.0003561027   0.0034287530
20  6  -0.0144925742   0.0042716393  -0.0001937069   0.0005992749   0.0003015944
20  7  -0.0000003422   0.0002356825  -0.0002210206   0.0003404062   0.0001590439
20  8   0.0008568766
21  1  -0.0113482332   0.0543334551  -0.0619676689  -0.0084148266   0.0177262315
21  2  -0.0031802506  -0.0004119751   0.0004888029   0.0002090785   0.0001692964
21  3  -0.0002061722   0.0001964319  -0.0000988846  -0.0002854244  -0.0001993597
21  4   0.0038827311   0.0042606299  -0.0013394495   0.0126723059  -0.0628544197
21  5   0.0626404605  -0.0018686300   0.0124487262  -0.0036551772   0.0061938164
21  6  -0.0256466536   0.0082479163  -0.0005685960  -0.0007108052   0.0002678611
21  7  -0.0000517371  -0.0001559760   0.0001930596  -0.0001552673   0.0006016055
21  8  -0.0014129020
22  1  -0.2663255556   0.0087988113  -0.1019752315  -0.0242677374   0.0005389879
22  2  -0.0078410826   0.0010189890  -0.0008839690   0.0048836465  -0.0011279488
22  3  -0.0010851381  -0.0011465174  -0.0005053735   0.0002885404  -0.0005351381
22  4   0.0025941354   0.0011718609  -0.0001548352  -0.0046334393   0.0003277357
22  5  -0.0018686300   0.2907108082  -0.0092629977   0.1089187729   0.0014176924
22  6  -0.0002386966   0.0003364294   0.0011190408   0.0003111165  -0.0001568013
22  7   0.0001559821  -0.0000730982  -0.0000018485  -0.0001565932   0.0001068469
22  8  -0.0004587641
23  1   0.0106451246  -0.0467783547   0.0029296411  -0.0138838265  -0.0009996697
23  2  -0.0032611039   0.0001821749  -0.0017538963   0.0030721880  -0.0005830446
23  3  -0.0000895997  -0.0008344250   0.0002391761   0.0007497862  -0.0004541181
23  4   0.0005160090   0.0012189320  -0.0008140318   0.0281907293   0.0007427693
23  5   0.0124487262  -0.0092629977   0.0461622917  -0.0053788776  -0.0170088160
23  6   0.0004391615  -0.0070858208   0.0009747919   0.0001345242  -0.0001676366
23  7  -0.0000045465   0.0000701368  -0.0002353128  -0.0000047746   0.0001039186
23  8  -0.0002192287
24  1  -0.1044170905   0.0035701934  -0.0937735110   0.0246675337  -0.0001368019
24  2   0.0073510306   0.0002940672   0.0027164807  -0.0049227188   0.0016731212
24  3   0.0009953635   0.0018265149   0.0003593164  -0.0007765164   0.0008741917
24  4  -0.0010434709  -0.0019613928   0.0007948417  -0.0054229679  -0.0003561027
24  5  -0.0036551772   0.1089187729  -0.0053788776   0.1004567991  -0.0243744544
24  6   0.0019860289  -0.0107357099  -0.0007565340  -0.0005004417   0.0016297853
24  7  -0.0000034838   0.0000190728  -0.0000257872   0.0001051901  -0.0001770064
24  8   0.0001797409
25  1  -0.0474455596  -0.0011760829  -0.0012615416  -0.0029853244   0.0139803646
25  2   0.0209228254   0.0019832842   0.0016474969   0.0018900146  -0.0000394610
25  3  -0.0004700080  -0.0004582822  -0.0001508326   0.0000529023  -0.0004828610
25  4   0.0008712252   0.0003985670  -0.0025505784  -0.0010043258   0.0034287530
25  5   0.0061938164   0.0014176924  -0.0170088160  -0.0243744544   0.0500632096
25  6   0.0013394357  -0.0033211282  -0.0026950489  -0.0021491286   0.0032263718
25  7  -0.0001345576   0.0000274935   0.0000962193   0.0001196985  -0.0000709776
25  8   0.0001195983
26  1   0.0004688559  -0.1281218683  -0.1220638374  -0.0002998942   0.0058306139
26  2   0.0117686681   0.0005557222   0.0010186521  -0.0003063604   0.0003525123
26  3  -0.0001623330   0.0000590169   0.0002280350  -0.0002592926   0.0003670988
26  4   0.0005908522   0.0019111709  -0.0010309190  -0.0010157931  -0.0144925742
26  5  -0.0256466536  -0.0002386966   0.0004391615   0.0019860289   0.0013394357
26  6   0.1337290959   0.1326847306  -0.0018793352  -0.0001491903   0.0022175172
26  7   0.0000948845   0.0000871178  -0.0000683469  -0.0001965788   0.0001694463
26  8   0.0000330568
27  1  -0.0007570923  -0.1198831827  -0.2300738611   0.0025160299  -0.0127029002
27  2  -0.0190708569  -0.0023746381  -0.0006419580  -0.0005624678   0.0009183542
27  3   0.0009452934   0.0003891925   0.0004259218  -0.0001872327   0.0003209592
27  4  -0.0014205239   0.0006991896   0.0030178881   0.0000575179   0.0042716393
27  5   0.0082479163   0.0003364294  -0.0070858208  -0.0107357099  -0.0033211282
27  6   0.1326847306   0.2504234730   0.0034003097   0.0019308579  -0.0014113777
27  7   0.0000574870  -0.0000442776  -0.0001456473   0.0001613325   0.0000136611
27  8  -0.0003995086
28  1  -0.0004665351   0.0107126525   0.0233838909  -0.0501809435  -0.0017316118
28  2  -0.0046332732   0.0028016362  -0.0186823220  -0.0293773563  -0.0065771601
28  3  -0.0009076388   0.0025557752  -0.0011112051   0.0012780122   0.0015524589
28  4   0.0036539200   0.0119141283   0.0044234616   0.0008291771  -0.0001937069
28  5  -0.0005685960   0.0011190408   0.0009747919  -0.0007565340  -0.0026950489
28  6  -0.0018793352   0.0034003097   0.0544584487  -0.0018638630  -0.0011218037
28  7   0.0000637849  -0.0000595250   0.0008230121  -0.0018951152   0.0004384178
28  8   0.0003186546
29  1  -0.0012695546   0.0076035644   0.0098360736   0.0017388084  -0.1143506334
29  2  -0.1114214334  -0.0039609221  -0.0015404434  -0.0034997898   0.0004733994
29  3   0.0017502661  -0.0001735639   0.0009793248   0.0001969546   0.0005647536
29  4   0.0016165573  -0.0378205049  -0.0147287919   0.0005210056   0.0005992749
29  5  -0.0007108052   0.0003111165   0.0001345242  -0.0005004417  -0.0021491286
29  6  -0.0001491903   0.0019308579  -0.0018638630   0.1468051890   0.1208717434
29  7  -0.0006255730   0.0001529433   0.0002113586   0.0042288294  -0.0033819446
29  8  -0.0023799612
30  1   0.0019707754  -0.0102951052  -0.0211519804  -0.0023527924  -0.1137421829
30  2  -0.2167409006   0.0010882448  -0.0101121559  -0.0117659792  -0.0020826634
30  3   0.0008662260   0.0002333129  -0.0005872456   0.0011548468   0.0011752701
30  4   0.0003956330   0.0069537628   0.0151783659  -0.0002705746   0.0003015944
30  5   0.0002678611  -0.0001568013  -0.0001676366   0.0016297853   0.0032263718
30  6   0.0022175172  -0.0014113777  -0.0011218037   0.1208717434   0.2322441744
30  7  -0.0002379144   0.0001749149   0.0002601199   0.0001287704   0.0017764751
30  8   0.0000813485
31  1   0.0004971897  -0.0002861713   0.0002938779   0.0035020604   0.0031375076
31  2  -0.0005458461  -0.0255863606   0.0088563642  -0.0128668990   0.0012168778
31  3  -0.0075242337   0.0037195578  -0.4106137923  -0.0355747166  -0.1542577865
31  4  -0.0002624916  -0.0000512562  -0.0001556079  -0.0001616407  -0.0000003422
31  5  -0.0000517371   0.0001559821  -0.0000045465  -0.0000034838  -0.0001345576
31  6   0.0000948845   0.0000574870   0.0000637849  -0.0006255730  -0.0002379144
31  7   0.4316083189   0.0319629114   0.1642505188  -0.0002853709   0.0000151716
31  8  -0.0002021666
32  1  -0.0003227738  -0.0001186764  -0.0000384113  -0.0008625178  -0.0053590489
32  2   0.0004551601   0.0525094249   0.0048819188   0.0208443555  -0.0069077703
32  3   0.0019499291  -0.0035458053  -0.0784385711  -0.0532690131  -0.0281370759
32  4   0.0011705477  -0.0011362526   0.0007706191   0.0001302528   0.0002356825
32  5  -0.0001559760  -0.0000730982   0.0000701368   0.0000190728   0.0000274935
32  6   0.0000871178  -0.0000442776  -0.0000595250   0.0001529433   0.0001749149
32  7   0.0319629114   0.0523770481   0.0092675595   0.0008636259   0.0001282145
32  8   0.0003898640
33  1  -0.0003363435  -0.0001931174  -0.0001099988  -0.0005673889   0.0022883603
33  2   0.0040552852  -0.0167319299   0.0034290975  -0.0027007012   0.0037225352
33  3  -0.0037851389  -0.0045078194  -0.1505647689  -0.0110015653  -0.0746214784
33  4  -0.0003725175   0.0002797243   0.0003579840  -0.0000935734  -0.0002210206
33  5   0.0001930596  -0.0000018485  -0.0002353128  -0.0000257872   0.0000962193
33  6  -0.0000683469  -0.0001456473   0.0008230121   0.0002113586   0.0002601199
33  7   0.1642505188   0.0092675595   0.0773541853  -0.0002239146   0.0000284018
33  8  -0.0001092016
34  1  -0.0008222762   0.0003776636  -0.0010848374   0.0089755749   0.0052814844
34  2   0.0051301772   0.0036832702   0.0157726154  -0.0018137470  -0.0013235859
34  3  -0.0063036989   0.0025603096  -0.0005915473  -0.0056197072  -0.0001239848
34  4  -0.2979752485  -0.2233702938  -0.0925343535   0.0004066160   0.0003404062
34  5  -0.0001552673  -0.0001565932  -0.0000047746   0.0001051901   0.0001196985
34  6  -0.0001965788   0.0001613325  -0.0018951152   0.0042288294   0.0001287704
34  7  -0.0002853709   0.0008636259  -0.0002239146   0.2898645778   0.2086304284
34  8   0.0878503247
35  1   0.0014364104  -0.0032675974  -0.0000204887  -0.0278182399  -0.0353938672
35  2  -0.0076531879   0.0006818606  -0.0052529590   0.0013081375  -0.0024277183
35  3   0.0024318357  -0.0019739098  -0.0017849276   0.0011658805  -0.0007447136
35  4  -0.1786275190  -0.1929350963  -0.0451728479  -0.0005797534   0.0001590439
35  5   0.0006016055   0.0001068469   0.0001039186  -0.0001770064  -0.0000709776
35  6   0.0001694463   0.0000136611   0.0004384178  -0.0033819446   0.0017764751
35  7   0.0000151716   0.0001282145   0.0000284018   0.2086304284   0.2360731249
35  8   0.0520138734
36  1  -0.0010799199   0.0051827880  -0.0017201728   0.0109583258   0.0067122322
36  2  -0.0006614831  -0.0000876070   0.0080285761   0.0028109167   0.0021509038
36  3  -0.0036620523  -0.0029961791  -0.0000840080  -0.0027387896   0.0004986775
36  4  -0.1003061910  -0.0642172354  -0.0303702294   0.0008208495   0.0008568766
36  5  -0.0014129020  -0.0004587641  -0.0002192287   0.0001797409   0.0001195983
36  6   0.0000330568  -0.0003995086   0.0003186546  -0.0023799612   0.0000813485
36  7  -0.0002021666   0.0003898640  -0.0001092016   0.0878503247   0.0520138734
36  8   0.0340989930
$end
