$energy      SCF               SCFKIN            SCFPOT
     1 -345.7292235664      344.1071323766     -689.8363559430
     2 -345.7297535091      344.3057244929     -690.0354780019
     3 -345.7306860957      344.2534408899     -689.9841269855
     4 -345.7308978356      344.2476565123     -689.9785543479
     5 -345.7310921542      344.2437611912     -689.9748533454
     6 -345.7312014240      344.2403094473     -689.9715108714
     7 -345.7312394306      344.2400131589     -689.9712525895
     8 -345.7312463953      344.2445645241     -689.9758109194
     9 -345.7312524741      344.2497245699     -689.9809770440
    10 -345.7312546422      344.2484491984     -689.9797038406
    11 -345.7312571062      344.2445476705     -689.9758047767
    12 -345.7312587961      344.2414454030     -689.9727041992
    13 -345.7312599723      344.2394230296     -689.9706830019
    14 -345.7312608169      344.2388159639     -689.9700767808
    15 -345.7312614031      344.2393860254     -689.9706474286
    16 -345.7312618548      344.2390414764     -689.9703033311
    17 -345.7312620976      344.2391570649     -689.9704191625
    18 -345.7312621962      344.2392015498     -689.9704637460
$end
