$grad          cartesian gradients
  cycle =      1    SCF energy =     -345.7292235664   |dE/dxyz| =  0.039213
   -3.50475032141919      0.87325567027244     -2.11178028262605      c
   -1.87857863021660      0.18551819310676      0.10416737316775      c
   -2.84788152049927     -0.28838165524852      2.40384501409146      c
    0.88783112787168      0.06780715280382     -0.43654374232367      c
    1.78145048686309      0.49667671733539     -2.52371223190259      o
    2.23122420178527     -0.56399821052518      1.65475757828980      o
    4.89391067234509     -0.70435194925339      1.24517077913391      c
   -2.98906673872231      2.74092869102383     -2.83861241385798      h
   -5.51182465893197      0.93171434793774     -1.60919439169895      h
   -3.28268671478829     -0.51224995032843     -3.63279249444546      h
   -4.86819905869343     -0.18947338988560      2.74570591866688      h
   -1.67300855320144     -0.78667219869434      4.01061866662476      h
    5.63441875154094      1.13318560898859      0.65065160196990      h
    5.79018509654160     -1.22189313273077      3.03377576910483      h
    5.33697585952485     -2.16206967425459     -0.15379347092654      h
  0.49097109383140D-02  -.10716280803827D-02  0.24289315920558D-02
  0.10198135511956D-01  0.11359427677587D-02  -.83314555627756D-02
  -.71377593613702D-02  -.45648474766233D-03  0.44355246838723D-02
  0.32266885723347D-02  -.23011563432721D-02  0.82006736930646D-02
  0.34887760703949D-02  0.59436739318992D-02  -.25486389805243D-01
  -.35598815861367D-02  -.26780748761230D-02  0.12282964677459D-01
  -.11902417171108D-01  0.18217470301888D-02  -.31518884176749D-02
  -.85318581337526D-03  0.34521171372474D-02  0.22763794084522D-02
  -.37621910746584D-02  0.83069092503087D-03  -.20059909507356D-02
  -.15211433846789D-02  -.38851825341576D-02  0.49598598016535D-03
  -.14313407940495D-02  -.34167501696985D-03  0.18869865813792D-02
  0.73677808103806D-03  -.94165789537229D-03  0.36226312448240D-02
  0.11541958529896D-02  0.37664330406910D-02  0.24685115037962D-02
  0.60812743618826D-02  -.65152153127499D-03  0.49902939234683D-03
  0.36922786887703D-03  -.45986234728369D-02  0.41845169460089D-03
  cycle =      2    SCF energy =     -345.7297535091   |dE/dxyz| =  0.053030
   -3.51457071103390      0.87540387013633     -2.11663128433932      c
   -1.89897556538315      0.18324707838306      0.12083562787990      c
   -2.83360669568812     -0.28747606581341      2.39497761609394      c
    0.88137742305263      0.07241580281265     -0.45293923648072      c
    1.77447263584611      0.48480312442742     -2.47273206256423      o
    2.23834389900235     -0.55863993669290      1.63019606117563      o
    4.91771576920744     -0.70798828714635      1.25147937924503      c
   -2.98736379553312      2.73403227758869     -2.84315266394766      h
   -5.50430148400152      0.93005354712983     -1.60517599724565      h
   -3.27964293320570     -0.50446985307007     -3.63378160729106      h
   -4.86533731895477     -0.18880132935685      2.74193526271284      h
   -1.67448258369272     -0.78479929482920      4.00337595470856      h
    5.63210816406871      1.12566271070445      0.64572503047448      h
    5.77802300136892     -1.22058690022966      3.03278129007835      h
    5.33624019494686     -2.15286052349623     -0.15462969723203      h
  -.28640263522978D-04  0.52697703168286D-03  -.20630852458915D-02
  -.17313653306990D-02  -.30856502278833D-02  0.13300041864286D-01
  0.83918016025718D-02  0.19221956997875D-02  -.11008153942656D-01
  0.17505488162020D-01  0.68690077868457D-02  -.34589594409234D-01
  -.12305089585482D-01  -.45283754983132D-02  0.23305580053415D-01
  -.40915919176937D-02  -.20552415453684D-03  0.23416443491399D-02
  0.11546279780776D-02  -.11745566024201D-02  0.43897863766242D-02
  -.84407338031513D-03  0.15378958265035D-02  0.21945615260557D-02
  0.13381659745057D-02  0.29430722251622D-03  -.17066682053888D-02
  -.11785361269388D-02  -.22161537322843D-02  0.12640055268052D-02
  -.49229099344796D-02  -.37588778423518D-04  0.19330135195855D-02
  -.16275111725933D-02  -.33570967094658D-03  0.19931880859811D-02
  -.18518114337759D-02  0.12730141086142D-02  0.24392493770403D-02
  0.23724655340792D-02  0.11228136402210D-02  -.54143846954372D-02
  -.21617688117248D-02  -.19187109656560D-02  0.16431515617836D-02
  cycle =      3    SCF energy =     -345.7306860957   |dE/dxyz| =  0.013051
   -3.51606325146258      0.87536813404482     -2.11592831864949      c
   -1.90090220284747      0.18506474022425      0.11406630392336      c
   -2.83729869768309     -0.28868907621046      2.40134106355205      c
    0.86809188043171      0.06830623080577     -0.43117649904229      c
    1.78203870288196      0.48616001768068     -2.48123866312219      o
    2.24231508819746     -0.55766860456086      1.62476740645194      o
    4.92057457835648     -0.70772045863069      1.24936978037597      c
   -2.98650901921423      2.73189429069340     -2.84538869246166      h
   -5.50408120620734      0.92959229136356     -1.60335672266151      h
   -3.27834464423839     -0.50170921196752     -3.63482169881305      h
   -4.86143889921421     -0.18867593750384      2.73999701445338      h
   -1.67356607386417     -0.78427943294884      4.00085997258546      h
    5.63305256579796      1.12361428864516      0.64325647211364      h
    5.77448417974262     -1.22117265307946      3.03642995151317      h
    5.33764699932333     -2.15008839800822     -0.15591369695072      h
  -.42965686245010D-03  0.19352936202444D-03  -.54934574325155D-03
  0.13618636778441D-02  -.90615010983285D-03  0.32147077281727D-02
  0.45024652299408D-02  0.12849422663097D-03  -.22186327573544D-02
  0.12468434100937D-02  0.10404073490128D-02  -.46799639722068D-02
  0.38347412630257D-04  0.31704490293566D-03  -.11513446534884D-02
  -.15956799895853D-02  0.55874258826893D-03  -.17055774607009D-02
  0.12151140935079D-02  -.10449874285012D-02  0.38514297201805D-02
  -.71140736485518D-03  0.13480786434057D-02  0.20893875616520D-02
  0.17374111183469D-02  0.27908368392882D-03  -.17940781002627D-02
  -.10119499656236D-02  -.20242415367457D-02  0.12531688194212D-02
  -.21733459554260D-02  -.45325424746472D-04  0.94973150987306D-03
  -.23220966358984D-02  0.74645297413500D-04  0.56715027776156D-03
  -.21577484054433D-02  0.55270517278699D-03  0.25784871713969D-02
  0.26803928509328D-02  0.86938449898882D-03  -.44959376027936D-02
  -.23450952207070D-02  -.13039066294614D-02  0.21093566233473D-02
  cycle =      4    SCF energy =     -345.7308978356   |dE/dxyz| =  0.011568
   -3.51605009552376      0.87514917682272     -2.11515930076864      c
   -1.90622144034408      0.18691607257143      0.10843214125605      c
   -2.84629805059075     -0.28887382812560      2.40547023924497      c
    0.86481172296299      0.06645713988738     -0.42243401096350      c
    1.78102046770469      0.48413910010881     -2.47289655294139      o
    2.24673717349945     -0.55843786480597      1.62632164966902      o
    4.92016919140490     -0.70563869887664      1.24101392905246      c
   -2.98467286830495      2.72805205266653     -2.85072439311522      h
   -5.50738058288273      0.92877256302557     -1.59874113202711      h
   -3.27566285735166     -0.49616751629185     -3.63785334516467      h
   -4.85610559990763     -0.18851508605984      2.73740974296519      h
   -1.66826499406564     -0.78428307398021      3.99881859079020      h
    5.63787317238774      1.12158052382704      0.63672632514979      h
    5.76697392329192     -1.22306327427235      3.04682757624144      h
    5.34307083771957     -2.14609106594926     -0.16094778612052      h
  0.15209141017350D-02  -.31040970978355D-03  0.67084375049117D-03
  0.15428222496066D-02  0.10696329305616D-02  -.49448225910041D-02
  -.37716691190669D-02  -.54189119314846D-03  0.35917384760941D-02
  0.79139882034687D-03  0.50049223643663D-03  -.22858209875995D-02
  0.30437662559095D-03  0.25042970962326D-03  -.98251769047834D-03
  0.43015218196191D-03  0.43529175153835D-03  -.19433294753052D-02
  -.11725399755195D-02  0.66929084191403D-03  -.23171928907065D-02
  -.53562431051633D-03  0.82772483207764D-03  0.17913826119005D-02
  0.40099591694397D-03  0.22115865077450D-03  -.10577500370297D-02
  -.74176966692567D-03  -.14418261478614D-02  0.12416737154559D-02
  0.29256079404959D-02  -.17905928579029D-03  -.38743173194359D-03
  -.10895321133740D-02  -.20020359236636D-03  0.12330495033001D-02
  -.20961564983133D-02  -.34712977249712D-03  0.25569728960842D-02
  0.36601402250861D-02  -.40213868756147D-03  0.33836723821544D-03
  -.21289701423858D-02  -.51258902669243D-03  0.25097566390361D-02
  cycle =      5    SCF energy =     -345.7310921542   |dE/dxyz| =  0.011919
   -3.52014513051320      0.87574130965971     -2.11604326724510      c
   -1.91577507304985      0.18643025930668      0.11392363287551      c
   -2.84607953950854     -0.28800782715086      2.40191463590401      c
    0.85739257303930      0.06311361429792     -0.40611238843323      c
    1.78045570021576      0.48147766441701     -2.46237477828854      o
    2.25083449535845     -0.55971515676782      1.63010195772146      o
    4.92397477095365     -0.70533767066580      1.23847907689754      c
   -2.98156040069895      2.72200731476492     -2.86022146156059      h
   -5.51093745497752      0.92737311381111     -1.59163309984463      h
   -3.27116971032293     -0.48701011624417     -3.64365114700759      h
   -4.85698999099847     -0.18792679398070      2.73540947484949      h
   -1.66085230847240     -0.78367478127084      3.99341478264308      h
    5.64707838164697      1.11982886840053      0.62434777353110      h
    5.75071566832670     -1.22393039539063      3.05618570180369      h
    5.35305801900110     -2.14037318263929     -0.17147722057814      h
  0.11306769748417D-02  -.89633879550327D-04  -.11679946265966D-03
  -.26609095875019D-02  -.95964063232742D-05  0.10172473457995D-02
  -.56888345886189D-03  0.75921628596863D-03  -.29076769756251D-02
  -.29235396118761D-02  -.93759515314437D-03  0.50054789095741D-02
  0.32292895889844D-02  0.10189950352880D-02  -.52320877948074D-02
  0.17325826312607D-02  0.51585235144253D-03  -.27473975931824D-02
  -.14435304441733D-02  0.69313537105981D-03  -.23381626371980D-02
  -.22520988900791D-03  0.70055452002740D-04  0.10064163774686D-02
  0.13098367517075D-04  0.19071314512736D-04  -.87394546943592D-04
  -.27652588963645D-03  -.46908069280386D-03  0.88386622026261D-03
  0.24683805696101D-02  -.32373617910640D-04  -.81919490498586D-03
  -.23937070350097D-03  -.42469495960106D-03  0.18277613001997D-02
  -.13601265743695D-02  0.15023630900231D-03  0.13562145337486D-02
  0.26086216715574D-02  -.70960386482622D-03  0.19642523645703D-02
  -.14333268468983D-02  -.51655375979367D-03  0.11977465279023D-02
  cycle =      6    SCF energy =     -345.7312014240   |dE/dxyz| =  0.008105
   -3.52543657361780      0.87622942728096     -2.11589709418434      c
   -1.91573034622598      0.18680023286507      0.11239579080034      c
   -2.84640898809962     -0.28956672774025      2.40846398612013      c
    0.85473575232119      0.06128950413064     -0.39788273266925      c
    1.77590022644913      0.47861126001361     -2.44960642683478      o
    2.25059659162688     -0.56170054926988      1.63837789514479      o
    4.92943961597252     -0.70643684710877      1.24115617600961      c
   -2.97877229954248      2.71748491186461     -2.86934257222094      h
   -5.51367093029617      0.92633142779432     -1.58628815563378      h
   -3.26726182850734     -0.47931728671033     -3.64982919673529      h
   -4.86213658256702     -0.18746140485161      2.73550453141788      h
   -1.65496485489839     -0.78224897962954      3.98523057093683      h
    5.65678170581286      1.11811068499008      0.61242991537820      h
    5.73341223350999     -1.22314958365683      3.05921242141892      h
    5.36351627806229     -2.13497984942431     -0.18166143568027      h
  -.10709529313471D-02  0.75518488514836D-05  0.38972624333555D-03
  0.13583307873999D-03  0.90108130923224D-03  -.37572131597793D-02
  0.88652836507326D-03  -.10619690929685D-02  0.40190866957089D-02
  -.22163599663418D-02  -.42144227585900D-03  0.26348455688349D-02
  0.11134808991936D-02  0.23243412388452D-03  -.12233530865260D-02
  0.65181965555960D-03  0.33653282098539D-03  -.16116871941142D-02
  0.77979267151623D-03  -.52049742926807D-03  0.18509078495917D-02
  0.35381916108091D-03  -.16805371812442D-03  0.22728385022829D-03
  0.25480259838427D-03  -.94155790915458D-04  0.28235858487472D-03
  0.36886908537594D-03  -.19246420445332D-04  0.26102217518825D-03
  0.93261872089197D-03  0.20215479316978D-03  -.12150139382153D-02
  -.13588912737726D-02  0.34247682712333D-03  -.89851545174893D-03
  -.34504831502654D-03  0.12268217300104D-02  -.25181576636753D-03
  0.11569638187799D-03  -.26153621606061D-04  0.64036677441440D-04
  -.54230844115868D-03  -.89858008390759D-03  -.76427717862418D-03
  cycle =      7    SCF energy =     -345.7312394306   |dE/dxyz| =  0.002249
   -3.52416118013292      0.87615851390353     -2.11605821236681      c
   -1.91362097091489      0.18577832764811      0.11584891102240      c
   -2.84891915616678     -0.28855168956395      2.40521567445249      c
    0.85741442267268      0.06126950595573     -0.39894956250578      c
    1.77436129952335      0.47872015683115     -2.44974098515564      o
    2.24890936976934     -0.56270231820146      1.64311495292299      o
    4.92824219486253     -0.70574506687898      1.23882078191315      c
   -2.97910424142037      2.71764012617607     -2.87063121772744      h
   -5.51453190355793      0.92646484998359     -1.58648266999745      h
   -3.26755465655504     -0.47877848431102     -3.65103608130534      h
   -4.86467985812549     -0.18779104740084      2.73784149522766      h
   -1.65220681455469     -0.78256233189729      3.98544271598661      h
    5.65865882790862      1.11605783345021      0.61163996622338      h
    5.73141874433889     -1.22285575518163      3.05875475364933      h
    5.36577392235276     -2.13310639996545     -0.18151684907151      h
  -.69076727973089D-03  0.88587271561011D-04  -.96828391488626D-04
  0.45690649547855D-03  -.77944879898650D-04  0.15340236767203D-03
  -.58519851475598D-04  0.11892299470691D-03  -.47630060133924D-03
  -.24045664965565D-03  0.52041447779941D-04  -.52473530060521D-04
  0.31265796102464D-04  0.12068851552449D-03  -.35793310705368D-03
  -.37204121728387D-03  -.10256333135106D-03  0.56849904217078D-03
  0.59504717179575D-03  0.54365762879038D-06  -.19468154628916D-03
  0.28151498689481D-03  -.11721013736839D-03  0.86046303838426D-04
  -.42455253693593D-03  -.62252137659580D-04  0.40399918869949D-03
  0.29446413827592D-03  0.14921687322478D-04  0.11618432174073D-03
  0.59436179988802D-03  0.13909657777679D-03  -.83295810642176D-03
  0.63863807157317D-04  -.14553332738317D-03  0.57617865903777D-03
  -.20016141045027D-03  0.55250161934600D-03  -.10320896741795D-03
  0.16351146538278D-04  -.13659052665679D-03  0.55154762340514D-03
  -.29032652031687D-03  -.40593638119537D-03  -.33326843570025D-03
  cycle =      8    SCF energy =     -345.7312463953   |dE/dxyz| =  0.001638
   -3.52256746309406      0.87598089760015     -2.11590681160822      c
   -1.91433671027269      0.18576541605224      0.11617895298187      c
   -2.84908673793012     -0.28861423116027      2.40552626094815      c
    0.85815960618527      0.06114971526168     -0.39885932516629      c
    1.77421258100768      0.47853901591321     -2.44919884119995      o
    2.24947333840050     -0.56259795109376      1.64247892161174      o
    4.92690174789907     -0.70563162464379      1.23884871625664      c
   -2.97973339465225      2.71791700064476     -2.87092270697856      h
   -5.51375406911183      0.92661212053590     -1.58734221681032      h
   -3.26820217449050     -0.47874997595559     -3.65139645158860      h
   -4.86617477392111     -0.18813185477267      2.73983763975780      h
   -1.65196579612958     -0.78233762813183      3.98437862070121      h
    5.65925057209910      1.11465044650282      0.61181822977102      h
    5.73121586536960     -1.22254139263706      3.05757344185526      h
    5.36660740864101     -2.13201373356801     -0.18075075726371      h
  -.54092434282893D-05  -.18945713942536D-04  0.72623830786787D-04
  -.13823629893386D-03  -.28738974337278D-04  0.17933571038789D-03
  0.66262168769837D-03  0.36355878001323D-04  -.40689937607888D-03
  0.48621632640403D-03  0.62541111144850D-04  -.37061951470578D-03
  -.21989699656963D-03  0.16036879969705D-04  0.16635057980517D-03
  -.65352050285988D-04  -.54156248964668D-04  0.26133120498301D-03
  0.87939767424022D-04  0.33278816270299D-04  -.17001174213847D-03
  0.14916457105568D-03  -.96376769654835D-04  0.63102288932602D-04
  -.55766778688957D-03  -.46081085082295D-04  0.38829429798086D-03
  0.16137626218883D-03  0.32351274509589D-04  0.94304586970910D-04
  0.49703223081676D-04  0.15561973984254D-03  -.69920030785801D-03
  -.10948454973338D-03  -.64517692340801D-04  0.30866084621868D-03
  -.19473987287789D-03  0.25047883942130D-03  -.33822424387749D-04
  -.12635449717316D-04  -.68024943293030D-04  0.28453946555528D-03
  -.23739612495354D-03  -.17005136871017D-03  -.13011913551997D-03
  cycle =      9    SCF energy =     -345.7312524741   |dE/dxyz| =  0.001331
   -3.52133258535270      0.87595863812786     -2.11617793602719      c
   -1.91472151481127      0.18559485206507      0.11701926813742      c
   -2.85142775478651     -0.28854967114654      2.40612088307377      c
    0.85764847996456      0.06096657352211     -0.39819228753038      c
    1.77425749760968      0.47809529463245     -2.44802375975330      o
    2.25002373058238     -0.56246909468791      1.64173377647557      o
    4.92571342744277     -0.70557865663924      1.23916054808167      c
   -2.98066709073549      2.71827966457052     -2.87179069849700      h
   -5.51142285526549      0.92684814744155     -1.58910028171136      h
   -3.26912981858567     -0.47844751646647     -3.65230547823533      h
   -4.86791533232781     -0.18895864104635      2.74398152673537      h
   -1.65082920395872     -0.78199341202936      3.98241300569171      h
    5.66084996768938      1.11242109012322      0.61159775214651      h
    5.73033173133289     -1.22202853118182      3.05585753193901      h
    5.36862132120214     -2.13014251673728     -0.18003017725842      h
  -.95371846967784D-04  -.53815693065645D-04  0.25448466213887D-03
  0.20972381525175D-03  -.76960404589599D-04  0.25436207830649D-03
  0.92594597107393D-04  0.51054109217227D-04  -.25919559090769D-03
  0.38473611650262D-03  0.87368640001084D-04  -.43894892304506D-03
  -.14572985569933D-03  -.70964441376942D-04  0.49543623219711D-03
  0.31665488260352D-03  0.20569465938577D-04  -.18474855915956D-03
  -.23856691563769D-03  -.34963781500919D-04  0.23654671246545D-03
  -.17481415746090D-05  -.76877634759526D-04  0.20591854197125D-04
  -.57536420900110D-04  -.42206872543922D-04  0.18779747770783D-03
  0.11919262643629D-04  0.58972359633366D-04  0.52632290407272D-04
  0.34222583495950D-04  0.11768068365314D-03  -.53908451293209D-03
  0.38698360138728D-05  -.39850692637490D-04  0.16674664983690D-03
  -.14814975775583D-03  -.16232094092514D-03  -.26654213845477D-05
  -.18815740525101D-03  0.95616270746986D-04  -.31870380950294D-03
  -.12210547270897D-03  0.16687908327015D-03  0.82031373924513D-04
  cycle =     10    SCF energy =     -345.7312546422   |dE/dxyz| =  0.000956
   -3.52053605321191      0.87605598189935     -2.11680160108756      c
   -1.91553620552480      0.18563878549641      0.11712142488451      c
   -2.85228655262476     -0.28860850527138      2.40668172817418      c
    0.85716328613717      0.06081079953626     -0.39757074666826      c
    1.77418915284931      0.47792496708427     -2.44778441210106      o
    2.24960296473051     -0.56250885022623      1.64203649802482      o
    4.92568697846469     -0.70546253850398      1.23876188339294      c
   -2.98100913932369      2.71851690274879     -2.87232315416259      h
   -5.51052569654752      0.92701352331758     -1.59005661256012      h
   -3.26947266437176     -0.47830233610567     -3.65287972533107      h
   -4.86892205085122     -0.18952166471392      2.74674904275176      h
   -1.65026945913474     -0.78177061925115      3.98118635941519      h
    5.66196069459281      1.11181201778535      0.61133124867063      h
    5.73008669466162     -1.22199984805317      3.05587089327013      h
    5.36986805015444     -2.12960239519471     -0.18005915340545      h
  0.14547265017752D-03  -.59816376813172D-04  0.19174490293532D-03
  0.15176509628818D-03  -.30970529703023D-04  0.87121143431970D-04
  0.19124179293935D-03  -.44780753444995D-04  0.97412847693868D-04
  0.27526243881117D-03  0.81109480180586D-05  -.70811638720303D-04
  0.42167805720361D-04  -.56295219134916D-05  0.15379953991493D-03
  0.12094544694050D-03  0.24989968737114D-04  -.13089718910637D-03
  -.25432417920748D-03  0.34711789071537D-04  -.42397344591411D-04
  -.93463331085526D-04  -.11299679350838D-03  0.32944226947012D-04
  0.36190094610072D-04  -.45270262329653D-04  0.16566581809596D-03
  -.72419520220248D-04  0.10014850215198D-03  0.83958874175796D-04
  -.13773720310897D-03  0.10729234978556D-03  -.43359603463326D-03
  -.86896569313835D-04  0.19988373440936D-04  -.44890039638663D-04
  -.75105803884645D-04  -.28979030153701D-03  0.34958195118361D-05
  -.15792929598996D-03  0.71144995439278D-04  -.22847114507504D-03
  -.28473337098947D-04  0.26294644213716D-03  0.14203497390396D-03
  cycle =     11    SCF energy =     -345.7312571062   |dE/dxyz| =  0.000801
   -3.52006414865444      0.87629797555197     -2.11785584133059      c
   -1.91691683505831      0.18579573668076      0.11694206206383      c
   -2.85364620544179     -0.28854259395597      2.40692098503989      c
    0.85614117229139      0.06069894953792     -0.39707486582617      c
    1.77382250891032      0.47770824325495     -2.44758182761441      o
    2.24915850760969     -0.56257419626748      1.64243742243592      o
    4.92619014285930     -0.70548774888435      1.23878995990679      c
   -2.98109374774814      2.71917562733314     -2.87293987406213      h
   -5.50971204310514      0.92733545497052     -1.59158674463582      h
   -3.26962327899646     -0.47849164610527     -3.65373632695823      h
   -4.86957537875647     -0.19043911679815      2.75090677384121      h
   -1.64945747411497     -0.78161667939912      3.98007068288544      h
    5.66325687718977      1.11201433794629      0.61112366535286      h
    5.73033850527047     -1.22210459147772      3.05627649573593      h
    5.37118139774494     -2.12977353183969     -0.18042889356647      h
  0.23960764607665D-03  -.72398184271988D-04  0.20484889590133D-03
  0.80207684841148D-04  0.19087934421666D-04  -.93005491300091D-04
  -.84320161515297D-04  -.31510152700850D-04  0.14691911428810D-03
  -.34574117051316D-04  -.26567672705292D-04  0.18848106049184D-03
  0.26014585751755D-03  0.56425440359220D-04  -.18401045518068D-03
  -.62877946853612D-04  0.13040029649816D-04  -.15521198996837D-04
  -.17835240265471D-03  0.91536844559759D-05  0.26021604769312D-04
  -.14407681307775D-03  -.59660689005337D-04  0.40442005233480D-04
  0.21901290991212D-03  -.54416730155122D-04  0.13567947031176D-03
  -.13105881520618D-03  0.59506400182707D-04  0.69841107225813D-04
  -.99045954601501D-04  0.66399428668586D-04  -.28180786516573D-03
  -.36606438393587D-04  0.81860962677406D-05  -.15704735425018D-04
  0.60034293625076D-04  -.14627940398614D-03  -.73226220395670D-04
  -.11395928045370D-03  0.47382740434495D-04  -.14490393433777D-03
  0.83431873965607D-04  0.15146911534654D-03  0.30557066004189D-05
  cycle =     12    SCF energy =     -345.7312587961   |dE/dxyz| =  0.000710
   -3.52036825513796      0.87669041319517     -2.11921281030484      c
   -1.91804849811335      0.18592156327461      0.11678431560656      c
   -2.85425078128945     -0.28851245899165      2.40702429784768      c
    0.85532673649107      0.06063158849998     -0.39687719960072      c
    1.77303140215434      0.47751608500445     -2.44739739278139      o
    2.24907272602129     -0.56259822323366      1.64253283481127      o
    4.92705898380390     -0.70549260892584      1.23864655914286      c
   -2.98075708854350      2.71986208964282     -2.87336083553908      h
   -5.50974546674384      0.92774297815100     -1.59314755785608      h
   -3.26937256051898     -0.47885928798545     -3.65445565367504      h
   -4.86967949654339     -0.19130482716920      2.75467215903827      h
   -1.64894747664073     -0.78151424617437      3.97925899571503      h
    5.66385334339109      1.11257839273461      0.61137438468595      h
    5.73109666143785     -1.22232145626868      3.05695515639286      h
    5.37172977023181     -2.13034378120599     -0.18053358021531      h
  0.88983129793600D-04  -.11664266585124D-04  0.21243660287718D-04
  0.78628753922116D-04  0.84596237052148D-05  -.52111781464359D-04
  -.84148779867760D-04  -.17720984700501D-04  0.92907961777661D-04
  -.17361591895576D-03  -.63281198347392D-05  0.15955530067521D-03
  0.28297048710710D-03  0.50054010887063D-04  -.16993859303971D-03
  -.18100087424008D-03  0.11832077462963D-04  0.29317123539374D-04
  -.17819478026093D-04  0.35998233368553D-04  -.12629120283833D-03
  -.13027720144180D-03  0.20844657021638D-05  0.67689059784964D-04
  0.33299926703928D-03  -.64576624874968D-04  0.13437193573703D-03
  -.12821008688001D-03  -.10491394826208D-04  0.64689982864304D-04
  -.10525530094620D-03  0.29016330973936D-04  -.12756847166919D-03
  -.88515633633122D-04  0.15920091282569D-04  -.28996140206586D-04
  0.93086569294389D-04  -.28137310706028D-04  -.81441787611684D-04
  -.63500678142286D-05  -.18648975752388D-04  0.86414182918937D-04
  0.96970357900277D-04  0.43843308068635D-04  -.62852198743392D-04
  cycle =     13    SCF energy =     -345.7312599723   |dE/dxyz| =  0.000516
   -3.52075510038898      0.87699365721899     -2.12019072598681      c
   -1.91897389946686      0.18603544549036      0.11660035900253      c
   -2.85449826563694     -0.28849135840621      2.40702332071249      c
    0.85500958530252      0.06053516395382     -0.39676770264153      c
    1.77193164577521      0.47738934504100     -2.44738436883552      o
    2.24942158002699     -0.56263962731706      1.64254850790696      o
    4.92775329005039     -0.70557470670824      1.23885686914630      c
   -2.98016841791470      2.72035538986918     -2.87376431350992      h
   -5.51070483762349      0.92821910549779     -1.59464288920195      h
   -3.26884510015078     -0.47910268184778     -3.65508323085572      h
   -4.86935384840063     -0.19200721855208      2.75762315957434      h
   -1.64837200743469     -0.78150646686847      3.97880555730340      h
    5.66397266318202      1.11313207619805      0.61184568791805      h
    5.73178233253420     -1.22242747953875      3.05720329446560      h
    5.37180038014588     -2.13091442348281     -0.18040985173018      h
  0.10384150171924D-03  0.11486184780973D-04  -.82991175288875D-04
  -.22098402495896D-04  0.16238363715414D-04  -.45706845343774D-04
  -.12277765629193D-03  0.21554586443307D-04  -.52578605984011D-04
  -.66070641469185D-04  0.16948497972180D-04  0.22434337807631D-04
  0.15583871047595D-03  0.28242153882641D-04  -.35032535778412D-04
  -.10692079275473D-03  0.25706176620954D-05  0.39861879556527D-04
  0.96825288247740D-04  -.58774158941954D-05  -.12104916476796D-04
  -.85869924795198D-04  0.83111368790967D-04  0.65388040128456D-04
  0.18770502254346D-03  -.61638955792949D-04  0.17599075598166D-03
  -.97757635555011D-04  -.86784557937272D-04  0.25118395606981D-04
  -.48159342649845D-04  -.29245249824270D-05  -.18343881124448D-04
  -.10366953441973D-03  0.39961440189348D-05  0.24507016526848D-04
  0.85162554662729D-04  0.90055217669131D-04  -.81827162838358D-04
  0.14187074587925D-04  -.22728300640821D-04  0.97171279867345D-04
  0.68735047911607D-04  -.54760988447877D-04  -.11480333587570D-03
  cycle =     14    SCF energy =     -345.7312608169   |dE/dxyz| =  0.000427
   -3.52141995378197      0.87717044280319     -2.12054040015212      c
   -1.91943577137704      0.18605318659693      0.11663406281694      c
   -2.85428872639025     -0.28855966761219      2.40720819612765      c
    0.85486611401878      0.06041218579148     -0.39663795381647      c
    1.77079809522325      0.47727673645464     -2.44745226329601      o
    2.24991313870712     -0.56267477244849      1.64249257492444      o
    4.92793762714594     -0.70557152370220      1.23895281648241      c
   -2.97948636506408      2.72039376664775     -2.87422284175267      h
   -5.51189156274110      0.92874149028292     -1.59623755031433      h
   -3.26814975227793     -0.47893548396737     -3.65556299745878      h
   -4.86891998443027     -0.19247962399226      2.75960999047631      h
   -1.64759186790842     -0.78154393346915      3.97845429072322      h
    5.66378747685242      1.11325362976059      0.61242952840467      h
    5.73223788172052     -1.22243279693335      3.05711559401661      h
    5.37164365030316     -2.13110741566472     -0.17997937391384      h
  -.61012609928357D-04  0.18021225736020D-04  -.45851111023010D-04
  -.45575977851882D-05  0.11006702539874D-04  -.28277321800912D-04
  -.43110493651105D-04  0.33956017040232D-04  -.13251740088601D-03
  0.74202967351999D-04  0.21996659662816D-04  -.50509530366810D-04
  0.11181699149376D-05  0.10192670719500D-04  0.86028530351223D-04
  0.88319902942738D-04  -.10203599629499D-04  0.21276008794119D-04
  0.94600188499272D-04  0.99511245035822D-07  -.20769735873366D-04
  -.23268462013094D-04  0.14215719906707D-03  0.22393898328112D-04
  0.96918276641565D-04  -.48680616795922D-04  0.15622137705568D-03
  -.43844837342447D-04  -.12934726034281D-03  -.42756253712799D-04
  -.64389896860334D-04  -.17309633297984D-04  0.47588034846752D-04
  -.13645476772936D-03  0.98582825495235D-05  0.11255332185539D-04
  0.34236378860276D-04  0.60484317548584D-04  -.30932198079679D-04
  0.24292864231185D-04  -.17348818529396D-04  0.70133281512064D-04
  0.22254794811407D-04  -.45460564149988D-04  -.56150573185292D-04
  cycle =     15    SCF energy =     -345.7312614031   |dE/dxyz| =  0.000409
   -3.52173129802978      0.87725537585116     -2.12065067916820      c
   -1.91974075260623      0.18600553809416      0.11686697288675      c
   -2.85396410141821     -0.28870244193825      2.40764930760743      c
    0.85461015330336      0.06030464422669     -0.39655586294283      c
    1.76992539889422      0.47715682134802     -2.44759592782488      o
    2.24998243279571     -0.56266508924522      1.64241063665490      o
    4.92781213940330     -0.70555869333484      1.23909867758966      c
   -2.97890639929923      2.71995478474308     -2.87460838866197      h
   -5.51307390412020      0.92926110003791     -1.59781584267200      h
   -3.26748104089596     -0.47836353376348     -3.65575965110504      h
   -4.86836440094846     -0.19276462745396      2.76080008850693      h
   -1.64655169242979     -0.78163278755142      3.97821648562650      h
    5.66355084698182      1.11319623372945      0.61291559445607      h
    5.73246101824299     -1.22237045451381      3.05683766858705      h
    5.37147160012657     -2.13108064968175     -0.17954540627235      h
  0.12143843419275D-05  0.29708877937490D-04  -.11816487224252D-03
  0.42219405362587D-04  -.50405563944977D-06  0.61796040038975D-05
  -.30278296930780D-04  0.19494186504585D-04  -.79800711163452D-04
  0.11536166952875D-03  0.12812444486414D-04  -.39923766272265D-04
  -.53302981870562D-04  0.13729094199055D-04  0.10158102954499D-03
  0.17069204187498D-03  -.10096174766258D-04  -.10801524042314D-04
  0.10765548387916D-03  -.13940667458801D-04  0.19741980978483D-04
  -.16505946952801D-04  0.77625369105123D-04  0.31531365290091D-05
  -.89583651209996D-04  -.30159442301326D-04  0.14957259363370D-03
  -.25162290611157D-04  -.65316521730297D-04  -.30303478749681D-04
  -.25008964546949D-04  -.18707457913977D-04  0.38486506232853D-04
  -.15337273458711D-03  0.22132136195308D-04  -.32355066382272D-04
  0.78115892754305D-07  0.19613977277275D-05  0.14863625935067D-04
  0.19558112605511D-04  0.76589334191898D-05  -.30249396936253D-04
  -.39111676699635D-05  -.70069300750694D-05  0.15134914488034D-04
  cycle =     16    SCF energy =     -345.7312618548   |dE/dxyz| =  0.000344
   -3.52207372945451      0.87727099980393     -2.12041182282824      c
   -1.92034321454951      0.18596255882859      0.11713821668152      c
   -2.85356439221109     -0.28890444838131      2.40829547505429      c
    0.85409011033955      0.06017965726031     -0.39647247501896      c
    1.76899028609158      0.47694330123049     -2.44778950671398      o
    2.24959881628566     -0.56263276074556      1.64240108887219      o
    4.92735457134928     -0.70549287412137      1.23923967113067      c
   -2.97820399755010      2.71933499198018     -2.87511100936934      h
   -5.51401851230333      0.92993421436183     -1.60005873766330      h
   -3.26665534032362     -0.47754900998459     -3.65599893402515      h
   -4.86777975027490     -0.19309863739421      2.76228345160005      h
   -1.64484079140801     -0.78180620467480      3.97797595024187      h
    5.66342304048327      1.11314614124049      0.61333780803893      h
    5.73258055190553     -1.22230986709082      3.05663061628805      h
    5.37144235162031     -2.13098184176547     -0.17919611902081      h
  -.51754494280132D-04  -.31883940771749D-05  0.36218133945248D-04
  0.12639288063550D-04  0.11112764082971D-04  -.29963236091918D-04
  -.30626957938928D-04  0.13874706346839D-04  -.55845697943396D-04
  0.14926029511990D-03  -.10997913953259D-04  0.51065110980325D-04
  -.73993540347206D-04  0.27572379511343D-04  0.34844647053632D-04
  0.14892184861404D-03  -.42827123441502D-05  -.24078505356601D-04
  0.55075694104512D-04  -.12822415903835D-04  0.35370530429901D-04
  -.64550427996760D-05  0.26058339264685D-04  -.50502052449540D-04
  -.10986228773339D-03  -.66539663258341D-05  0.61015233481568D-04
  -.39101170103287D-05  0.31620327851575D-05  -.54278022645987D-04
  -.11946410827824D-04  -.15139160708274D-04  0.21386650876885D-04
  -.10112813260238D-03  0.15423566967959D-04  -.26361654276098D-04
  0.14739041589997D-04  -.27600109938613D-04  0.38954325903808D-04
  0.54012145871564D-04  0.16521730606650D-04  -.80607985663908D-04
  0.15174134174255D-04  0.63482727505268D-05  0.49764755422128D-04
  cycle =     17    SCF energy =     -345.7312620976   |dE/dxyz| =  0.000234
   -3.52201549837066      0.87727003531187     -2.12032171443026      c
   -1.92061241935580      0.18590709144806      0.11736657398377      c
   -2.85321875482711     -0.28905996615121      2.40878232993139      c
    0.85349506132844      0.06018192246741     -0.39665900703773      c
    1.76880475488638      0.47677473501949     -2.44789488050427      o
    2.24903547008059     -0.56258840197559      1.64241359490498      o
    4.92690398114309     -0.70540990302244      1.23923043145167      c
   -2.97788646148274      2.71894802811932     -2.87515441372469      h
   -5.51409860602320      0.93024531677182     -1.60119711060737      h
   -3.26627507974091     -0.47714329624202     -3.65590824163016      h
   -4.86748185606667     -0.19318118711832      2.76272597454278      h
   -1.64375754845985     -0.78194653768691      3.97795882563260      h
    5.66329725026970      1.11316610776989      0.61340523860255      h
    5.73243149089711     -1.22229729343404      3.05669267103916      h
    5.37137821572174     -2.13087043072964     -0.17917659888675      h
  -.31132924930066D-04  0.30112447585440D-06  0.16250383310989D-04
  0.35959732309271D-04  0.92622156594446D-06  0.29133626421179D-05
  -.31491658319671D-05  -.19640962760081D-05  -.17902738701572D-05
  -.16932291454053D-04  0.85779197647393D-05  0.25747737491977D-04
  -.20634603589975D-05  0.33204841578649D-04  -.56489624173928D-05
  0.83774140687887D-04  -.10193753328239D-04  0.19795817876145D-04
  0.21837465684821D-04  0.64781468453040D-05  -.18400736741725D-04
  -.36609784723880D-04  -.56767110258392D-04  -.44001057980254D-04
  -.62199344042536D-04  0.13509478264777D-05  0.10689780510709D-04
  -.19514790917847D-04  0.77210265453575D-04  -.94323862944307D-05
  -.33823099775565D-04  -.42127769646939D-05  -.15277501346641D-04
  -.61612406963552D-04  0.11023749672386D-04  -.22764765225265D-04
  0.42799066496062D-04  -.27529736497219D-04  0.36454490983732D-04
  0.99992227661320D-04  0.41508498461974D-06  -.32334934381796D-04
  0.43314605548274D-04  0.63643270897806D-06  0.44572341778112D-04
$end
