$hessapprox
  0.526839973602D+00 -0.547690217524D-02  0.424084832123D+00 -0.197203317691D-01
 -0.880021069744D-02  0.464664466595D+00 -0.100967794382D+00  0.114360476280D-01
 -0.205768566426D-01  0.552308572979D+00  0.962958556855D-02 -0.510679149096D-01
  0.209781822085D-01  0.163933990463D-01  0.475989596306D+00 -0.173158547105D-01
  0.202133480209D-01 -0.122681884316D+00 -0.104122887209D+00 -0.776648831993D-01
  0.816934326337D+00  0.265656887332D-01  0.851311146971D-02 -0.564513837329D-01
 -0.159831743888D+00 -0.173007686447D-01  0.115681222814D+00  0.696896058808D+00
 -0.109705436186D-01 -0.258490415265D-01  0.557560803330D-02 -0.228972160493D-01
 -0.664049751491D-01  0.803516414818D-01 -0.306471760580D-02  0.431816126914D+00
  0.256213037410D-01 -0.304184715942D-02 -0.270414260744D-01  0.134846712248D+00
  0.797778070538D-01 -0.419662974807D+00 -0.934554305943D-01 -0.100851780686D+00
  0.855772777947D+00  0.883049030257D-02 -0.542611966188D-02  0.113587768358D-01
 -0.153530172892D+00  0.861177996242D-02  0.283341057353D-02  0.192751211284D-01
 -0.338317277721D-02 -0.925726072319D-03  0.640544788334D+00 -0.736392901368D-02
 -0.318487388710D-01 -0.762859060055D-02 -0.356437774969D-02 -0.327066524717D-01
  0.167083839257D-01 -0.566877390485D-02 -0.151963646638D-01 -0.590637843366D-02
  0.380567496359D-01  0.483244197413D+00  0.109204774611D-01 -0.887441804751D-02
 -0.127996596500D-02  0.491467817779D-01  0.109777213743D-01 -0.930699229359D-01
  0.214701527238D-01 -0.122706272072D-01  0.246557591287D-01 -0.243594934587D+00
 -0.101541967117D+00  0.967574644307D+00 -0.798158906321D-01  0.351210885958D-02
 -0.126208692201D-02 -0.182566536238D-01 -0.479262934377D-02  0.187989254975D-01
 -0.220586165405D-01  0.921856434889D-03  0.130375478693D-01 -0.172776657890D+00
 -0.464152394749D-01  0.228430214061D+00  0.515056721508D+00  0.169746364368D-02
 -0.494152193376D-01 -0.666607033367D-02 -0.217160730518D-02 -0.226631652746D-01
  0.104006548425D-02  0.120304412697D-02  0.179105868276D-01  0.217777686535D-01
 -0.694706016694D-01 -0.687584674843D-01  0.103608062134D+00  0.406821578503D-01
  0.426737614241D+00  0.777111341798D-02 -0.693815727311D-02 -0.235093099768D-01
 -0.153077490911D-01 -0.776564346022D-03 -0.168426629171D-01  0.372620588283D-01
  0.838905572478D-02 -0.258069141894D-01  0.268002709623D+00  0.991121104426D-01
 -0.564107567119D+00 -0.217231763598D+00 -0.948297118818D-01  0.857068785190D+00
  0.490110607336D-02 -0.318267542484D-02  0.148918807859D-01 -0.441826008433D-01
  0.218112996839D-02 -0.966536235607D-02 -0.292531426366D-01 -0.605445727544D-02
  0.198500642794D-01 -0.582989666376D-01 -0.184624004879D-02 -0.553348476571D-02
 -0.512471109024D-02 -0.873195833705D-02 -0.223108134443D-01  0.424031609880D+00
 -0.167545520304D-03 -0.545183728968D-02  0.420407219941D-02  0.226564534651D-02
 -0.250647332156D-01 -0.340366143999D-02  0.211845131888D-02 -0.378507199921D-01
 -0.259781366328D-02  0.948366275466D-02 -0.358980366910D-01  0.118657563043D-01
 -0.310453293192D-02 -0.214156853565D-01  0.342782720806D-02  0.442007445772D-02
  0.446567152273D+00 -0.291596803200D-02  0.568360101931D-02 -0.265264501185D-01
 -0.395302412655D-02 -0.371482117061D-02 -0.901759897300D-02 -0.119994709382D-01
  0.363618853240D-03 -0.352577565396D-01 -0.279747865779D-01  0.139969523937D-01
 -0.787072948817D-01  0.542694919188D-02  0.192243408747D-02 -0.277812108731D-01
 -0.921069495256D-02  0.469621144913D-02  0.431534114770D+00 -0.169275188049D-01
 -0.689146435772D-04  0.136243013860D-01  0.177543242322D-01 -0.107701366551D-01
  0.279345671235D-01 -0.239592862425D-01 -0.587952278499D-02  0.279522404338D-01
 -0.434002014387D-01  0.482954673934D-02 -0.339927788639D-01 -0.145434067474D-01
 -0.379125459518D-02 -0.279783190389D-01 -0.998881141588D-01 -0.883693960360D-03
  0.185996375982D-01  0.420540341658D+00  0.142378947416D-01  0.548034565548D-02
 -0.353507860649D-03 -0.177560174991D-02 -0.130070181726D-01 -0.227521626957D-02
 -0.161078535187D-01 -0.667642935846D-02 -0.583974829428D-02  0.598065085567D-02
 -0.414322091661D-01  0.441738632647D-02  0.452249581978D-02 -0.424273760843D-01
 -0.611514733997D-02 -0.578684369628D-03 -0.605003628058D-01  0.597979214048D-02
 -0.106112768881D-01  0.428678245389D+00 -0.566550135445D-01  0.608982535711D-02
  0.384610408322D-02  0.400692209999D-02 -0.905059153916D-04 -0.161534679909D-01
  0.663590913395D-01 -0.764718075524D-02 -0.287036094967D-02 -0.199558663349D-01
  0.250110546194D-02 -0.454397452839D-01 -0.255859668022D-01 -0.812134096889D-02
 -0.772315269188D-02  0.251852416988D-01  0.511042608136D-02 -0.886529342889D-01
  0.466830647863D-01 -0.519480832472D-01  0.606307219595D+00 -0.347136176640D-01
 -0.206725889327D-01  0.224142112705D-01 -0.204200795218D-01 -0.910708322305D-02
  0.266359148639D-02 -0.518956691353D-01 -0.925144390295D-02 -0.370412156194D-02
 -0.605782342148D-02  0.767221663449D-02 -0.131558580769D-01 -0.310187313015D-01
  0.134587807283D-01  0.153211143609D-02 -0.126101929491D-01  0.131624069690D-01
 -0.228927022502D-01 -0.273705961709D-01  0.215496072558D-01 -0.127858370480D-01
  0.415043342901D+00 -0.300875248415D-01 -0.880536273991D-01  0.327218100806D-01
 -0.848980989361D-02 -0.423827705211D-01  0.159482532213D-02  0.237992569200D-01
 -0.143181025698D-01  0.111814684989D-01  0.227770075352D-01 -0.451856982886D-01
  0.592099486509D-02 -0.310253661579D-01 -0.772667564334D-01  0.175267181125D-01
  0.571679674454D-02 -0.434681232297D-04 -0.522328168568D-02 -0.134403672084D-01
 -0.533867042293D-03  0.234422448346D-01  0.153256487431D-01  0.397626253519D+00
 -0.386472032315D-03 -0.212858531618D-01 -0.711441305881D-01 -0.107588401833D-01
  0.219582307392D-02 -0.363644638193D-01 -0.190024993093D-01  0.359908948394D-01
 -0.371600788516D-01  0.637636601680D-02 -0.162031294276D-01 -0.667590817909D-02
 -0.199863884191D-01 -0.461596954043D-01  0.346653303322D-02  0.175224813494D-01
  0.103428622988D-01 -0.139829640721D-02  0.117633450849D-01  0.555058443639D-02
 -0.898426823671D-02  0.260324054637D-01 -0.485483705919D-01  0.386820441691D+00
 -0.168133368105D+00  0.275273545189D-03  0.326637823840D-01 -0.202241360777D-02
 -0.623788326147D-02  0.684870201225D-02 -0.222121348338D-02 -0.303555879881D-02
 -0.559131113218D-02 -0.407454442200D-01 -0.240986336479D-02  0.129754397881D-01
 -0.102031648575D+00  0.538430920918D-02 -0.344009283406D-02  0.111001831369D-01
 -0.540521770312D-02  0.176200769713D-01  0.806592759863D-02  0.393996906149D-04
  0.132359320085D-01  0.489908731827D-03 -0.275096256267D-01 -0.306835334367D-01
  0.378278959767D+00 -0.370920768256D-02 -0.838448197406D-01 -0.511910985932D-02
  0.646097388686D-02 -0.523299551860D-01 -0.739583533780D-02 -0.717349333405D-02
 -0.478155065630D-01 -0.835402943434D-02  0.725046785785D-02 -0.265397036429D-01
  0.565996558985D-02  0.117931781003D-01 -0.254774903054D-01  0.553241699638D-02
  0.137355778485D-01 -0.313047328687D-02  0.587760203496D-02  0.157574760887D-01
  0.230897684269D-01  0.389758345406D-03 -0.413178792703D-01 -0.750639653813D-01
 -0.121470645432D-01  0.580769923018D-02  0.387032622675D+00  0.460505049934D-01
 -0.316546845527D-02 -0.765435125012D-01 -0.431086071635D-01 -0.491830154257D-02
 -0.283453984695D-01  0.819872371056D-02 -0.891774159435D-02 -0.197021802883D-01
 -0.175042020311D-01 -0.299576610688D-02 -0.548878532914D-01 -0.202765418751D-01
 -0.184802063389D-01 -0.482852867399D-01 -0.539174102638D-01  0.121093568251D-01
 -0.315492764109D-01 -0.537940702572D-01  0.990706688797D-02  0.199092538792D-01
  0.601017665477D-01 -0.193699066501D-01 -0.630272003978D-01 -0.165821691060D-01
  0.360270592978D-01  0.267965624005D+00 -0.288121302012D-01 -0.189936285864D-02
  0.205464053771D-01 -0.173021780867D-01  0.447109885203D-02  0.548227465505D-02
 -0.515989667633D-01  0.184531412752D-01  0.268534130122D-02 -0.117272828786D-01
  0.127193703152D-02 -0.173874218308D-01 -0.269660475146D-01 -0.507931927515D-02
 -0.997473002601D-02 -0.155900532965D-01  0.162317783554D-02 -0.242196954858D-01
 -0.282560919175D-01 -0.956689836758D-02 -0.238211177510D-01 -0.769201757669D-01
  0.286880458216D-01  0.268319054663D-01  0.858013572071D-02 -0.874539299399D-02
  0.699419054769D-01  0.406472826214D+00  0.166914839152D-01 -0.855106037012D-01
 -0.430316061618D-01  0.109140404057D-01 -0.404447205965D-01 -0.633289018987D-02
 -0.636790097375D-02  0.111710083977D-02  0.293253373831D-02 -0.212153367365D-01
 -0.320196065192D-01 -0.182159792389D-01  0.291782366456D-01 -0.614485003551D-01
 -0.505902735755D-01 -0.357932990173D-02  0.277526884784D-02  0.110687100914D-01
  0.160314483414D-01  0.780075392048D-02 -0.101439642128D-01 -0.446937271046D-01
 -0.872975790307D-01 -0.237043970834D-01  0.229948083631D-01 -0.953987279602D-01
  0.593020697687D-02 -0.365539489868D-01  0.358617512336D+00  0.147872625738D-01
  0.137546774438D-01 -0.805311222724D-01 -0.796785201828D-02 -0.196066127987D-02
 -0.382787427273D-01 -0.289956418854D-01 -0.125278541255D-01 -0.486769110853D-01
 -0.731876954972D-02  0.308057704597D-03 -0.987144475169D-02 -0.585077774100D-03
  0.125663848544D-01 -0.140890018641D-02  0.923715561843D-02 -0.109272192288D-01
 -0.257927382221D-02  0.155464185291D-01  0.127167859786D-02 -0.194458161561D-01
  0.129334516174D-01  0.329512066125D-02 -0.616617366620D-01 -0.168644907714D-01
  0.354119925477D-02 -0.588265508595D-01  0.236764445530D-01  0.304605063463D-01
  0.428679034123D+00 -0.416801900339D-02  0.153336296994D-03 -0.156134644434D-01
  0.308206725795D-01  0.636244459786D-02 -0.549619695922D-01 -0.223401227239D+00
  0.115059966679D-01 -0.651425861023D-02 -0.172946437424D-01  0.257106278197D-02
  0.386137146684D-02 -0.101525118583D-01  0.662525451196D-02  0.194448637140D-01
 -0.224236677219D-01 -0.956198373689D-02  0.356286299930D-01 -0.477785958145D-01
  0.447739116417D-02 -0.386640123381D-02 -0.455484727731D-01  0.305590582518D-01
 -0.144307375987D-01  0.122634089592D-01 -0.109532748385D-01  0.111647200964D-01
 -0.455909318529D-01 -0.154411944868D-01 -0.294103022048D-01  0.476974693340D+00
 -0.342680486423D-02 -0.308259327333D-01 -0.901705403288D-02 -0.178358200529D-01
 -0.552499754747D-01 -0.259931842294D-02 -0.506244656874D-02 -0.112938802647D+00
 -0.811884620981D-02 -0.682755367383D-02 -0.128232377624D-01  0.608821500049D-02
 -0.104847602428D-01  0.375420134575D-01  0.127643944912D-01  0.702540080921D-02
 -0.325906734987D-01 -0.604875520905D-02  0.135725006408D-01  0.869158070973D-02
  0.120780657776D-02 -0.262412243495D-01 -0.576416445791D-02  0.371367664223D-01
 -0.939948423174D-02 -0.637540968089D-01 -0.217134042208D-01  0.157795635109D-01
 -0.594323270380D-02 -0.270625554800D-01 -0.132637377491D-01  0.343120332775D+00
  0.314619810557D-02 -0.119237025948D-01  0.685593904934D-02  0.458395092107D-01
 -0.103902671589D-01 -0.300688785622D-01  0.537769798687D-01 -0.110090363520D-01
 -0.901728989326D-01  0.441622103542D-01  0.753002869767D-02 -0.358879349527D-01
  0.651833069645D-01  0.189347593529D-01 -0.117805204584D-01 -0.196303549019D-01
 -0.371528413200D-03 -0.222524203859D-01 -0.257485291436D-01  0.947317825035D-03
  0.748837797698D-02  0.215937331353D-01 -0.273202377895D-01 -0.181537287905D-01
  0.915276703898D-02 -0.287640202530D-01  0.390699313992D-01  0.356241416140D-01
  0.234461596799D-01 -0.194418948870D-01  0.750833812098D-03  0.397860758722D-01
  0.178350502050D+00 -0.328376089551D-01  0.943510051760D-02 -0.385958439235D-01
 -0.135904022691D-02 -0.176331518246D-02  0.137799882989D-02 -0.134888043238D+00
  0.356337223549D-01 -0.133624865239D+00  0.111719166950D-01  0.108263778929D-01
 -0.126315362448D-01  0.997203439409D-02  0.231037944598D-01  0.882346997670D-02
  0.169987738077D-01 -0.890856867444D-02  0.110839395865D-01  0.432106509532D-02
 -0.101063838968D-01  0.148655934676D-01 -0.481959315209D-01  0.521879927723D-01
  0.184465617960D-02 -0.457615943692D-02 -0.207623307445D-01  0.650653289561D-01
 -0.537094376011D-01 -0.425587125067D-01 -0.219320100713D-01 -0.445588165629D-01
  0.270983638779D-02 -0.653884435307D-01  0.345901725306D+00  0.306739674759D-02
 -0.556861539691D-02  0.158327774548D-01  0.124685944692D-02 -0.415087321918D-01
 -0.183129496117D-01  0.256137176607D-01 -0.116423554035D+00  0.240354162116D-01
 -0.446329248591D-02 -0.155485023836D-01  0.461040422756D-02  0.320475677101D-02
  0.382705201408D-01  0.735543509343D-02 -0.125823218292D-01 -0.499311601373D-01
 -0.110070380795D-01 -0.447260798035D-02 -0.248041381634D-01  0.245538726701D-02
 -0.540206964805D-02  0.854766307113D-02  0.594421623750D-01 -0.632099201908D-02
 -0.263030544281D-01 -0.498973836402D-02  0.193866135974D-01  0.380673029302D-01
 -0.126154720611D-01 -0.647670848625D-02 -0.123180155809D+00 -0.261369906372D-01
 -0.164991532728D-02  0.368796086450D+00 -0.574838702666D-03  0.123990304682D-01
 -0.524702413357D-01 -0.264688610747D-01 -0.164228965269D-01  0.324858294857D-01
 -0.895142858237D-01  0.176853831127D-01 -0.147217427172D+00 -0.457585327643D-02
  0.405759921390D-02 -0.288379667914D-01 -0.368858734326D-02  0.898247074092D-02
  0.469107561159D-02  0.142830334064D-01 -0.115145489565D-01 -0.119406972404D-01
  0.701109812373D-03  0.399598483994D-02 -0.416820690349D-01  0.483242898339D-02
  0.224191557858D-01 -0.533356968252D-01  0.147269533064D-01  0.508261646946D-02
 -0.545449100763D-01  0.105060026716D-01  0.215297198452D-01 -0.723890470204D-01
  0.825649088717D-03 -0.348399223577D-01  0.113005135531D-01  0.327881458841D-01
 -0.304058493883D-01  0.473359483833D+00 -0.453149250869D-01 -0.889488138122D-02
  0.147263697202D-01 -0.233436114032D-01 -0.608644226144D-02 -0.192728989764D-02
  0.406931813491D-02 -0.155790934167D-01  0.526648315795D-02 -0.526152527633D-01
  0.937838912343D-02 -0.233810358421D-01 -0.207505567475D-01  0.141066065124D-01
 -0.374226773776D-01 -0.506708212352D-01  0.101315271469D-01 -0.180825309239D-01
 -0.412639723487D-01  0.109170775511D-01  0.112489044673D-01 -0.296548340029D-01
 -0.203972088019D-01  0.234238098481D-01 -0.445742754315D-01 -0.350765883938D-02
 -0.329046660054D-01 -0.192732841612D-01  0.154954888767D-03  0.234112349625D-01
 -0.360341005226D-02 -0.659592416210D-02 -0.497721994725D-01 -0.340582086362D-01
 -0.167277248150D-01  0.278189293766D-01  0.424012229431D+00  0.142711373917D-01
 -0.229527654471D-02  0.216035499029D-01  0.529714708801D-02 -0.164423612745D-01
  0.254163465434D-01 -0.821183790603D-02  0.817760807276D-02 -0.364582803340D-02
  0.773789680333D-02 -0.429805165118D-01 -0.861211385977D-02  0.368620913949D-02
 -0.683726849582D-01  0.349909779994D-01  0.364960118004D-02 -0.540708449951D-01
 -0.147358652761D-01 -0.180237293086D-01 -0.990669093845D-01  0.375234010118D-01
  0.165651007215D-01 -0.111749336477D-01 -0.155312252642D-01  0.379382546586D-01
  0.255530049198D-01  0.333368977607D-02 -0.204976999654D-01  0.938028267672D-02
 -0.291851132291D-02 -0.267294206862D-01  0.324771057976D-01  0.620045854515D-02
  0.218524877519D-02 -0.167506991781D-02 -0.117709312096D-01  0.305650700354D-01
  0.372743372570D+00 -0.133608143940D-01 -0.156771049864D-01 -0.422245790567D-02
 -0.504545901555D-02  0.362864893200D-02 -0.130172465843D-01  0.660802853814D-02
  0.283242227755D-01  0.237729291395D-02 -0.179351809970D-01 -0.137514454007D-01
 -0.761769944586D-02 -0.119526579373D-01 -0.348278889652D-01 -0.287907530609D-01
  0.500765965859D-02  0.340033869567D-02 -0.234857418471D-01  0.862007966652D-02
  0.732734866881D-02 -0.109520976366D+00 -0.287170557411D-01 -0.363525769733D-01
 -0.457270117157D-01 -0.259196326752D-02 -0.166927656062D-01  0.564910037199D-01
 -0.408211935785D-01 -0.103422017888D-01 -0.366720455402D-02  0.117177605517D-01
  0.434929652518D-01 -0.107765395926D-01  0.533646015822D-01  0.419363197090D-01
 -0.202757897318D-01  0.376213567730D-01 -0.217825129172D-01  0.353562776844D+00
 -0.102101499264D-01  0.219083803889D-02  0.677872265194D-02 -0.390366994410D-01
 -0.476136756963D-03  0.102810215104D-01 -0.536899034138D-01  0.722350397798D-03
  0.483032758442D-02 -0.738556891466D-01 -0.878641449798D-02  0.477957760884D-01
  0.943641643601D-03 -0.123580589554D-01  0.389415507921D-01 -0.702183432851D-01
 -0.132619281175D-01  0.525547217003D-01 -0.675021075977D-01  0.745292322534D-02
 -0.368998784199D-01 -0.149266830879D-01 -0.436159612018D-01 -0.421616921517D-01
 -0.844391833963D-02  0.600404580752D-02 -0.394397050689D-02 -0.798776498080D-02
  0.685774583853D-01 -0.189438234488D-01 -0.585212232165D-01  0.232203435572D-01
 -0.776462026572D-01  0.667255996758D-02 -0.217348762620D-02 -0.182607477653D-01
  0.704350903653D-02 -0.441713932348D-01 -0.282230073480D-01  0.377587624653D+00
  0.140051278929D-03  0.306081181076D-01  0.269255051362D-02 -0.199397631047D-03
 -0.121075495114D-01 -0.408043796983D-02  0.556306026199D-02 -0.318250605263D-01
 -0.319783290824D-02 -0.197034710001D-02 -0.354629159057D-01  0.237027800062D-02
  0.321543664047D-02 -0.218432434937D-01  0.105125439829D-01 -0.320203293289D-02
 -0.716067517675D-01 -0.113702034812D-01  0.823311543427D-02 -0.103290066544D+00
  0.216480341971D-01  0.334805669276D-01  0.387550168508D-01  0.314351438808D-01
  0.832229507540D-02  0.410906686946D-01  0.134734494031D-01  0.515104809233D-03
  0.357221630588D-01 -0.927032891887D-02 -0.172439064247D-02 -0.154175068871D-01
 -0.137850234548D-02 -0.171570097164D-01 -0.595729888220D-01 -0.122310346816D-01
  0.934282849212D-02 -0.807159903002D-01  0.108615591266D-01 -0.196414044678D-01
  0.378493864389D+00  0.147427020768D-01  0.168671283454D-02  0.172424565404D-01
  0.118744757001D-01 -0.350254616034D-02 -0.991175581072D-03 -0.162266965470D-01
 -0.608878124855D-03 -0.236795887860D-01  0.267336521847D-01  0.512899141210D-02
 -0.616344824969D-01 -0.203594765379D-01  0.178451612999D-01 -0.738695406264D-01
  0.156187978497D-01 -0.810016513041D-02 -0.475302006194D-01 -0.420131140403D-01
  0.222312516116D-01 -0.171333035293D+00 -0.486192169272D-01  0.250308162689D-02
  0.887769104218D-02 -0.156418459898D-01  0.123572751902D-01 -0.103281372896D-02
 -0.545317416042D-01  0.225959104069D-01  0.495387145266D-02  0.214708747232D-01
 -0.992746087924D-02  0.142563319743D-01  0.382912585385D-01 -0.167675837479D-01
 -0.720412879981D-02 -0.343655081842D-02 -0.497896603220D-01 -0.433228592051D-01
  0.775885147598D-01 -0.189359725931D-01  0.420208014745D+00 -0.452362359491D-01
  0.101056287221D-01  0.152155170220D-01 -0.206305818734D-01  0.888495733338D-02
 -0.390835073697D-02  0.599162577612D-02  0.128786590991D-01  0.972569259474D-02
 -0.495201814289D-01  0.144855821511D-02 -0.249231631557D-01 -0.224769650236D-01
 -0.465861090509D-02 -0.481117323779D-01 -0.487710590438D-01 -0.191147518464D-02
 -0.196650817543D-01 -0.397917673428D-01 -0.204307415134D-01 -0.201466873352D-02
 -0.162004443172D-01 -0.448794305672D-02  0.236151937224D-01 -0.460300827141D-01
  0.293598188834D-01 -0.184913125721D-01 -0.313186169130D-01  0.586771975178D-02
  0.324259998695D-01  0.298274495889D-02  0.368301109890D-01 -0.410439503981D-01
 -0.408548290878D-01  0.774977599358D-02  0.366009214565D-01 -0.700019047332D-01
 -0.426158469225D-02  0.257078455086D-01  0.121451471348D-01 -0.249178764294D-01
 -0.549163336800D-02  0.409713150557D+00  0.146744442890D-02 -0.441668436121D-03
 -0.229924008469D-01  0.291971758330D-02 -0.460907235647D-02 -0.232594183371D-01
  0.214715069833D-02  0.162771343762D-01  0.184911066619D-02  0.128582086997D-01
 -0.468435470505D-01 -0.600367835221D-02 -0.489390811017D-02 -0.613721455838D-01
 -0.403616256348D-01  0.302911911118D-02 -0.517876739614D-01  0.251104283242D-02
  0.951741678012D-02 -0.820023173809D-01 -0.224169140345D-01  0.354716884514D-01
  0.215599945419D-02  0.148549814983D-02 -0.204434147666D-01  0.228917285877D-01
  0.376970410587D-02 -0.784606028591D-02 -0.454174137428D-01  0.120849775541D-01
  0.218961663536D-01  0.366567460427D-01  0.204494855713D-01 -0.331758371118D-01
  0.108343986920D-01  0.210332226443D-01 -0.680752007246D-02 -0.715367865026D-01
  0.104550934786D-01  0.363168254464D-01 -0.928277573433D-01  0.232838825757D-01
 -0.524569972060D-01  0.368022375205D+00 -0.121102691845D-01  0.198795672318D-01
 -0.665846521396D-02 -0.840426451181D-02  0.188326465737D-02 -0.249257381386D-01
  0.628915100727D-02 -0.228473259756D-01 -0.555731231368D-02 -0.196818061615D-01
 -0.131595216593D-02 -0.421261734137D-02 -0.994839637508D-02  0.224078072857D-01
 -0.353205749962D-01 -0.132819396231D-02 -0.182419142296D-01 -0.248549623622D-01
  0.121020469232D-01  0.490329167711D-02 -0.125745129242D+00 -0.222289083352D-01
  0.162089539028D-01  0.446785470659D-02 -0.158282469717D-01  0.400493185501D-02
  0.533091697602D-01 -0.245385208389D-01  0.443975651663D-01 -0.168542605917D-01
  0.199324302371D-01 -0.211489068034D-01 -0.187867794412D-01  0.446677060080D-01
 -0.354322804488D-01 -0.319389284558D-01  0.234098620320D-01 -0.281775573552D-03
 -0.102006793469D+00 -0.126913127895D-01 -0.325292462065D-01 -0.349405406174D-01
  0.203587229229D-01  0.181120196273D-01  0.374025077716D+00
$end
