$coord
    4.33002452807602     -4.58230987038494     -0.89421702070809  c
    3.69964630542339     -1.79115884470556     -0.63412036394090  c
    0.88352084404582     -1.30435099735679     -1.04897478108355  c
   -0.36404285189377     -2.26793395083115     -2.68431294851537  o
   -0.03675396190363      0.43157070603357      0.59261387259076  o
   -2.60724304393535      1.19508091702307      0.23405666472540  c
   -3.45963691115015      2.52550043568132      2.63845088983145  c
   -2.78303909083462      2.93562037743387     -2.05916596067171  c
   -1.04028996318167      3.96609520244713     -3.07627165115746  o
   -5.21494648317791      3.22639272058377     -2.76799151159929  o
    4.59816053867976     -0.94419696226183      1.73797451010461  o
    3.43421845641450     -5.66026240296281      0.61767924209974  h
    6.36924314412657     -4.83562918275851     -0.75733544720828  h
    3.67595150789958     -5.29961170418202     -2.70767773998724  h
    4.62744459517366     -0.74296185502559     -2.17372091057547  h
   -3.76499633178949     -0.46723274407437     -0.14374091708782  h
   -5.42197597414502      3.12182382283740      2.45788874588542  h
   -3.30258493240801      1.23503314198580      4.23557749388242  h
   -2.28900641979029      4.18098371742176      3.00994420211448  h
   -5.23661832956453      4.37106426191377     -4.20106097908399  h
    3.90292059448573      0.70647943171010      2.07274452793450  h
$user-defined bonds
$end
