$energy      SCF               SCFKIN            SCFPOT
     1 -610.7383507941      607.9819655801     -1218.720316374
     2 -610.7353446430      608.5639578540     -1219.299302497
     3 -610.7387364192      608.4594214120     -1219.198157831
     4 -610.7419087026      608.2729826265     -1219.014891329
     5 -610.7420558276      608.2598619384     -1219.001917766
     6 -610.7423794005      608.2417547219     -1218.984134122
     7 -610.7425338477      608.2354221046     -1218.977955952
     8 -610.7427186570      608.2509040475     -1218.993622704
     9 -610.7428236343      608.2751653000     -1219.017988934
    10 -610.7428407924      608.2786748542     -1219.021515647
    11 -610.7429000855      608.2859249562     -1219.028825042
    12 -610.7429221556      608.2859969797     -1219.028919135
    13 -610.7429307492      608.2820451152     -1219.024975864
    14 -610.7429412762      608.2786657072     -1219.021606983
    15 -610.7429493625      608.2776942889     -1219.020643651
    16 -610.7429567561      608.2793403301     -1219.022297086
    17 -610.7429653818      608.2848494857     -1219.027814868
    18 -610.7429726344      608.2891547821     -1219.032127416
    19 -610.7429802334      608.2918232232     -1219.034803457
    20 -610.7429938431      608.2922297750     -1219.035223618
    21 -610.7430126435      608.2858362064     -1219.028848850
    22 -610.7430262497      608.2777776698     -1219.020803919
    23 -610.7430361294      608.2736618414     -1219.016697971
    24 -610.7430446374      608.2724027481     -1219.015447385
    25 -610.7430486400      608.2721629272     -1219.015211567
    26 -610.7430506644      608.2736892169     -1219.016739881
    27 -610.7430526606      608.2767613976     -1219.019814058
    28 -610.7430541529      608.2769261199     -1219.019980273
    29 -610.7430560457      608.2765033454     -1219.019559391
    30 -610.7430583158      608.2762196955     -1219.019278011
    31 -610.7430597152      608.2776975434     -1219.020757259
    32 -610.7430617434      608.2799782184     -1219.023039962
    33 -610.7430638976      608.2822704165     -1219.025334314
    34 -610.7430661481      608.2838951793     -1219.026961327
    35 -610.7430685560      608.2842472584     -1219.027315814
    36 -610.7430706444      608.2822723754     -1219.025343020
    37 -610.7430718219      608.2811074679     -1219.024179290
    38 -610.7430737028      608.2803429338     -1219.023416637
    39 -610.7430744906      608.2799691842     -1219.023043675
    40 -610.7430772394      608.2815867443     -1219.024663984
    41 -610.7430815121      608.2842052620     -1219.027286774
    42 -610.7430830639      608.2837150288     -1219.026798093
    43 -610.7430846433      608.2821343289     -1219.025218972
    44 -610.7430856824      608.2818610984     -1219.024946781
    45 -610.7430869612      608.2818609091     -1219.024947870
    46 -610.7430886898      608.2817428333     -1219.024831523
    47 -610.7430898267      608.2812074513     -1219.024297278
    48 -610.7430925146      608.2812187687     -1219.024311283
    49 -610.7430940303      608.2788656376     -1219.021959668
    50 -610.7430948420      608.2763892823     -1219.019484124
    51 -610.7430960522      608.2763674620     -1219.019463514
    52 -610.7430971256      608.2772448662     -1219.020341992
    53 -610.7430978031      608.2770572812     -1219.020155084
    54 -610.7430983922      608.2770011128     -1219.020099505
    55 -610.7430988842      608.2774160636     -1219.020514948
    56 -610.7430991737      608.2779476245     -1219.021046798
    57 -610.7430997181      608.2783250928     -1219.021424811
    58 -610.7431016510      608.2822277343     -1219.025329385
    59 -610.7431023732      608.2821826177     -1219.025284991
    60 -610.7431032040      608.2826737109     -1219.025776915
    61 -610.7431042108      608.2817798407     -1219.024884052
    62 -610.7431049986      608.2814175076     -1219.024522506
    63 -610.7431061640      608.2812310642     -1219.024337228
    64 -610.7431070866      608.2810636313     -1219.024170718
    65 -610.7431080473      608.2809068995     -1219.024014947
    66 -610.7431092479      608.2806353851     -1219.023744633
    67 -610.7431101530      608.2810006261     -1219.024110779
    68 -610.7431109663      608.2810994102     -1219.024210377
    69 -610.7431112593      608.2808211127     -1219.023932372
    70 -610.7431122747      608.2798431623     -1219.022955437
    71 -610.7431130550      608.2789026776     -1219.022015733
    72 -610.7431139523      608.2782499066     -1219.021363859
    73 -610.7431143824      608.2784698983     -1219.021584281
    74 -610.7431150049      608.2791082315     -1219.022223236
    75 -610.7431156042      608.2793648859     -1219.022480490
    76 -610.7431166073      608.2801404257     -1219.023257033
    77 -610.7431173354      608.2805971522     -1219.023714488
    78 -610.7431203260      608.2816475176     -1219.024767844
    79 -610.7431219246      608.2814792442     -1219.024601169
    80 -610.7431226634      608.2814482429     -1219.024570906
    81 -610.7431235213      608.2808101354     -1219.023933657
    82 -610.7431243648      608.2811734066     -1219.024297771
    83 -610.7431252977      608.2816801342     -1219.024805432
    84 -610.7431259695      608.2819463453     -1219.025072315
    85 -610.7431266803      608.2819188468     -1219.025045527
    86 -610.7431275169      608.2814285052     -1219.024556022
    87 -610.7431286609      608.2795765578     -1219.022705219
    88 -610.7431295452      608.2783575220     -1219.021487067
    89 -610.7431307800      608.2782131439     -1219.021343924
    90 -610.7431314436      608.2771190619     -1219.020250506
    91 -610.7431326590      608.2779889519     -1219.021121611
    92 -610.7431354374      608.2789292814     -1219.022064719
    93 -610.7431383452      608.2797472347     -1219.022885580
    94 -610.7431405829      608.2794680190     -1219.022608602
    95 -610.7431475842      608.2788588324     -1219.022006417
    96 -610.7431502967      608.2774652233     -1219.020615520
    97 -610.7431515906      608.2788882673     -1219.022039858
    98 -610.7431500966      608.2737816856     -1219.016931782
    99 -610.7431551165      608.2811070002     -1219.024262117
   100 -610.7431552128      608.2802218382     -1219.023377051
   101 -610.7431555516      608.2793915680     -1219.022547120
   102 -610.7431557637      608.2787285655     -1219.021884329
   103 -610.7431557508      608.2789416324     -1219.022097383
   104 -610.7431564130      608.2804808408     -1219.023637254
   105 -610.7431566290      608.2808072035     -1219.023963832
   106 -610.7431570102      608.2809793747     -1219.024136385
   107 -610.7431573479      608.2807013295     -1219.023858677
   108 -610.7431575249      608.2806379717     -1219.023795497
   109 -610.7431578752      608.2807499805     -1219.023907856
   110 -610.7431580907      608.2808847942     -1219.024042885
   111 -610.7431583522      608.2812160973     -1219.024374449
   112 -610.7431585031      608.2809947485     -1219.024153252
   113 -610.7428934427      608.2928276920     -1219.035721135
   114 -610.7431563013      608.2800519778     -1219.023208279
   115 -610.7431588252      608.2813845592     -1219.024543384
   116 -610.7431588127      608.2811352192     -1219.024294032
   117 -610.7431588069      608.2811888228     -1219.024347630
   118 -610.7431588979      608.2813000625     -1219.024458960
   119 -610.7431590675      608.2811470203     -1219.024306088
   120 -610.7431594030      608.2814313479     -1219.024590751
   121 -610.7431593928      608.2812971897     -1219.024456583
   122 -610.7431595313      608.2811732538     -1219.024332785
   123 -610.7431596447      608.2804979909     -1219.023657636
   124 -610.7431597909      608.2798956103     -1219.023055401
   125 -610.7431598983      608.2800913938     -1219.023251292
   126 -610.7431601392      608.2805746542     -1219.023734793
   127 -610.7431608535      608.2811577980     -1219.024318651
   128 -610.7431610380      608.2809413778     -1219.024102416
$end
