$hessapprox
  0.564642957309D+00  0.303445611320D-01  0.456271811459D+00  0.443904466995D-01
  0.311040308860D-02  0.568922812595D+00 -0.856059343145D-01  0.137157105197D-01
 -0.112383805888D-02  0.478713721543D+00  0.207976236937D-01 -0.133804476292D+00
  0.802693220880D-03 -0.524919936146D-02  0.500952449441D+00 -0.216345898514D-01
 -0.976629611325D-02 -0.823846751577D-01  0.636431635410D-02  0.306547689981D-02
  0.492564181741D+00  0.129667041955D-01  0.229427749359D-01  0.266106469309D-01
 -0.138056519661D+00 -0.230860443601D-02 -0.974570932311D-02  0.766595034995D+00
  0.367966820285D-01 -0.848602957043D-03  0.120673296300D-01 -0.515363039939D-02
 -0.702062123846D-01 -0.124323131063D-01  0.139676881222D+00  0.658386943624D+00
 -0.317258555167D-02  0.362028949537D-01  0.189402006561D-01 -0.176589760258D-01
  0.324632847364D-03 -0.104611036641D+00  0.292183215451D+00  0.371993140895D+00
  0.890087843173D+00 -0.363811034304D-01 -0.305229691799D-01 -0.382911557556D-01
 -0.257220664938D-01  0.772532604989D-04 -0.289297268395D-01 -0.382870095098D+00
 -0.194743355664D+00 -0.308149378793D+00  0.413413641994D+00 -0.188302253513D-01
 -0.151649334669D-01 -0.303376355861D-01  0.156768968451D-01  0.191177324632D-03
  0.343775471387D-02 -0.185601186317D+00 -0.261804141414D+00 -0.235844581872D+00
  0.195053642994D+00  0.294173858393D+00 -0.255199337895D-01 -0.334384782271D-01
 -0.459106780790D-01  0.206345048041D-02 -0.295683623207D-02  0.201796836874D-01
 -0.304025553116D+00 -0.253834060758D+00 -0.530986116490D+00  0.363337228793D+00
  0.341258214819D+00  0.589652144605D+00 -0.156721070715D-01 -0.385912673406D-02
 -0.577002828060D-02 -0.140150994216D-01  0.344462294088D-01  0.244790282018D-01
 -0.100947568793D+00  0.207271519890D-01  0.211829710616D-01  0.283879285013D-01
  0.184884264071D-02 -0.247037881217D-02  0.391319096811D+00  0.948411733759D-02
 -0.207195141713D-01 -0.230043052604D-02  0.111132634029D-01 -0.185162489666D-01
 -0.662424305918D-02  0.198403717776D-01 -0.152956584378D+00 -0.747644850599D-01
  0.325306407696D-01  0.199928342492D-01 -0.236656818261D-01 -0.738673870849D-01
  0.340529707328D+00  0.983095051107D-02 -0.148846783605D-01  0.610237837465D-02
 -0.473466110912D-02 -0.136917223203D-01  0.396189665962D-02  0.584701991720D-02
 -0.457393176208D-01 -0.162121498294D+00 -0.328766711846D-02 -0.636558267420D-01
 -0.250491750287D-01  0.138791379994D-01  0.136404180097D+00  0.297509174592D+00
 -0.103454452038D-01  0.189817630340D-01  0.236245960218D-01 -0.436772925820D-02
 -0.141468323671D-01 -0.150897028061D-01 -0.217085946166D-01  0.925428403889D-01
  0.871835660528D-01 -0.212979973735D-01 -0.381670626954D-01 -0.501660040666D-01
 -0.118594341485D+00 -0.174949222860D-01 -0.298449583051D-01  0.492083302719D+00
  0.559583003912D-02 -0.659911593174D-02  0.124895092243D-01  0.702966602288D-02
 -0.384708047285D-02 -0.198080901073D-01  0.320930300669D-01 -0.976430626680D-02
  0.578775040488D-03  0.583954259028D-02 -0.713326079272D-02  0.403086849212D-02
 -0.134977000628D-02 -0.632347940148D-01 -0.793874470548D-02  0.586480576970D-01
  0.512769508967D+00  0.771727614863D-02 -0.115209776716D-01  0.202583444907D-01
  0.312900015891D-02  0.167459035821D-01 -0.121334464237D-01  0.387219356672D-01
 -0.346133654967D-02  0.138243091527D-02 -0.178342535360D-01 -0.254286547057D-01
 -0.417481843792D-01 -0.278847550213D-01  0.219692474040D-01 -0.491863166828D-01
  0.156312795962D-01  0.153744674522D-01  0.468227638690D+00 -0.180754798009D-01
 -0.606025356146D-02 -0.456719974548D-01 -0.237221340819D-02  0.677485172817D-02
  0.122098101182D-01 -0.183967061638D-02 -0.173454111520D-01 -0.261254149459D-01
  0.759450484050D-02  0.584991453020D-02  0.132559660913D-01 -0.393630558690D-01
  0.302788976598D-01  0.396826253469D-01 -0.496737761212D-01 -0.429637304217D-02
  0.383057657106D-02  0.506897199235D+00  0.219908477116D-01  0.159228988146D-01
  0.221610917471D-01  0.101991519623D-01 -0.801351692719D-02 -0.157007453496D-01
  0.113096828535D-03 -0.174498227970D-01 -0.386574343672D-02 -0.134709270259D-01
 -0.101588921404D-01 -0.190323553235D-01  0.152401707691D-01 -0.125155254090D-01
 -0.160470772179D-01  0.506522047149D-03 -0.827960832511D-01 -0.858630328684D-02
 -0.423035081675D-02  0.477082295112D+00 -0.471686187987D-01 -0.101968521616D-01
 -0.299329641874D-01  0.813572307798D-02 -0.599805328004D-02  0.169011286814D-01
 -0.225044971255D-01 -0.136640283989D-01 -0.129640875624D-01  0.193462387950D-01
  0.147501870543D-01  0.153438872399D-01  0.153078373512D-01 -0.197157317534D-02
  0.159397876944D-01 -0.506484099768D-02 -0.444650529915D-01 -0.988045976444D-01
  0.295884066727D-01 -0.619924383776D-01  0.468121866440D+00 -0.263892004654D-01
 -0.478012620076D-01 -0.126100174894D-01 -0.274027926247D-01 -0.111110669583D-01
 -0.272669943473D-01 -0.333826618094D-01  0.529278018957D-02 -0.290814651070D-01
  0.586866324543D-01  0.580543383081D-01  0.627541534074D-01 -0.305967703322D-01
  0.944177398988D-01 -0.197033342985D-01 -0.981122742720D-01  0.156102574619D-01
  0.530519794781D-02  0.329096507379D-01 -0.127753708001D-01  0.494115990850D-01
  0.118388134622D+01 -0.601099828154D-02 -0.299822594276D-01 -0.213984850527D-02
  0.747083355546D-03  0.100822733739D-01  0.242750845813D-02  0.418037373871D-01
 -0.179705221729D-01 -0.243305751128D-01  0.131709394204D-03  0.201126457183D-01
  0.313794529738D-01  0.184140813988D-01  0.101649136475D-01  0.152852927951D-01
 -0.363009269900D-01 -0.853692758089D-01  0.238249622942D-01  0.904339352147D-02
  0.801138597881D-02 -0.421157192372D-02  0.260839144017D+00  0.532466052495D+00
  0.131839449010D-01  0.229692610729D-01  0.888188822212D-02  0.948574755414D-02
  0.736446033194D-02  0.831378378002D-02 -0.134381660518D-01 -0.483504799878D-01
 -0.351856368505D-01 -0.113365490249D-01 -0.905202699928D-02 -0.189917276497D-01
 -0.196780375635D-01 -0.184694070903D-01 -0.187303093064D-01 -0.433920479616D-02
  0.143486496580D-01 -0.866501474314D-01  0.982564601286D-03  0.109071136432D-01
 -0.487175055216D-01 -0.285766631683D+00 -0.233204046174D+00  0.650602876123D+00
  0.236191627549D-01  0.456108661923D-01  0.599548866544D-02  0.720230571925D-02
  0.108079718700D-01  0.714068276825D-02 -0.192925571550D-02 -0.248171707686D-01
  0.117093280134D-01 -0.363129815175D-01 -0.387459611590D-01 -0.559328564264D-01
 -0.218433330789D-02 -0.409538290546D-01  0.651049289508D-03  0.950824051103D-02
 -0.215479199937D-01  0.140735945930D-02 -0.650183065082D-02 -0.138159585972D-02
 -0.151100843353D-01 -0.713948330884D+00 -0.262164390055D+00  0.320521765994D+00
  0.781942014672D+00  0.677505257162D-03  0.235930893939D-01 -0.421955835778D-02
  0.470736973219D-02 -0.602683914278D-02  0.984646846927D-02 -0.150950740616D-03
  0.277136774865D-01  0.465335833886D-01 -0.796143804423D-02 -0.422901744996D-01
 -0.449957088723D-01  0.644408355943D-02 -0.153047881950D-01 -0.171643808858D-01
  0.247257718432D-01 -0.145463493584D-01  0.206392231496D-01 -0.139745850322D-01
 -0.466791396780D-04 -0.305006467317D-02 -0.317021686156D+00 -0.267845558061D+00
  0.180187900996D+00  0.320762980135D+00  0.282067098710D+00  0.214539163241D-02
 -0.126251073855D-01  0.815546034897D-02 -0.590998957930D-02 -0.947238745290D-02
 -0.204624284223D-01 -0.175767501512D-01  0.697389877835D-02 -0.517521460774D-03
  0.259092783477D-02  0.556924944018D-02  0.561509591338D-02 -0.737863147775D-02
 -0.157931845871D-01 -0.772609972184D-02  0.182590691271D-01  0.312495541777D-01
 -0.331349151068D-01 -0.121904946269D-02  0.128588663559D-01 -0.100025497581D-01
  0.336423285186D+00  0.140401381332D+00 -0.304846877700D+00 -0.343283877415D+00
 -0.210033403073D+00  0.329291937706D+00  0.882987047923D-02  0.422518863761D-02
 -0.219007461018D-02  0.836779146820D-02  0.136016300653D-01  0.141736411964D-01
  0.946282278956D-02 -0.194492541926D-01 -0.213568614666D-01 -0.421152781653D-02
 -0.102148441295D-01  0.355211877808D-02 -0.520915084599D-02 -0.180328950889D-01
 -0.144716538885D-01 -0.926082641711D-02  0.442656637036D-02 -0.712670913776D-02
 -0.127346961074D-01 -0.335136447400D-03 -0.105630548314D-01 -0.323169425722D+00
 -0.412931436943D-01  0.179329625361D-01 -0.427582971058D-01  0.111260514917D-01
 -0.445342806825D-01  0.477345500827D+00  0.373359576046D-02  0.126701465414D-01
 -0.121584517587D-03 -0.261744829548D-02  0.245666572843D-02  0.742990065483D-02
 -0.456403932616D-02 -0.239548443397D-01 -0.260078176147D-01 -0.832774092310D-04
 -0.171738900052D-01  0.975264743201D-03  0.573954816705D-02 -0.306413551750D-01
  0.610179577752D-03  0.106269504843D-01 -0.580547772828D-02  0.406961129425D-02
  0.873303998647D-02  0.811982584656D-02  0.163661312995D-02 -0.112578786207D-01
 -0.103359027664D+00  0.240750081676D-01 -0.665988926115D-02  0.221264011281D-01
  0.117846643507D-01  0.355405016572D-01  0.266916277638D+00  0.822693297301D-02
  0.684074070302D-02  0.317786797551D-02  0.487453953207D-02 -0.150147462298D-02
  0.801956050757D-02 -0.626273704870D-02 -0.296564637946D-01 -0.201683033129D-01
  0.416272991907D-02 -0.262543818386D-01 -0.177667558922D-01 -0.143531138507D-01
 -0.152383141227D-01 -0.173435097219D-01 -0.172147377442D-01  0.779955192272D-02
 -0.329645582843D-01 -0.821471170614D-02  0.135848648343D-01 -0.250602824758D-01
 -0.999703783196D-01 -0.528785642940D-02 -0.107466513907D+00  0.360323613904D-01
  0.409701794800D-01  0.492394853971D-01  0.669591363918D-01 -0.208085614717D+00
  0.430232891189D+00  0.201729345521D-01 -0.479987435478D-03  0.854111718495D-02
 -0.651234130998D-01  0.133844575821D-01 -0.209118233628D-02 -0.177469136882D-01
 -0.198651881247D-01 -0.777027317497D-01 -0.149978090231D-01  0.142859391244D-01
  0.174236503554D-01  0.277889801150D-02  0.119918233860D-01 -0.114102886840D-01
 -0.161120277626D-02 -0.472919133769D-02  0.673875406373D-02 -0.735229238352D-02
  0.383270527222D-02 -0.412021794664D-02 -0.253928130948D-02  0.841493306556D-02
  0.149472149279D-01  0.233367209385D-02  0.510004428203D-02 -0.158886607077D-01
 -0.133174720348D-02 -0.149458281368D-01  0.451989493113D-02  0.212502235712D+00
 -0.157743056103D-01 -0.993485651317D-02 -0.442333498944D-01 -0.206503802121D-01
 -0.978231361618D-01 -0.721890618709D-01 -0.444393946870D-02 -0.988745935460D-02
  0.403261706554D-02  0.494945772459D-02  0.743973695621D-02 -0.403472501580D-02
 -0.182680773684D-01 -0.451906899037D-02  0.217509695094D-01  0.550075244182D-02
  0.520201912578D-02 -0.604428702198D-03  0.197018179126D-01 -0.113644941790D-01
  0.115124197888D-01  0.355473118428D-01 -0.138178112120D-01 -0.147846700765D-01
  0.413467062798D-05 -0.196130785950D-01  0.469312416342D-02 -0.765547510098D-02
  0.842560923638D-02 -0.282469915034D-01 -0.194833699092D+00  0.568328818486D+00
 -0.415762320850D-02 -0.432407169175D-02 -0.221872045782D-01 -0.266607552825D-01
 -0.981436516032D-02 -0.145068632685D+00 -0.365766872751D-02 -0.459814515256D-01
 -0.648611414246D-01 -0.218007887533D-02 -0.111412894292D-02  0.237259631384D-01
  0.139641977829D-02 -0.719842905953D-02  0.955158085306D-02  0.141177069935D-02
  0.188176368458D-01  0.194108347629D-02 -0.900720965346D-02  0.497614460378D-02
 -0.154841927747D-01 -0.261270190401D-01 -0.985514365171D-02  0.176924339085D-01
  0.488827498973D-02  0.286647736428D-01 -0.170834215815D-01  0.214987302421D-01
  0.141902335213D-01  0.739176956206D-02  0.570690847939D-01  0.151566200199D+00
  0.391540006764D+00 -0.114488592773D+00 -0.557393733411D-01  0.365236675264D-01
  0.982877861438D-02 -0.730732004896D-02 -0.811491587969D-03  0.109739651502D-01
  0.208100911067D-01  0.205519860441D-01  0.548701514731D-02  0.546145087143D-02
  0.583256563351D-03  0.767332792825D-02  0.265916989396D-02 -0.268525244283D-01
 -0.525976823904D-02 -0.143517445433D-01 -0.180765806633D-01  0.126280307815D-03
 -0.100979335191D-01 -0.917898013555D-02  0.493419411494D-01  0.968899316103D-02
 -0.320647259835D-01 -0.208091080703D-01 -0.941717697474D-02  0.339903569856D-01
  0.153513267796D-01  0.131941781770D-01  0.939966895917D-02 -0.117899596478D-01
 -0.193001799293D-01 -0.158572883636D-01  0.220898693973D+00 -0.668892972421D-01
 -0.117704606948D+00  0.589327322096D-01 -0.126388126394D-01 -0.328684196916D-01
  0.371147354249D-01 -0.112184818254D-01 -0.249699607490D-01 -0.747430196364D-02
  0.593865030623D-02  0.134718996164D-01  0.117630481258D-01 -0.323099990133D-02
 -0.841891229235D-02 -0.482226861788D-03 -0.162102361852D-01 -0.150193051630D-01
 -0.177958951327D-01  0.727453398914D-02 -0.584778277593D-02 -0.319656284222D-02
 -0.190594748978D-01 -0.277757792729D-02 -0.265285387669D-02  0.121749642763D-01
 -0.392176966500D-02  0.685688185133D-02  0.135864094525D-01  0.223170777271D-01
  0.791852987727D-02 -0.575749864475D-03  0.172368493246D-01  0.124511712264D-01
  0.936150884676D-01  0.183679234520D+00  0.740052355060D-01  0.824436010910D-01
 -0.151732534802D+00 -0.252014870708D-01  0.691451603360D-02 -0.570873113341D-02
 -0.100774083800D-02 -0.126280127358D-01 -0.100782637529D-01  0.623168008354D-02
 -0.215821317692D-01 -0.952676570689D-02 -0.952904555657D-02 -0.990916966881D-02
  0.696070957153D-02  0.924699769210D-02  0.118062635118D-03  0.631283429380D-02
  0.506990752523D-02  0.600440431102D-02 -0.455119522016D-02  0.755429166350D-02
 -0.445380810954D-02  0.111923247340D-01  0.139295096475D-01  0.157986650831D-01
 -0.136913749434D-02  0.724551229849D-02  0.573259119399D-02  0.181750444148D-01
 -0.611827581239D-02 -0.602454670141D-03  0.208508614644D-01 -0.715227505243D-01
 -0.106477755197D+00  0.235606650875D+00 -0.241912834771D+00  0.218656097474D-01
 -0.168403365045D-01 -0.349547155399D-01  0.448874347251D-02 -0.660133923303D-02
 -0.404931679363D-01 -0.454550662877D-02 -0.338381943157D-01  0.107454552945D-01
  0.114804132472D-01  0.114357954449D-01 -0.235679061356D-01 -0.248305873290D-03
 -0.902724864890D-03 -0.474927298398D-02  0.187357804567D-02 -0.444693979885D-03
  0.545623212960D-02  0.470223868837D-02  0.984941913599D-02  0.378740921957D-02
 -0.164966001241D-01  0.157166420753D-01  0.204845056452D-01 -0.140534765513D-01
  0.118560663013D-01 -0.151093099808D-01  0.414696360587D-03  0.226756279740D-03
  0.495217663855D-02  0.489529577772D-02 -0.240359626434D-01 -0.450814943282D-01
 -0.916954397969D-02  0.313042601093D-03  0.375733070255D+00  0.255174626658D-01
 -0.434317358171D-01  0.162678833146D-01  0.432365536354D-01 -0.619070886158D-02
  0.493171207774D-02 -0.823997123152D-02 -0.482740667503D-01 -0.332855437020D-01
 -0.891758249647D-02 -0.106423047473D-01 -0.110853053001D-01 -0.126517599680D-02
 -0.252683004653D-01  0.506502001924D-02 -0.760111887070D-03  0.435412438506D-02
  0.846060666872D-02  0.756124652466D-02  0.175420350987D-02  0.925917615249D-02
 -0.329872120016D-01 -0.998641971695D-02  0.287719558505D-01  0.473608593174D-01
  0.530153954332D-02 -0.221712768341D-01  0.202927490327D-01  0.188832224213D-01
  0.615658870170D-02  0.167475485378D-02  0.230741841285D-01  0.205101148768D-01
 -0.431197249751D-01  0.199974149053D-02  0.717706327734D-02 -0.206875304005D-01
  0.103857470741D+00  0.270439567198D-02  0.934365521777D-02 -0.674024971450D-01
  0.311760409700D-02 -0.426626579996D-02 -0.645170866423D-02 -0.542313958696D-02
 -0.129238450074D-01 -0.215707801364D-01  0.430849819904D-02  0.380418139788D-02
 -0.580660953927D-02 -0.546763420678D-02 -0.130414549399D-02 -0.343589157481D-01
 -0.198161684402D-01 -0.171004902079D-01 -0.167647229658D-01  0.207169174811D-01
  0.104268219854D-02 -0.150851668345D-01 -0.171259232478D-02 -0.153671266846D-01
 -0.354223054615D-02  0.789301875019D-02  0.577824669120D-02  0.186879580947D-01
  0.634092713150D-02 -0.781885448508D-03  0.326868911003D-01  0.587817385932D-02
 -0.857585829556D-03 -0.273869728792D-01  0.529569199052D-01  0.192732866660D-01
 -0.311728143088D-01  0.338732068415D-01 -0.143958770755D-01  0.201539161141D+00
 -0.901317532752D-01 -0.181531578552D-01 -0.542681011953D-01 -0.198266953403D-02
  0.113724413489D-01 -0.737788778814D-02 -0.935669491599D-02  0.156411064661D-02
  0.830433159490D-02 -0.570228645612D-02 -0.135057071472D-01 -0.154675961351D-01
 -0.907761290860D-02 -0.489208145245D-01  0.207454802892D-01  0.181028917885D-02
 -0.686218851836D-02  0.128991001108D-01  0.185185020005D-01 -0.652774171805D-02
  0.369994854817D-01 -0.144882313639D-01 -0.425741433829D-02  0.424746992497D-02
 -0.943127904855D-02 -0.165235155120D-01 -0.112780269176D-02  0.211944212458D-02
 -0.143438435658D-02 -0.107703662512D-01 -0.232766672085D-01  0.384168007354D-01
 -0.133826858909D-01 -0.407569674795D-01  0.939664770700D-02 -0.628665508837D-02
 -0.362689729766D-01  0.234286985955D-02 -0.221126517315D-01  0.200262874729D+00
 -0.225829748655D-01 -0.687854902441D-01 -0.329241321036D-01 -0.786250725828D-02
 -0.284096899249D-01 -0.478035802395D-01 -0.665145976147D-02  0.137919132716D-01
 -0.165765010486D-02  0.582336445786D-02 -0.135949324245D-01 -0.280884344197D-01
  0.567457654022D-02  0.119274476938D-01 -0.329023501420D-01  0.951793870675D-03
  0.307532757233D-02  0.796004194064D-02 -0.635865213592D-02  0.133307488823D-01
 -0.900365135402D-02  0.536587299129D-01  0.191723437554D-01  0.114986986543D-01
 -0.511070330708D-01 -0.173397243647D-01  0.459634010212D-01 -0.363197042167D-01
 -0.108350773661D-01  0.130424920699D-01 -0.100077305349D-01 -0.424844600753D-01
 -0.620728012376D-01  0.430343160792D-01 -0.159720922585D-01  0.679869498596D-02
  0.199784414869D-01 -0.223221719076D-01  0.458515595834D-01  0.808689329577D-03
  0.213591938135D+00 -0.795984462255D-01 -0.581955269212D-01 -0.212241112839D+00
  0.185672255127D-01 -0.140973806533D-01 -0.218751048360D-01 -0.218699663995D-01
  0.236942386260D-01  0.968946873694D-02 -0.618339556194D-02  0.936292153194D-02
 -0.376192206089D-04  0.993999074816D-02 -0.159599927935D-01 -0.639430784583D-02
 -0.318030774790D-02  0.135415851384D-01  0.391453671835D-02 -0.101985901933D-02
 -0.335738804765D-02  0.361967761656D-01  0.208534447934D-01  0.151945374087D-01
  0.366801899886D-02 -0.275995240814D-01 -0.296173576316D-01  0.218143081978D-01
 -0.158599452678D-01  0.681196670700D-03 -0.314090772054D-01 -0.935097641776D-02
 -0.236380330623D-01 -0.381340935430D-01 -0.369571907528D-02 -0.420368523236D-01
 -0.554110851122D-01  0.182097589697D-01 -0.558934574205D-02 -0.376689715573D-01
  0.815702456519D-01  0.119804710396D+00  0.377528250248D+00  0.104222995975D-02
  0.360942586664D-02 -0.449350908204D-02 -0.992926059732D-01 -0.601805530564D-01
  0.672202242655D-01 -0.238890186340D-01 -0.397474822328D-01  0.562462413560D-01
 -0.142463173077D-02  0.146783838882D-01 -0.209400879298D-02  0.862459338507D-03
  0.227508793469D-01  0.107876726695D-01  0.324267217488D-02  0.777332748566D-02
 -0.556471039028D-02 -0.129358582450D-01 -0.104735899370D-02  0.761325276583D-02
 -0.719151981078D-02 -0.123556142594D-02 -0.975780468264D-02 -0.967727771832D-02
  0.111785829542D-01 -0.784900113020D-02 -0.112458045550D-01 -0.856370625770D-02
 -0.785099994066D-02  0.110256321949D-01 -0.120047725819D-01 -0.583765799706D-02
 -0.229371905804D-01 -0.695554658601D-02  0.129935598777D-02 -0.365237666555D-02
 -0.145588381686D-01 -0.325369324532D-01  0.216900731041D-03 -0.195241625139D-01
  0.939484026849D-02  0.150291113472D+00  0.517094725360D-02 -0.252741653014D-01
  0.353410275860D-01 -0.447780370082D-01 -0.108906961549D+00  0.709336141274D-01
 -0.144396368952D-02 -0.428131237567D-01 -0.224715771521D-01 -0.444653315772D-02
 -0.457401948659D-02 -0.139105342820D-02 -0.416403295220D-02 -0.192796602564D-02
  0.133541116069D-01  0.194340403114D-02  0.164170933711D-01 -0.101915377831D-02
 -0.120918156288D-01  0.345273160103D-02  0.846616205676D-02 -0.336743881428D-01
 -0.487492459834D-02 -0.201790383229D-02  0.208932373272D-01  0.160861215011D-01
 -0.110705874729D-01  0.260764215049D-01  0.213635433494D-02  0.983637879963D-02
  0.113555767254D-01 -0.119805878452D-01  0.536364073171D-02 -0.280454673255D-01
 -0.328891082663D-01  0.149990106008D-01  0.816684831806D-03  0.177027924340D-01
 -0.639081252906D-02  0.302426936577D-02 -0.227949683353D-01  0.195647284886D-01
  0.817203130732D-01  0.203263135073D+00 -0.119876472774D-01 -0.883363899617D-02
 -0.161859877743D-01  0.531862221689D-01  0.695167692755D-01 -0.111452046204D+00
  0.203222173134D-01  0.498109067042D-01  0.118636680497D-01  0.820208250390D-02
  0.191592385663D-01  0.243744947606D-01  0.131805663619D-01  0.305798820026D-01
 -0.554971241715D-02  0.378590745434D-03 -0.534105988200D-02  0.797188296304D-03
 -0.300961192224D-03 -0.657188608206D-02 -0.828029266478D-02 -0.662622782386D-02
  0.142081619581D-01 -0.125315281608D-01  0.101153022692D-01  0.125028929145D-02
 -0.136413957057D-01 -0.208959658417D-01 -0.192390054151D-01 -0.168719613620D-01
  0.142937929083D-01  0.402811891192D-02 -0.751278626847D-01  0.998783720572D-02
  0.651103330876D-02 -0.249215421272D-01  0.105982588848D-01 -0.214316610586D-01
 -0.534656516659D-02 -0.360200718872D-01  0.873967630415D-02  0.818863912583D-02
 -0.698580567616D-01 -0.116980146195D+00  0.243685381753D+00 -0.231614574615D-01
 -0.111259379707D-01 -0.262460826920D-02 -0.317767228180D-02  0.106537145637D-01
  0.589849288791D-02 -0.962120078430D-02  0.265024799179D-01  0.216095041936D-01
  0.119552726229D-01 -0.128186200035D-02  0.818543337816D-02 -0.540263300872D-01
 -0.131076387689D-01  0.141912964333D-01 -0.107634533869D+00 -0.828043540907D-01
 -0.112550045824D-01 -0.145966910391D-01  0.476058293723D-03  0.933290210538D-02
  0.340810404050D-01  0.120194256590D-01 -0.605952668201D-02 -0.427550520670D-01
 -0.166887682438D-01  0.579630471727D-02 -0.386124558483D-01 -0.205156393655D-01
 -0.196382809224D-01 -0.104836370784D-01 -0.439749094858D-02  0.270078674843D-02
 -0.360862779071D-01 -0.216573312675D-01  0.135730200829D-01  0.815176264425D-02
 -0.162825468604D-01 -0.670168235952D-01  0.140933956909D-01 -0.441151244002D-02
  0.162760653647D-01  0.285280566864D-01 -0.730957006580D-02  0.292456217563D-02
  0.226304210844D+00 -0.148833680007D-01  0.987424585115D-03  0.895978017075D-02
  0.750000540304D-02  0.172441432432D-02  0.576975837852D-02 -0.448941481603D-03
  0.731056309784D-02 -0.191919864808D-01  0.145130828381D-01 -0.111675854371D-01
  0.631234270859D-03  0.536597944158D-02  0.689475467052D-02 -0.305642438766D-02
 -0.858319744999D-01 -0.177815754387D+00 -0.169448372126D-01 -0.238849919917D-01
 -0.199482053670D-01  0.431115293887D-02 -0.182675135350D-01 -0.325694188905D-01
 -0.385369345617D-02  0.106780443735D-02  0.316289399186D-02  0.110141707829D-02
  0.131932943114D-01  0.426179696926D-02 -0.309624041142D-02  0.135868670657D-02
 -0.123359036454D-01 -0.111374866848D-01  0.862970769541D-03 -0.223662348298D-01
  0.799114975931D-03  0.767645093958D-02  0.108265333043D-01  0.545556180728D-02
 -0.735019416591D-03  0.145054796465D-01  0.205397616112D-01 -0.117138362790D-01
  0.239943770811D-01  0.743024297465D-03  0.111159360604D+00  0.281984853077D+00
 -0.596615250399D-02  0.132965289487D-02  0.102622992811D-01 -0.291571518665D-02
 -0.102094367376D-01 -0.153596955641D-02 -0.516259160592D-02 -0.210381288701D-01
 -0.175387716558D-01  0.165448101872D-01 -0.364822889381D-01 -0.336699883139D-01
 -0.795637999709D-02 -0.197037652607D-01 -0.355363816104D-01 -0.337239657941D-02
 -0.549215094091D-02 -0.468388662158D-01 -0.100022477923D-01 -0.181713356241D-01
 -0.118854688949D-01  0.225649151321D-01  0.388101983049D-01  0.322351252082D-01
  0.140421736971D-01  0.170160201951D-01 -0.142946482660D-01  0.295856462782D-02
  0.504175706138D-02  0.310891068811D-01 -0.880711146681D-03 -0.386943077346D-02
  0.768376314210D-03  0.124692429349D-01 -0.101832994924D-01  0.143978301681D-01
 -0.552404194123D-02  0.262937139840D-01  0.314943081031D-01 -0.471387963219D-02
  0.563775526671D-01 -0.184778841917D-02 -0.252823233581D-01  0.734384730404D-02
 -0.240904223089D-01  0.429162479106D-03  0.605842097426D-01  0.162632291205D+00
 -0.467461111597D-02  0.685726585180D-02 -0.772607065083D-03 -0.100973402959D-01
 -0.283624190286D-02 -0.100602209448D-01 -0.126148245865D-01  0.196275430475D-01
  0.161065448363D-01  0.100121156703D-01 -0.787334585198D-02 -0.106905354565D-01
 -0.923833133605D-02 -0.106774797304D-01  0.110521652559D-01 -0.310338966048D-01
 -0.888444076288D-02  0.110181117293D-01 -0.210991983487D+00  0.482526583334D-01
 -0.200108204440D-01 -0.233814121492D-01 -0.170606513433D-01  0.967076525205D-02
  0.151944402569D-01  0.568419379792D-02 -0.149689095133D-01  0.817115329247D-03
 -0.381328388198D-02 -0.468943010904D-03 -0.909366979133D-02  0.379089062780D-01
  0.644303734149D-02 -0.231428694931D-02  0.323843120583D-01 -0.119782898808D-01
 -0.229184628433D-01 -0.692358178969D-02  0.301614600183D-01  0.488913101786D-01
 -0.207771134389D-01 -0.500491340102D-01 -0.123383670575D-01 -0.310723653819D-01
 -0.217101882966D-02  0.387059955006D-02 -0.115605626777D-01 -0.266934640748D-02
  0.354364925176D+00 -0.119617257449D-02  0.117214779761D-02 -0.328549667380D-02
 -0.919317763180D-02  0.647343363243D-02 -0.886053838547D-02 -0.123617958342D-02
  0.131398847694D-01  0.198868106019D-01 -0.116811632641D-01 -0.121820733147D-01
 -0.209275823547D-01 -0.859047548515D-02 -0.276986530818D-01 -0.467162589336D-02
  0.274494803533D-01 -0.177150009666D-01  0.443239234483D-02  0.718505989715D-01
 -0.535710561178D-01  0.279379638099D-02  0.116208091468D-01 -0.700592570530D-02
 -0.767613267233D-03 -0.498700108854D-01 -0.123996339850D-01  0.327653268343D-01
 -0.370978981737D-01 -0.186929950742D-01  0.153204631754D-01 -0.124682004860D-01
  0.206311615328D-01 -0.134371891937D-01 -0.487979241225D-01 -0.222502383400D-03
 -0.141002121333D-01 -0.577638492231D-02 -0.152404931652D-01  0.485864929640D-01
  0.867081070175D-01  0.253126640656D-01 -0.237463558792D-01  0.513777281602D-02
 -0.286704840892D-01 -0.341358703567D-01  0.206714017242D-01 -0.431727302398D-01
 -0.843918714668D-02 -0.174665731892D-01  0.228095381089D+00 -0.551559407907D-02
 -0.847491044219D-03 -0.867359938316D-02 -0.232217778552D-01 -0.774624926020D-03
 -0.163918948832D-01  0.130715242942D-01  0.446009766887D-01  0.406660636475D-01
  0.644739685070D-02  0.182240058925D-02 -0.729864414623D-02  0.643678695919D-02
  0.136651767634D-01  0.121539059774D-02  0.347926672792D-01 -0.282127047110D-02
  0.147986111570D-01 -0.412493954289D-02 -0.102751335584D-01 -0.394784304368D-01
  0.845606334108D-01  0.161407327746D-01 -0.243876115277D-01 -0.231765245061D-01
 -0.293820844967D-01 -0.990082501535D-02  0.335916075053D-02 -0.153872886798D-01
 -0.336513944017D-01 -0.117935311154D-01  0.254272929296D-01 -0.295884255339D-01
  0.470018049276D-01 -0.998380721701D-02  0.204320946016D-01 -0.156809001505D-01
 -0.636328757700D-02 -0.926474331070D-02 -0.514425918052D-02 -0.106894416929D-01
 -0.135600725966D-01 -0.153683366361D-01 -0.103979833505D-01 -0.110858977424D-02
 -0.461773046502D-02  0.886934698303D-02  0.763717595918D-02  0.311562041643D-01
 -0.356648377922D-01  0.157660113644D+00  0.247340596902D-01  0.143681177602D-02
  0.169685144506D-01  0.631798695672D-03  0.304324723956D-02 -0.239327984841D-02
 -0.225377366160D-01 -0.173329243873D-01 -0.748005806375D-02 -0.305491772405D-01
  0.859527193705D-02 -0.624209991883D-02 -0.231811980195D-01 -0.311492074920D-01
  0.154339554395D-01 -0.243979160931D-01 -0.139705369302D-01  0.291820567020D-02
 -0.622741592382D-01  0.264349885217D-01 -0.268608330232D-01 -0.111235738834D-01
 -0.111711767282D-01  0.675914889453D-02  0.246197925706D-01 -0.338950120280D-01
  0.434550303154D-01  0.117714166850D-01  0.312186531108D-01 -0.734712933320D-02
 -0.131802692152D-01  0.312166591809D-02 -0.595643910745D-02  0.267209105923D-01
  0.158522444669D-01  0.193656650838D-01  0.354344857231D-01  0.120227192834D-01
 -0.671327659844D-01 -0.346992005512D-01 -0.291862228609D-02  0.426945511334D-01
 -0.745653073816D-03 -0.950983781878D-02 -0.102342422649D-01  0.141523262945D-01
 -0.252467242305D-01 -0.482914891276D-01 -0.422545005894D-01 -0.162629903491D-01
 -0.302676663174D-01  0.217302108828D+00  0.326686736693D-02 -0.292853947478D-02
 -0.871118996658D-02  0.789379984759D-02 -0.470753954457D-02  0.891867513023D-02
 -0.446023910459D-02  0.172670671748D-01 -0.693583854271D-02 -0.112453737985D-01
  0.255220660942D-01  0.217447139069D-01 -0.280622410043D-02  0.215282656249D-01
  0.160634924120D-01 -0.281666761409D-01 -0.535474967601D-02 -0.170232982657D-01
  0.489229554463D-02 -0.130595581123D+00  0.990273311309D-01  0.507938332358D-02
 -0.430687020285D-02 -0.975415014073D-02  0.194047673899D-02 -0.973651971816D-02
  0.640305166529D-02  0.114300292797D-01 -0.425240862856D-02 -0.247526302021D-01
  0.564560765065D-02 -0.151187463852D-01 -0.195703942323D-01  0.238594749438D-01
  0.642978879287D-02 -0.259882805395D-01  0.287998928026D-01 -0.200726433502D-01
  0.905685851292D-02 -0.324077882469D-01 -0.104744369064D-01  0.320700306617D-01
  0.752714927012D-02  0.118691306152D-01  0.270627810194D-01 -0.883878538962D-02
  0.884727785906D-02 -0.482917659037D-01 -0.169424318324D-01 -0.579043023444D-01
  0.122579255405D-01  0.312566110437D-01  0.232859332852D+00  0.147400321472D-01
  0.925340707861D-02  0.348909030313D-02 -0.553750584086D-03  0.651018270434D-02
 -0.759799387606D-02  0.106963435243D-01  0.690509482231D-02  0.201535669581D-01
  0.169579355794D-02  0.273714878894D-01  0.267595215912D-01 -0.121083787696D-02
  0.728291765156D-02  0.142375304243D-01  0.104117891757D-01  0.298084783271D-01
 -0.592002081246D-01 -0.191734457233D-01  0.861806463470D-01 -0.162918296075D+00
 -0.467815312101D-01 -0.196549583673D-01 -0.405760629717D-01  0.545913193445D-01
  0.798121489940D-02 -0.340407073041D-01  0.247355474269D-01 -0.109519509502D-02
 -0.184457937484D-01  0.916973620476D-02  0.192370603203D-01  0.673384310571D-02
 -0.164920865726D-01 -0.230923855144D-02 -0.139142399795D-01 -0.151393380770D-01
  0.133323569481D-01 -0.108959232878D-01  0.579093068506D-03 -0.823465220514D-01
 -0.181723060196D-01  0.103828519280D-01  0.274909600691D-01  0.233894765525D-01
 -0.164666660020D-01  0.171475358124D-01 -0.327174651754D-01 -0.117288416448D-01
 -0.469936550092D-01  0.719327700492D-02  0.452065877131D-02 -0.996376913036D-01
  0.325385131266D+00  0.165938640634D-01  0.372408446914D-02  0.196057846343D-01
  0.164677392395D-02  0.103305809385D-01 -0.102519212055D-01 -0.387574311103D-02
 -0.203643843344D-01 -0.220415961170D-01  0.330856975067D-02  0.110851678783D-01
  0.833776128658D-02  0.855415280425D-03 -0.315715596357D-02 -0.624031397466D-02
 -0.126231782916D-01  0.606970647647D-02 -0.887012343209D-02 -0.116767048088D+00
 -0.947451462637D-01  0.641907433366D-02 -0.186428167336D-01 -0.492930641523D-02
  0.496571866087D-03  0.125775711532D-01 -0.233546755968D-02 -0.122352120251D-01
  0.111447794887D-01 -0.118094387981D-01 -0.538317213261D-02  0.864284964269D-02
  0.859294558556D-02 -0.174414285563D-01 -0.494775343199D-01 -0.163034717524D-01
 -0.419323657170D-01  0.103185185264D-01  0.147354862100D-01  0.754758340977D-01
  0.546486446780D-01 -0.555658130762D-02  0.322946015505D-02 -0.404355268662D-02
  0.368151954589D-01 -0.119551403915D-01 -0.235553928786D-01  0.320513546532D-01
  0.130252758059D-01 -0.253582386168D-01  0.182906147584D-02 -0.267834839350D-01
 -0.726987591099D-01  0.286427891943D-02  0.449646909820D-01  0.268529420984D+00
 -0.513160241610D-02 -0.598946507299D-03 -0.146547062588D-01 -0.155463667631D-01
  0.485941238638D-02  0.149244264252D-01 -0.620202219386D-02 -0.327930741469D-01
 -0.267940521093D-02  0.107030429100D-01 -0.958159243820D-02 -0.216958724381D-03
 -0.426753856419D-02 -0.369266542737D-01 -0.132072425079D-01 -0.191192664285D-02
 -0.290664528080D-01 -0.333689960447D-01 -0.892186532235D-01 -0.166193404819D+00
 -0.137001718517D-01 -0.454926904848D-01 -0.196202150056D-01  0.248607927186D-01
  0.410979958422D-01  0.274064299884D-01  0.544615901714D-02  0.146480871041D-01
  0.328970015731D-01  0.352975845058D-01 -0.860193223523D-02 -0.370795331327D-02
  0.305218993803D-01  0.361848012342D-01  0.267538511369D-01  0.430508181006D-01
 -0.190241229969D-01  0.147993886450D-01 -0.466276084217D-01 -0.289932590228D-01
 -0.109869073607D-01 -0.191295898685D-01 -0.913959722514D-03 -0.133937972739D-01
 -0.164949847973D-01  0.476302523174D-02 -0.280520744041D-01  0.486936199069D-02
 -0.664846165924D-02 -0.153567371733D-01 -0.933551920289D-02  0.372334360239D-01
 -0.614806151311D-01 -0.233718891026D-01  0.416646433834D-01  0.318470236590D+00
  0.290500341627D-01  0.378580338168D-02  0.729057656766D-02  0.242697446464D-02
  0.126010637580D-02  0.136131397835D-02 -0.787996675555D-02 -0.886320435371D-02
 -0.166718556593D-01 -0.162217429382D-01  0.272141365466D-01  0.220387004345D-01
 -0.172716109304D-01  0.299748777746D-02  0.961162337261D-02 -0.453235069739D-01
 -0.440928973220D-01 -0.274508423868D-01 -0.202359914030D-01 -0.551474823766D-03
 -0.653500354889D-01 -0.109052112140D-01 -0.140381981478D-01 -0.793756746308D-02
 -0.298836329298D-01 -0.255344387917D-01  0.422702651776D-01 -0.232483479358D-01
  0.294427569448D-02 -0.444405889171D-02 -0.543644676696D-03  0.686287416175D-02
 -0.135109903866D-01 -0.303254660196D-01  0.188113017303D-01 -0.412035331004D-01
  0.221436345390D-01 -0.260638294734D-01  0.290026119556D-01  0.187252803137D-01
  0.815183644624D-02  0.295122691599D-02  0.127949123211D-01 -0.298715576310D-01
  0.510010999567D-02  0.178841793924D-01 -0.534005495753D-01 -0.676668636375D-01
  0.134137492286D-01  0.804370446761D-01 -0.510327140068D-01  0.574641012104D-01
  0.476938954994D-01 -0.201283057434D-01  0.320747137573D-01  0.592972044077D-02
  0.186901919314D+00  0.146420339125D-01  0.580755936691D-02  0.466588282309D-02
 -0.140361787418D-01 -0.851066143795D-02 -0.829047908819D-02 -0.534577187487D-02
 -0.817432390713D-02  0.139016980770D-02 -0.925822105851D-02 -0.203600584396D-01
 -0.342298516209D-01 -0.105564082685D-01 -0.167813564727D-01 -0.109299286771D-01
 -0.870942195749D-02 -0.570985043670D-02  0.785269015930D-03  0.945193573518D-02
  0.786286521178D-02 -0.606047560434D-02  0.155851273676D-01  0.411277555330D-01
 -0.403226145970D-01  0.193452520596D-01 -0.254411513599D-01  0.250452277550D-01
 -0.496598707380D-01 -0.473431294674D-02  0.327208626771D-01 -0.140670476430D-01
  0.153980325583D-01 -0.269940140786D-01  0.310370950194D-01  0.489024704821D-02
  0.202481156614D-01  0.103472137059D-01  0.163658401740D-01  0.950057287159D-02
 -0.814776941504D-02  0.358020267782D-01  0.602099598888D-02 -0.266989611045D-01
 -0.103886177130D-01 -0.185348546329D-01 -0.197179699301D-01  0.165033720723D-02
  0.357852071543D-01 -0.103705226832D-02 -0.744100096681D-02  0.270324480670D-01
  0.418679531266D-01 -0.147949731247D-01 -0.263251233854D-01 -0.238910729051D-01
  0.259268241258D-01 -0.144078438472D-01  0.113658715290D+00 -0.679685608149D-02
 -0.104085409869D-01  0.697603426165D-03  0.124817628001D-03 -0.158890221706D-02
 -0.650947281856D-02 -0.128973413547D-01  0.473637005803D-03  0.369219086906D-02
 -0.339256402047D-02  0.151313395018D-01  0.219234408242D-02 -0.725966944284D-02
  0.264578973703D-02  0.163347885372D-01  0.823408757314D-02 -0.138787919977D-03
  0.147894324520D-01 -0.649103205650D-02 -0.882815150455D-02  0.117699377177D-01
  0.199186382817D-01 -0.146625688277D-01  0.172209541797D-01  0.120819221139D-02
 -0.221038846295D-02 -0.119267003597D-01  0.390999424604D-02 -0.172773285142D+00
  0.171307992385D+00  0.111135830977D-01  0.565803111044D-02 -0.416533499377D-02
  0.178983188744D-02 -0.608612382669D-02  0.379972327492D-02  0.513100591432D-02
  0.465504112699D-02 -0.236018845362D-01  0.611044452994D-02 -0.182150446827D-01
  0.147249702407D-01  0.390239439729D-02  0.837714925135D-02 -0.899975816563D-03
  0.923666434579D-02  0.170617572641D-02 -0.193208861166D-01 -0.354103533059D-02
 -0.160132530026D-01  0.228604531641D-01  0.183943508303D-01  0.149330427411D-01
  0.167580741693D-01 -0.401009172991D-02 -0.222395560655D-02 -0.151864860681D-01
 -0.137323285659D-01  0.195949554350D+00  0.576377372467D-02  0.473935807700D-02
 -0.557520277271D-02 -0.444104345888D-02 -0.291656485309D-02  0.170099536572D-02
  0.157911863476D-01  0.819142055641D-02  0.948251504227D-02 -0.534841276199D-02
 -0.118609329387D-01 -0.359163884540D-02  0.105835764030D-01 -0.570685572193D-03
 -0.207478842926D-01 -0.112486023815D-01  0.618023977606D-02 -0.940347934382D-02
  0.772381616975D-02  0.642299159559D-02 -0.949143832355D-02 -0.326852564219D-01
  0.301138627957D-01 -0.200165128101D-01  0.170004912667D-01 -0.327135044705D-02
 -0.193844390137D-02 -0.567573022894D-02  0.190516288497D+00 -0.255564603656D+00
 -0.767429931971D-02 -0.107025830515D-02  0.173635126804D-01  0.642305867302D-02
  0.907174227123D-02 -0.437545018227D-02 -0.262524669961D-02 -0.691872518576D-02
  0.246586054834D-01 -0.174171335103D-01  0.918494101029D-02 -0.921528781673D-02
  0.228356882557D-02  0.817633218391D-02  0.374264606924D-02 -0.163653865628D-01
  0.167957408095D-02  0.100530770827D-01 -0.414560260174D-02 -0.627295631968D-02
 -0.236687139820D-01 -0.133884839982D-01  0.245200560038D-02 -0.138042983908D-02
  0.600091803235D-02 -0.724594746347D-02  0.729912535126D-02  0.173722321066D-01
 -0.222912941383D+00  0.309258084334D+00 -0.204052972335D-01 -0.537955344399D-02
 -0.226987117134D-02  0.198157806831D-01 -0.281282656025D-01  0.130583294076D-01
  0.262169113262D-01  0.799807125553D-02  0.101394037246D-01  0.191367609626D-01
 -0.749000917324D-02  0.159100035567D-01  0.243530880099D-01  0.393240888665D-01
 -0.137232978029D-01  0.227356709796D-01  0.195468074059D-01 -0.130452353960D-01
 -0.254755499312D-01  0.500025780443D-02 -0.253615155621D-01 -0.479048561989D-01
 -0.131008709737D-02  0.881846253742D-02 -0.305192113507D-01  0.670566451504D-01
 -0.758949501911D-02 -0.319069536314D-01 -0.182020370477D-01  0.303516872070D-01
 -0.698144887775D-01  0.123291198866D+00  0.858877268315D-01 -0.284381543669D-01
 -0.112041516307D-01 -0.450572334510D-02 -0.167023156212D-01 -0.373682657491D-01
 -0.317088206012D-01 -0.572412541783D-01  0.283461153745D-01 -0.834930477958D-02
  0.408637532782D-01 -0.891420687767D-03  0.453947543657D-01  0.422920064952D-01
 -0.382639519910D-02  0.491792326009D-02 -0.158035284700D-01  0.181092012876D-02
 -0.881638829204D-01 -0.595927085755D-01 -0.147933749936D-01 -0.326162350551D-01
 -0.373330707497D-01  0.197306800697D-01  0.102693862342D-01 -0.648095803118D-01
 -0.309530863608D-01  0.320725763962D-01  0.310532997662D+00 -0.528023982283D-02
 -0.244317345524D-01 -0.279021212280D-01  0.174524121450D-02 -0.583009407464D-02
  0.308943102902D-01 -0.660257170351D-02 -0.243909649623D-01 -0.247351394086D-01
  0.109047968156D-01  0.194322423142D-01  0.296920390679D-01  0.150278137219D-01
  0.496465248842D-02  0.857358309134D-02 -0.111207540701D-01 -0.176122788746D-01
 -0.251200723242D-02  0.119915282723D-01 -0.344894193967D-03  0.792324467893D-02
 -0.105905887780D-01  0.141387602521D-01  0.702049628622D-03 -0.568168291088D-02
  0.382425144413D-02 -0.189743289004D-01 -0.165857210956D-02 -0.137220180215D-01
  0.140446011873D-01  0.178349395500D+00 -0.403408853631D+00 -0.983910186536D-01
 -0.149835218122D-01  0.171759541687D-01  0.210555926013D-02 -0.221215798379D-01
 -0.577939694863D-02 -0.457499800459D-02  0.185766101162D-01 -0.324928671715D-01
 -0.338108578510D-01  0.181675487202D-01 -0.519877873496D-02 -0.168165304088D-02
  0.129393070713D-01 -0.187786371320D-01 -0.164646383404D-01  0.153626894061D-01
  0.310211677560D-01 -0.372153542437D-02 -0.271529679012D-01 -0.123230192691D-01
  0.149732441705D-03 -0.655146132405D-02  0.479605994244D-02  0.115141534560D-01
 -0.187628526324D-01  0.361924162884D-02 -0.136883939764D-01 -0.152558137936D+00
  0.465341207572D+00 -0.703722279238D-02 -0.153856589862D-01 -0.132544620963D-01
  0.107119081045D-02 -0.368056292327D-01 -0.173288759178D-01 -0.468960271642D-02
 -0.156643639920D-01 -0.499074393753D-02  0.489497448103D-02  0.786281778375D-02
  0.126944119209D-01  0.258413870931D-02  0.574615599814D-03  0.176540385304D-01
  0.372010444898D-02 -0.727762206193D-02 -0.335238304761D-02  0.120352373185D-01
  0.130754916711D-04  0.550305764220D-02  0.980913865297D-02  0.475704201099D-02
 -0.300621912799D-02 -0.109316258511D-01 -0.739821805716D-02 -0.611553939720D-02
 -0.283367748838D-02  0.103080693076D-02  0.114419583227D-02  0.899310068354D-02
 -0.549796873456D-01 -0.491264931953D-01 -0.501018637100D-02  0.138883307671D-01
  0.200369427970D-01 -0.125898026636D-01  0.107866007712D-02 -0.453509137880D-01
  0.100186045468D-01 -0.258850417333D-01 -0.179843980954D-01  0.847042083702D-02
 -0.192590381861D-01 -0.603369825328D-02  0.252423171223D-01 -0.259102539395D-01
 -0.129469561483D-01  0.106922319830D-01  0.170807934277D-01  0.184029323864D-01
  0.160146560182D-01 -0.220855219826D-01 -0.735370506151D-02 -0.464953274641D-01
  0.351322568758D-01  0.156929370161D-02  0.552820160289D-02  0.837521759389D-02
 -0.185894756431D-01 -0.294868718681D-01  0.140857418958D+00  0.128428990899D+00
$end
