$energy      SCF               SCFKIN            SCFPOT
     1 -537.8267755062      535.4620328350     -1073.288808341
     2 -537.8278161373      535.5175801767     -1073.345396314
     3 -537.8286152340      535.5193875464     -1073.348002780
     4 -537.8293278435      535.5748570842     -1073.404184928
     5 -537.8295609503      535.5750365320     -1073.404597482
     6 -537.8297719020      535.5851393281     -1073.414911230
     7 -537.8299083663      535.5934893597     -1073.423397726
     8 -537.8299466350      535.5924922264     -1073.422438861
     9 -537.8300053753      535.5860531131     -1073.416058488
    10 -537.8300555121      535.5789896631     -1073.409045175
    11 -537.8301157570      535.5700417391     -1073.400157496
    12 -537.8301572608      535.5676899689     -1073.397847230
    13 -537.8301912928      535.5686450654     -1073.398836358
    14 -537.8302255976      535.5700265819     -1073.400252179
    15 -537.8302632792      535.5705264183     -1073.400789697
    16 -537.8302958878      535.5660422593     -1073.396338147
    17 -537.8303352305      535.5586923180     -1073.389027548
    18 -537.8303659671      535.5542684159     -1073.384634383
    19 -537.8303918063      535.5534742294     -1073.383866036
    20 -537.8304266540      535.5602278745     -1073.390654528
    21 -537.8304547747      535.5656402732     -1073.396095048
    22 -537.8304726596      535.5674065608     -1073.397879220
    23 -537.8304904120      535.5660621913     -1073.396552603
    24 -537.8305069433      535.5623735662     -1073.392880509
    25 -537.8305232343      535.5602748607     -1073.390798095
    26 -537.8305429711      535.5614909320     -1073.392033903
    27 -537.8305632774      535.5668512442     -1073.397414522
    28 -537.8305878898      535.5725561284     -1073.403144018
    29 -537.8306249929      535.5754607514     -1073.406085744
    30 -537.8306422064      535.5751845931     -1073.405826800
    31 -537.8306534648      535.5724158784     -1073.403069343
    32 -537.8306604411      535.5693129123     -1073.399973353
    33 -537.8306669108      535.5685395900     -1073.399206501
    34 -537.8306754380      535.5700595167     -1073.400734955
    35 -537.8306822182      535.5722719777     -1073.402954196
    36 -537.8306875084      535.5735244006     -1073.404211909
    37 -537.8306953668      535.5722641811     -1073.402959548
    38 -537.8306980117      535.5711569243     -1073.401854936
    39 -537.8307001311      535.5683735602     -1073.399073691
    40 -537.8307025333      535.5661395714     -1073.396842105
    41 -537.8307040588      535.5649376438     -1073.395641703
    42 -537.8307053153      535.5646623119     -1073.395367627
    43 -537.8307075009      535.5645865740     -1073.395294075
    44 -537.8307092446      535.5643237305     -1073.395032975
    45 -537.8307102692      535.5641494397     -1073.394859709
    46 -537.8307110886      535.5641710671     -1073.394882156
    47 -537.8307118708      535.5651408434     -1073.395852714
    48 -537.8307121357      535.5661166018     -1073.396828738
    49 -537.8307122382      535.5673088763     -1073.398021115
    50 -537.8307124983      535.5673647668     -1073.398077265
    51 -537.8307127813      535.5677847514     -1073.398497533
    52 -537.8307133570      535.5671211591     -1073.397834516
    53 -537.8307137641      535.5663706709     -1073.397084435
    54 -537.8307141044      535.5657789617     -1073.396493066
    55 -537.8307145457      535.5657091232     -1073.396423669
    56 -537.8307148494      535.5660888826     -1073.396803732
    57 -537.8307158605      535.5667694819     -1073.397485342
    58 -537.8307167684      535.5668023541     -1073.397519122
    59 -537.8307176553      535.5662666893     -1073.396984345
    60 -537.8307205096      535.5640677691     -1073.394788279
    61 -537.8307224064      535.5634092503     -1073.394131657
    62 -537.8307238294      535.5642296508     -1073.394953480
    63 -537.8307255011      535.5673782455     -1073.398103747
    64 -537.8307261311      535.5689453918     -1073.399671523
    65 -537.8307259649      535.5674800392     -1073.398206004
    66 -537.8307266838      535.5670039096     -1073.397730593
    67 -537.8307278360      535.5662478391     -1073.396975675
    68 -537.8307284129      535.5662565731     -1073.396984986
    69 -537.8307290395      535.5665830637     -1073.397312103
    70 -537.8307293585      535.5673915483     -1073.398120907
    71 -537.8307288921      535.5669790003     -1073.397707892
    72 -537.8307292218      535.5669326344     -1073.397661856
    73 -537.8307300875      535.5669031039     -1073.397633191
    74 -537.8307306621      535.5668469168     -1073.397577579
    75 -537.8307313161      535.5668452671     -1073.397576583
    76 -537.8307324045      535.5667620106     -1073.397494415
    77 -537.8307334655      535.5667680776     -1073.397501543
    78 -537.8307355496      535.5664738230     -1073.397209373
    79 -537.8307368087      535.5660089473     -1073.396745756
    80 -537.8307376592      535.5659454098     -1073.396683069
    81 -537.8307382881      535.5658074086     -1073.396545697
    82 -537.8307386944      535.5661390090     -1073.396877703
    83 -537.8307397651      535.5662463702     -1073.396986135
    84 -537.8307401348      535.5662286271     -1073.396968762
    85 -537.8307414832      535.5660047659     -1073.396746249
    86 -537.8307419235      535.5659736490     -1073.396715572
    87 -537.8307421545      535.5658942403     -1073.396636395
$end
