$hessapprox
  0.502552523340D+00 -0.387279168042D-01  0.450310548400D+00 -0.943639443895D-01
 -0.261096229981D-02  0.548439202047D+00 -0.486418442912D-01  0.481825018582D-02
 -0.651122675625D-02  0.505932044395D+00 -0.141695738365D-01 -0.797504260698D-01
  0.226603680458D-01  0.233773421350D-01  0.445092995747D+00  0.706299413059D-01
  0.266470514291D-02 -0.143343916407D+00  0.101179880923D-01  0.121140793929D-01
  0.625654190451D+00 -0.624538981349D-02  0.308598418636D-01 -0.436448179337D-02
 -0.847768704451D-01  0.339124142027D-01  0.331892096878D-01  0.416196754959D+00
  0.549726579503D-02 -0.413395008221D-01  0.156861604365D-01  0.481204718174D-01
 -0.601282812802D-01 -0.674728019032D-03 -0.592983160177D-01  0.356129645953D+00
 -0.180280220547D-01  0.621492351996D-02 -0.557903166430D-02  0.166632441247D-01
 -0.976754549590D-02 -0.921806041938D-01  0.390809466751D-01  0.288489207055D-01
  0.378755733699D+00 -0.169984236442D-01  0.670501106920D-02  0.120573379887D-01
 -0.212665762500D-01  0.276123872282D-01 -0.310565435888D-01 -0.423841850496D-01
  0.343045860161D-01 -0.210473090354D-01  0.481232835697D+00 -0.856946510860D-02
 -0.648223579248D-02  0.428605343811D-03  0.137320332915D-01 -0.784975218168D-02
  0.460281873491D-01  0.829169229399D-02 -0.418200071656D-01 -0.621496939103D-02
  0.165979897802D-01  0.511433498122D+00  0.235582633990D-01  0.122738219172D-01
 -0.388695693173D-01  0.212665442994D-02  0.166637071486D-01  0.169724031520D-01
 -0.156403270137D-01 -0.321875170573D-01 -0.838307243838D-01 -0.165995960674D-01
 -0.796753757205D-02  0.431370913688D+00 -0.476473822571D-02  0.164307725998D-01
 -0.240922651671D-01 -0.157706830739D-01  0.731289312652D-02  0.339921144162D-01
 -0.201928627248D-01  0.280502013219D-01 -0.137393552600D-01 -0.845129014001D-01
  0.201424084298D-01  0.976525743988D-02  0.451389380117D+00  0.103137615792D-01
 -0.250409258170D-02 -0.730118874264D-02  0.661584553021D-02 -0.795607241627D-02
  0.840196480778D-02 -0.132588400023D-01 -0.110010508063D-01 -0.345736143397D-02
 -0.545654002233D-02 -0.747842161599D-01 -0.167375212083D-01  0.273570739563D-01
  0.519005379897D+00 -0.118083591070D-01  0.205879358596D-03  0.603560571649D-02
  0.186022557001D-02 -0.267385260947D-02  0.447174310557D-03 -0.144923119756D-01
  0.321682765265D-02 -0.685551940894D-02  0.917426128081D-02 -0.219303379232D-01
 -0.486121198133D-01  0.283893163151D-01  0.283022256199D-01  0.447361384559D+00
 -0.215754147600D-01  0.106302520424D-01  0.723713206797D-02 -0.810018685643D-02
  0.169739035737D-01 -0.733244751744D-03 -0.837381186333D-02  0.268272907394D-01
 -0.334868040185D-02 -0.228118894092D-01  0.215268178773D-01  0.350997267818D-02
 -0.633051975799D-01  0.302589813801D-02  0.131713093949D-01  0.338963502075D+00
  0.127122997338D-01 -0.892175413531D-02  0.921856108955D-03  0.290053428507D-02
 -0.423766562223D-02 -0.140624994231D-01 -0.986258882073D-03 -0.177426352377D-01
  0.194157484973D-02  0.881752308720D-02 -0.260130923465D-01 -0.409030994414D-02
 -0.661130734322D-02 -0.569663498482D-01  0.617290904137D-02  0.125403213774D-01
  0.441918765286D+00 -0.161336498205D-02  0.766311877528D-02 -0.288794049066D-02
 -0.436345581481D-02  0.802506638855D-02 -0.141522153370D-02 -0.292043987306D-02
 -0.234855836091D-03 -0.107272789408D-01  0.310743114264D-01  0.276294388154D-02
 -0.391984449256D-01  0.389906429541D-01  0.116705778806D-02 -0.118422019213D+00
 -0.495232886647D-01 -0.226245985588D-01  0.345293697974D+00 -0.452128574937D-01
  0.974379133502D-02  0.336315548906D-01 -0.131646225944D-01 -0.155080679665D-01
 -0.191206462362D-01 -0.172748398786D-01 -0.659222662763D-02 -0.699985533363D-02
  0.480035482944D-02 -0.524587173415D-02 -0.120289880203D-01 -0.269183315184D-01
 -0.121278086286D-01 -0.908939512154D-02 -0.358110385695D-01  0.302817585152D-02
  0.618972876710D-02  0.526059576856D+00  0.188379369338D-01 -0.346359286289D-02
 -0.143742743551D-01  0.771476322493D-02  0.507922579090D-02 -0.582271253984D-02
  0.234245434100D-02 -0.124033950267D-01  0.154534159940D-02  0.402928917336D-02
  0.953150114010D-04  0.970141831850D-02 -0.123311654416D-01 -0.403945750509D-01
  0.218514283559D-01 -0.330975932166D-01 -0.814934377978D-01  0.494627042864D-02
 -0.946007254499D-02  0.451379500797D+00  0.190502333100D-01 -0.106793148928D-01
 -0.169246431430D-01 -0.894656692474D-02  0.428024084219D-02  0.342758959639D-01
  0.302637732553D-02  0.725997815188D-02 -0.652627401488D-02 -0.218614004672D-01
 -0.126385407788D-01  0.200666422743D-02  0.108375824072D-01  0.189722849603D-01
 -0.156537339320D-01  0.811163812643D-02  0.548522213264D-02 -0.568155068451D-01
 -0.584048056083D-01  0.222180159833D-01  0.503625945095D+00  0.951959837040D-02
 -0.135037806652D-01 -0.116609233711D-01 -0.189836986994D-01  0.824306488948D-02
  0.196635303043D-01 -0.909916553548D-02 -0.226111398337D-02 -0.133927622197D-01
 -0.282668670183D-01 -0.127967206959D-02 -0.149810980021D-01 -0.430707105785D-02
  0.228805880448D-01  0.785158941800D-02 -0.143969089613D-01 -0.275404836394D-02
  0.424909025035D-02 -0.673677074788D-01  0.657779687977D-02 -0.324680881920D-02
  0.536667740229D+00  0.375214673089D-02 -0.912127183660D-02  0.331948532174D-02
  0.993830241233D-04 -0.680442717165D-02 -0.984591788739D-03 -0.306198888777D-02
  0.235004726700D-02 -0.115381909917D-01 -0.159375689129D-02 -0.201341122449D-01
  0.308905585557D-03 -0.122940428767D-01 -0.280600988540D-01 -0.522579844072D-02
 -0.368388406044D-01 -0.377020112883D-01 -0.180296208641D-01  0.379536559447D-02
 -0.429239873049D-01 -0.138020416927D-01 -0.277348373345D-01  0.443077075294D+00
 -0.150722377950D-01 -0.762864771999D-03  0.130430484887D-01  0.311537442904D-02
 -0.195723953435D-02 -0.100935745306D-01 -0.113734518351D-01 -0.619541802960D-02
  0.113536806442D-01  0.126443500137D-01  0.311301004479D-02 -0.982719874931D-02
 -0.324789837709D-03 -0.550887595091D-02  0.461858535026D-04 -0.953221325935D-02
  0.169249583487D-01 -0.892936455938D-02  0.338226622603D-02 -0.112748202584D-02
 -0.836741159860D-01 -0.489282903254D-01  0.140320007476D-01  0.498032929062D+00
 -0.204975768054D-01 -0.635547131726D-02  0.155122610034D-01 -0.352820330077D-02
 -0.228886205307D-01  0.274933805997D-02 -0.678452830535D-02  0.257539820456D-02
  0.630279534651D-02 -0.105343922130D-01  0.246562088780D-02  0.427375154507D-02
 -0.147914589549D-01 -0.104184734765D-02  0.102884645435D-02 -0.308971592514D-01
 -0.220426177624D-01 -0.117059085245D-01 -0.195307958342D-01 -0.421242407899D-01
 -0.421805969121D-02 -0.707684387176D-01  0.495919349183D-01  0.511405183403D-02
  0.548315465711D+00  0.927338338560D-02 -0.174277420903D-01 -0.128811877649D-01
  0.342113725249D-03  0.584674930434D-02 -0.712891759023D-02  0.344896946447D-02
 -0.507650068420D-03 -0.197120155103D-01 -0.254336886164D-01 -0.158996938002D-01
 -0.123997087357D-01 -0.631279319123D-02 -0.166249003884D-01 -0.544360165247D-03
 -0.366476745147D-01 -0.258034677753D-01 -0.712741556625D-02 -0.215766889858D-02
 -0.323606461078D-01 -0.195952684811D-01 -0.277195832584D-02 -0.122228335369D+00
  0.154600814106D-01 -0.114278123999D+00  0.503077980351D+00  0.791663511352D-02
  0.601211058333D-02 -0.177724836820D-03  0.138137421768D-01  0.104843337052D-01
  0.795576307328D-02  0.581629903911D-02  0.270595277981D-03  0.697668815260D-02
  0.285246721971D-02 -0.293356558051D-02  0.361502112043D-02 -0.760905370090D-02
 -0.201333604528D-01 -0.224369383257D-01 -0.330759624428D-01 -0.252065883011D-01
 -0.219673910585D-01 -0.294566003484D-01 -0.355151897315D-01 -0.170498356729D-02
  0.135110315204D-01  0.560848969582D-02 -0.721921925094D-01 -0.727499251475D-01
  0.597219005827D-02  0.197746882339D+00 -0.770761493150D-01 -0.248267300667D-01
  0.904309198214D-02 -0.385579497239D-02 -0.338344044316D-01  0.957813595463D-02
 -0.843778548973D-02 -0.165880587582D-01  0.921227183045D-03 -0.270272494120D-01
 -0.283057208392D-01 -0.728306593057D-02 -0.979826147862D-02  0.114087612524D-01
 -0.139926179302D-01 -0.164471899187D-02  0.133771468300D-01  0.240711840793D-02
 -0.734081578975D-02  0.683560721363D-02  0.867384614735D-02 -0.344142131815D-01
  0.860202638046D-02  0.310780880757D-02  0.105990827749D-01 -0.231230250357D-01
  0.160329022200D-02  0.430993197946D+00 -0.459651419249D-01 -0.624445597765D-01
 -0.304050760022D-01 -0.306209118041D-01 -0.417258583550D-01 -0.510683011274D-01
  0.382402591100D-01  0.945757678638D-02 -0.251450386845D-01  0.336456347415D-01
  0.123476849528D-01  0.392777938111D-02  0.644683072726D-02 -0.623887984384D-02
  0.870886523558D-02 -0.989880889126D-02 -0.600345850277D-02 -0.480135839512D-03
 -0.129136717473D-01 -0.794674097984D-02 -0.122735548291D-01 -0.190371012498D-01
 -0.107319599024D-01 -0.105336552352D-02 -0.364218047885D-01 -0.293795434906D-02
  0.113745795822D-01  0.835346725068D-02  0.229188420160D+00 -0.476848159214D-01
 -0.285531851525D-01 -0.102253311000D+00 -0.157514171428D-01 -0.164801472555D-02
 -0.689074843248D-02 -0.102670027269D-03 -0.630615113110D-02 -0.690280490937D-02
 -0.616480860542D-02  0.127318819388D-01 -0.399965941573D-03 -0.134998695165D-01
 -0.364857608735D-03  0.293685829895D-02  0.212145886625D-02  0.126409485593D-01
 -0.446965083625D-02  0.237517954432D-01 -0.593459239778D-02 -0.160667636183D-01
  0.341261856097D-01 -0.151058149247D-01 -0.263415616185D-03 -0.206616738312D-01
  0.240202307628D-01  0.152250986964D-01 -0.140285725404D+00  0.128635872760D+00
  0.562110634284D+00 -0.813467371309D-01 -0.131846191365D-01  0.610819404717D-01
 -0.890184873685D-02 -0.977356314826D-02 -0.196247405793D-01 -0.198712661808D-01
 -0.234034201053D-01  0.184985611589D-01 -0.194269653842D-02  0.384222505896D-02
  0.280573702636D-03 -0.444720981311D-02 -0.107763071287D-02 -0.348908833661D-02
  0.323611385622D-01  0.842972659176D-02  0.164204730538D-01 -0.926418231003D-03
  0.104808385468D-01  0.752700047524D-02  0.400658538759D-02 -0.455819440680D-02
  0.927785660566D-02 -0.814816697887D-02 -0.784711973002D-02 -0.332427273809D-01
  0.179989927714D-01 -0.100758280549D-01 -0.393089847291D-01  0.188862746644D+00
  0.274038498934D-01 -0.631418611300D-01 -0.620324391518D-02  0.247457758567D-01
 -0.292173303289D-01  0.479540674378D-01  0.195849795142D-01 -0.182463638589D-01
  0.873397139925D-02  0.605402995037D-02  0.587068619131D-02  0.111360344444D-01
 -0.406678027926D-02 -0.720897499470D-02  0.131000489393D-01 -0.347980681051D-01
 -0.497715807433D-02 -0.725942140344D-02 -0.775917365464D-02 -0.171697612929D-01
  0.157021046816D-02 -0.191278167286D-01 -0.144787041961D-01  0.444549721992D-02
  0.687662841387D-02 -0.239801860006D-01 -0.147066038683D-01 -0.853092440852D-02
  0.215687045639D-02 -0.265629742898D-01 -0.224520924061D-01  0.277884175977D+00
  0.632467185450D-01 -0.305837040143D-02 -0.177202894933D+00 -0.393161817964D-01
  0.114093489191D-01  0.191833357986D-01 -0.204651321324D-01  0.245788045287D-01
 -0.293422920867D-01 -0.149213557709D-01  0.164909231010D-02 -0.173155002725D-01
  0.169482373919D-01  0.128627953874D-01 -0.105586796398D-02  0.347330936417D-01
 -0.229922075939D-01  0.667900583555D-02  0.889318230082D-02 -0.179884632929D-01
  0.155874450099D-01  0.184874370439D-01 -0.925736336423D-02 -0.565205658045D-02
  0.941167908027D-03 -0.679864658761D-02 -0.194398171980D-02 -0.249312579947D-01
 -0.303830387971D-01 -0.326057395743D-01 -0.875119963917D-01 -0.186809098601D-01
  0.339387577637D+00 -0.136668800400D+00  0.411745892336D-01  0.162636468292D-01
 -0.327174363256D-01 -0.241318301625D-03 -0.644389179040D-02 -0.328821839925D-01
 -0.832549162829D-02  0.711933218925D-02 -0.814957595449D-02 -0.169414093469D-01
 -0.147391800475D-01  0.114089453456D-01 -0.371395197502D-02  0.112062958467D-01
 -0.455532587394D-01  0.112576121981D-01 -0.159473938767D-01 -0.412344440209D-02
  0.548417810471D-02  0.366769687726D-02 -0.122868423112D-01  0.283192593640D-01
 -0.262454618500D-02 -0.783684117209D-02  0.350716328707D-01 -0.334397197850D-02
 -0.297722072864D-01  0.254185420111D-02 -0.501599127541D-01 -0.332033366195D-01
  0.118000137190D-01 -0.103349740097D-02  0.341498070809D+00  0.353458705867D-01
 -0.657342964472D-01 -0.477133000551D-02  0.844667141330D-02 -0.381290512969D-01
  0.190016992213D-01 -0.442996287051D-02 -0.341583411324D-01  0.141123087976D-02
 -0.244834577364D-02 -0.161465215899D-01  0.189106180639D-02 -0.100043161247D-01
 -0.388958432764D-02 -0.761988339525D-02  0.836662139276D-02 -0.929174027700D-02
  0.161863703348D-02  0.333207135411D-02 -0.560503076915D-02 -0.470601198054D-03
  0.811959836866D-02  0.383485262518D-02  0.908063540855D-02 -0.909235783605D-03
  0.182854757029D-02 -0.772057009771D-02 -0.302000049801D-01  0.530108408310D-01
 -0.308580295030D-01 -0.225920060969D-01 -0.882327379371D-01 -0.141255668941D-02
 -0.607609365197D-01  0.337034450664D+00  0.470232742501D-02 -0.632590598990D-02
 -0.508916627174D-01 -0.976333340850D-03 -0.134747554071D-01 -0.376640794469D-01
 -0.139111310101D-01 -0.507885211894D-01 -0.145143145724D-01 -0.800171975463D-02
 -0.105047082940D-01 -0.540220514992D-02  0.154688910953D-01  0.682931598656D-02
  0.900826039360D-02  0.143711994651D-01  0.632145497250D-02  0.137615363702D-01
  0.614877409212D-02  0.574442858050D-02 -0.928047758815D-02 -0.130699819200D-01
  0.517085416854D-03  0.158874920377D-01  0.355101059990D-02 -0.442264859857D-02
 -0.414306711299D-01 -0.404544703616D-01  0.104955497215D-01  0.126372914733D-01
  0.473560171599D-01 -0.305919170552D-03  0.292012490133D-02 -0.193884766433D-01
 -0.262797038046D-01  0.199627941246D+00 -0.338508992038D-02  0.790586952392D-02
 -0.210947049943D-01 -0.350506261244D-01 -0.199928756399D-02  0.124862403457D-01
 -0.466611394184D-01 -0.588547431450D-01  0.683142138673D-01 -0.549175449375D-02
 -0.221382709327D-01  0.341756830392D-01  0.281098335700D-02 -0.144850705313D-01
  0.560711643626D-02  0.721035480403D-02 -0.122136179294D-01  0.443020278825D-02
 -0.112458503065D-01 -0.476958647972D-02 -0.102910821664D-01 -0.249996001606D-01
  0.198107964198D-02  0.116622148440D-02 -0.196359741330D-01  0.153688249644D-02
  0.465024619405D-01 -0.283024702725D-01  0.434777203581D-01 -0.176415817676D-01
 -0.304768558100D-01  0.432379268452D-01 -0.214354938130D-01  0.734449955624D-02
  0.389591334571D-01  0.267236255108D-01  0.270412684336D+00  0.392136982726D-02
 -0.404484113408D-01  0.216421562974D-01  0.106670230037D-01 -0.589517629013D-01
 -0.929983860517D-02  0.276882489609D-01 -0.287291167681D-01 -0.419341235514D-01
  0.877676644505D-03 -0.557241756727D-02 -0.775732041353D-02  0.538786898221D-02
 -0.585990453665D-02  0.150334673751D-01  0.113571162501D-01  0.179437442562D-02
  0.145218490474D-01 -0.900897643873D-03  0.775201658993D-02  0.529087525033D-02
 -0.608673877336D-02  0.280636706551D-01  0.142961309418D-02 -0.793583685506D-02
  0.332535397417D-01  0.445656053103D-01  0.925516341041D-02 -0.859675332739D-02
 -0.401709238857D-02  0.362572415199D-01 -0.384725152890D-01  0.442841689603D-02
 -0.304086296867D-01 -0.978595060579D-01  0.252267317953D-01  0.391144894466D-01
  0.294528569454D+00 -0.132438007566D-01  0.684526972991D-02  0.282862089214D-01
  0.328109550148D-01 -0.164488924429D-01 -0.192463595189D+00  0.198877378189D-01
 -0.348913672404D-02 -0.255537205040D-01  0.248935465456D-01 -0.126244982311D-01
 -0.298568499174D-01 -0.228194258177D-01 -0.100233069020D-01 -0.165795779719D-01
  0.229327577548D-02 -0.108168721846D-01 -0.572567232275D-03  0.255909473410D-01
 -0.137834580121D-01 -0.273646763375D-02 -0.178319248955D-01  0.185787662500D-01
  0.274903623634D-01  0.163461282119D-02  0.939732800902D-02  0.902304673000D-02
  0.357737171757D-01 -0.138054491925D-01 -0.177993427325D-01 -0.765991921575D-02
  0.297590354797D-01 -0.175922838877D-01  0.239424465835D-01  0.123734519546D-01
 -0.546265989477D-01 -0.688960098144D-01  0.410489348265D-02  0.392255530382D+00
 -0.404152170329D-01  0.132157678724D-01 -0.655190443492D-02 -0.909284924584D-01
 -0.206583735734D-02 -0.572994370926D-01 -0.637526465414D-02  0.368205346299D-01
  0.620041574271D-02 -0.144954926334D-01 -0.350193524021D-02  0.163029803610D-01
 -0.571012432233D-02  0.374917245247D-02 -0.720712934919D-04 -0.152460786962D-01
 -0.790296760965D-02 -0.123802590533D-01 -0.121340961314D-01 -0.782563127783D-02
  0.169537400881D-02 -0.524531178570D-02 -0.163727921664D-01  0.212831137713D-01
  0.224479743316D-02 -0.711166594697D-02  0.311175180525D-01 -0.179128469574D-01
 -0.340720499824D-01  0.190564296045D-01 -0.293400019345D-01  0.331673790539D-01
 -0.154348884838D-01 -0.412184691751D-01 -0.179128609675D-02 -0.355990608566D-01
  0.333331072741D-01 -0.145430063794D-02  0.111295650799D-01  0.347890365555D+00
 -0.172732803296D-01 -0.324344146105D-01 -0.148521418384D-01 -0.546699112962D-01
 -0.732028068996D-01 -0.314847461200D-01  0.186520103411D-01  0.342672101953D-02
  0.203270619924D-01 -0.227948746627D-03 -0.686512422723D-02 -0.449123773492D-02
 -0.476869262828D-02 -0.147367989365D-01 -0.850854098287D-02 -0.917589402134D-03
  0.146993523150D-01  0.553103960163D-02  0.325286298471D-02  0.161911742158D-01
 -0.194303430290D-02  0.877516057209D-02  0.323816095907D-02 -0.501776052193D-02
 -0.251709050932D-02  0.874108037298D-02 -0.630973976021D-02  0.132038504097D-01
 -0.414683517919D-01 -0.623918938564D-02  0.621938781647D-02  0.878101507334D-03
 -0.296182459617D-02  0.114848040182D-01 -0.157573018123D-01 -0.834593876626D-02
 -0.322797976961D-01 -0.151985403315D-01  0.107187520863D-01  0.406765271098D-01
  0.133326243500D+00  0.251471036844D-01  0.100503401798D-01 -0.126645228798D-01
 -0.361622992628D-01  0.298610111631D-02 -0.110720641206D+00  0.318385009575D-02
  0.163640530405D-01  0.725982920505D-02 -0.708858359753D-02 -0.274293216668D-02
 -0.493154115394D-02 -0.855434137366D-02 -0.119982940236D-01 -0.234560800092D-01
  0.321225968918D-01 -0.423700335804D-02  0.117446600061D-01 -0.285933594547D-02
  0.102426696853D-01 -0.182719145026D-01 -0.179879799846D-02  0.133350311878D-01
 -0.241474084795D-02 -0.477856322789D-01  0.294187327432D-01 -0.122938517042D-01
  0.406787665958D-01 -0.440201280520D-02 -0.137987846151D-01  0.216837470325D-01
  0.779190483760D-02 -0.464240264558D-01  0.122220117885D-01 -0.249006969309D-01
 -0.647100844743D-02 -0.526602745826D-01 -0.249775390535D-01 -0.424876606601D-01
  0.883784537544D-01  0.603884844995D-01  0.272057458778D+00  0.509721773477D-02
  0.865192757570D-02 -0.706660923885D-02 -0.492743091325D-03 -0.959592593039D-03
  0.121807147799D-01  0.303294268569D-01  0.357966155070D-01 -0.471268869337D-01
 -0.624093291961D-01 -0.255510713745D-01  0.270070315100D-01 -0.392738504124D-02
 -0.351028349574D-02  0.294931577539D-01  0.271176436706D-01  0.671218851859D-02
  0.372625409203D-01 -0.938073090468D-02  0.110873981274D-01  0.225152761309D-01
  0.473090468891D-04  0.167414943347D-02 -0.435464506539D-02 -0.212428574091D-01
  0.104809187032D-01 -0.638389823276D-02 -0.134994087772D-01  0.464930824557D-01
 -0.681113700756D-02 -0.322308457649D-01  0.135607606243D-02 -0.745754975381D-02
  0.395033016121D-01  0.648810092367D-01 -0.115479594900D-01  0.288480654178D-01
 -0.354750789109D-01  0.680991381391D-02 -0.188517793316D-02 -0.998779092263D-02
  0.701549538828D-02  0.221246112302D+00 -0.931165046143D-02 -0.104596522367D-01
 -0.468518165680D-02 -0.220482768149D-01 -0.633168719352D-02 -0.109382313331D-01
  0.145133076943D-01  0.257121250311D-01  0.571600800071D-02 -0.290134327960D-01
 -0.723303668797D-01  0.447819945026D-01 -0.698462416888D-02 -0.101685885797D-01
 -0.240510642476D-01  0.304126922420D-02 -0.919969541682D-02 -0.271941775899D-02
  0.149992156580D-01 -0.432492778440D-02  0.121722077698D-01  0.285977224299D-01
 -0.161039937596D-03  0.271190734064D-02  0.283909171375D-01 -0.483236923730D-02
  0.184675549263D-01 -0.488482124760D-01  0.201819921596D-01  0.103367190592D-01
  0.121798428305D-01  0.546264178047D-01  0.228824087628D-01 -0.345773487975D-01
 -0.573001036060D-01 -0.672440550873D-02 -0.295693683419D-04 -0.126109974249D-01
 -0.164920761119D-01 -0.328717227652D-01  0.438435310761D-02 -0.170923441162D-01
  0.213206023487D-01  0.248413135484D+00 -0.619953577891D-03  0.199179125010D-01
 -0.653816791112D-02  0.440580207650D-01 -0.344811384186D-02 -0.446656253672D-01
 -0.408326606374D-02 -0.132930835198D-01 -0.740777361037D-01  0.730275727922D-02
  0.161094861819D-02 -0.951687527993D-01 -0.235719254065D-01 -0.266296147715D-02
 -0.242764729776D-01 -0.156801464054D-01  0.216946752694D-01  0.721168703302D-03
 -0.916161185205D-02  0.818200498743D-02  0.161048414412D-01  0.124727956890D-01
  0.914638081350D-03 -0.450352260959D-02  0.102272282058D-01  0.111516646723D-01
  0.103909183328D-01  0.597864048235D-02  0.168932304145D-01 -0.791423302398D-02
 -0.165889951128D-02  0.250924119255D-01 -0.230916824567D-01 -0.143049178390D-02
  0.129075637509D-01 -0.870579358264D-02  0.483919142789D-01 -0.257504265574D-01
 -0.131038625921D-01  0.213891327532D-01 -0.866910963376D-02 -0.669047633670D-02
 -0.563829623769D-01 -0.448154571304D-01  0.357440984227D+00 -0.226516006944D-01
  0.131552051689D-01 -0.672860867976D-03 -0.357746907830D-02  0.169249910852D-02
 -0.224904151121D-01  0.123974618857D-02  0.126186872393D-01 -0.285142801473D-01
 -0.312871234792D-01 -0.955356082625D-02 -0.398111743744D-02  0.242045137929D-01
  0.154766273502D-01  0.194546491024D-02 -0.422748156779D-01 -0.394636057657D-02
 -0.347880372301D-01 -0.166774103511D-01 -0.429228520122D-02 -0.100331875229D-01
 -0.174954876366D-01 -0.314853592099D-01  0.875305341126D-02 -0.234976123709D-01
 -0.272463804325D-01  0.276232458542D-01 -0.393308928349D-01  0.576418057482D-01
 -0.228220392103D-01 -0.365102068582D-02 -0.209933198489D-01  0.142229731169D-01
 -0.360968453039D-01 -0.851009466107D-02 -0.134456925481D-01 -0.130669016021D-01
 -0.208424631081D-01 -0.155410110755D-01 -0.520286388323D-02  0.946433250460D-02
 -0.195024886976D-01 -0.400100308574D-01  0.415041791333D-01 -0.609078821047D-02
  0.277672199658D+00 -0.120911866951D-01  0.761864156394D-02 -0.439434954396D-02
  0.114580456832D-01 -0.498350152942D-02 -0.464321018857D-03 -0.662700496787D-02
 -0.134377576786D-01 -0.129291178322D-03 -0.119254901754D-01 -0.129656891246D+00
 -0.277185888569D-01  0.238132680505D-01 -0.173469516463D-01 -0.164715341757D-02
  0.264009424151D-01 -0.915379146021D-02 -0.137697414473D-01  0.117599238539D-01
 -0.233206702446D-01 -0.132105136594D-01 -0.117390817948D-01 -0.528920956697D-02
 -0.484801022925D-02  0.923396570845D-02 -0.127999560590D-01 -0.705214315491D-02
 -0.171712474116D-01 -0.116718794272D-01  0.235043221769D-01  0.638518839923D-03
  0.149553239141D-01 -0.203550855130D-01 -0.291262734058D-01 -0.106576887269D-02
 -0.760826235822D-02 -0.265387717097D-01  0.164533537349D-02  0.226943144783D-01
  0.310343722267D-01 -0.330995914663D-02  0.135216074154D-01 -0.196824249761D-01
 -0.688046899453D-01 -0.424971036163D-01  0.382279649061D-01  0.383467877468D+00
  0.142730500926D-01 -0.128191553601D-01 -0.128178203057D-01 -0.738945162962D-02
 -0.170407760107D-01 -0.158844745001D-01 -0.267394600974D-01 -0.298924372634D-01
 -0.295457683388D-01  0.730079344545D-02 -0.118157781801D-01 -0.595583488137D-01
  0.165204358314D-01 -0.378236228655D-02 -0.315594832200D-01  0.399792917700D-01
 -0.166644813317D-01 -0.153262710180D-01 -0.162759446978D-01 -0.796142540264D-02
 -0.198262321088D-01 -0.222357121236D-01 -0.124419980443D-01 -0.735014965858D-02
 -0.207346684661D-01 -0.123374222694D-01  0.435458913145D-02  0.463425376485D-02
  0.341624859998D-01 -0.377866992954D-01  0.362787982195D-01  0.864178475908D-02
 -0.438180103944D-03  0.164868657680D-01 -0.198330714345D-01 -0.735480214204D-02
  0.141381318351D-01 -0.186429910146D-01  0.908613146499D-02 -0.463498155508D-01
  0.992983455864D-02  0.316437014449D-02  0.136552682069D-01  0.758079817509D-01
 -0.208473698259D-02  0.770390793417D-01  0.341779505182D-01  0.250422135730D+00
 -0.217925824630D-01 -0.319292692455D-02  0.110292399584D-01  0.360222182235D-02
  0.152851800972D-02 -0.261461487805D-01  0.155568250668D-01  0.469738892405D-01
 -0.800304138666D-02 -0.136987888972D-01 -0.339892687876D-02 -0.257029748347D-01
 -0.102115665254D+00 -0.203368362806D-01 -0.583745947394D-01 -0.129489303423D-01
 -0.372527663018D-02  0.737460888875D-03 -0.209282423292D-01 -0.922082646049D-02
  0.105513584011D-01 -0.324141509199D-01 -0.927457453952D-03  0.922603997965D-02
  0.376218207749D-02 -0.757287028386D-02  0.124196945622D-01 -0.142671152879D-01
  0.108152211680D-01 -0.213520913303D-01  0.694185423852D-02 -0.101275705266D-01
  0.256649636234D-01 -0.126048267976D-01 -0.807008022359D-02  0.180173355076D-01
  0.535696156333D-02  0.498453057298D-01 -0.964272039622D-02  0.364392021535D-01
 -0.266478222726D-01 -0.382755941106D-01 -0.161404997608D-01 -0.108348541848D-01
 -0.757523742738D-03  0.184019838718D-01 -0.214885988193D-01 -0.129761859419D-01
  0.256601293687D+00 -0.211739622887D-01 -0.345119756117D-02  0.173617035279D-01
 -0.185514735041D-01 -0.121722751961D-01 -0.779546547926D-02  0.947811202856D-02
  0.742273961383D-02  0.360144241795D-02 -0.758277014100D-02 -0.235081863417D-01
  0.329569546085D-01 -0.762934178103D-02 -0.578484088266D-01  0.212172168663D-02
  0.245041110668D-01 -0.491006221185D-03  0.221200041915D-01  0.109872605478D-02
  0.253485596613D-02 -0.887436568580D-03  0.123909034956D-01  0.197716677160D-02
 -0.158250823188D-01  0.536108658356D-01 -0.101419716477D-01 -0.260803995856D-01
  0.690455971290D-02 -0.359838905188D-01  0.152466239350D-01  0.223998605890D-01
 -0.188811433447D-01  0.177990318583D-01 -0.175494088125D-01  0.153690552928D-01
  0.149289961906D-01 -0.311292948619D-01 -0.670762419483D-01 -0.174168604775D-01
 -0.218286846377D-03  0.132720324403D-01 -0.485949121313D-01 -0.443809348766D-01
  0.223990560713D-01  0.572617218161D-01 -0.360027181807D-01 -0.180988324766D-01
  0.332014373112D-01  0.555274955896D-02  0.233157258463D+00  0.439049963909D-02
 -0.184673233805D-01  0.346028924095D-04 -0.122414962091D-01 -0.116111504347D-01
 -0.233620278931D-01 -0.231708471994D-01 -0.685961947793D-02  0.119457560868D-01
  0.518540353950D-02  0.218902773722D-01 -0.699208516786D-02 -0.536714978284D-01
  0.171058046678D-01 -0.110826949149D+00 -0.103905626933D-01  0.353603017870D-01
 -0.515977543162D-01  0.238878944533D-01  0.786804920302D-02 -0.179345707490D-01
  0.634850186745D-03  0.431475244392D-02 -0.218827293971D-01 -0.109270561064D-01
  0.188662483703D-03 -0.405611543592D-01 -0.263941438446D-01  0.408108791998D-02
  0.425804396339D-02 -0.123195048735D-01  0.190338693339D-01 -0.441522806328D-02
  0.351552111989D-01  0.192319180705D-02  0.119157310416D-01  0.134753958688D-02
 -0.220606117572D-01  0.560859579847D-02 -0.250023879218D-01  0.200029751609D-01
 -0.857462604916D-03  0.191647832212D-01 -0.352656384534D-01 -0.220078449981D-01
 -0.710490767207D-02  0.351795178964D-01 -0.753254366154D-02  0.732681119441D-01
 -0.300991621834D-01  0.296267522154D+00  0.237636794176D-01 -0.107337957581D-01
  0.132009235016D-01  0.115340905216D-02 -0.625104241732D-02  0.967614530506D-03
 -0.612510987688D-02 -0.133858721717D-01  0.886503945172D-02 -0.626186636546D-02
  0.277214685782D-01  0.154905914495D-01 -0.728524248681D-01 -0.984492727298D-02
 -0.104088738233D-01 -0.744336781196D-01 -0.150102312819D-01 -0.230811916683D-01
 -0.259235412653D-01 -0.576099628972D-02 -0.967087843411D-02 -0.583451446783D-02
 -0.154708167288D-01  0.124235456048D-02  0.118407283292D-01 -0.166302262530D-01
 -0.380194380018D-02  0.342902178694D-01 -0.112542575069D-01  0.295799107911D-02
 -0.686110461378D-02  0.449904953302D-02 -0.119313666410D-01  0.907601549692D-02
 -0.122107595121D-01  0.109474133388D-01 -0.479063050854D-01 -0.607117759413D-01
 -0.487933937791D-02  0.546277179035D-02  0.225834467893D-01 -0.126189253572D-01
 -0.304477721682D-01 -0.132316770858D-01 -0.161941390691D-01  0.397200021689D-01
 -0.151224161787D-01  0.249430193949D-01 -0.343020473899D-01  0.466249705337D-02
 -0.929217566200D-02  0.210756488597D+00 -0.670395612006D-03 -0.244262655873D-03
  0.157240552798D-01 -0.133716152255D-01 -0.215921512140D-02 -0.208870924489D-01
 -0.142871637476D-01 -0.904812927492D-02  0.492758088503D-03 -0.101435625693D-01
 -0.771492274709D-02 -0.136063748304D-01 -0.471127810564D-01 -0.994250528589D-01
 -0.248903416178D-01  0.149645119299D-01 -0.313445385759D-01  0.859366949595D-02
  0.144868595732D-01 -0.407120843138D-01  0.327076100288D-02  0.417806148028D-02
 -0.243898932161D-01  0.438038623680D-02 -0.156965585064D-01 -0.186888248675D-01
 -0.219183911548D-01 -0.747148591825D-02  0.156965776421D-01  0.376986356202D-02
  0.104579738537D-02 -0.545244779578D-02  0.156812896513D-01  0.857383153996D-02
 -0.119443595747D-01  0.901935446656D-02  0.729314444449D-02  0.271989686690D-01
 -0.106457169843D-02  0.675468595460D-02 -0.289772551827D-01 -0.106882652050D-01
  0.183919184104D-01 -0.219931477341D-01  0.735404029179D-02 -0.173481461702D-01
 -0.150859148893D-01 -0.151779060678D-01 -0.297277111295D-01 -0.340658692308D-01
  0.168783318798D-01  0.960071717888D-01  0.413413616327D+00 -0.137154717794D-01
  0.988632177612D-02  0.128742512479D-01 -0.401232780718D-02  0.181868584586D-02
 -0.152685167613D-01  0.100188461004D-01  0.122107805249D-01 -0.290485456599D-01
  0.488361061875D-02 -0.165229927559D-01 -0.250352568815D-01 -0.924081105425D-02
 -0.462769376649D-01 -0.475857851055D-01 -0.119301425569D-01  0.285559534132D-01
 -0.147148495232D-01  0.386157909185D-02  0.528473506647D-02 -0.659000016583D-02
 -0.479801946487D-02 -0.135886983404D-01 -0.155387901236D-01  0.230938863842D-02
 -0.108214705466D-01 -0.169201683830D-01 -0.107663759926D-01  0.633960260362D-02
  0.268192876811D-01 -0.176875707100D-01 -0.158909181341D-01  0.974356089347D-02
 -0.214640458096D-01  0.139142751867D-01 -0.401905384995D-02 -0.296098242247D-01
  0.686329838319D-02 -0.199262520095D-01  0.159519030024D-01 -0.126951977354D-01
 -0.231321172999D-01 -0.895986551835D-02 -0.201930620523D-01 -0.398953086983D-01
  0.161662359588D-01 -0.205376882022D-01 -0.287024300880D-01  0.167123868955D-01
 -0.710237742370D-01 -0.231509128901D-01  0.165344279992D-01  0.219475975778D-01
  0.254756022531D+00  0.834339416232D-02 -0.972811199712D-02  0.120967963973D-01
 -0.758359638151D-02 -0.828052816705D-02  0.160215444063D-03 -0.133341702932D-01
 -0.231089624795D-01 -0.105448819462D-01 -0.713569492064D-02  0.528923933446D-02
 -0.652021937432D-02 -0.166155753552D-01 -0.175580439849D-01  0.379479935952D-02
  0.159241966486D-01 -0.328443366698D-01  0.928093653886D-02 -0.398902290407D-01
 -0.136331426475D-01  0.291996585183D-01  0.164997432133D-01  0.119498198567D-01
 -0.514008138982D-01  0.660781056069D-02  0.118269196363D-01 -0.828059393704D-02
 -0.618057998145D-02 -0.216185182195D-01  0.382018172686D-01 -0.520488210892D-01
  0.364980970789D-01 -0.230822748238D-02 -0.123512022375D-01 -0.240565588892D-01
  0.357590898801D-01  0.201029009693D-01 -0.230254553295D-01 -0.134664472161D-01
 -0.481703175024D-01  0.197257784821D-01  0.227625852542D-01 -0.933408569629D-02
  0.152774405935D-01 -0.225718390180D-02 -0.108127150974D-01  0.108638425336D-01
 -0.227629755917D-01 -0.575430544713D-01 -0.210871397495D-01  0.290094827960D-01
 -0.316132590451D-01 -0.257132806438D-01  0.191783571371D-01  0.299907054657D+00
  0.485605379968D-02 -0.798225426125D-02 -0.166612494335D-01 -0.322850201006D-02
 -0.407984749050D-02  0.533180730830D-02  0.169137682470D-02 -0.102467133078D-01
  0.331442945181D-01 -0.660690822891D-02  0.929947841570D-04  0.379490114312D-01
 -0.541682134844D-02  0.939982066076D-02  0.229950963336D-01 -0.766518832106D-02
 -0.259243504043D-01  0.196931208305D-01 -0.354204481123D-02 -0.473472167209D-01
  0.170744427568D-01 -0.190625382361D-01 -0.186492660723D-01 -0.114175021285D-01
 -0.994252770021D-02 -0.278524503331D-01 -0.654620614520D-01  0.209886502940D-01
 -0.193019186849D-01 -0.263352528172D-01  0.440521239286D-01 -0.126884954095D-01
 -0.592909249134D-02 -0.180632129028D-02 -0.130629298536D-01 -0.276576744416D-01
 -0.123122285593D-01  0.545740150493D-04 -0.114417796471D-01  0.231575531194D-02
  0.482806926716D-02 -0.166435734197D-01 -0.139070720953D-01 -0.286880744690D-01
  0.377511350303D-01  0.964877100834D-02 -0.334942737975D-02  0.234902557244D-01
  0.316424739096D-02  0.693411894369D-02  0.116491736488D-01 -0.203046487516D-01
  0.374567517102D-01  0.102479863323D-01  0.475098214790D-01  0.292855422201D+00
 -0.360964604245D-02  0.419560153667D-02  0.169734388920D-01  0.248306679653D-02
  0.447752421195D-03 -0.981224333202D-02 -0.852061057768D-02  0.543154263738D-02
 -0.932794519398D-02 -0.748757685920D-02 -0.240931550242D-01 -0.104528907007D-01
 -0.953909794069D-02 -0.239787606672D-02 -0.396197046695D-02  0.154800567799D-01
  0.579980497364D-02 -0.505563363291D-02  0.750147554682D-01  0.915766027824D-02
 -0.181821233184D+00 -0.392449560821D-02 -0.461082319873D-02 -0.409576071933D-01
 -0.485147208290D-02  0.311290162334D-02  0.334983657821D-02  0.152560733890D-01
 -0.669323480914D-02 -0.364642743811D-02  0.352041494786D-02  0.194740832192D-01
  0.961118871780D-02  0.916536855918D-02 -0.187880762847D-01 -0.659188270434D-02
 -0.833723490739D-02 -0.312303459560D-02  0.809814242579D-02 -0.202387987898D-02
  0.104054974490D-01  0.113774261769D-01  0.117465112390D-01  0.158967903302D-01
  0.310565393053D-01  0.103497101003D-02 -0.295322353606D-01 -0.125817972635D-01
  0.470426668667D-03 -0.174476858050D-01 -0.845585895098D-02 -0.151180881294D-01
 -0.209678159225D-02  0.104025940786D-01 -0.693359697673D-01  0.107338545773D-01
  0.327147193038D+00 -0.668108173516D-02 -0.120200746387D-01  0.160491252890D-01
 -0.290456500093D-01 -0.120002029912D-01  0.130100814313D-01 -0.299246148979D-01
 -0.221867450338D-01 -0.197286391366D-01 -0.109604433936D-01  0.747466132043D-02
 -0.226951753667D-01  0.119855216512D-01  0.830793740520D-04  0.664822609038D-02
  0.184310108672D-01  0.898879710420D-02  0.198580647198D-01 -0.144973792582D+00
  0.656832349809D-01  0.339192510338D-01 -0.122595267829D-01  0.523151594082D-02
 -0.700680908444D-02  0.149681698956D-01 -0.336557892568D-02 -0.214328087375D-01
 -0.161067365952D-01 -0.113169833275D-01  0.151438706469D-01 -0.103403612715D-01
  0.660696720397D-02  0.285231251017D-01 -0.134670019226D-01  0.196950914814D-01
  0.191404553011D-01 -0.176121184867D-01 -0.119181414323D-01  0.203036953811D-01
 -0.181467674220D-01  0.730255916156D-02 -0.337699517596D-01  0.221227249714D-02
  0.106450088961D-01 -0.225678438923D-01  0.416595277191D-02  0.137661932207D-02
 -0.386628237059D-01 -0.223796782951D-01 -0.187942973229D-01  0.195730323436D-01
 -0.122655888183D-01 -0.102934234415D-01  0.294772023473D-01  0.203531156872D-01
  0.101147731922D-01  0.262452432785D-01  0.301527112524D+00  0.694840486689D-02
  0.512074150406D-02 -0.327675523900D-02  0.169441184369D-02 -0.150872156885D-03
 -0.196307075937D-01 -0.228903152106D-01 -0.319924916233D-01  0.366912984184D-02
  0.339882987556D-02 -0.244215972877D-01 -0.107084615638D-01 -0.369466574250D-02
 -0.386773415656D-01  0.150151107112D-01  0.188191011297D-01 -0.538491183612D-01
  0.371059013302D-01  0.128386509513D-01 -0.642475332161D-01  0.176746564619D-01
 -0.246930210413D-01 -0.693018865635D-03 -0.903340789893D-03  0.101088764288D-01
 -0.157238926450D-01 -0.123290605881D-01  0.199495115294D-01 -0.702908924810D-02
 -0.137852947699D-01  0.177317616749D-01  0.274775874018D-02  0.146060495315D-02
  0.105470895566D-01 -0.200386018709D-03  0.360206174702D-01 -0.189309850893D-01
 -0.124580514247D-01 -0.246635903178D-01 -0.145713183778D-01  0.343188193781D-01
 -0.853416829025D-02  0.302939941059D-01 -0.138012827281D-01 -0.395327135945D-02
  0.189366898715D-01 -0.913544587774D-02 -0.465566053522D-01  0.111968383924D-01
 -0.244004330049D-01  0.961731931361D-02  0.248897097093D-01 -0.562515467402D-01
  0.447673414122D-01 -0.232093501831D-01 -0.200817865069D-01  0.477490051704D-01
 -0.540563590544D-01  0.375708230930D+00  0.704225901293D-02 -0.785822134400D-02
 -0.112190363091D-01 -0.782132115101D-02 -0.347175794288D-02 -0.346881285656D-02
 -0.241560493543D-02  0.185092482490D-02  0.241223997409D-01  0.877412323556D-02
  0.846401053430D-02  0.150162116119D-01 -0.127163966910D-01 -0.233491832662D-02
 -0.659336628100D-03 -0.389148511060D-01  0.115079499633D-01 -0.293442673076D-01
 -0.816876603400D-02  0.675207028125D-02 -0.456267141341D-01 -0.788217519740D-02
  0.516733892653D-03 -0.236897244396D-01  0.297723850795D-03  0.151068659651D-01
  0.399316627265D-01 -0.354163723976D-02  0.166216266550D-02  0.415153347072D-02
  0.110260393599D-01 -0.598660039232D-01 -0.170423658341D-01  0.270637512023D-01
  0.172664650232D-01 -0.746347896046D-01 -0.357889447133D-01 -0.241130414407D-02
 -0.108667804094D-01 -0.485399489867D-02  0.103020200526D-01 -0.179249360308D-01
  0.219758400479D-02  0.572565111665D-03  0.122266930660D-01  0.320087183640D-01
  0.126598133033D-01  0.200857889186D-01 -0.358481799308D-02 -0.128900806075D-01
 -0.704022693519D-03 -0.505035162611D-02 -0.181810250180D-01  0.224520834984D-01
  0.369110271317D-01  0.652787125239D-01  0.353418153361D-02 -0.324296841427D-01
  0.169860669499D-01  0.203547858318D+00 -0.137846549523D-01  0.123677233837D-01
  0.162649955950D-01 -0.183959187056D-01  0.974075115253D-02 -0.122593474987D-02
 -0.373712487257D-01  0.371533633813D-02  0.673820829118D-02 -0.201810800950D-01
  0.184427740104D-02 -0.701876344467D-02 -0.230434099664D-01  0.761907667750D-02
 -0.229038319691D-01  0.178109611126D-01 -0.234036640633D-02  0.841838279039D-02
  0.366450257863D-02 -0.702742485479D-02 -0.343764457846D-02 -0.147062691265D+00
  0.537787401495D-01  0.384145411030D-01 -0.765556199008D-02  0.132979909600D-02
  0.194852436074D-01  0.702210091927D-03 -0.823008019106D-02  0.209825776267D-01
  0.121096893966D-01 -0.109741697342D-01  0.212235620343D-01 -0.184208221456D-02
  0.652108869565D-02 -0.353091874004D-01 -0.182765128217D-01 -0.259096304281D-01
 -0.406359014299D-04 -0.176770654250D-01 -0.777574730557D-02  0.171006775551D-01
 -0.260804650363D-01  0.352965690268D-01  0.898892906117D-02 -0.163643340581D-01
 -0.125707086648D-01 -0.234255381998D-01 -0.264791858982D-01 -0.262088120319D-02
 -0.251560673064D-01 -0.118882181371D-01  0.145365496797D-01  0.131093305098D-01
  0.791819036402D-02 -0.259670917303D-01 -0.311967632362D-02  0.365426257067D-02
 -0.400279409568D-01 -0.483192574553D-03  0.357658275274D+00  0.143544963653D-02
 -0.351514063138D-02 -0.388250771214D-02 -0.217912392593D-01 -0.185799516818D-02
  0.287802021669D-01 -0.416869743524D-01 -0.316318086296D-01  0.192880587748D-01
 -0.866390304285D-02  0.314701722215D-03 -0.806827151520D-02 -0.157825066849D-01
 -0.393046455209D-01 -0.832414257147D-02  0.858074240548D-02 -0.496779182055D-01
 -0.108433353372D-01  0.533557504474D-03 -0.371708179733D-01  0.308099068873D-02
  0.595122869708D-01 -0.692657750284D-01 -0.130991799170D-01 -0.593086024578D-03
 -0.269410074469D-01  0.408430113094D-01  0.647760318361D-02 -0.517570793921D-02
 -0.166426468697D-01  0.276134200899D-01  0.203240030898D-01  0.932644339676D-02
  0.120959361172D-01  0.358298289702D-01 -0.352223535293D-01  0.226309457840D-01
  0.508678977726D-02  0.533756350011D-01 -0.165170613097D-01 -0.889799317482D-02
  0.206389590346D-01 -0.460245152888D-01  0.721202354293D-02 -0.195921946625D-01
 -0.139909691123D-01  0.718788911209D-02 -0.373356952950D-02  0.116059671878D-01
 -0.205947396895D-01 -0.315615258824D-01 -0.410409612813D-01 -0.423670644874D-01
 -0.530109723160D-02  0.141817066730D-03 -0.118264855291D-01  0.460946328234D-02
  0.245395924286D-01 -0.225614173708D-01 -0.634564486617D-02 -0.329974842057D-01
  0.297504342199D+00 -0.297700437233D-02  0.837813217827D-02  0.121469155702D-01
 -0.302257472196D-02  0.177952623421D-02  0.680666392801D-02  0.317826089749D-01
  0.425169492133D-01 -0.207775076781D-01  0.110951633185D-01  0.294112484511D-02
 -0.270531381928D-02  0.578996240146D-02 -0.499113211376D-02 -0.870554737556D-02
  0.372270993593D-02 -0.174906955740D-01 -0.147110582394D-01 -0.291899547848D-01
 -0.142175418654D-01 -0.184509573210D-01 -0.177462680393D-01  0.732882977852D-03
 -0.405594757289D-01 -0.118189647943D-02  0.251117997231D-02 -0.111301965660D-01
  0.953858640675D-02  0.248137999542D-01 -0.135712935240D-01 -0.205792827528D-01
 -0.117829602552D-01  0.776208272983D-02  0.429452556811D-02  0.172906985515D-01
  0.577715790073D-01 -0.223933775870D-01 -0.297876122130D-01 -0.154100315483D-01
 -0.343818651271D-01 -0.176720945618D-01  0.545289722148D-01  0.590869374528D-02
 -0.191773775027D-01 -0.102476147687D-01  0.146458882091D-01  0.131814693857D-01
 -0.187958101568D-01  0.273196932607D-01  0.564245528061D-02 -0.166097154455D-01
  0.207304610772D-02  0.117620621228D-01 -0.693789143309D-01  0.246828396234D-01
 -0.361035182283D-01 -0.613537855928D-02 -0.317620279499D-01 -0.413511708613D-01
 -0.593052324621D-01 -0.650678869351D-01  0.852867844905D-02  0.269511555989D+00
  0.147337339476D-01 -0.805987276142D-02 -0.210257941979D-04 -0.170287565909D-01
 -0.114916413687D-01 -0.246544366954D-01 -0.205949563256D-01 -0.204689757671D-01
  0.398704366068D-02 -0.148703188917D-01  0.110190816884D-01  0.116303055450D-01
 -0.162436274976D-01  0.817304386494D-02  0.218076090385D-01 -0.260515043758D-01
  0.147425762209D-01  0.150748808424D-01 -0.456164937869D-02  0.644530380672D-03
 -0.133931634160D-01 -0.363137810912D-01 -0.520911912566D-02  0.193698151776D-01
 -0.604410564353D-02 -0.675724418124D-02  0.492261517994D-01 -0.145832096492D-01
  0.111310271288D-01  0.205933266955D-01  0.401497941966D-01 -0.186554486929D-01
  0.659633812064D-02  0.235302524651D-01 -0.170885114365D-01 -0.126171361994D-01
 -0.487614173751D-01  0.100076750252D-01 -0.366790373760D-01 -0.428682928747D-01
 -0.456534016168D-02  0.223289688844D-02 -0.152920292223D-01  0.874689659857D-02
  0.169506180935D-01 -0.262145470410D-01  0.388507164415D-01 -0.393991622970D-01
 -0.301369212086D-02  0.198262800744D-01  0.235341430338D-01  0.955701191469D-02
  0.248441114625D-01 -0.489370170513D-01 -0.588304134216D-01 -0.572709031148D-01
 -0.234843175503D-01 -0.181461069900D-03  0.308805413747D-01  0.413518972618D-01
  0.389787062308D-01  0.350063555419D-01  0.183742664090D-01  0.308376950542D+00
  0.258608188565D-02 -0.576785548447D-02  0.195198136153D-01 -0.129548429115D-01
  0.247763129269D-02  0.126416701078D-01 -0.348719575434D-01 -0.197820424660D-01
  0.483610566647D-02 -0.886039811547D-02  0.382838039290D-02 -0.202140293106D-01
 -0.559984188600D-02  0.121046301917D-01 -0.245954015734D-01  0.133377081176D-01
  0.155350013304D-01 -0.390693598961D-03 -0.514009582736D-02  0.104236837787D-01
 -0.186321480274D-01 -0.179829267405D-01 -0.467279659987D-01  0.777769111125D-02
  0.215969009324D-01 -0.442010976850D-01  0.887967789181D-01  0.381002478362D-01
 -0.407348913811D-01  0.132677340875D-01 -0.559572723548D-01 -0.321843584661D-01
  0.727063346114D-02  0.145606440816D-02 -0.578760969493D-02 -0.352133435420D-02
  0.295348579602D-01  0.160024807102D-01  0.168733524483D-01  0.327434982807D-02
  0.218021585961D-01 -0.278622229238D-01  0.521894173857D-02  0.403862238943D-03
 -0.195510027531D-01 -0.813888326988D-02 -0.490551885761D-02  0.100616539781D-01
 -0.407295675782D-01  0.178308135357D-01 -0.524263578130D-02  0.368681445228D-01
  0.226255656452D-02 -0.260213192234D-01  0.281922185263D-01 -0.750709378510D-01
 -0.454327715025D-02 -0.922301086830D-02  0.204130560943D-01 -0.126028339636D-01
 -0.252210613193D-01 -0.528813960400D-01  0.527136657539D-02 -0.366377663430D-01
  0.274621838194D+00 -0.100152191653D-02 -0.281664050043D-02 -0.134322580973D-01
 -0.413331063834D-03 -0.308199564368D-02  0.185831119934D-01 -0.187086625057D-01
 -0.312413598568D-01  0.231285290456D-01  0.438804927898D-02  0.972064729926D-02
  0.200393800047D-02  0.513824717612D-02  0.141571408663D-01 -0.133861706582D-01
 -0.162275405192D-01  0.160874033895D-01 -0.483387669591D-02 -0.434549086030D-02
  0.909130493457D-02 -0.125387232557D-01  0.607728507609D-01  0.101599134033D-01
 -0.133737810027D+00  0.198086904076D-01  0.172131484475D-01 -0.195779025241D-01
  0.119286591333D-03 -0.811520143548D-02 -0.220827593009D-01  0.227190601252D-01
  0.441912935993D-02 -0.226033195712D-02 -0.495670727916D-02  0.120288697332D-01
  0.262697231837D-01  0.588393443703D-04  0.218836809212D-02  0.151661346148D-01
  0.219672544293D-01 -0.555153862054D-02 -0.113769206792D-01 -0.894831098596D-02
  0.407162727538D-02 -0.237908654024D-01  0.159914636549D-01  0.120810859138D-01
 -0.766117866486D-02  0.253423316839D-02 -0.147969214181D-01 -0.144170664128D-01
  0.242614817599D-01  0.121655048068D-01 -0.347057295070D-01 -0.689037502827D-01
 -0.270464184663D-01 -0.401826141147D-01  0.996921364589D-02  0.149468326018D-01
 -0.321896286010D-01  0.169332284975D-01  0.509839490594D-02  0.136413645769D-02
 -0.723738843798D-01 -0.406341873573D-01  0.360292245775D+00 -0.170460833555D-01
 -0.641719129072D-02 -0.315908282398D-02 -0.221300569581D-01 -0.555281198706D-02
 -0.185030365191D-01 -0.153430579570D-01 -0.196003074766D-01 -0.643956741146D-02
 -0.270732481241D-01  0.355368622898D-02 -0.425951467547D-02 -0.800681183529D-02
 -0.416192914447D-03  0.174264497617D-01 -0.325312540593D-01 -0.385446355397D-02
 -0.188787134939D-01  0.255270902765D-02 -0.828965372243D-02 -0.132515582699D-01
 -0.114770291259D-01 -0.330274119708D-01  0.126378181246D-02 -0.310143195368D+00
  0.178220493628D+00 -0.878523645620D-02 -0.394227310390D-01 -0.668097399402D-02
  0.509976760377D-01 -0.365431534821D-02  0.263504704320D-01  0.114492637795D-01
 -0.880466157474D-02  0.356998669092D-02  0.146753757088D-01 -0.216684336253D-01
 -0.305003762052D-01 -0.544060998570D-02  0.815767483310D-02 -0.105514369713D-01
 -0.278009566588D-01 -0.482974603611D-01  0.767831924485D-02  0.462430606165D-02
 -0.139797393495D-01  0.125910226919D-01 -0.142438127575D-01  0.317134206077D-01
  0.593816910928D-01  0.211541602228D-02  0.214240225104D-01 -0.121489417545D-01
  0.497070633905D-01 -0.837566491215D-02 -0.146858076386D-02 -0.696610166863D-02
 -0.227615005407D-02  0.474698140240D-02 -0.302158486711D-01 -0.226393810890D-01
  0.213273212728D-01  0.245928106931D-01 -0.236968392282D-01  0.275997764970D-01
 -0.109333382182D-01  0.525071199727D+00  0.163317121157D-01  0.111931850289D-01
 -0.648638707144D-02  0.652936953966D-03 -0.308925577451D-02 -0.141938188431D-02
 -0.159953265997D-01 -0.159657915786D-01 -0.109990177142D-01 -0.170914572097D-01
 -0.255090775186D-01 -0.296845066250D-02 -0.604223444331D-02  0.158464634307D-02
 -0.241129233500D-02 -0.491675827001D-01 -0.214297246698D-02 -0.217449835599D-01
 -0.107466351341D-01 -0.173879566026D-01 -0.203254075139D-02  0.144429591808D-01
 -0.172358564412D-01 -0.113785146076D-01  0.138792361610D+00 -0.136285544058D+00
 -0.304470506640D-01  0.312260408310D-01  0.117699942879D-01 -0.195774907266D-01
 -0.182913416553D-02  0.116514384221D-01 -0.980620328074D-02  0.164477305609D-01
  0.162329301084D-01  0.549799190114D-02 -0.520613180904D-05  0.429893691629D-03
 -0.162060118207D-01 -0.370517527748D-01 -0.252498027395D-01  0.482363521468D-01
 -0.370656188967D-01 -0.468958935442D-02 -0.869415004428D-02 -0.501731556063D-02
 -0.323736243154D-01 -0.205817040706D-01  0.187244191942D-01 -0.357400728583D-01
 -0.307147115472D-01 -0.605805804834D-03 -0.178850634482D-01  0.692023766533D-01
  0.166196408731D-01 -0.184419498773D-01 -0.474688759210D-02 -0.128839153797D-01
 -0.169195018155D-01 -0.302820805349D-01  0.465349606651D-01  0.359476153333D-01
  0.513243198790D-01 -0.196755675546D-01 -0.213255296906D-01 -0.775242842394D-02
 -0.113789181836D+00  0.338309651653D+00  0.944741655405D-02  0.282420803872D-02
 -0.147483606141D-01  0.100455431412D-01  0.710212439181D-02 -0.110451911735D-01
  0.154945345454D-01  0.132347688014D-01 -0.141675593672D-01  0.279761485863D-04
 -0.947154010253D-03  0.442055558652D-02  0.164063320512D-01  0.993071465747D-02
  0.261090831991D-01  0.227111752583D-01 -0.190996731968D-01  0.248870922636D-01
 -0.221692677713D-01 -0.568296051454D-02 -0.420625913139D-01 -0.598645466713D-02
  0.150642894255D-01 -0.655363384519D-01  0.472428834145D-01 -0.133373165996D-01
 -0.372179890611D-01 -0.933510270847D-04  0.946793066793D-02 -0.158556459003D-01
  0.822278871285D-02  0.190930572738D-02 -0.146155198041D-01  0.106620758793D-01
  0.169212741806D-02 -0.286214276932D-01  0.247998332214D-01  0.173480215697D-01
 -0.202802508067D-02  0.185446402386D-02 -0.449661800666D-03  0.640976157898D-02
 -0.977333856269D-02 -0.368211702657D-01 -0.291148771268D-01 -0.435891369300D-01
 -0.603319692857D-02  0.601912043618D-01 -0.729831371326D-03  0.478592750773D-01
  0.428319359419D-01  0.254692563806D-01 -0.438726012852D-02  0.587793631086D-01
 -0.470584796401D-01 -0.426220530426D-01 -0.513947984212D-01 -0.398534747477D-01
 -0.312485390997D-01 -0.376964466893D-01 -0.103332212301D-01 -0.407892965471D-02
 -0.869798422233D-01  0.797488976915D-02 -0.614016811321D-02 -0.632070827758D-01
 -0.250004845326D-02  0.471512090076D-01  0.300333952191D+00  0.207740950611D-01
 -0.289085104935D-01 -0.439090163435D-01 -0.267466003253D-01  0.146227192344D-01
  0.857335154348D-02 -0.312703016431D-01 -0.722604365510D-02  0.142222535759D-01
 -0.827329314700D-02 -0.190152978202D-01  0.332895511525D-02 -0.447560429696D-02
 -0.138749550514D-01 -0.147735233340D-01 -0.186296148653D-02  0.107249512109D-01
 -0.191917811672D-01 -0.136907292121D-01  0.181145910199D-01 -0.202013686346D-02
 -0.137479700494D-01  0.197991966223D-01  0.132571680694D-01 -0.168013683344D-01
  0.357249053285D-01 -0.372505894489D-02 -0.105610514142D+00 -0.680771207190D-03
  0.174313598369D+00  0.249602055508D-01 -0.906958791718D-01 -0.418311494675D-02
  0.372179311445D-01  0.583495629123D-02 -0.125403655596D-01 -0.287850764183D-02
  0.507901461519D-01  0.110704684778D-01 -0.205560382177D-01  0.108417280524D-01
  0.163489966942D-01 -0.237305279185D-01 -0.344399218974D-01 -0.199276068756D-01
 -0.321298845043D-02 -0.321659978738D-01  0.259465633885D-01  0.122525151393D-01
  0.691015300582D-02 -0.215957206485D-01 -0.328916925489D-03 -0.709157787433D-02
 -0.167888597209D-01 -0.158370268171D-01  0.441598037322D-01  0.590127919979D-02
 -0.306764451290D-01 -0.209074370571D-01  0.271944635503D-01 -0.337549872388D-01
  0.758770537229D-02  0.444813440958D-01 -0.601758474987D-01  0.535523325047D-01
  0.215063917100D-02  0.476470866580D-01  0.271939722074D-01 -0.182725646999D-01
  0.270778794920D+00  0.873698629090D-02 -0.960859417010D-02  0.155216316032D-01
  0.118511708517D-01 -0.157185179813D-01 -0.125684796327D-02  0.869044244239D-02
 -0.631777894603D-02 -0.108732683032D-01 -0.699475523731D-02 -0.292750460801D-01
 -0.267535973875D-02  0.197105978021D-01 -0.309798934979D-02 -0.430141103015D-02
 -0.118652619245D-01 -0.130113313393D-01 -0.285244590221D-01  0.132250345034D-01
 -0.151833981014D-01 -0.121848912867D-01 -0.568350700509D-02 -0.794404027691D-02
 -0.261144613734D-03 -0.404964081625D-01  0.248979258787D-02  0.434194750245D-01
  0.442171781916D-01 -0.458180632480D-01 -0.422236101512D-01 -0.181398645540D-01
 -0.167627379847D-01  0.202748923432D-01  0.719649387226D-02  0.102476320660D-02
  0.805806049107D-01  0.143800405995D-04 -0.239759941858D-01 -0.164442951573D-01
  0.123200639495D-01  0.699208217409D-02 -0.303002714628D-01 -0.258144387933D-01
 -0.576367529122D-01 -0.278050727627D-01 -0.109989058807D-01 -0.310852768122D-01
  0.198082990177D-01  0.365941697746D-01  0.415571717675D-01 -0.132109360198D-01
  0.503387222614D-01 -0.282788781979D-01  0.278342013481D-01  0.399687935000D-01
 -0.702764743073D-02 -0.189408900196D-01  0.103168320098D-01 -0.257138001896D-01
 -0.126824904206D-01  0.837771473462D-02  0.142627190881D-01 -0.410054244392D-02
 -0.799244529475D-02 -0.483368893043D-01 -0.239267930669D-02 -0.927222247407D-01
 -0.368777663278D-01 -0.273589142786D-02 -0.508507686320D-01  0.355343974014D+00
 -0.256663053866D-01 -0.318040114431D-02 -0.282824131493D-01  0.983316908103D-02
 -0.151472403627D-01 -0.115992658475D-01  0.542798677722D-02  0.969252230914D-02
 -0.458498955402D-02 -0.742525759287D-02  0.195954403705D-01  0.275106042043D-02
  0.113181011447D-02  0.202416495171D-01  0.208901988813D-02 -0.102082778510D-01
 -0.121300833430D-01 -0.209806478415D-02  0.169181845398D-01 -0.177297564991D-03
  0.905111325823D-03  0.157143518688D-01  0.171819672203D-01 -0.190508914410D-01
  0.738225425187D-01 -0.644660773255D-02  0.985638864368D-03  0.120428802614D+00
 -0.767385378608D-01 -0.325831162109D+00 -0.208105565448D-01 -0.418023997314D-01
 -0.198763698298D-01 -0.357171127412D-01  0.202546115690D-01  0.409087922047D-03
  0.650489166292D-05  0.271185977004D-01 -0.334105363844D-01 -0.163770399917D-01
 -0.124139090396D-01 -0.126257926700D-01 -0.201438075486D-01  0.255576613077D-01
  0.793642866205D-02  0.191448688306D-01  0.327976033974D-01 -0.324974934291D-01
 -0.240542023117D-02 -0.724358708961D-02 -0.155426112599D-02 -0.249058859655D-01
  0.185833529903D-02  0.177854682381D-01  0.418019376886D-01 -0.801871544752D-02
 -0.311722595900D-01  0.120486519130D-01 -0.280716203912D-01  0.193036811154D-01
  0.986190394182D-02 -0.268744377307D-01  0.358198385051D-02  0.128549984240D-01
  0.236344541612D-01  0.257309960328D-02 -0.547471720442D-02  0.168370377036D-01
 -0.967125253487D-02 -0.169861332146D+00  0.234749568830D-01  0.473934172559D+00
$end
