$energy      SCF               SCFKIN            SCFPOT
     1 -343.5856435040      342.0943516473     -685.6799951512
     2 -343.5849618387      342.3402578326     -685.9252196714
     3 -343.5860722432      342.2952408731     -685.8813131163
     4 -343.5871490495      342.2100326741     -685.7971817236
     5 -343.5873771872      342.2071756435     -685.7945528307
     6 -343.5875982784      342.1943830374     -685.7819813159
     7 -343.5877888721      342.2030192902     -685.7908081623
     8 -343.5878711955      342.2183527241     -685.8062239196
     9 -343.5879221734      342.2262053302     -685.8141275036
    10 -343.5880061182      342.2292502926     -685.8172564109
    11 -343.5880760067      342.2213708651     -685.8094468718
    12 -343.5881350016      342.2108062547     -685.7989412563
    13 -343.5881914964      342.2025834932     -685.7907749897
    14 -343.5882801063      342.2011753094     -685.7894554156
    15 -343.5883704240      342.2127035480     -685.8010739720
    16 -343.5884103791      342.2244738680     -685.8128842471
    17 -343.5884353270      342.2284213693     -685.8168566963
    18 -343.5884699049      342.2285917307     -685.8170616357
    19 -343.5884897500      342.2216951633     -685.8101849133
    20 -343.5885000687      342.2169243162     -685.8054243849
    21 -343.5885102740      342.2103911977     -685.7989014716
    22 -343.5885185243      342.2107023328     -685.7992208571
    23 -343.5885258422      342.2124311712     -685.8009570134
    24 -343.5885321696      342.2151769265     -685.8037090961
    25 -343.5885390913      342.2177972601     -685.8063363514
    26 -343.5885445247      342.2201969062     -685.8087414308
    27 -343.5885515807      342.2213275222     -685.8098791029
    28 -343.5885541448      342.2214983628     -685.8100525075
    29 -343.5885572465      342.2190446622     -685.8076019087
    30 -343.5885608177      342.2173035623     -685.8058643800
    31 -343.5885656325      342.2154650316     -685.8040306642
    32 -343.5885713587      342.2148838770     -685.8034552357
    33 -343.5885762614      342.2166061951     -685.8051824566
    34 -343.5885812123      342.2175872034     -685.8061684156
    35 -343.5885831658      342.2183874195     -685.8069705852
    36 -343.5885881095      342.2169562484     -685.8055443579
    37 -343.5885899191      342.2150744625     -685.8036643816
    38 -343.5885921276      342.2132863777     -685.8018785053
    39 -343.5885978606      342.2105639493     -685.7991618099
    40 -343.5886022899      342.2064545961     -685.7950568861
    41 -343.5886057521      342.2093974344     -685.7980031864
    42 -343.5886138760      342.2143609895     -685.8029748655
    43 -343.5886186280      342.2160978480     -685.8047164760
    44 -343.5886271835      342.2161984692     -685.8048256528
    45 -343.5886300851      342.2172350161     -685.8058651012
    46 -343.5886323200      342.2160840908     -685.8047164109
    47 -343.5886347336      342.2157212199     -685.8043559535
    48 -343.5886368091      342.2145355502     -685.8031723593
    49 -343.5886396519      342.2140582301     -685.8026978821
    50 -343.5886508967      342.2144609427     -685.8031118394
    51 -343.5886542703      342.2174166423     -685.8060709126
    52 -343.5886563233      342.2182010569     -685.8068573802
    53 -343.5886580867      342.2177340101     -685.8063920968
    54 -343.5886586037      342.2171295220     -685.8057881257
    55 -343.5886591119      342.2151671830     -685.8038262949
    56 -343.5886595315      342.2150658443     -685.8037253758
    57 -343.5886599173      342.2149024926     -685.8035624098
    58 -343.5886600301      342.2152710200     -685.8039310500
    59 -343.5886598111      342.2158414360     -685.8045012471
    60 -343.5886585198      342.2144598538     -685.8031183736
    61 -343.5886600711      342.2166354442     -685.8052955153
    62 -343.5886601222      342.2166023609     -685.8052624831
    63 -343.5886600965      342.2160381305     -685.8046982270
$end
