$hessapprox
  0.494444238134D+00 -0.342942628044D-01  0.479619119341D+00  0.507213983462D-01
  0.142395037000D-01  0.459907948413D+00 -0.700912347732D-01  0.171028103731D-02
  0.657321332861D-02  0.426951349956D+00 -0.698702901752D-02 -0.810865563922D-01
 -0.334675030047D-01 -0.104162074762D-01  0.547265434101D+00  0.190623331093D-01
 -0.451551456440D-02 -0.101882525892D+00  0.721719753907D-02  0.497597794142D-01
  0.447333748782D+00 -0.616749503852D-01 -0.699074838255D-01  0.164147303854D-01
 -0.111981342978D+00  0.143490078492D-01 -0.412572139075D-01  0.745858793548D+00
 -0.363808464048D-01 -0.601469768946D-01 -0.819889175009D-02 -0.110406540027D-02
 -0.966579028568D-01 -0.215850210047D-01  0.217692970498D+00  0.796614261746D+00
  0.176873341921D-01 -0.752505673563D-02  0.192274531763D-01  0.446542339636D-02
  0.264276775962D-02 -0.962358026137D-01  0.177391054906D+00  0.726351154657D-01
  0.362923131726D+00  0.906624215041D-02  0.289263654240D-01  0.127481565807D-01
 -0.241281761058D-01 -0.336784657308D-01 -0.318167525695D-02 -0.336019212564D+00
 -0.221427113360D+00 -0.806203246861D-01  0.336187072427D+00  0.984303793649D-02
  0.680485788572D-01  0.108743762416D-02  0.558369463096D-03 -0.564984758291D-02
  0.293862386413D-01 -0.315238206002D+00 -0.478767258403D+00 -0.973882950156D-01
  0.317657707001D+00  0.671783905108D+00  0.132215382425D-01  0.710790087985D-02
  0.287387571515D-02 -0.177063540166D-01 -0.253707835538D-01  0.152260926149D-01
 -0.923132050349D-01 -0.109333767779D+00 -0.144426471036D+00  0.100048551637D+00
  0.126083659593D+00  0.118834255194D+00 -0.334331778133D-01  0.245502534449D-02
  0.237942643550D-02 -0.117955868542D-01  0.406465693884D-01 -0.831783091799D-02
 -0.939687173826D-01  0.731108332971D-01 -0.355079113360D-01  0.178476283921D-02
 -0.337983050838D-01 -0.120636239611D-02  0.584864076378D+00  0.782805137454D-02
 -0.308538690420D-01  0.237780940354D-01  0.382744205380D-02 -0.286032598274D-01
 -0.177693512425D-01  0.574753283315D-01 -0.197722236670D+00 -0.189020872355D-03
  0.487058238814D-02 -0.149998590347D+00  0.238743725699D-01  0.344552676725D-02
  0.458597836125D+00  0.116526335554D-01 -0.393381184100D-03 -0.937267906842D-02
 -0.409532118795D-02  0.178007934421D-01 -0.158182897919D-02 -0.778299160311D-01
 -0.821240237481D-02 -0.103522052943D+00  0.411416473516D-01  0.477643984501D-01
  0.419487485653D-01  0.145007962400D+00 -0.365858882204D-01  0.164900946646D+00
 -0.304759015813D-01 -0.385562515067D-01  0.165619888367D-01 -0.602336325927D-01
 -0.288330063346D-01 -0.311632868061D-01 -0.623954032001D-02 -0.642730914405D-01
 -0.263188999732D-02 -0.806970188241D-02 -0.114717246927D-01 -0.375725773683D-02
 -0.774319010498D-02  0.115273230842D+00 -0.466235941802D-01  0.502845797791D+00
 -0.250530212237D-02 -0.517865846922D-01  0.285976575337D-01  0.379739097723D-01
 -0.152938739493D+00  0.143289885485D-01  0.659382809134D-01 -0.144147285453D-01
  0.219744996706D-01 -0.691556905467D-01 -0.113558489287D+00 -0.307607092441D-01
  0.617016666168D-01  0.668313685651D-01 -0.329160217821D-01  0.213408216813D+00
  0.588431383966D+00 -0.167047598074D-01  0.159534386885D-01  0.990979574598D-02
 -0.540707162092D-02 -0.150315441999D-01 -0.583637537877D-01  0.435157237930D-01
 -0.140334634609D-02  0.421796794416D-02 -0.903389293466D-02 -0.275889904790D-01
 -0.182122362469D-02  0.455187065383D-01  0.665244143165D-01 -0.500646194145D-01
  0.191371648037D+00  0.686827144702D-01  0.297743854883D+00 -0.603611746494D-01
  0.574761007954D-01  0.253956539719D-02  0.964677852644D-03 -0.159554652386D-01
  0.544901778909D-02 -0.347508670437D-01 -0.216265515900D-01 -0.334368489215D-02
  0.188732998128D-01  0.397947537497D-03 -0.167214026103D-01 -0.615824898738D-01
 -0.354878850475D-01  0.295693594243D-01 -0.204459615098D-02 -0.236710585088D-01
 -0.123890839610D-01  0.165979086450D+00  0.338980068080D-01 -0.174169176924D+00
  0.399706594845D-01 -0.259330875650D-01 -0.110217342351D-01  0.442223592344D-01
 -0.273687939319D-01 -0.771502226512D-01 -0.137830538331D-01  0.139879763531D-02
  0.362211259629D-01 -0.855026631759D-02  0.649412925631D-02 -0.161577732758D-01
 -0.990000363983D-02  0.575284938680D-02  0.528060969455D-02  0.214100912387D-01
 -0.108183776301D-02  0.363459807878D+00 -0.125251180061D-01  0.294608299042D-01
 -0.568250774017D-01 -0.126347126396D-01  0.403493269643D-01 -0.282287695920D-01
  0.727555581722D-02  0.470317143833D-01  0.895621498838D-02 -0.440712849077D-01
 -0.106632902778D+00 -0.302718114205D-01 -0.236204140497D-01 -0.160513136789D-02
  0.112455890789D-01  0.558836267413D-01  0.667818247306D-01  0.202894567730D-01
  0.721718866715D-01 -0.227795476414D-01  0.176871193814D+00 -0.159219805703D+00
 -0.907925012137D-02 -0.980030045974D-01 -0.404342283736D-01  0.145016027507D-01
  0.148998835417D-01 -0.261634279967D-02 -0.754638193844D-02 -0.102625949204D-01
 -0.162760372470D-01 -0.331959602825D-01  0.250868331935D-01 -0.191798306916D-01
 -0.759434645645D-03  0.189960222171D-01 -0.254583319581D-01  0.307889759983D-01
  0.531738430322D-01  0.126259139053D-03 -0.933620951130D-03  0.430026452725D-01
  0.404468868620D+00  0.356919204745D-01 -0.651179438020D-01  0.552503334057D-02
  0.276164337377D-02 -0.319168181956D-01 -0.196633629717D-01  0.148024825380D-02
  0.190350270947D-01 -0.416494507733D-02 -0.419419108044D-01 -0.917410527861D-02
  0.387354935370D-01  0.499397145154D-02  0.121707778251D-01 -0.648306318962D-02
  0.133691710196D-02 -0.217550419301D-01 -0.198058452959D-01 -0.550416053599D-01
 -0.630090308846D-01 -0.888868946288D-03  0.401783799781D-01  0.261092337271D+00
 -0.895622677105D-01 -0.915280790091D-02 -0.123155878578D+00  0.156030146424D-01
  0.129307538957D-01 -0.474754077746D-02 -0.174326386801D-02  0.191082454211D-01
  0.217377849240D-02  0.252643542982D-01  0.327372943579D-01 -0.433244349776D-02
  0.698446507763D-02  0.103482542297D-01  0.869705694132D-02  0.235887457786D-01
 -0.248732968694D-01 -0.979091862371D-01 -0.641108773274D-01 -0.375827610805D-01
 -0.700380101805D-01  0.156223300444D-02 -0.167352737738D-01  0.301813409710D+00
 -0.473427320628D-01  0.157207397662D-01 -0.139410129439D-03  0.302033408868D-02
 -0.693288068462D-02  0.354930863429D-01 -0.212660932551D-01 -0.316936972308D-01
 -0.114551471964D-01  0.926286767393D-02  0.787301523823D-01  0.340399073060D-01
  0.194358853751D-01 -0.251703867999D-01 -0.146398444354D-01 -0.653382324182D-01
 -0.587957340902D-01 -0.295705704691D-01 -0.616479628664D-01 -0.166003261874D-01
 -0.543488507263D-01 -0.500728575317D-02  0.696970124050D-01 -0.407009394168D-01
  0.156485137161D+00 -0.160246262246D-01 -0.113047229989D+00 -0.757648257032D-01
  0.131428307955D-01  0.161605945691D-01  0.243374904040D-01  0.572822507142D-01
  0.386418865572D-01  0.579505214924D-02  0.150443764679D-01 -0.220538957909D-01
 -0.392038060075D-02  0.191781455216D-01  0.208221661318D-01 -0.120318951852D-01
 -0.480517681094D-02  0.683017157358D-02  0.831759695665D-01  0.161397977485D-01
 -0.475903706610D-01 -0.583567005083D-01 -0.230297047325D-02 -0.105628680733D+00
 -0.238496626637D-01 -0.286015168634D-01  0.263140009197D+00 -0.499583566895D-01
 -0.677129725906D-01 -0.155874987852D+00  0.177961523771D-01 -0.179066022132D-01
 -0.217965157494D-01 -0.124863630663D-01 -0.232699345569D-01 -0.105252947887D-01
 -0.326542084104D-01 -0.186623457854D-02  0.559529829523D-02  0.936328263968D-02
 -0.659742734313D-02 -0.547362981270D-02  0.218814864933D-01 -0.137954809111D-01
  0.727395858271D-02  0.199604072382D-01  0.189245909575D-01  0.182925050294D-01
 -0.359873577759D-01  0.432550885593D-01 -0.756897322570D-01  0.389016842735D-01
  0.666140317703D-01  0.324241284130D+00 -0.605397852762D-01  0.824764603203D-02
  0.100803026987D-01 -0.704920768664D-01  0.730598934449D-02 -0.146511763154D-01
 -0.685677173846D-03  0.146980887013D-02 -0.229392772851D-01 -0.306815326625D-01
 -0.412242345061D-01 -0.322642441804D-01  0.288861655845D-01  0.973684231978D-02
 -0.236782840612D-01  0.789016543175D-01  0.544188877468D-01 -0.235415016596D-01
 -0.950156217263D-02  0.354510567185D-01  0.183316567799D-01 -0.920809252712D-01
  0.253178770251D-02  0.594100754560D-01 -0.456792798671D-02 -0.629953415651D-01
  0.519729500883D-01  0.182331302328D+00 -0.110468421654D-01  0.351564009602D-01
 -0.609970348578D-02 -0.802913106865D-02 -0.934809792706D-01 -0.744626746081D-01
  0.826118696366D-04 -0.304470933705D-01 -0.378318491608D-02 -0.254013878094D-01
 -0.178132518016D-01 -0.230230940540D-01  0.187119970201D-01 -0.514477600530D-02
 -0.109368982956D-01  0.208824085163D-01  0.119749413123D-01 -0.825121475489D-02
  0.316926152658D-01  0.484751298402D-01  0.357797372796D-01 -0.281575296073D-01
 -0.480143637323D-01 -0.133600238380D-01 -0.234135368841D-01 -0.131736685674D-01
 -0.169295908033D-02  0.309693833981D-01  0.206057657238D+00  0.535921605841D-01
  0.175355677935D-02 -0.366680817926D-01 -0.497297290460D-03 -0.573320148205D-01
 -0.163859114881D+00  0.490287217765D-02 -0.255772065108D-01 -0.358266665774D-01
 -0.167942615740D-01 -0.363324071024D-02  0.906654500630D-02 -0.290563921744D-02
 -0.828492072444D-02  0.409615795708D-03 -0.447997490222D-01  0.396234486633D-01
 -0.885909302405D-02 -0.281951156595D-01 -0.203578326052D-01  0.486807009396D-03
  0.277676370431D-01 -0.195212137415D-02  0.139559050398D-01  0.103008281436D-01
 -0.337317692725D-02 -0.702818857327D-01 -0.239732945031D-01  0.118780713094D+00
  0.272710163036D+00  0.304702586689D-02  0.245795694518D-01 -0.138765804358D-01
 -0.225686887471D-01  0.374864636559D-03  0.137026345030D-01 -0.306012917051D-01
 -0.776143413339D-02 -0.228136195808D-01  0.182743507311D-02  0.415318284763D-02
  0.250303099768D-02 -0.331305240126D+00 -0.286624959277D-01 -0.156125622962D+00
 -0.230296916332D-01 -0.582303517666D-02 -0.585330353258D-02 -0.236176694396D-01
  0.176934398586D-02 -0.284385323199D-01 -0.219302245614D-01 -0.124794248244D-01
  0.207493309036D-01  0.150074475293D-01  0.422831846720D-02 -0.760164675819D-02
  0.185624361705D-01  0.209686010896D-01  0.260003040134D-01  0.414608506566D+00
  0.117672965228D-01 -0.476817139204D-02 -0.620120960672D-04  0.700444947178D-02
 -0.977840919395D-02 -0.114588981904D-01  0.162023809735D-01  0.187745533042D-02
  0.239834679833D-01 -0.120077038806D-01  0.579100313015D-02  0.585501140208D-02
 -0.121570623885D+00 -0.760286371307D-01 -0.368805018049D-02  0.481732201184D-02
 -0.291017120680D-01 -0.521496446368D-01  0.205430973058D-01 -0.201161155068D-01
  0.177400582055D-01  0.200480421210D-01  0.676821985771D-01 -0.613314758490D-02
  0.149893529200D-01 -0.559843876012D-01  0.324844061612D-01 -0.501967933221D-03
 -0.253954682775D-01 -0.133327362561D-01  0.406916223602D-02  0.114073613155D+00
 -0.900734440202D-02  0.108713587795D-01 -0.199602220824D-02 -0.120816646718D-01
 -0.264393960263D-02  0.163398136958D-01  0.153316224763D-01  0.216571886118D-01
 -0.188217339192D-02 -0.213341607668D-01 -0.112372544840D-01 -0.491865273602D-02
 -0.790621181767D-01 -0.634365950748D-02 -0.106280433901D+00 -0.248062463261D-01
  0.219150152006D-02  0.237894474215D-01 -0.529449718574D-01 -0.131006704710D-02
 -0.451498092712D-01 -0.185700721498D-01  0.164240970997D-01  0.731898220326D-02
  0.406368556698D-01  0.109388671169D-01  0.265952220496D-02  0.151625492848D-01
  0.988371830836D-02  0.187670145644D-01  0.181032684047D+00 -0.226076091121D-01
  0.126827713601D+00  0.165812560933D-01  0.127215204066D-01 -0.599978684631D-02
 -0.192113946069D-01  0.256250205131D-01  0.274703037894D-02 -0.460547579406D-01
  0.995395688336D-01 -0.996936260017D-02  0.381729804859D-01  0.235880333996D-01
 -0.109310354020D-01 -0.759626573301D-01 -0.112376801656D+00  0.766249579089D-01
 -0.353114633466D+00 -0.304279117416D+00 -0.231079737415D+00  0.675629989420D-01
 -0.128465173924D-01 -0.210264586331D-01 -0.223921154000D-01 -0.492089397526D-01
  0.429551291618D-01  0.195856251440D-02 -0.102860877776D-01 -0.211880304098D-01
 -0.401320709908D-01 -0.272591896246D-01 -0.539844469527D-02 -0.449932315589D-07
  0.346391921357D-01 -0.343571331267D-01  0.432591876692D+00  0.821059562270D-02
 -0.184759003066D-02  0.103945503215D-01 -0.214964344574D-01 -0.522917816228D-01
 -0.125800336606D-01 -0.179885956434D-01  0.991377886630D-01 -0.197346578388D-03
  0.357144432164D-01  0.151708254332D-01 -0.697436432611D-03 -0.753689356951D-01
 -0.539130063503D-01  0.555824121599D-01 -0.213531693887D+00 -0.295793179096D+00
 -0.131516042568D+00  0.266148448548D-01 -0.442222492366D-01 -0.468803402254D-01
 -0.235418528285D-01 -0.153643562119D-01  0.565624258069D-01  0.120708212668D-01
  0.118834053139D-01 -0.284365061746D-01 -0.454098581279D-01 -0.681945283252D-01
 -0.263144686079D-01 -0.541665265253D-02  0.317486309777D-01 -0.278242016830D-01
  0.320143318331D+00  0.373686040486D+00  0.118204485860D-01  0.991314424414D-02
 -0.614382025739D-02  0.767420143717D-03  0.282689659188D-01 -0.220380282024D-02
 -0.392015976478D-01  0.371483064408D-01 -0.508008497642D-02  0.284870986686D-01
  0.112878893788D-01 -0.777421307507D-02 -0.586335669973D-01 -0.471497358731D-01
  0.490932870911D-01 -0.155505471818D+00 -0.139835126330D+00 -0.146206605263D+00
  0.480148997874D-01 -0.102641687504D-01 -0.562828882723D-02 -0.216660678609D-01
 -0.342462319079D-01  0.419136591415D-01 -0.851759936234D-02 -0.135647694187D-01
 -0.184205220499D-01 -0.139097563028D-01 -0.228344156490D-01  0.987915563569D-04
 -0.927867887513D-02  0.293691543048D-01 -0.354754021822D-01  0.217622871679D+00
  0.151906987642D+00  0.135827001662D+00
$end
