$grad          cartesian gradients
  cycle =      1    SCF energy =     -514.0113554482   |dE/dxyz| =  0.070083
    0.92680861891821      2.43157296551809     -0.08835981413525      c
    2.56540903884246      0.52068190829651      0.02032022501810      c
    1.61593504478549     -2.10960331813048      0.11679074368025      c
    3.02599576664975     -3.94444423719262      0.21844478110224      o
   -0.96875297998040     -2.34690189677811      0.08406068720173      n
   -2.65930197107062     -0.39133771397038     -0.02739724935482      c
   -4.95022829031119     -0.72927365738495     -0.05097725193790      o
   -1.62277963280888      1.98354535753507     -0.11151840779254      n
    5.08220487312893      0.87551956216974      0.04689922296096      f
    1.53977341278470      4.38480711601416     -0.16152434050239      h
   -1.68440171200681     -4.11134106906731      0.14746477813517      h
   -2.87066216893164      3.43677687271640     -0.19420337437554      h
  -.87408659434648D-02  -.12130418240268D-01  0.36828836786067D-03
  0.19357651516639D-02  0.12520913105280D-01  -.50869938504999D-03
  -.43230850986900D-01  0.13627450815007D-01  -.12984250904958D-02
  0.14026093896098D-01  -.11936053590301D-01  0.77225076120143D-03
  -.28757948483005D-02  -.70429658990253D-02  0.24581192409833D-03
  0.40084580080215D-01  0.25700324796462D-02  0.56104559085208D-03
  -.14448575975053D-01  -.22836029702315D-02  -.13935426642276D-03
  0.23550428048415D-02  -.67863475983690D-02  0.34187629518860D-03
  0.11398834907234D-01  0.17845120815365D-02  0.10692532588437D-03
  0.12796313863683D-02  0.15111037352401D-02  -.47313723215870D-04
  0.16557173266223D-02  0.19175158544471D-02  -.48485032493523D-04
  -.33501704771381D-02  0.62399948735734D-02  -.31991291692942D-03
  cycle =      2    SCF energy =     -514.0083648002   |dE/dxyz| =  0.145682
    0.94430065044537      2.45583393952815     -0.08909912989804      c
    2.56155144872932      0.49564363372062      0.02134002440125      c
    1.70241566513039     -2.13685613280369      0.11939905561320      c
    2.99796599121703     -3.92056707892965      0.21691677766003      o
   -0.96298204847438     -2.33281881657430      0.08358289159029      n
   -2.73945551522797     -0.39648415071606     -0.02851076363987      c
   -4.92131490506573     -0.72471718300142     -0.05068745793942      o
   -1.62747859536387      1.99711334817491     -0.11220187588619      n
    5.05942049646670      0.87195888142677      0.04668506990593      f
    1.53722075193875      4.38178595658345     -0.16143912373763      h
   -1.68769046621586     -4.11518008633001      0.14758170359764      h
   -2.86395347357975      3.42428957864736     -0.19356717166719      h
  0.62177058337695D-02  0.20555377049457D-01  -.78172586846560D-03
  0.35213913344139D-02  -.87617982177638D-02  0.42708488247303D-03
  0.43615894757319D-01  -.52175723388257D-01  0.29519214184624D-02
  -.43020299469176D-01  0.57380255130007D-01  -.30969551819752D-02
  -.61134861856745D-03  0.10933375622658D-04  -.25391768473493D-04
  -.72685538336923D-01  -.10017848644241D-01  -.77615437456483D-03
  0.72198805489008D-01  0.94394119015824D-02  0.80032766943788D-03
  -.36006600681632D-02  0.35028813701348D-02  -.19579104573453D-03
  -.17463990238709D-02  0.57809837327933D-04  -.35121862043737D-04
  -.36249861838635D-02  -.85312898791199D-02  0.29949907471064D-03
  -.31059378721640D-02  -.57989239911798D-02  0.20223700106057D-03
  0.29288290821445D-02  -.57076140883931D-02  0.29430261662792D-03
  cycle =      3    SCF energy =     -514.0113171035   |dE/dxyz| =  0.097508
    0.94331973939854      2.45243598222182     -0.08896932842440      c
    2.56093444418515      0.49702513438119      0.02127282827547      c
    1.69536636569236     -2.12807794042114      0.11890951981150      c
    3.00518076478898     -3.93024892924311      0.21744169695319      o
   -0.96285015942064     -2.33275785924234      0.08358705179023      n
   -2.72741534595593     -0.39479933982221     -0.02838268690166      c
   -4.93350067101729     -0.72630838804685     -0.05082218581632      o
   -1.62688452058336      1.99657603333597     -0.11217195606264      n
    5.05961671983868      0.87193298425699      0.04669136060150      f
    1.53782835680839      4.38322727772732     -0.16149098070047      h
   -1.68717363972757     -4.11420889055455      0.14755053602603      h
   -2.86442205400732      3.42520582513303     -0.19361585555243      h
  0.56389985701375D-02  0.15789092464705D-01  -.58749588024557D-03
  0.21523017178322D-02  -.71598457927270D-02  0.33564856479864D-03
  0.29473348298857D-01  -.32576632158203D-01  0.18831949942212D-02
  -.29641355952768D-01  0.38945999826029D-01  -.20907434393104D-02
  -.15945101229616D-02  -.87883027203914D-03  -.31668960600945D-05
  -.47085203479905D-01  -.65778526027156D-02  -.49797684357584D-03
  0.48888427903857D-01  0.60289075238017D-02  0.55880475956110D-03
  -.35564230187662D-02  0.32343224986136D-02  -.18384966837686D-03
  -.79516943523801D-03  0.12066158117126D-03  -.22175020962057D-04
  -.30406055001975D-02  -.67099569454819D-02  0.23156042903977D-03
  -.29427028734139D-02  -.54809636932998D-02  0.19122189582089D-03
  0.25832528828537D-02  -.48001733455452D-02  0.24989322461843D-03
  cycle =      4    SCF energy =     -514.0140158040   |dE/dxyz| =  0.021156
    0.93316178577434      2.43415941482917     -0.08834669447567      c
    2.56078693655931      0.50708458865051      0.02086709449418      c
    1.67851293304136     -2.12222842410471      0.11839206914788      c
    3.02506229160633     -3.95359732779766      0.21868246535834      o
   -0.95619077260014     -2.32795225053672      0.08354506455838      n
   -2.71012536017168     -0.39194664606437     -0.02821574933139      c
   -4.96223021339714     -0.72812672310397     -0.05122510575199      o
   -1.61940069747122      1.99052649013196     -0.11182226779340      n
    5.05817400218773      0.87145188722802      0.04671201452484      f
    1.54244430829360      4.39165632552746     -0.16177922271694      h
   -1.68138249807843     -4.10351537813352      0.14721146453703      h
   -2.86881271574408      3.43248993309996     -0.19402113255127      h
  -.27021202944186D-02  -.62546656695419D-02  0.21879060285118D-03
  0.18529154045404D-03  0.63253135138699D-02  -.27691703852959D-03
  -.63547418964985D-03  -.61380371142214D-02  0.26149609562645D-03
  -.50915567740894D-02  0.75574220953078D-02  -.36029003236844D-03
  0.11787396632965D-02  -.12486697191684D-03  0.12139601978246D-04
  -.64856673027857D-02  -.16804039629123D-02  -.33348376278855D-04
  0.87268507040821D-02  0.72046667383975D-03  0.11826763370028D-03
  0.88750607482768D-02  -.14326410155415D-02  0.22062237229372D-03
  0.42916413496876D-04  -.80764601698236D-03  0.30179790190539D-04
  0.62303768669922D-03  0.32582525884285D-02  -.13274724591075D-03
  -.19496448599195D-02  -.31885453627442D-02  0.10949145945578D-03
  -.26959528680497D-02  0.16994995746567D-02  -.11516496352070D-03
  cycle =      5    SCF energy =     -514.0140327497   |dE/dxyz| =  0.024747
    0.93842282928172      2.44746092621719     -0.08882077051648      c
    2.56061594461463      0.49318443356242      0.02149360682179      c
    1.68690282198758     -2.11632585318619      0.11828111987986      c
    3.03334719254557     -3.96631695664883      0.21927742588216      o
   -0.95684383362312     -2.32569092158143      0.08349600920045      n
   -2.70661669526009     -0.38931881115625     -0.02826719019036      c
   -4.97643459179501     -0.72857884508275     -0.05144356313684      o
   -1.63750032972140      1.99341881300616     -0.11228312743201      n
    5.05615171242585      0.87287035734700      0.04664325296464      f
    1.54157974499445      4.38531450938135     -0.16152787977102      h
   -1.67637054807981     -4.09506962994118      0.14695450023329      h
   -2.86325424737040      3.42905386780865     -0.19380338393550      h
  0.50798544849023D-02  0.11764036595872D-01  -.42272803604377D-03
  0.21977270180978D-02  -.77513927514564D-02  0.36096561382485D-03
  -.10828597576200D-02  0.83700590214507D-02  -.36279440798728D-03
  0.13815810422252D-02  -.25062816733958D-02  0.17159265664713D-03
  -.34839540618089D-02  -.44780013162831D-02  0.12165164787722D-03
  0.88783992455694D-02  0.10258567028662D-02  0.10571460853102D-03
  -.43213594143473D-02  -.37799590638509D-03  -.51322327621808D-04
  -.10643993831607D-01  0.18576345247524D-02  -.24612049083792D-03
  -.24805778115417D-03  0.18396579965923D-03  -.16051977172246D-04
  -.15727751818755D-02  -.34205853769905D-02  0.11578373982800D-03
  -.52714866794576D-03  -.91101103766349D-04  0.68257952756384D-06
  0.44123706400021D-02  -.46433208251475D-02  0.27364380024448D-03
  cycle =      6    SCF energy =     -514.0142647241   |dE/dxyz| =  0.005761
    0.93493751090418      2.43895903153366     -0.08851290328759      c
    2.55866397842596      0.49840956580914      0.02124822105247      c
    1.68713471949429     -2.12089587387576      0.11847745757653      c
    3.03338977288272     -3.96605834568573      0.21924289980483      o
   -0.95450760036930     -2.32226218654265      0.08340709255353      n
   -2.71131222960129     -0.38972804333870     -0.02832649614903      c
   -4.97501521954258     -0.72860248843781     -0.05142012960585      o
   -1.63038614834043      1.99227380551899     -0.11212668814887      n
    5.05660537142543      0.87289513964748      0.04665751729942      f
    1.54265497571840      4.38741178672906     -0.16160086285500      h
   -1.67580593549539     -4.09486851712082      0.14696156353160      h
   -2.86635919550201      3.43246801548928     -0.19400767177207      h
  0.19900689113597D-02  0.20970444824892D-02  -.60031065424029D-04
  -.74212292333598D-03  -.50581018648931D-03  0.15673049817656D-05
  -.99980344378647D-03  0.26684925985199D-02  -.11874744439517D-03
  0.17644592295221D-03  -.15173632250383D-03  0.52171589253511D-04
  -.96896997166646D-03  -.93256447652302D-03  0.12386538885375D-04
  0.24313817618446D-02  -.32410699256910D-03  0.56155503260933D-04
  -.55463296299712D-03  -.24426824274303D-04  -.38401697419368D-05
  -.10096872326449D-02  -.47154857312156D-04  -.48406505789127D-05
  0.38972285962443D-03  -.40944975691688D-03  0.19273496020862D-04
  -.34330135968036D-03  0.44821636186221D-03  -.28861404024022D-04
  -.11012902968531D-02  -.14732962073905D-02  0.49965178008489D-04
  0.80219189208517D-03  -.14128945354247D-02  0.75858772910600D-04
  cycle =      7    SCF energy =     -514.0142983628   |dE/dxyz| =  0.003865
    0.93099106134941      2.43557133176198     -0.08842840711500      c
    2.56053261856749      0.49798802225562      0.02132722551450      c
    1.68908511601644     -2.12451755168480      0.11866012250418      c
    3.03467578721145     -3.96825208463536      0.21928678579580      o
   -0.95263171656866     -2.32034708414458      0.08340763479539      n
   -2.71411289634691     -0.38839512308977     -0.02842623069978      c
   -4.97686359270518     -0.72892657762993     -0.05144001780296      o
   -1.63017828752250      1.99280488745134     -0.11217530907495      n
    5.05556393836197      0.87400729787907      0.04661578650666      f
    1.54330211608569      4.38564478910072     -0.16151877678668      h
   -1.67285465461980     -4.09081029123677      0.14685583006129      h
   -2.86750948982943      3.43523427369863     -0.19416464369849      h
  -.10567762692074D-02  0.78138894923554D-03  -.53868067756685D-04
  0.12707248889909D-02  0.36147721300201D-03  -.16563829884795D-05
  -.94293473555193D-03  0.19337792868695D-03  -.12673238573723D-04
  -.14476652837781D-03  0.79324239167075D-03  0.65297540182447D-05
  -.26880546535342D-03  -.14112869166069D-02  0.45778622924372D-04
  0.85127547077401D-03  0.73032134262632D-04  0.12469416217933D-04
  -.44476866508278D-03  -.47641776092616D-04  -.10222824073466D-05
  0.18385321284020D-02  -.34754234509761D-03  0.54620514898194D-04
  -.51764467717556D-03  -.70883035026640D-03  0.16735033974602D-04
  0.11284787082060D-03  0.12993527485200D-02  -.57599176219502D-04
  -.57992390159843D-03  -.43982606677418D-03  0.14337149255996D-04
  -.47757385117837D-04  -.61598847879444D-03  0.27874409333882D-04
  cycle =      8    SCF energy =     -514.0143264532   |dE/dxyz| =  0.002903
    0.92941337723353      2.43108045060666     -0.08825419028400      c
    2.55987322370836      0.49642322738101      0.02143509388484      c
    1.69296019608726     -2.12763312359139      0.11885120399520      c
    3.03696565154463     -3.97302483202752      0.21940297406927      o
   -0.95022422398572     -2.31566162503448      0.08333536191155      n
   -2.71778297516139     -0.38708329627512     -0.02853574994554      c
   -4.97918305673437     -0.72926753311718     -0.05146934271909      o
   -1.63406572544237      1.99405491238214     -0.11234385623813      n
    5.05530397724806      0.87642963891472      0.04654936109883      f
    1.54375060909241      4.38142410365379     -0.16133837731510      h
   -1.66868832765052     -4.08567952747009      0.14673912697131      h
   -2.86832272593991      3.43893949430361     -0.19437160542921      h
  -.17219572799012D-03  -.72755989771605D-03  0.25743371911138D-04
  0.14933013708986D-03  0.13086744480315D-02  -.59147212524473D-04
  -.56665556094383D-03  -.60341259704911D-03  0.27670905473719D-04
  0.46231108463998D-03  0.21515718100267D-03  0.39893640749964D-04
  0.10512977003972D-03  -.40338370670485D-03  0.11090815421916D-04
  -.56275710774322D-03  -.29831735384799D-03  0.44181603584788D-05
  0.30788402707836D-04  0.31423328482501D-03  -.86091160677072D-05
  0.94291454513018D-03  -.82731869151043D-04  0.26582822334371D-04
  -.25080482164768D-03  -.76739864742856D-03  0.23377636198081D-04
  0.18767037303214D-03  0.15652053944209D-02  -.67621270459007D-04
  -.22546263254075D-03  0.47229720027650D-04  -.97089604713736D-06
  -.29298228811702D-04  -.63872901703972D-03  0.29305616561746D-04
  cycle =      9    SCF energy =     -514.0143388386   |dE/dxyz| =  0.002573
    0.92714670126969      2.42831301024350     -0.08816407750511      c
    2.55959137008210      0.49291608386125      0.02164267090912      c
    1.69696661023267     -2.12935412541813      0.11898294083088      c
    3.03739962990189     -3.97673840072296      0.21941086671677      o
   -0.94825889112907     -2.31121479559365      0.08328440911225      n
   -2.71955629500048     -0.38527785329873     -0.02863100535762      c
   -4.98107419972310     -0.73042702171024     -0.05145847157813      o
   -1.63702486958050      1.99476461076443     -0.11248277315317      n
    5.05543472729680      0.87994875096167      0.04645614329056      f
    1.54391866546499      4.37514136386427     -0.16107671411582      h
   -1.66501673138395     -4.08194372349844      0.14668467755792      h
   -2.86952671743107      3.44387399027317     -0.19464866670773      h
  -.37010767802278D-03  0.65720194454902D-03  -.36381186678268D-04
  -.26313202551046D-03  -.23505806923938D-03  0.17149085063122D-05
  0.51629857040431D-03  -.94323315443775D-03  0.60358133562655D-04
  0.35027165114840D-03  0.37710221351751D-03  0.30155357952321D-04
  0.23806942239365D-03  0.61613229453513D-03  -.27855966913405D-04
  -.33944305739868D-03  0.19576596677147D-03  -.13185656352792D-04
  -.50428206394436D-03  0.26211983234774D-03  -.15463509653401D-04
  0.89650877864343D-03  -.12690193177600D-02  0.74280579021731D-04
  0.18864736437959D-03  -.59862593998512D-03  0.23451909108605D-04
  -.29394580340148D-04  0.64859713693601D-03  -.32061827228968D-04
  -.52659926590772D-04  0.27326850536705D-04  0.22735814783068D-05
  -.55782993144942D-03  0.18689770562855D-03  -.14426394778570D-04
  cycle =     10    SCF energy =     -514.0143443836   |dE/dxyz| =  0.001399
    0.92656013250020      2.42616808189101     -0.08807731793139      c
    2.56009046534550      0.49217792529166      0.02171782397941      c
    1.69752167480665     -2.12888478951344      0.11896678004685      c
    3.03661463782866     -3.97811565625163      0.21936060571916      o
   -0.94788970768106     -2.31069527930373      0.08332906256575      n
   -2.71987796337536     -0.38497189944065     -0.02864126178872      c
   -4.98044938027265     -0.73127562350507     -0.05141654001858      o
   -1.63889939009723      1.99684134870020     -0.11263447347748      n
    5.05522388877134      0.88216246599637      0.04639400989176      f
    1.54405642170081      4.37189163920894     -0.16094155576029      h
   -1.66369435795066     -4.08082444140409      0.14668813100886      h
   -2.86925642157623      3.44552811805657     -0.19474526423543      h
  0.71684985934044D-04  0.16859718093536D-03  -.80282039027637D-05
  -.36335760784015D-04  -.24781020765596D-03  0.67120542490817D-05
  0.33837125587206D-03  -.12230106388314D-03  0.22788349892186D-04
  0.54592214176301D-03  -.92929217718310D-04  0.52524770881981D-04
  0.36633119642407D-04  -.38884570105981D-04  -.22589837491182D-05
  -.65889243475818D-03  -.84458416845603D-04  -.65271932205666D-05
  0.60891209315350D-04  0.35844405113596D-03  -.10336935877259D-04
  -.26423651290782D-03  0.17518401166462D-03  -.77037407034287D-05
  0.79408504794173D-04  -.53043981746429D-03  0.18785274580815D-04
  -.16453951749661D-03  0.32591997099056D-03  -.20486637580434D-04
  0.12879934464505D-03  0.39327945398575D-03  -.10394567854073D-04
  -.65369220727804D-04  -.38152862910344D-03  0.18094143850442D-04
  cycle =     11    SCF energy =     -514.0143474433   |dE/dxyz| =  0.001320
    0.92647278109914      2.42498230625554     -0.08802372239439      c
    2.56036993941055      0.49242379690753      0.02174877490754      c
    1.69689641719180     -2.12851204844743      0.11893306797171      c
    3.03442971391765     -3.97802742141351      0.21921207384318      o
   -0.94795274147714     -2.31051424905051      0.08338401406093      n
   -2.71850938948653     -0.38477864997194     -0.02861619448855      c
   -4.97951459360163     -0.73255073305763     -0.05135197295743      o
   -1.63949704263934      1.99743474072116     -0.11269976471096      n
    5.05508764043450      0.88465519293200      0.04632929437917      f
    1.54448688642853      4.36929294495291     -0.16083035128348      h
   -1.66349289658622     -4.08153269557151      0.14675800705027      h
   -2.86877671469135      3.44712870546954     -0.19484322637811      h
  0.43371595882485D-03  -.76795834261687D-04  0.84168340895942D-05
  0.78596819926128D-05  0.44164875491939D-04  -.42745796286617D-05
  0.33381099969481D-03  -.33798914354386D-03  0.32319547617492D-04
  0.64723786953003D-04  0.36352399165079D-03  0.24447127237011D-04
  -.49779495424911D-04  0.13823607782173D-03  -.10261643165879D-04
  0.39748077970932D-03  -.89355876005314D-05  0.79484183706303D-05
  -.23187060722249D-03  0.21951335500694D-03  -.95225966854033D-05
  -.69297957915318D-03  0.31090318288052D-03  -.21652930135852D-04
  0.60705015729145D-04  -.39257909969794D-03  0.12712879656055D-04
  -.27328768042391D-03  -.12360870086025D-03  -.31015549244302D-05
  0.57562389714579D-04  0.46882544356670D-04  0.31426490156758D-05
  -.34764409142395D-04  -.26159444488718D-03  0.13600528990450D-04
  cycle =     12    SCF energy =     -514.0143485927   |dE/dxyz| =  0.001100
    0.92607880973515      2.42461263667812     -0.08801052001291      c
    2.56035861248166      0.49239228914509      0.02178206577440      c
    1.69604352596198     -2.12758365603179      0.11887169424835      c
    3.03310601427924     -3.97861682490456      0.21911621345410      o
   -0.94798724973807     -2.31067707269386      0.08344648907817      n
   -2.71842862698585     -0.38475196954778     -0.02860617456687      c
   -4.97842834661902     -0.73359597264668     -0.05129394399146      o
   -1.63908548688555      1.99736284628369     -0.11271444464430      n
    5.05499053411138      0.88670656993724      0.04628158821219      f
    1.54514074902773      4.36795954183228     -0.16076894556774      h
   -1.66350530588559     -4.08207467931490      0.14681549037589      h
   -2.86828322948310      3.44826818098929     -0.19491951235994      h
  0.15517697512435D-03  0.51489109450752D-04  -.18712463581850D-05
  0.16721715705134D-04  -.14694822558378D-03  0.48239070625730D-05
  -.23786206110849D-03  0.58430641281731D-03  -.15344311831891D-04
  0.28437753893199D-03  -.17946272744043D-03  0.49194394036511D-04
  0.72886118866795D-04  0.51062200636329D-05  -.14246451127143D-05
  -.10490369192675D-03  0.12409096685504D-03  -.59708135828509D-05
  0.43759533823868D-03  0.16460429919126D-03  0.36305712566473D-05
  -.14527620899357D-03  -.56249877372028D-04  0.22460361798740D-05
  0.15343940073053D-03  -.23993471798084D-03  0.79371331960577D-05
  -.27729840262381D-03  -.36428995793624D-03  0.70630944987501D-05
  -.30029996679839D-04  -.10160327627760D-03  0.80143992705339D-05
  -.25201707577852D-03  0.79471825824167D-04  -.44759539253125D-05
  cycle =     13    SCF energy =     -514.0143496551   |dE/dxyz| =  0.000583
    0.92577190105964      2.42447709044025     -0.08800620747960      c
    2.56021312201305      0.49246917069203      0.02179993297717      c
    1.69613824949682     -2.12791623186549      0.11887882308706      c
    3.03235632265391     -3.97889951070252      0.21903965438223      o
   -0.94811835884855     -2.31077100706490      0.08349020878456      n
   -2.71836722431465     -0.38498735130441     -0.02858741857816      c
   -4.97879961663851     -0.73427870189803     -0.05127396005286      o
   -1.63879878611467      1.99746558457881     -0.11273056634646      n
    5.05471295842393      0.88790541088286      0.04625959141583      f
    1.54589054045069      4.36809671861064     -0.16076731944477      h
   -1.66342345875443     -4.08203240591775      0.14684355730321      h
   -2.86757564942726      3.44847312327465     -0.19494629604833      h
  -.11378958673558D-03  -.15555480366277D-03  0.24184109170536D-05
  0.37701972125413D-06  -.56055767248831D-04  0.11295667612601D-05
  -.12151195548262D-04  0.19220434054232D-03  0.50509251691659D-05
  0.12540749332635D-04  0.11825635077952D-03  0.31694566063993D-04
  -.39998113976605D-05  -.90659245740273D-04  0.19794129167980D-05
  0.21534274246842D-03  0.97069068896132D-04  0.49973860257462D-06
  0.51397154050370D-04  0.40141951504272D-04  0.23904179717502D-05
  0.11302281774527D-03  0.12930584302092D-03  -.17813268449852D-05
  0.13735477653693D-03  -.18762909687963D-03  0.56204456026520D-05
  -.17709404991846D-03  -.18177008758652D-03  0.84298969458893D-06
  0.19685673467263D-04  -.20965187552393D-04  0.54907086947694D-05
  -.16948487614407D-03  0.35234938541880D-04  -.11792369062417D-05
  cycle =     14    SCF energy =     -514.0143504601   |dE/dxyz| =  0.000488
    0.92573922664458      2.42464341420433     -0.08800656677330      c
    2.56020878395760      0.49266287246187      0.02183238569923      c
    1.69610128866114     -2.12852403446247      0.11888711783915      c
    3.03170197042929     -3.97977669556328      0.21892976718432      o
   -0.94812690024965     -2.31054544994561      0.08355401466329      n
   -2.71878879904261     -0.38538369866372     -0.02856353617512      c
   -4.97929370377156     -0.73513030297037     -0.05125060492489      o
   -1.63882182834688      1.99712701181628     -0.11274402971135      n
    5.05403181053908      0.88967821003499      0.04623444973736      f
    1.54709978014706      4.36843540543801     -0.16077041857646      h
   -1.66334013385632     -4.08196865484733      0.14689468858427      h
   -2.86651149511174      3.44878381222344     -0.19499726754661      h
  -.14005117243406D-03  -.14077536941856D-03  0.10603953686276D-05
  0.16581325036108D-03  0.63629778017840D-04  0.37254957004007D-06
  -.88665111070453D-04  -.10766354307379D-03  0.17792034870727D-04
  -.38601959597144D-04  0.11552572289797D-03  0.27712248045382D-04
  0.95322927465968D-04  0.14739974643389D-03  -.43841555504337D-05
  0.22152934990693D-03  -.28939778630485D-04  0.61705844080315D-05
  -.10437646992146D-03  -.13608062849066D-04  0.15221295946045D-05
  0.11860087372744D-03  0.42466453440171D-04  0.86859405208913D-06
  -.80050479790545D-04  -.98437516168488D-04  -.12815985758792D-05
  -.42074659897098D-04  -.13946613407489D-04  -.43633966365305D-05
  0.87147426344018D-05  -.62201840433803D-04  0.71998000852405D-05
  -.42731512022913D-04  0.15245906167395D-04  0.16798103105134D-05
$end
