$dipgrad          cartesian dipole gradients
  0.24274247811629D+00  -.68031814593324D-01  -.13220419225461D+00
  -.75978421010992D-01  0.42351455772046D+00  0.19360755353437D+00
  -.11818070142923D+00  0.98302351103071D-01  0.43181918081713D+00
  0.57340709690331D+00  0.10278606673761D+00  0.46375588193262D-01
  0.27548137724432D+00  0.34119861736570D+00  -.13147206845677D+00
  0.13896181809724D+00  -.53611290108163D-01  0.83311540419271D-01
  -.74650389282116D+00  -.20815936593727D+00  0.68687286810908D-01
  -.28513144855784D+00  -.32031920479170D+00  0.15337810527508D+00
  0.50812081745331D-01  0.19143868415501D+00  -.67850267101296D+00
  0.25659176912283D+00  -.81970644674023D-02  -.68900818110218D-01
  -.15935968861963D+00  0.12587381842501D+00  -.89637714748034D-01
  -.14694797283802D+00  -.17029192319853D+00  0.56329538378586D+00
  0.65315973627790D+00  -.57699066224406D-01  0.38609150522186D-01
  -.18896674005943D+00  0.33038442539796D+00  -.97454703698138D-02
  0.21914440018537D+00  -.54427306038358D-01  0.20623243158277D+00
  -.98813946517904D+00  0.28580283138732D-01  -.60494764390414D-01
  0.64284865584544D-01  -.53670964181413D+00  -.84917527997172D-01
  -.16923355642023D+00  -.12637997964444D+00  -.28586681495057D+00
  0.45203615809475D+00  -.92673275049322D-01  -.77924384186288D-01
  -.13551756811520D+00  0.41524305773608D+00  0.30155356757216D-01
  -.17050358830416D+00  0.11764450921128D+00  0.22778170668221D+00
  0.27330101616401D+00  0.12074074856207D+00  -.90375624566926D-01
  0.30346518501240D+00  0.35761982639399D+00  -.76177065887337D-01
  -.85320962386199D-01  -.49505586770380D-01  0.36739713420513D+00
  -.94706369939052D+00  -.74598123961551D-01  -.89067364917301D-01
  -.13268450268352D+00  -.40587248984547D+00  0.12798016187453D+00
  -.16293300143773D+00  0.16319268044446D+00  -.49845136055177D+00
  0.57320359134049D+00  0.51699517376190D-01  0.10120835102467D+00
  -.28166335387131D-01  0.20022635789206D+00  -.79603392803949D-01
  0.16537171833667D+00  -.71128318772460D-01  0.29746559956229D+00
  0.66645108622774D+00  -.12929320720839D+00  0.13569407000526D+00
  0.70578483475911D-02  0.16314204060958D+00  0.49677870810724D-01
  0.16746731557988D+00  -.57431349824361D-01  0.30934268146956D+00
  -.88369885316849D+00  0.17631748849500D+00  -.29912695709605D-01
  0.19317714785582D+00  -.25823563620178D+00  0.84436442108898D-01
  -.13743134268274D+00  0.98409234853802D-01  -.59887252510306D+00
  0.18427956787595D+00  -.81516672112646D-01  0.43524391907064D-01
  -.14073173524660D+00  0.29184936328476D+00  -.10455194951681D+00
  0.15652102106419D+00  -.71423355744393D-01  0.46483868324619D+00
  0.40986111906466D+00  0.20049440597762D+00  -.35922382092246D-02
  0.21221614283026D+00  0.40381809857157D+00  0.79241337484382D-01
  -.92792554777785D-02  0.31647449213894D-01  0.26991766217373D+00
  -.53682076440486D+00  -.89644822982072D-01  -.78851227743384D-03
  -.17605613422317D+00  -.59993822138974D+00  -.12869949764285D+00
  -.53404284754686D-01  -.10245560500462D+00  -.32240571056562D+00
  -.32680500324946D+00  0.65683814560013D-01  0.26475074957046D+00
  0.10703545655751D+00  -.38833860710232D+00  -.75089716478723D-01
  0.32514608800239D+00  -.79370664416308D-01  -.77222742318435D+00
  -.74490004803872D-01  0.97560099897751D-01  -.73735783799894D-01
  0.58850334550994D-01  0.19055970231025D-01  -.10560117712956D-01
  -.43223494881693D-01  0.11782931593607D-01  -.27180579023558D-01
  -.58423006311971D-01  -.13349868555256D+00  0.32743924268766D-01
  -.89113496516720D-01  -.10367844897703D+00  -.10336249540205D-01
  0.41153962266126D-01  -.22800581842194D-01  0.15942342409227D-02
  -.28329783102428D+00  -.36225626229751D-01  -.55350258826273D-01
  0.31385535025676D-01  -.27813373066466D-01  0.91772321669125D-01
  -.12477490491868D+00  0.17660141702986D-01  -.56053048049072D-01
  -.89369071714228D-02  0.73227957420682D-01  0.76966849671388D-01
  0.25000408695755D-01  -.10120600175134D+00  -.60713531443959D-01
  0.27939916049819D-01  -.91752076099262D-01  -.21760792452579D-01
  0.16998896046666D+00  0.54772976293550D-01  0.60465186670536D-01
  0.20786557554567D-01  0.83271404451769D-02  -.56809956942304D-01
  0.22726231277775D-01  -.21514862384946D-01  0.16970580333036D+00
  -.21800742928109D+00  0.73804998795106D-01  -.15408721733136D+00
  0.39234661796623D-01  -.69570924086238D-02  0.95378407832185D-01
  -.21275956006912D-01  0.88460572129388D-01  -.15254663897077D+00
  0.55417464504833D-01  0.33447445187495D-01  0.24555605675478D-01
  0.35532710080540D-01  -.11064158101991D+00  -.75016689555567D-01
  0.57218956234708D-01  -.11390015689212D-01  -.15863198988079D-01
  -.97498699858352D-01  0.84316492251137D-01  0.17030996413819D-01
  0.95915997826478D-01  -.11959148736618D+00  -.59262168593900D-01
  0.31855236529016D-01  -.11594146720313D+00  0.13824047501844D-01
  -.26102606935313D-01  -.33759483156808D-01  0.69870139291515D-01
  -.37417309124038D-01  0.43497029012483D-01  0.22711746691612D-01
  0.75925650180096D-02  0.79643644571677D-01  -.13067966851546D+00
  0.24671211981093D+00  0.85098856767803D-01  0.45155709778335D-01
  0.12565855697956D+00  0.12980627767685D+00  0.90418608200400D-01
  0.35601865526860D-01  0.41057169087238D-01  0.62507285594368D-01
  -.10406964394288D+00  -.98062465142512D-01  -.13548986768292D-01
  -.47796604307605D-01  -.21700072494638D+00  -.41763019396988D-01
  0.40770750952254D-01  -.63211692532027D-02  0.23950466342728D-01
  0.42200964482904D-01  0.51781655919393D-02  0.35721213120787D-02
  0.48223171688369D-01  0.14723651527172D-01  0.76174874002416D-01
  0.30304429771030D-02  0.16217066503223D-01  -.11793332421112D+00
  -.48564002689912D-01  -.24009684804664D-01  -.90535214488476D-03
  -.10176147306428D+00  -.33859919561743D-01  0.30369803940807D-01
  0.61836696342557D-01  0.12389797289229D+00  -.23474841220963D+00
  -.32253580312859D-01  0.78856947348389D-01  0.34785876652097D-01
  0.42675751487398D-01  -.92239403286201D-01  -.48821084244964D-01
  0.69782349279658D-01  -.68014567660202D-01  -.88781824169160D-04
  0.18602997939494D+00  0.36550792720195D-01  0.73167438423608D-02
  -.21475183340819D-01  0.11230651105149D+00  -.42609817522172D-01
  0.48138356059538D-01  -.10651732791365D+00  0.16669430249971D+00
  -.58194257081025D-01  -.22327998699646D-01  0.32054438647387D-01
  0.58677122966669D-01  -.90022940627300D-03  0.97730227788932D-01
  -.94314447829153D-01  0.41831842301422D-01  -.21856380204304D+00
  -.67879208896910D-01  -.64549909675127D-01  -.10074483884362D-01
  -.86058023198680D-01  -.14676033979444D+00  -.40428980076491D-01
  -.26184840195489D-01  0.47832942741339D-03  0.41388152117233D-01
  -.13242670577936D-01  0.23395261871758D-01  -.21892783402081D-01
  0.33412932159259D-01  0.11474190013657D-01  0.97311147627514D-01
  -.16747594153124D-01  0.58646779209938D-01  -.14035434570505D+00
  -.11591801767424D-01  -.26859384509115D-01  -.24021928967147D-01
  -.77904053613647D-01  -.13056634300529D+00  -.49597012348605D-01
  0.16160200622539D-01  -.55517144769071D-02  0.40981199635246D-01
  0.22533344092567D+00  -.14051897692546D-01  -.59226325906672D-01
  -.64222840953365D-01  0.21586044564098D-01  0.20475691955870D-01
  -.12996330249145D+00  -.20861435825590D-01  0.13338224543744D+00
  -.46481399786188D-01  -.98847494540383D-01  0.61462835810451D-02
  -.10047133004747D+00  -.72793939338635D-01  0.81635072055919D-02
  -.47799065785137D-01  -.19570636882427D-01  0.25492270782962D-01
  -.38310831446826D-02  0.47050821341261D-01  0.43654336853311D-01
  0.93361887914016D-01  -.44656057717435D-01  -.78651824239530D-01
  0.18687457693635D-01  -.19618554810576D-01  -.19871425156884D+00
  -.12784906524845D-01  0.73015915840418D-02  -.24875862897699D-01
  -.97298244962336D-02  -.14225606002747D-01  0.72345896065604D-01
  -.54714448968049D-01  0.12046162023091D+00  -.13009728880493D+00
  -.52144224532834D-01  -.10270777967115D-01  0.15955358325129D-01
  -.21368799639082D-01  -.16342806885057D+00  -.10027539264274D+00
  0.49920812070613D-01  -.17056758619396D+00  -.65946793856345D-01
  -.13250107468124D-01  0.66616390809877D-02  -.43249677743158D-01
  0.10225762418966D+00  0.16754933808454D+00  0.85844959620159D-01
  0.34033978239264D-01  0.67763775246145D-01  0.22276987885071D+00
  0.21755615611476D+00  -.61213580244944D-01  0.36510338196157D-02
  -.31495867646414D-01  0.20294272364423D+00  0.50743290686632D-02
  0.45604228007474D-01  0.66117151352713D-01  0.25666466258825D-01
  0.16275207297399D+00  0.50349025800200D-01  -.11652211341313D+00
  0.82520432567974D-01  0.84292752089138D-01  -.26558278728793D-01
  -.20078425534593D+00  0.41086741573430D-01  0.18891773232474D+00
  0.69050272462038D-01  -.70384996047860D-01  -.22022823129724D-01
  -.44804329063807D-01  0.27300625909723D-01  -.30949822623214D-01
  -.22461471851598D-01  0.40706728953551D-01  0.32858134273189D+00
$end
