$hessian (projected)
 1  1   0.5167426114  -0.0349131218   0.0358844078  -0.1149430565  -0.0395437649
 1  2   0.0381714054  -0.0452746054  -0.0072609453   0.0150660333  -0.0008440028
 1  3  -0.0060123373  -0.0028145372   0.0003888149   0.0003795006   0.0025206615
 1  4  -0.0000396528   0.0012766637  -0.0007822287  -0.0000577812   0.0001138428
 1  5   0.0002185560  -0.0537615739  -0.0046366555  -0.0418805084  -0.0473733871
 1  6   0.0028354572   0.0008069502  -0.2593510110   0.0887932998  -0.0485784023
 1  7   0.0039986980   0.0009852368  -0.0001075069   0.0006460040  -0.0021789359
 1  8   0.0014660911  -0.0001518639   0.0001573263  -0.0000716485  -0.0000470952
 1  9  -0.0000057557   0.0000215642   0.0000679016   0.0000101892   0.0000791624
 2  1  -0.0349131218   0.5528323360   0.0244046413  -0.0468487349  -0.1201435590
 2  2   0.0357504061   0.0140986295   0.0069892808  -0.0091373544   0.0022862355
 2  3   0.0051505251   0.0026655608  -0.0021259030  -0.0012913029  -0.0007470387
 2  4  -0.0002005825  -0.0006236904   0.0003302081   0.0001474293  -0.0001144197
 2  5  -0.0000369676  -0.0034693185  -0.0508699990  -0.0225668300   0.0055822519
 2  6  -0.2948620923  -0.0691818824   0.0870559307  -0.0836046295   0.0211506177
 2  7   0.0019439468   0.0022853637  -0.0019064921  -0.0237041295  -0.0156588681
 2  8   0.0192691349   0.0001600033  -0.0000765780   0.0000571693   0.0000298139
 2  9   0.0000094671  -0.0000292815  -0.0000424508  -0.0000218338  -0.0000218914
 3  1   0.0358844078   0.0244046413   0.5470345251   0.0446697140   0.0342140741
 3  2  -0.1191386336  -0.0084327225  -0.0029474931   0.0084479738   0.0004593588
 3  3  -0.0022243416  -0.0021782453   0.0004243732   0.0004254578   0.0016243350
 3  4   0.0001581545   0.0004454065  -0.0003247344  -0.0001423733   0.0000956770
 3  5   0.0000176732  -0.0444957274  -0.0237308147  -0.2997077130   0.0001988357
 3  6  -0.0665713667  -0.0672325568  -0.0473145009   0.0211964527  -0.0577432831
 3  7   0.0246653610   0.0189132848  -0.0154569196  -0.0059486878  -0.0041965356
 3  8   0.0046314449  -0.0000865894   0.0000468626  -0.0000422460  -0.0000175516
 3  9  -0.0000121301  -0.0000176240  -0.0000220520  -0.0000591749   0.0000860037
 4  1  -0.1149430565  -0.0468487349   0.0446697140   0.3938885833   0.0135545182
 4  2  -0.0030977719  -0.1420265255   0.0264839272  -0.0276241140  -0.0272086364
 4  3   0.0392098236   0.0192176315  -0.0043324327  -0.0128285910  -0.0124199576
 4  4   0.0047588760  -0.0012011993   0.0000554781   0.0004447770  -0.0007465534
 4  5  -0.0001185070   0.0021155155   0.0038307119  -0.0031022127  -0.0009733801
 4  6   0.0008440609  -0.0013819437  -0.0184806611  -0.0134285270   0.0135574377
 4  7  -0.0508907971  -0.0061582957  -0.0301007111  -0.0432330554  -0.0018427498
 4  8   0.0011294584   0.0009509939  -0.0004419592  -0.0002592407   0.0003616028
 4  9  -0.0002412272  -0.0000347967  -0.0004318035  -0.0001852043  -0.0004904645
 5  1  -0.0395437649  -0.1201435590   0.0342140741   0.0135545182   0.5871181449
 5  2   0.0535072804   0.0120564847  -0.0802464335  -0.0074724650   0.0385436550
 5  3  -0.0255695894   0.0022062337   0.0017159149   0.0005745490   0.0067672277
 5  4   0.0006063272  -0.0004519041  -0.0054782476  -0.0008257504   0.0002631738
 5  5   0.0002029875   0.0016626729   0.0006682895  -0.0006615244  -0.0256774556
 5  6  -0.0185125407   0.0200056073   0.0110476127   0.0060873730  -0.0083611283
 5  7  -0.0031763015  -0.0553233890  -0.0272173361  -0.0108405386  -0.2952141549
 5  8  -0.0684905885   0.0007951985   0.0002133532   0.0000796474  -0.0002008896
 5  9   0.0001544637   0.0002412069   0.0002823163   0.0003822235   0.0004570250
 6  1   0.0381714054   0.0357504061  -0.1191386336  -0.0030977719   0.0535072804
 6  2   0.5888474000  -0.0412658546  -0.0005775291  -0.0903712016   0.0198792785
 6  3   0.0051728431   0.0155308504  -0.0020365244  -0.0007772633  -0.0067826717
 6  4  -0.0000805136  -0.0048981253   0.0006948173   0.0000273911   0.0000744397
 6  5  -0.0004951257   0.0262765794   0.0200951472  -0.0187413965  -0.0059391030
 6  6  -0.0034253921   0.0045935956  -0.0074103931  -0.0053616635   0.0034057475
 6  7  -0.0228991471  -0.0352152080  -0.3066731956  -0.0024870833  -0.0641975638
 6  8  -0.0716588224   0.0006864493  -0.0005424327   0.0005274516   0.0000191739
 6  9   0.0001221851   0.0001356138   0.0001561132   0.0002728760   0.0001255709
 7  1  -0.0452746054   0.0140986295  -0.0084327225  -0.1420265255   0.0120564847
 7  2  -0.0412658546   0.3672721222  -0.1356247056   0.0390808512  -0.1374728809
 7  3   0.0558338986   0.0104839403   0.0329717408  -0.0027958538  -0.0018748938
 7  4  -0.0246164860   0.0381652902   0.0151101249  -0.0027489496   0.0034458878
 7  5   0.0009108669   0.0032441481   0.0009862593  -0.0003438627   0.0022000687
 7  6  -0.0002483474  -0.0008276013  -0.0051325637  -0.0052817135   0.0046363109
 7  7  -0.0220294795   0.0064040267  -0.0108161050  -0.0174555801   0.0095284954
 7  8  -0.0044518265  -0.0067184162   0.0023928942  -0.0023818626  -0.0005766794
 7  9  -0.0000152885   0.0003938286  -0.0016359136   0.0010540423  -0.0002211938
 8  1  -0.0072609453   0.0069892808  -0.0029474931   0.0264839272  -0.0802464335
 8  2  -0.0005775291  -0.1356247056   0.3036539564   0.1362410952   0.0496148494
 8  3  -0.1627112667  -0.0689304363  -0.0052756312  -0.0450242150  -0.0689490313
 8  4   0.0230298082  -0.0126591263  -0.0073216068   0.0001743834  -0.0028546160
 8  5  -0.0035744351  -0.0000083580   0.0003839766  -0.0007635728   0.0014279501
 8  6   0.0023887947  -0.0017171806  -0.0012020527   0.0004777722   0.0012170575
 8  7   0.0052175277  -0.0008514296   0.0034580525   0.0409232746  -0.0106500826
 8  8   0.0118741989   0.0022564216   0.0002333234   0.0004302532  -0.0001671300
 8  9   0.0000741553   0.0010351918   0.0004106807   0.0007959101   0.0005254361
 9  1   0.0150660333  -0.0091373544   0.0084479738  -0.0276241140  -0.0074724650
 9  2  -0.0903712016   0.0390808512   0.1362410952   0.2281497928   0.0031722779
 9  3  -0.0627807318  -0.1198182907  -0.0026026807  -0.0689141737  -0.0371170814
 9  4   0.0012951752   0.0008353901   0.0110881701  -0.0020659704  -0.0014576634
 9  5  -0.0014895671  -0.0009394743  -0.0012135920   0.0021588276  -0.0008283619
 9  6   0.0000909112   0.0000393019   0.0042295260   0.0023868799  -0.0011772399
 9  7  -0.0347460823   0.0123013005  -0.0048165639   0.0090192736  -0.0032260388
 9  8   0.0038304525  -0.0023598708   0.0003453050   0.0002418901   0.0002382874
 9  9   0.0011685758   0.0000112424  -0.0009348701   0.0008325615   0.0008222935
10  1  -0.0008440028   0.0022862355   0.0004593588  -0.0272086364   0.0385436550
10  2   0.0198792785  -0.1374728809   0.0496148494   0.0031722779   0.6342842118
10  3  -0.0038802714   0.2426113100  -0.2660001340  -0.1279188138  -0.2294839634
10  4  -0.1803071244   0.0460604965  -0.0135162782  -0.0158927194  -0.0073603490
10  5  -0.0178869495  -0.0000953358  -0.0001367041  -0.0003264246  -0.0011991191
10  6  -0.0007430041   0.0004605491   0.0004846425  -0.0009198662  -0.0000304463
10  7   0.0015924012   0.0014182416   0.0004987609  -0.0038463272  -0.0001281461
10  8  -0.0018902916  -0.0074046398   0.0005757083  -0.0051888273   0.0040629862
10  9   0.0037950753  -0.0026929410  -0.0001533219  -0.0012071070   0.0039345868
11  1  -0.0060123373   0.0051505251  -0.0022243416   0.0392098236  -0.0255695894
11  2   0.0051728431   0.0558338986  -0.1627112667  -0.0627807318  -0.0038802714
11  3   0.4919173454   0.2614862637  -0.1230324230  -0.2134104958  -0.2002772285
11  4   0.0387189905  -0.1014909135   0.0047478278  -0.0144267715   0.0114557145
11  5  -0.0003574722   0.0010778872  -0.0003131253  -0.0003468937  -0.0009082568
11  6  -0.0011584823   0.0007066674  -0.0028633011  -0.0017931878   0.0009467189
11  7  -0.0054978260   0.0029490523  -0.0044058908  -0.0007455879   0.0015478747
11  8  -0.0018537480   0.0235590152  -0.0056380874   0.0062183988   0.0021684402
11  9   0.0036607617  -0.0093895806  -0.0032012804  -0.0045961253   0.0023571676
12  1  -0.0028145372   0.0026655608  -0.0021782453   0.0192176315   0.0022062337
12  2   0.0155308504   0.0104839403  -0.0689304363  -0.1198182907   0.2426113100
12  3   0.2614862637   0.5966875892  -0.2248011680  -0.2013114635  -0.3971995524
12  4  -0.0203156372   0.0086327224  -0.0861379997  -0.0248215091   0.0038691611
12  5  -0.0080190001   0.0008039992  -0.0006159749  -0.0005256453  -0.0006635230
12  6  -0.0012566765   0.0014273556  -0.0019033914  -0.0010595243   0.0007504459
12  7  -0.0058249749   0.0035365148  -0.0024034207  -0.0063513659   0.0028772314
12  8  -0.0032454846   0.0165308090  -0.0071559677   0.0052436297  -0.0043616820
12  9  -0.0084128771   0.0043602731   0.0022100988   0.0034692326  -0.0044725052
13  1   0.0003888149  -0.0021259030   0.0004243732  -0.0043324327   0.0017159149
13  2  -0.0020365244   0.0329717408  -0.0052756312  -0.0026026807  -0.2660001340
13  3  -0.1230324230  -0.2248011680   0.2663878866   0.1446677366   0.2723703058
13  4  -0.0273156706  -0.0216722306  -0.0500203271  -0.0058165809   0.0063932822
13  5   0.0017725609  -0.0003606316   0.0005220403   0.0004297063   0.0005831975
13  6   0.0013470995  -0.0005228703   0.0004492600   0.0007390086  -0.0000328322
13  7   0.0010242827  -0.0006261768   0.0030341463   0.0017146208   0.0000094856
13  8   0.0024716441   0.0018189333  -0.0010029317   0.0008865247  -0.0018462934
13  9  -0.0017771622  -0.0010017344   0.0003330066   0.0001178910  -0.0003711243
14  1   0.0003795006  -0.0012913029   0.0004254578  -0.0128285910   0.0005745490
14  2  -0.0007772633  -0.0027958538  -0.0450242150  -0.0689141737  -0.1279188138
14  3  -0.2134104958  -0.2013114635   0.1446677366   0.2415027957   0.2785337659
14  4  -0.0040345808   0.0146989953  -0.0104734511   0.0020207747   0.0022382211
14  5   0.0018954810  -0.0001989780   0.0003475504   0.0001691195   0.0007132249
14  6   0.0007660463  -0.0004490439   0.0005730553   0.0006374803  -0.0000636858
14  7   0.0015303226  -0.0019954154  -0.0008973487   0.0003195638   0.0000688988
14  8  -0.0005077060  -0.0023383829   0.0009920046   0.0008210087  -0.0010030518
14  9  -0.0009262274   0.0014445413   0.0009140736   0.0008211150   0.0001047618
15  1   0.0025206615  -0.0007470387   0.0016243350  -0.0124199576   0.0067672277
15  2  -0.0067826717  -0.0018748938  -0.0689490313  -0.0371170814  -0.2294839634
15  3  -0.2002772285  -0.3971995524   0.2723703058   0.2785337659   0.4497008098
15  4  -0.0333473047  -0.0208412079  -0.0152733360  -0.0023860158   0.0044115598
15  5   0.0042347592  -0.0005170816  -0.0000379739   0.0003284634   0.0003930459
15  6  -0.0000078381  -0.0008167313   0.0009833181   0.0003265980  -0.0005324993
15  7   0.0027711622  -0.0014031283   0.0015903620   0.0012830766  -0.0000843199
15  8   0.0014053788  -0.0003984076   0.0016193523  -0.0000512824  -0.0001875631
15  9   0.0010277477  -0.0022990715   0.0002936177  -0.0003384849   0.0011881176
16  1  -0.0000396528  -0.0002005825   0.0001581545   0.0047588760   0.0006063272
16  2  -0.0000805136  -0.0246164860   0.0230298082   0.0012951752  -0.1803071244
16  3   0.0387189905  -0.0203156372  -0.0273156706  -0.0040345808  -0.0333473047
16  4   0.5418891570  -0.0593918835   0.1916029601  -0.2199756328  -0.0791722860
16  5  -0.1749613581   0.0000038890  -0.0000273921   0.0000525650  -0.0000426996
16  6  -0.0001027836   0.0000109194  -0.0000506802  -0.0000392492  -0.0000244764
16  7  -0.0004490264   0.0001267981   0.0000161573  -0.0006090843   0.0001988213
16  8  -0.0002259754  -0.0936008159   0.0876213476   0.0508696668  -0.0111519014
16  9  -0.0142879170  -0.0247495076   0.0115068524   0.0069545818   0.0096991748
17  1   0.0012766637  -0.0006236904   0.0004454065  -0.0012011993  -0.0004519041
17  2  -0.0048981253   0.0381652902  -0.0126591263   0.0008353901   0.0460604965
17  3  -0.1014909135   0.0086327224  -0.0216722306   0.0146989953  -0.0208412079
17  4  -0.0593918835   0.4936922253   0.3190022483  -0.0839477287  -0.1787333341
17  5  -0.1711609887  -0.0000635299  -0.0000600976   0.0000140093   0.0000058170
17  6   0.0000531737  -0.0000127326   0.0002454687   0.0002704590  -0.0002535937
17  7  -0.0001848322   0.0001501926   0.0003680495   0.0008181617  -0.0003551847
17  8   0.0000142353   0.0853552967  -0.2172431685  -0.1179751242   0.0080157313
17  9   0.0098791497   0.0066648958  -0.0134815214  -0.0071267763  -0.0208351848
18  1  -0.0007822287   0.0003302081  -0.0003247344   0.0000554781  -0.0054782476
18  2   0.0006948173   0.0151101249  -0.0073216068   0.0110881701  -0.0135162782
18  3   0.0047478278  -0.0861379997  -0.0500203271  -0.0104734511  -0.0152733360
18  4   0.1916029601   0.3190022483   0.5336152286  -0.1792923983  -0.1682852397
18  5  -0.3151457685   0.0000385718   0.0001265016   0.0000304998   0.0002344675
18  6   0.0002502458  -0.0002155031  -0.0002099259   0.0000679835   0.0000995866
18  7   0.0002402289  -0.0005819658  -0.0001496522   0.0011907672  -0.0003087757
18  8   0.0004963480   0.0487843692  -0.1167935207  -0.1208662725  -0.0036389347
18  9  -0.0065413214  -0.0003533402  -0.0097968749  -0.0087408861  -0.0075580440
19  1  -0.0000577812   0.0001474293  -0.0001423733   0.0004447770  -0.0008257504
19  2   0.0000273911  -0.0027489496   0.0001743834  -0.0020659704  -0.0158927194
19  3  -0.0144267715  -0.0248215091  -0.0058165809   0.0020207747  -0.0023860158
19  4  -0.2199756328  -0.0839477287  -0.1792923983   0.6195297832  -0.0860982709
19  5   0.2139008575  -0.0000173430   0.0000107786   0.0000475706   0.0000496789
19  6   0.0000399419  -0.0000449229  -0.0000725310  -0.0000196681   0.0000520239
19  7  -0.0000713725  -0.0000911282  -0.0000458382  -0.0000187483   0.0000563026
19  8   0.0000115681   0.0104952197   0.0058699962   0.0083391083  -0.2904652890
19  9   0.0918207956  -0.0614483421  -0.0953825110   0.0852689155   0.0478688505
20  1   0.0001138428  -0.0001144197   0.0000956770  -0.0007465534   0.0002631738
20  2   0.0000744397   0.0034458878  -0.0028546160  -0.0014576634  -0.0073603490
20  3   0.0114557145   0.0038691611   0.0063932822   0.0022382211   0.0044115598
20  4  -0.0791722860  -0.1787333341  -0.1682852397  -0.0860982709   0.4739885243
20  5   0.2866914550   0.0000248495   0.0000250185  -0.0000787178  -0.0000499015
20  6  -0.0000205741   0.0000247701   0.0000768758   0.0000176029  -0.0000543483
20  7   0.0000736806  -0.0000068797  -0.0000103260   0.0001299142  -0.0000779265
20  8   0.0000835963  -0.0147331636  -0.0060203708  -0.0198641682   0.0884320168
20  9  -0.0808643689   0.0119729217   0.0894701749  -0.2192957655  -0.1174731175
21  1   0.0002185560  -0.0000369676   0.0000176732  -0.0001185070   0.0002029875
21  2  -0.0004951257   0.0009108669  -0.0035744351  -0.0014895671  -0.0178869495
21  3  -0.0003574722  -0.0080190001   0.0017725609   0.0018954810   0.0042347592
21  4  -0.1749613581  -0.1711609887  -0.3151457685   0.2139008575   0.2866914550
21  5   0.5150829608  -0.0000269001   0.0000325622   0.0000248137  -0.0000343358
21  6  -0.0000147993  -0.0000387151   0.0000699571  -0.0000038036  -0.0000011879
21  7  -0.0000655056   0.0000088876   0.0000148507   0.0000829007  -0.0000354662
21  8   0.0000441455  -0.0111528491  -0.0076895881  -0.0080723462  -0.0645818813
21  9   0.0139885589  -0.0634098472   0.0518725874  -0.1199464114  -0.1227476454
22  1  -0.0537615739  -0.0034693185  -0.0444957274   0.0021155155   0.0016626729
22  2   0.0262765794   0.0032441481  -0.0000083580  -0.0009394743  -0.0000953358
22  3   0.0010778872   0.0008039992  -0.0003606316  -0.0001989780  -0.0005170816
22  4   0.0000038890  -0.0000635299   0.0000385718  -0.0000173430   0.0000248495
22  5  -0.0000269001   0.0558215908   0.0065090055   0.0450729547  -0.0007952667
22  6   0.0001249209   0.0013897364  -0.0037855921  -0.0034675053  -0.0290514511
22  7  -0.0031365068  -0.0027603317   0.0024021251   0.0007985027   0.0006256788
22  8  -0.0009458435   0.0000085708  -0.0000167334   0.0000013901   0.0000110887
22  9  -0.0000163976  -0.0000120333  -0.0000510555  -0.0000238623   0.0000031545
23  1  -0.0046366555  -0.0508699990  -0.0237308147   0.0038307119   0.0006682895
23  2   0.0200951472   0.0009862593   0.0003839766  -0.0012135920  -0.0001367041
23  3  -0.0003131253  -0.0006159749   0.0005220403   0.0003475504  -0.0000379739
23  4  -0.0000273921  -0.0000600976   0.0001265016   0.0000107786   0.0000250185
23  5   0.0000325622   0.0065090055   0.0507237851   0.0225949377  -0.0059971317
23  6  -0.0006333216  -0.0308555325   0.0012365744   0.0002275028   0.0123439137
23  7  -0.0031560319  -0.0012562392   0.0013525834   0.0008574781   0.0007082824
23  8  -0.0000757297  -0.0000129556   0.0000106662  -0.0000080432   0.0000089262
23  9   0.0000096118  -0.0000080970   0.0000050965   0.0000280993   0.0000001121
24  1  -0.0418805084  -0.0225668300  -0.2997077130  -0.0031022127  -0.0006615244
24  2  -0.0187413965  -0.0003438627  -0.0007635728   0.0021588276  -0.0003264246
24  3  -0.0003468937  -0.0005256453   0.0004297063   0.0001691195   0.0003284634
24  4   0.0000525650   0.0000140093   0.0000304998   0.0000475706  -0.0000787178
24  5   0.0000248137   0.0450729547   0.0225949377   0.3275045109  -0.0013299302
24  6  -0.0005970695  -0.0070021112  -0.0011491124  -0.0004277129  -0.0050387430
24  7   0.0024483757   0.0023329591   0.0000907892   0.0000204998   0.0002855173
24  8   0.0008895606   0.0000259245   0.0000055323  -0.0000009373   0.0000101184
24  9   0.0000158244   0.0000112387   0.0000243361   0.0000244214  -0.0000221575
25  1  -0.0473733871   0.0055822519   0.0001988357  -0.0009733801  -0.0256774556
25  2  -0.0059391030   0.0022000687   0.0014279501  -0.0008283619  -0.0011991191
25  3  -0.0009082568  -0.0006635230   0.0005831975   0.0007132249   0.0003930459
25  4  -0.0000426996   0.0000058170   0.0002344675   0.0000496789  -0.0000499015
25  5  -0.0000343358  -0.0007952667  -0.0059971317  -0.0013299302   0.0488780464
25  6  -0.0021258146  -0.0028438587   0.0007707828   0.0285594739   0.0084315469
25  7   0.0007090277   0.0010272788  -0.0005658434  -0.0028163339  -0.0025487989
25  8   0.0029219078  -0.0000068306  -0.0000054725   0.0000126872   0.0000193926
25  9   0.0000140786   0.0000070346  -0.0000031776  -0.0000172437   0.0000054304
26  1   0.0028354572  -0.2948620923  -0.0665713667   0.0008440609  -0.0185125407
26  2  -0.0034253921  -0.0002483474   0.0023887947   0.0000909112  -0.0007430041
26  3  -0.0011584823  -0.0012566765   0.0013470995   0.0007660463  -0.0000078381
26  4  -0.0001027836   0.0000531737   0.0002502458   0.0000399419  -0.0000205741
26  5  -0.0000147993   0.0001249209  -0.0006333216  -0.0005970695  -0.0021258146
26  6   0.3212834547   0.0721562991   0.0001762023  -0.0100417278  -0.0026518833
26  7   0.0002679450   0.0005765650  -0.0000498089  -0.0023902879   0.0001476339
26  8   0.0020663489  -0.0000436822   0.0000097044  -0.0000116708   0.0000091028
26  9   0.0000182136   0.0000033256   0.0000091893  -0.0000148474   0.0000193746
27  1   0.0008069502  -0.0691818824  -0.0672325568  -0.0013819437   0.0200056073
27  2   0.0045935956  -0.0008276013  -0.0017171806   0.0000393019   0.0004605491
27  3   0.0007066674   0.0014273556  -0.0005228703  -0.0004490439  -0.0008167313
27  4   0.0000109194  -0.0000127326  -0.0002155031  -0.0000449229   0.0000247701
27  5  -0.0000387151   0.0013897364  -0.0308555325  -0.0070021112  -0.0028438587
27  6   0.0721562991   0.0685549290   0.0004404417   0.0074178738   0.0010770149
27  7  -0.0007718203  -0.0000073448   0.0008811771   0.0032852164   0.0019438152
27  8  -0.0012775730   0.0000169202  -0.0000169245   0.0000098888  -0.0000172029
27  9  -0.0000133837   0.0000069502  -0.0000005134  -0.0000010079  -0.0000070226
28  1  -0.2593510110   0.0870559307  -0.0473145009  -0.0184806611   0.0110476127
28  2  -0.0074103931  -0.0051325637  -0.0012020527   0.0042295260   0.0004846425
28  3  -0.0028633011  -0.0019033914   0.0004492600   0.0005730553   0.0009833181
28  4  -0.0000506802   0.0002454687  -0.0002099259  -0.0000725310   0.0000768758
28  5   0.0000699571  -0.0037855921   0.0012365744  -0.0011491124   0.0007707828
28  6   0.0001762023   0.0004404417   0.2839276990  -0.0961907193   0.0522070161
28  7   0.0006609514   0.0002966872   0.0005609432   0.0006467747  -0.0005153504
28  8  -0.0005049422  -0.0000752260   0.0000530114  -0.0000366618  -0.0000335090
28  9   0.0000009733   0.0000006611   0.0000416637   0.0000090317   0.0000370642
29  1   0.0887932998  -0.0836046295   0.0211964527  -0.0134285270   0.0060873730
29  2  -0.0053616635  -0.0052817135   0.0004777722   0.0023868799  -0.0009198662
29  3  -0.0017931878  -0.0010595243   0.0007390086   0.0006374803   0.0003265980
29  4  -0.0000392492   0.0002704590   0.0000679835  -0.0000196681   0.0000176029
29  5  -0.0000038036  -0.0034675053   0.0002275028  -0.0004277129   0.0285594739
29  6  -0.0100417278   0.0074178738  -0.0961907193   0.0867251968  -0.0236685438
29  7   0.0005902315   0.0006028228  -0.0001314475   0.0007244503   0.0003633741
29  8  -0.0007423296  -0.0000675539   0.0000351476  -0.0000262010  -0.0000043096
29  9   0.0000028349   0.0000050021   0.0000126479  -0.0000080212   0.0000204362
30  1  -0.0485784023   0.0211506177  -0.0577432831   0.0135574377  -0.0083611283
30  2   0.0034057475   0.0046363109   0.0012170575  -0.0011772399  -0.0000304463
30  3   0.0009467189   0.0007504459  -0.0000328322  -0.0000636858  -0.0005324993
30  4  -0.0000244764  -0.0002535937   0.0000995866   0.0000520239  -0.0000543483
30  5  -0.0000011879  -0.0290514511   0.0123439137  -0.0050387430   0.0084315469
30  6  -0.0026518833   0.0010770149   0.0522070161  -0.0236685438   0.0584188856
30  7  -0.0007777671  -0.0005544554   0.0001295113  -0.0004626909  -0.0000522073
30  8   0.0006287708   0.0000609578  -0.0000278022   0.0000147792   0.0000093756
30  9   0.0000060706   0.0000037855   0.0000033974   0.0000232697  -0.0000355743
31  1   0.0039986980   0.0019439468   0.0246653610  -0.0508907971  -0.0031763015
31  2  -0.0228991471  -0.0220294795   0.0052175277  -0.0347460823   0.0015924012
31  3  -0.0054978260  -0.0058249749   0.0010242827   0.0015303226   0.0027711622
31  4  -0.0004490264  -0.0001848322   0.0002402289  -0.0000713725   0.0000736806
31  5  -0.0000655056  -0.0031365068  -0.0031560319   0.0024483757   0.0007090277
31  6   0.0002679450  -0.0007718203   0.0006609514   0.0005902315  -0.0007777671
31  7   0.0670195660   0.0031218108   0.0347929705   0.0015675396  -0.0009786527
31  8  -0.0000618393  -0.0001098102   0.0000671785   0.0000414168  -0.0000552428
31  9   0.0000510723   0.0000865489   0.0001697687   0.0001299285   0.0001010727
32  1   0.0009852368   0.0022853637   0.0189132848  -0.0061582957  -0.0553233890
32  2  -0.0352152080   0.0064040267  -0.0008514296   0.0123013005   0.0014182416
32  3   0.0029490523   0.0035365148  -0.0006261768  -0.0019954154  -0.0014031283
32  4   0.0001267981   0.0001501926  -0.0005819658  -0.0000911282  -0.0000068797
32  5   0.0000088876  -0.0027603317  -0.0012562392   0.0023329591   0.0010272788
32  6   0.0005765650  -0.0000073448   0.0002966872   0.0006028228  -0.0005544554
32  7   0.0031218108   0.0543578524   0.0307685025  -0.0037146044  -0.0013803755
32  8  -0.0300298460   0.0000560253  -0.0000209428   0.0000003840  -0.0000429869
32  9  -0.0000314162  -0.0000465299  -0.0000425814  -0.0000557614  -0.0000233551
33  1  -0.0001075069  -0.0019064921  -0.0154569196  -0.0301007111  -0.0272173361
33  2  -0.3066731956  -0.0108161050   0.0034580525  -0.0048165639   0.0004987609
33  3  -0.0044058908  -0.0024034207   0.0030341463  -0.0008973487   0.0015903620
33  4   0.0000161573   0.0003680495  -0.0001496522  -0.0000458382  -0.0000103260
33  5   0.0000148507   0.0024021251   0.0013525834   0.0000907892  -0.0005658434
33  6  -0.0000498089   0.0008811771   0.0005609432  -0.0001314475   0.0001295113
33  7   0.0347929705   0.0307685025   0.3314441449   0.0003763049  -0.0014418367
33  8  -0.0047447408  -0.0000621385   0.0000423511   0.0000050278  -0.0000450611
33  9   0.0000240796   0.0000322727   0.0000617960   0.0000468681   0.0000563572
34  1   0.0006460040  -0.0237041295  -0.0059486878  -0.0432330554  -0.0108405386
34  2  -0.0024870833  -0.0174555801   0.0409232746   0.0090192736  -0.0038463272
34  3  -0.0007455879  -0.0063513659   0.0017146208   0.0003195638   0.0012830766
34  4  -0.0006090843   0.0008181617   0.0011907672  -0.0000187483   0.0001299142
34  5   0.0000829007   0.0007985027   0.0008574781   0.0000204998  -0.0028163339
34  6  -0.0023902879   0.0032852164   0.0006467747   0.0007244503  -0.0004626909
34  7   0.0015675396  -0.0037146044   0.0003763049   0.0631166013  -0.0024424328
34  8   0.0001944585  -0.0004791374   0.0000891433  -0.0000811001  -0.0000111893
34  9  -0.0000053000  -0.0000894123  -0.0000205870  -0.0000191048  -0.0000321572
35  1  -0.0021789359  -0.0156588681  -0.0041965356  -0.0018427498  -0.2952141549
35  2  -0.0641975638   0.0095284954  -0.0106500826  -0.0032260388  -0.0001281461
35  3   0.0015478747   0.0028772314   0.0000094856   0.0000688988  -0.0000843199
35  4   0.0001988213  -0.0003551847  -0.0003087757   0.0000563026  -0.0000779265
35  5  -0.0000354662   0.0006256788   0.0007082824   0.0002855173  -0.0025487989
35  6   0.0001476339   0.0019438152  -0.0005153504   0.0003633741  -0.0000522073
35  7  -0.0009786527  -0.0013803755  -0.0014418367  -0.0024424328   0.3205345975
35  8   0.0683738043   0.0001816447  -0.0000021367   0.0000473703   0.0000169447
35  9  -0.0000011671   0.0000343822   0.0000176935  -0.0000307653  -0.0000193767
36  1   0.0014660911   0.0192691349   0.0046314449   0.0011294584  -0.0684905885
36  2  -0.0716588224  -0.0044518265   0.0118741989   0.0038304525  -0.0018902916
36  3  -0.0018537480  -0.0032454846   0.0024716441  -0.0005077060   0.0014053788
36  4  -0.0002259754   0.0000142353   0.0004963480   0.0000115681   0.0000835963
36  5   0.0000441455  -0.0009458435  -0.0000757297   0.0008895606   0.0029219078
36  6   0.0020663489  -0.0012775730  -0.0005049422  -0.0007423296   0.0006287708
36  7  -0.0000618393  -0.0300298460  -0.0047447408   0.0001944585   0.0683738043
36  8   0.0690341787  -0.0000951374   0.0000446468  -0.0000036526   0.0000286882
36  9   0.0000048036  -0.0000369177  -0.0000479605  -0.0000308212   0.0000069111
37  1  -0.0001518639   0.0001600033  -0.0000865894   0.0009509939   0.0007951985
37  2   0.0006864493  -0.0067184162   0.0022564216  -0.0023598708  -0.0074046398
37  3   0.0235590152   0.0165308090   0.0018189333  -0.0023383829  -0.0003984076
37  4  -0.0936008159   0.0853552967   0.0487843692   0.0104952197  -0.0147331636
37  5  -0.0111528491   0.0000085708  -0.0000129556   0.0000259245  -0.0000068306
37  6  -0.0000436822   0.0000169202  -0.0000752260  -0.0000675539   0.0000609578
37  7  -0.0001098102   0.0000560253  -0.0000621385  -0.0004791374   0.0001816447
37  8  -0.0000951374   0.0951670851  -0.0943685417  -0.0489701546  -0.0002487750
37  9  -0.0020405170   0.0025496014   0.0003547123   0.0012411917  -0.0055298841
38  1   0.0001573263  -0.0000765780   0.0000468626  -0.0004419592   0.0002133532
38  2  -0.0005424327   0.0023928942   0.0002333234   0.0003453050   0.0005757083
38  3  -0.0056380874  -0.0071559677  -0.0010029317   0.0009920046   0.0016193523
38  4   0.0876213476  -0.2172431685  -0.1167935207   0.0058699962  -0.0060203708
38  5  -0.0076895881  -0.0000167334   0.0000106662   0.0000055323  -0.0000054725
38  6   0.0000097044  -0.0000169245   0.0000530114   0.0000351476  -0.0000278022
38  7   0.0000671785  -0.0000209428   0.0000423511   0.0000891433  -0.0000021367
38  8   0.0000446468  -0.0943685417   0.2250366270   0.1320420230  -0.0023582899
38  9  -0.0024584392   0.0037272042   0.0013673227   0.0049288971  -0.0056470413
39  1  -0.0000716485   0.0000571693  -0.0000422460  -0.0002592407   0.0000796474
39  2   0.0005274516  -0.0023818626   0.0004302532   0.0002418901  -0.0051888273
39  3   0.0062183988   0.0052436297   0.0008865247   0.0008210087  -0.0000512824
39  4   0.0508696668  -0.1179751242  -0.1208662725   0.0083391083  -0.0198641682
39  5  -0.0080723462   0.0000013901  -0.0000080432  -0.0000009373   0.0000126872
39  6  -0.0000116708   0.0000098888  -0.0000366618  -0.0000262010   0.0000147792
39  7   0.0000414168   0.0000003840   0.0000050278  -0.0000811001   0.0000473703
39  8  -0.0000036526  -0.0489701546   0.1320420230   0.1226960797   0.0022585554
39  9   0.0039236982  -0.0028514573  -0.0054198539  -0.0057347454   0.0031494472
40  1  -0.0000470952   0.0000298139  -0.0000175516   0.0003616028  -0.0002008896
40  2   0.0000191739  -0.0005766794  -0.0001671300   0.0002382874   0.0040629862
40  3   0.0021684402  -0.0043616820  -0.0018462934  -0.0010030518  -0.0001875631
40  4  -0.0111519014   0.0080157313  -0.0036389347  -0.2904652890   0.0884320168
40  5  -0.0645818813   0.0000110887   0.0000089262   0.0000101184   0.0000193926
40  6   0.0000091028  -0.0000172029  -0.0000335090  -0.0000043096   0.0000093756
40  7  -0.0000552428  -0.0000429869  -0.0000450611  -0.0000111893   0.0000169447
40  8   0.0000286882  -0.0002487750  -0.0023582899   0.0022585554   0.3051879275
40  9  -0.0965165095   0.0741596822  -0.0052070234   0.0016121914  -0.0038740043
41  1  -0.0000057557   0.0000094671  -0.0000121301  -0.0002412272   0.0001544637
41  2   0.0001221851  -0.0000152885   0.0000741553   0.0011685758   0.0037950753
41  3   0.0036607617  -0.0084128771  -0.0017771622  -0.0009262274   0.0010277477
41  4  -0.0142879170   0.0098791497  -0.0065413214   0.0918207956  -0.0808643689
41  5   0.0139885589  -0.0000163976   0.0000096118   0.0000158244   0.0000140786
41  6   0.0000182136  -0.0000133837   0.0000009733   0.0000028349   0.0000060706
41  7   0.0000510723  -0.0000314162   0.0000240796  -0.0000053000  -0.0000011671
41  8   0.0000048036  -0.0020405170  -0.0024584392   0.0039236982  -0.0965165095
41  9   0.0726628532  -0.0107864381   0.0192240797  -0.0021898922   0.0054846064
42  1   0.0000215642  -0.0000292815  -0.0000176240  -0.0000347967   0.0002412069
42  2   0.0001356138   0.0003938286   0.0010351918   0.0000112424  -0.0026929410
42  3  -0.0093895806   0.0043602731  -0.0010017344   0.0014445413  -0.0022990715
42  4  -0.0247495076   0.0066648958  -0.0003533402  -0.0614483421   0.0119729217
42  5  -0.0634098472  -0.0000120333  -0.0000080970   0.0000112387   0.0000070346
42  6   0.0000033256   0.0000069502   0.0000006611   0.0000050021   0.0000037855
42  7   0.0000865489  -0.0000465299   0.0000322727  -0.0000894123   0.0000343822
42  8  -0.0000369177   0.0025496014   0.0037272042  -0.0028514573   0.0741596822
42  9  -0.0107864381   0.0575257306   0.0128098465  -0.0048687445   0.0068811508
43  1   0.0000679016  -0.0000424508  -0.0000220520  -0.0004318035   0.0002823163
43  2   0.0001561132  -0.0016359136   0.0004106807  -0.0009348701  -0.0001533219
43  3  -0.0032012804   0.0022100988   0.0003330066   0.0009140736   0.0002936177
43  4   0.0115068524  -0.0134815214  -0.0097968749  -0.0953825110   0.0894701749
43  5   0.0518725874  -0.0000510555   0.0000050965   0.0000243361  -0.0000031776
43  6   0.0000091893  -0.0000005134   0.0000416637   0.0000126479   0.0000033974
43  7   0.0001697687  -0.0000425814   0.0000617960  -0.0000205870   0.0000176935
43  8  -0.0000479605   0.0003547123   0.0013673227  -0.0054198539  -0.0052070234
43  9   0.0192240797   0.0128098465   0.0904114882  -0.0949454410  -0.0512096683
44  1   0.0000101892  -0.0000218338  -0.0000591749  -0.0001852043   0.0003822235
44  2   0.0002728760   0.0010540423   0.0007959101   0.0008325615  -0.0012071070
44  3  -0.0045961253   0.0034692326   0.0001178910   0.0008211150  -0.0003384849
44  4   0.0069545818  -0.0071267763  -0.0087408861   0.0852689155  -0.2192957655
44  5  -0.1199464114  -0.0000238623   0.0000280993   0.0000244214  -0.0000172437
44  6  -0.0000148474  -0.0000010079   0.0000090317  -0.0000080212   0.0000232697
44  7   0.0001299285  -0.0000557614   0.0000468681  -0.0000191048  -0.0000307653
44  8  -0.0000308212   0.0012411917   0.0049288971  -0.0057347454   0.0016121914
44  9  -0.0021898922  -0.0048687445  -0.0949454410   0.2263835436   0.1350510470
45  1   0.0000791624  -0.0000218914   0.0000860037  -0.0004904645   0.0004570250
45  2   0.0001255709  -0.0002211938   0.0005254361   0.0008222935   0.0039345868
45  3   0.0023571676  -0.0044725052  -0.0003711243   0.0001047618   0.0011881176
45  4   0.0096991748  -0.0208351848  -0.0075580440   0.0478688505  -0.1174731175
45  5  -0.1227476454   0.0000031545   0.0000001121  -0.0000221575   0.0000054304
45  6   0.0000193746  -0.0000070226   0.0000370642   0.0000204362  -0.0000355743
45  7   0.0001010727  -0.0000233551   0.0000563572  -0.0000321572  -0.0000193767
45  8   0.0000069111  -0.0055298841  -0.0056470413   0.0031494472  -0.0038740043
45  9   0.0054846064   0.0068811508  -0.0512096683   0.1350510470   0.1225270970
$end
