$vibrational normal modes
 1  1  -0.0666227191  -0.0020787864   0.1672151235   0.1434348013   0.0583840534
 1  2   0.1062940326   0.0601826944  -0.1694880892   0.0835521921   0.0210079418
 1  3  -0.0687898429  -0.1254077193   0.1739487177  -0.0402877009  -0.0098107498
 1  4  -0.0274594665   0.0220514125  -0.0008862224  -0.1028971239  -0.1563510251
 1  5   0.0031201512  -0.1183328268   0.0018468522  -0.0453709080  -0.0525201278
 1  6  -0.0047801452  -0.0014235464   0.0003381184  -0.0065070677   0.0573837718
 1  7   0.0983345814  -0.0133899915  -0.0004872783  -0.0101123566  -0.0244352668
 1  8   0.0015630511   0.0050968508   0.0406299000  -0.0127568985  -0.0518966007
 1  9   0.0312373035   0.0014716886   0.0000346720  -0.0000180223   0.0000243096
 2  1  -0.0744089308   0.3239089013  -0.0026981843  -0.1047231197   0.0017195228
 2  2   0.2306318146   0.0648452156   0.2151352539  -0.0790797698   0.0242926851
 2  3   0.0031747145   0.0202342841   0.0095392698  -0.0079648921  -0.0036554405
 2  4   0.0093994228  -0.0187963553   0.0037384860  -0.0470879225  -0.0098020095
 2  5   0.0023326333  -0.0553206836   0.0008388898  -0.0699421461   0.1322582672
 2  6  -0.0931922030  -0.0296128710   0.0069804641  -0.0399798760   0.0701106458
 2  7   0.0272528465   0.0026917790   0.0381759305   0.0057200997   0.0248297594
 2  8  -0.0014164970  -0.0056291781   0.0135136116   0.0128561136   0.0078536196
 2  9  -0.0638270419  -0.0510550047   0.0000445597  -0.0000478096  -0.0000147603
 3  1  -0.0881885573   0.1641789632   0.1003010599   0.1387708178   0.1945165574
 3  2  -0.2065575257   0.2215501428   0.0527736832   0.0562105985   0.0141451245
 3  3   0.0150590029   0.0354691820  -0.0174094365   0.0113396040   0.0037674523
 3  4   0.0073173982  -0.0283526796  -0.0110238698  -0.0211185398   0.0556569024
 3  5  -0.0019132138   0.0556639061  -0.0014082989   0.0560661100  -0.1201021682
 3  6  -0.0966975141  -0.0155048067   0.0069349046  -0.0537017161  -0.0656265412
 3  7  -0.0362109802  -0.0018182464   0.0273288519  -0.0181820392  -0.0299895018
 3  8   0.0013060396   0.0060284972  -0.0264210000  -0.0090504675  -0.0663914872
 3  9  -0.0079424435  -0.0418137903   0.0000620336  -0.0000246616   0.0000112081
 4  1   0.0130411654   0.0133384835   0.1676803613   0.0650598399   0.0612922501
 4  2   0.1978866466  -0.0504128007  -0.0032936327  -0.0146241056   0.0412269590
 4  3  -0.0941999158  -0.0785678526  -0.0263696392  -0.0083107775   0.0573495708
 4  4  -0.1503478968   0.0247427436  -0.0065778369  -0.0556989416  -0.0054958615
 4  5  -0.0057505120   0.1985515774  -0.0025006869   0.2063098335   0.0322685699
 4  6  -0.0059955799  -0.0591367244   0.0040486455   0.0189274739   0.0664158719
 4  7  -0.0951372675   0.0257057214  -0.0092420927  -0.0110331614  -0.0299722859
 4  8  -0.0084258656  -0.0315662650  -0.0005402147   0.0054736802   0.0005284021
 4  9   0.0059420949  -0.0046479238   0.0000335911  -0.0001700351   0.0001314214
 5  1   0.0161442339   0.2097255021  -0.1150997677   0.0161591952   0.0213624873
 5  2   0.1656783306  -0.0697719656  -0.0676619635   0.0018171526   0.0398338517
 5  3  -0.0348945951   0.1268456891   0.1595770568  -0.0156041808  -0.0741531178
 5  4   0.1150195609  -0.0796979237  -0.0038088826   0.0504547963   0.0790018842
 5  5  -0.0011494369   0.0234253600  -0.0004184391   0.0421906165  -0.1525862216
 5  6   0.1362016934  -0.0067626140   0.0006294207  -0.0019177150   0.0090386526
 5  7  -0.0227202742   0.0059369665   0.0078448359  -0.0547835649   0.0300485823
 5  8   0.0030223312  -0.0013958751   0.0007235492  -0.0522646162   0.0311617844
 5  9   0.0281558189  -0.0450057443   0.0002415440  -0.0001164678  -0.0001891876
 6  1   0.1097390531   0.0716902575  -0.0106892271   0.1525578454   0.2179658641
 6  2  -0.1468844505  -0.0622368810  -0.0002029434  -0.0000262842   0.0570969200
 6  3  -0.0657020300   0.1734891149  -0.0705725146   0.0147268732   0.0109393780
 6  4  -0.0699753829  -0.0441827699  -0.0041135683  -0.0823154410  -0.0826797458
 6  5   0.0013839422  -0.0389978634   0.0016764629  -0.0194934053   0.1528883184
 6  6   0.1309779130   0.0116164222  -0.0022597811   0.0063885156  -0.0152465791
 6  7   0.0299809341  -0.0130631546   0.0239894465   0.0408527064  -0.0274443816
 6  8  -0.0039241901  -0.0221036212   0.0017051915   0.0383757758   0.0193494878
 6  9   0.0508694165  -0.0513472832   0.0002371866  -0.0003565488   0.0000705878
 7  1  -0.0225122529   0.0015849473   0.1661264950   0.1061617782   0.0547800122
 7  2   0.1501600395  -0.0132518723  -0.0955641987   0.0126445105   0.0192411561
 7  3  -0.0527343511  -0.0170056617  -0.1581156759   0.0572484845   0.0457137549
 7  4  -0.0826781071  -0.0301286462  -0.0328668603   0.1352627083   0.1241999368
 7  5   0.0018166965  -0.0456657457  -0.0010218334  -0.1880570676  -0.0489551853
 7  6  -0.0008818435   0.0795324185  -0.0035957367  -0.0077967469   0.0215534721
 7  7  -0.0223721426   0.0128428778   0.0024455114   0.0136530574  -0.0077111803
 7  8  -0.0001675788   0.0230882572   0.0000206131   0.0022835385   0.0000966618
 7  9   0.0000175581  -0.0000650671   0.0000657093  -0.0001469416  -0.0001026836
 8  1  -0.0298739376   0.1686703118  -0.0903987440   0.0821747419  -0.0842737262
 8  2   0.0604745099   0.0147325035  -0.2227153355   0.0498664433  -0.0564209834
 8  3   0.0602621550   0.0364328355  -0.0840859899   0.0811975238  -0.0994923742
 8  4  -0.0496126451  -0.0420616549  -0.0664906442   0.1067086795  -0.1176622971
 8  5   0.0003963880   0.0038148261  -0.0002541598   0.1003961737   0.0557209490
 8  6  -0.0633175991  -0.0754104771  -0.0004436839   0.0429513763  -0.0308991754
 8  7   0.0312157891  -0.0116728726  -0.0045596869  -0.0128398427   0.0094712196
 8  8   0.0023859048   0.0281209699  -0.0001416524  -0.0008446378  -0.0001021324
 8  9  -0.0001974287   0.0004479477   0.0001850749   0.0002154491  -0.0001927104
 9  1   0.1894761983   0.0650741214   0.0268823132   0.0767305031   0.1085282923
 9  2  -0.0952648204  -0.1047885306   0.1604512195  -0.0540526164  -0.0279092647
 9  3  -0.0311555388  -0.1406093305   0.0452953134  -0.0636351466  -0.1317789026
 9  4  -0.0398737258  -0.0557092030   0.0573134770   0.1660892680  -0.0620425807
 9  5   0.0004484784  -0.0380024031   0.0008719136  -0.0004285516  -0.0386386840
 9  6  -0.0634133451  -0.0453630700  -0.0018003991   0.0437544725   0.0011586361
 9  7  -0.0050210029   0.0014144202  -0.0026149006  -0.0000444586   0.0006716183
 9  8   0.0015504199   0.0363781495  -0.0001052891   0.0000274809   0.0002920497
 9  9  -0.0000436853   0.0001882518   0.0002072096   0.0000999638  -0.0002263200
10  1   0.0421346129  -0.0727024973   0.1425243483   0.1516397957  -0.0357398436
10  2   0.1024811561   0.0286482189   0.0233472602  -0.0148711569   0.0008848272
10  3   0.0121674296   0.0176618510  -0.1073034854  -0.0363970128  -0.0675124222
10  4   0.0878230138   0.0185679486   0.1785531601  -0.0387612231   0.1017776095
10  5  -0.0005815499  -0.0809551780   0.0013154971   0.0413003822   0.0020244538
10  6   0.0236549618  -0.3107051758   0.0182995797   0.0222356102  -0.0432812045
10  7   0.0376765031  -0.0351431585  -0.0044426674  -0.0207927944   0.0171277170
10  8  -0.0560928422  -0.3786591373  -0.0000815055  -0.0005802506   0.0004862848
10  9   0.0002628761  -0.0009279817   0.0005995429  -0.0021001456   0.0005891910
11  1   0.0515585870   0.0897562399  -0.1837018355   0.1603086504  -0.0436629809
11  2   0.0352187994   0.0195598252  -0.0696474925   0.0091311523  -0.0536338681
11  3   0.0531044252  -0.0058122422  -0.0533451580  -0.0934251935  -0.1014825625
11  4  -0.0429861020   0.0205645788   0.2844022926  -0.0573627661  -0.0263996604
11  5  -0.0058400642   0.0625317760  -0.0020383391  -0.0439893269  -0.0112396530
11  6  -0.0149839625   0.2760856210  -0.0068240010  -0.0222821607   0.0269512114
11  7  -0.0233703101   0.0345509906  -0.0008540762   0.0065219953  -0.0069014244
11  8  -0.0612603035  -0.2996212736   0.0004017766   0.0016595393  -0.0002839463
11  9   0.0005008613  -0.0005508371  -0.0004641900  -0.0005974994   0.0005516656
12  1   0.1117317392   0.1319721281   0.1525628911  -0.0098680607  -0.0192768614
12  2  -0.0911914811  -0.0839120903   0.0097038762  -0.0119985870  -0.0416433184
12  3   0.0319954354  -0.0681908622   0.0611625974   0.1114051045  -0.1004148253
12  4   0.0132735584   0.0510855273  -0.2973020919  -0.0665048084   0.0439803342
12  5   0.0043952405   0.0050636960   0.0005141096  -0.0243266982  -0.0038538144
12  6   0.0064969617   0.0782424306   0.0044735979  -0.0103915527   0.0009821907
12  7  -0.0024618775   0.0122761797  -0.0043737444  -0.0047903083   0.0038738958
12  8  -0.0897567368  -0.5010409732   0.0002921838   0.0011817343  -0.0001804954
12  9   0.0005146104  -0.0006845612  -0.0000929466  -0.0017619416   0.0008605576
13  1   0.1278441057  -0.1288736757   0.1229240273   0.1587519721  -0.1104670667
13  2   0.0987537651   0.0740341950   0.1404064979   0.0371485017   0.0051337431
13  3   0.0580565795   0.1218406725   0.0588540958   0.0417526437  -0.2817480272
13  4  -0.0831501567   0.0254311823  -0.0425222434  -0.0295346631   0.0224243046
13  5   0.0002274190   0.0010108374   0.0009342411  -0.0004488689   0.0012702786
13  6   0.0058836920   0.0451605276  -0.0100748852  -0.0060308638   0.0121779285
13  7  -0.0116031836  -0.0094861066   0.0024952975   0.0058848994  -0.0049966132
13  8   0.0679090249   0.2166357738  -0.0001065906  -0.0004011609  -0.0000614211
13  9  -0.0002520564   0.0005867673  -0.0002614294   0.0005851486  -0.0001097800
14  1   0.1603833671   0.0510544134  -0.2865467566   0.1788569398   0.0750560071
14  2   0.0945894333   0.0018072804   0.0523446764   0.0926591560  -0.0593422599
14  3   0.0075514613  -0.1497072885  -0.0569479246   0.0492377274   0.0885184326
14  4   0.1000413643   0.0465122292  -0.0687545867  -0.0897862660   0.0716074798
14  5   0.0009099394  -0.0174265310   0.0020206585   0.0066164256   0.0047657186
14  6   0.0236559575  -0.0331858911  -0.0069810240  -0.0067103456   0.0033043505
14  7  -0.0032133366  -0.0125510308   0.0026281787   0.0042991605  -0.0027521781
14  8   0.0501693264   0.1987319148  -0.0000959999  -0.0000480978   0.0000744619
14  9   0.0000727379   0.0000974946  -0.0000225044   0.0004059630  -0.0001740698
15  1  -0.0171513168   0.1951796467   0.2328437914  -0.0267659022  -0.0461162749
15  2  -0.1273642325  -0.1024350478  -0.1480623286  -0.1014418068  -0.0391566840
15  3   0.0296991874  -0.0443991798  -0.0549432101  -0.0298474469  -0.1037806494
15  4   0.0499886901   0.0526643792   0.0836362474  -0.1017942818   0.0760459757
15  5  -0.0001331428  -0.0141577737  -0.0013962451   0.0099274041  -0.0000036945
15  6   0.0238020684  -0.0065712500  -0.0122445289  -0.0097571312   0.0109400598
15  7  -0.0095600478  -0.0172267788   0.0046407701   0.0070899653  -0.0052696758
15  8   0.0863571343   0.3120906344  -0.0000723530  -0.0004327635   0.0000057928
15  9  -0.0003649967   0.0003142022  -0.0001660708   0.0007210994  -0.0002317089
16  1  -0.0018503227  -0.0793325573   0.1427874959   0.1925476065  -0.0353313715
16  2   0.0545557951   0.0149181508   0.0256960051  -0.1222380260   0.0063051640
16  3   0.0095707716   0.0152633323  -0.0685497188  -0.0275063059   0.0498946725
16  4   0.2535043713  -0.0339500969  -0.0963203688   0.0215329362  -0.0796904878
16  5   0.0215768697  -0.0173698809   0.0363428340   0.0877824461   0.0134311162
16  6  -0.0081805040   0.1259142098   0.0526390064  -0.0048361940  -0.0005901273
16  7   0.0105024840   0.1015276404   0.0017883943   0.0075802671  -0.0063497327
16  8  -0.2458830135   0.1510237231   0.0000437647   0.0001065664  -0.0000282912
16  9   0.0000477487  -0.0000216720   0.0079473343   0.0286813546  -0.0062627957
17  1  -0.0050351013   0.0539993045  -0.1485034190   0.2225443765  -0.1593521722
17  2  -0.0736102780   0.0418902201  -0.0392171215  -0.1568104640   0.0087471202
17  3   0.0120024431   0.0152731666   0.0643594163  -0.1076776984   0.1186162449
17  4  -0.1686371872   0.0232516978  -0.1421860127  -0.0053163980   0.0483649148
17  5   0.0330179216   0.0331029909   0.0562898904  -0.0858967179  -0.0148452242
17  6   0.0117690617  -0.1329936364  -0.0775898823  -0.0018731949  -0.0113870579
17  7   0.0116659830   0.0163165605  -0.0002174429  -0.0017298483   0.0020605882
17  8  -0.1365039704   0.0594646928  -0.0000628882  -0.0003098091  -0.0000332620
17  9  -0.0002293377   0.0002553233  -0.0053458919  -0.0661264518   0.0119474520
18  1   0.2002515592   0.1206552689   0.1836071616  -0.0834989432  -0.1253589627
18  2  -0.0374610081  -0.0194623983   0.0350550393   0.1760477200  -0.0007977364
18  3   0.0298225755   0.0301447747   0.0494184398   0.0590993934   0.1800660250
18  4  -0.0277418559  -0.0102199634   0.1540929416   0.0004455433  -0.0057417559
18  5  -0.0362120687   0.0146445530  -0.0609544026  -0.0276412459  -0.0020276534
18  6   0.0052284904  -0.0512645929  -0.0426387172  -0.0045754954  -0.0119389539
18  7   0.0183854547   0.0747424822   0.0006212310   0.0021515597  -0.0017017016
18  8  -0.2735868551   0.1448094284  -0.0000216961  -0.0000253198  -0.0000355001
18  9  -0.0000778883   0.0001925145  -0.0003770560  -0.0456697656   0.0076098420
19  1  -0.0960020936  -0.0198447292   0.1637061741   0.1875198958   0.0443849791
19  2   0.0555352726  -0.1184188941   0.0824748460  -0.0014011604  -0.0992039887
19  3   0.1407739642   0.0729084610   0.0616045897  -0.0080612055   0.2085536423
19  4   0.0574112437  -0.0238521416  -0.0010711367   0.0106742452  -0.0854323898
19  5  -0.0684660575   0.0924543278  -0.0084683303  -0.0911829123  -0.0075412556
19  6  -0.0016011247  -0.0429443943  -0.0219761433   0.0023974517  -0.0009893256
19  7   0.0001605066  -0.0042101008  -0.0000634946   0.0002948118  -0.0002420734
19  8   0.2114400566  -0.0698495404   0.0000437127   0.0001655355  -0.0000365025
19  9   0.0001173537  -0.0000936198  -0.0426984366  -0.0040348140  -0.0709584823
20  1  -0.1245442405   0.0942849183  -0.0362863075   0.2050253302  -0.2918661957
20  2  -0.1419009678  -0.0675768776   0.1144928208   0.0679335060   0.0890718697
20  3  -0.0931683774  -0.0341107512  -0.0105694216   0.0161597260   0.0610112323
20  4  -0.0043882321  -0.0057253220   0.0047267626   0.0162922112   0.0211671671
20  5  -0.1048409247  -0.0471518026  -0.0095995719   0.0438500762   0.0048481041
20  6  -0.0027288215   0.0458678233   0.0898665145   0.0073518609  -0.0014050439
20  7   0.0035128875   0.0238438272   0.0007132277   0.0023491242  -0.0017196833
20  8   0.1589616996  -0.0517218167  -0.0000118834  -0.0001394009   0.0000709145
20  9   0.0000314562  -0.0001435425  -0.0227884268   0.0166684005   0.0643867598
21  1   0.3407875362   0.0532933683   0.1002579679  -0.0692175571  -0.1021469283
21  2   0.0033867586   0.1433112756  -0.0993836652  -0.0476976889   0.0280566629
21  3  -0.0017571878   0.0200910827   0.0034105041  -0.0357016310   0.1709753425
21  4   0.0318734548  -0.0185953743  -0.0064975650   0.0218884442  -0.0303701246
21  5   0.1114719518   0.0206023030   0.0107915529  -0.0113173031  -0.0016978985
21  6  -0.0034448119   0.0177592703   0.0720167805   0.0085154671  -0.0017094899
21  7   0.0033347918   0.0202109020   0.0005544229   0.0024255021  -0.0018640019
21  8   0.2750723755  -0.0902249628   0.0000219279  -0.0000524878   0.0000612178
21  9   0.0000814490  -0.0001826426  -0.0467244685   0.0134172540   0.0191965646
22  1  -0.1731639530   0.0351158089   0.1825649442   0.1755986218   0.1163586654
22  2   0.0650633013   0.1724239773  -0.2452073065   0.1565879273   0.2985969370
22  3   0.2664485344  -0.4078722998   0.3783988331  -0.0984799426  -0.0937265110
22  4   0.1675275214   0.2119274058   0.0712257707   0.3531347572   0.0443614526
22  5   0.0024609672  -0.0057996515   0.0018255856  -0.1257360000   0.5002062554
22  6   0.1955385866   0.0545721464  -0.0156311119   0.0966591952  -0.3211739571
22  7  -0.3857306446   0.0389884543   0.4958830749  -0.0670054018   0.0391958900
22  8  -0.0075409365  -0.0307966897   0.1027292928   0.0144260369   0.1061939588
22  9   0.0121128414   0.0635765681  -0.0000308292  -0.0000332475   0.0000266273
23  1  -0.2052473839   0.3993881695   0.1304229525  -0.1642593433  -0.1130675614
23  2   0.1996326818   0.3095445545   0.3761924488  -0.0868291943  -0.3952278917
23  3  -0.3177069589   0.1032157406   0.0129375987  -0.0074936105   0.0413534916
23  4   0.0416280862   0.3470189119   0.0496577820   0.2845704759  -0.1703645396
23  5   0.0019834644  -0.0927643591   0.0031322894  -0.0715288103   0.0631782255
23  6   0.3462757919   0.1138267345  -0.0229145643   0.1207068343  -0.2801238191
23  7  -0.0745282485  -0.0240378877  -0.2579288145  -0.2261609801  -0.5502044631
23  8   0.0018210341   0.0116686956   0.0502441619   0.0140162578   0.0622006540
23  9  -0.0097900673   0.0221038372   0.0000159553   0.0000143142  -0.0000459392
24  1  -0.0610065674   0.1523390282   0.0873725832   0.1383754907   0.1943934679
24  2  -0.1975868037   0.1842927311   0.0517212263   0.0451382317   0.0037023938
24  3  -0.0124013537   0.0729510645  -0.0500162689   0.0204311891   0.0135538194
24  4  -0.0261485542  -0.0832229272  -0.0252423089  -0.1124942176   0.0373396393
24  5  -0.0020794178   0.0465350219  -0.0014989399   0.0742922301  -0.1952001641
24  6  -0.1525149149  -0.0382413793   0.0120914642  -0.0814447580   0.0354869915
24  7   0.0534515343  -0.0072759873  -0.0404436967   0.0183532219   0.0191285775
24  8   0.0020608123   0.0073888382   0.5751463587   0.0991607442   0.6876504791
24  9   0.0152234890   0.3820739979  -0.0004781399   0.0002028944  -0.0001177643
25  1  -0.0426352462  -0.0641315269   0.1489294818   0.2036504948  -0.0121081242
25  2   0.0401253756   0.0728180407  -0.2943455235   0.1381632051  -0.3082519895
25  3  -0.4175358123   0.0590570528   0.4565805968  -0.1021111089  -0.1074878258
25  4   0.1775099216  -0.2524455574   0.0138442739  -0.1397452163   0.2261247472
25  5   0.0035493645  -0.0197830267   0.0007693095  -0.1604325406   0.4672447606
25  6  -0.2289513465  -0.0304676078   0.0138341006  -0.0921852002  -0.2817068115
25  7  -0.3646627713   0.0419027514  -0.4247118937   0.2181937934   0.2838731579
25  8   0.0086439029   0.0443377917   0.0123649626  -0.0015007438  -0.0134830998
25  9  -0.0023806590  -0.0058350582   0.0000261747  -0.0000147548   0.0000356281
26  1  -0.0409162965   0.3019034841  -0.0376533351  -0.0860305489   0.0285122289
26  2   0.2348232849   0.0013505526   0.1631146842  -0.0743560233   0.1192945948
26  3   0.0723555870   0.0072513309   0.0176581406  -0.0097856868  -0.0175204152
26  4   0.0075890698  -0.1144980574  -0.0079929945  -0.1434466438   0.0175773310
26  5   0.0030689929  -0.0742069081   0.0006892000  -0.0910976277   0.1081096697
26  6  -0.1965873448  -0.0350553735   0.0131901812  -0.0952802860  -0.0408770312
26  7  -0.0209547966  -0.0034532162  -0.0109454454  -0.0608084602  -0.1288470914
26  8  -0.0000615768   0.0004603265  -0.4526121676  -0.0997002595   0.0645147516
26  9   0.6302485305   0.5638179776  -0.0006946137   0.0005238259   0.0001016497
27  1  -0.2152939054   0.2464967485   0.2331306724   0.0690391704   0.0905258485
27  2  -0.2242472950   0.4586106226   0.2407493347   0.0379244943  -0.3551643064
27  3  -0.2573361694   0.0904723190  -0.0442427133   0.0156986564   0.0560934437
27  4   0.0214424062   0.3498017722   0.0401420117   0.3587336257  -0.0592611805
27  5  -0.0041782288   0.1110197944  -0.0005401017   0.1204468735  -0.0318862679
27  6   0.3330908383   0.0222148316  -0.0173257118   0.1522428656   0.3055409266
27  7   0.1207927452   0.0214303485   0.1364911886   0.2382388949   0.5406215848
27  8  -0.0054436142  -0.0337376740  -0.1264487607  -0.0317676575   0.0024119094
27  9   0.1715355958   0.1442686898  -0.0002004987   0.0001084911   0.0000370473
28  1  -0.0432944069   0.0117126086   0.1699142181   0.1088259907   0.0691623159
28  2   0.1461550051   0.0189643686  -0.0959221199   0.0385698774   0.0731460038
28  3  -0.0276147811  -0.1201130977   0.0121098966  -0.0052597634   0.0499380233
28  4  -0.1599021902   0.0836272522  -0.0176831173  -0.2167976276  -0.3693143094
28  5   0.0042936717  -0.1998953769   0.0024106897  -0.0046589802  -0.3089335447
28  6   0.0518053344   0.0263883286  -0.0031466888  -0.0014119794  -0.2004664568
28  7  -0.0917328115  -0.0050414873  -0.0283324105   0.0674160608   0.1168497689
28  8   0.0072744462   0.0295428028  -0.5928036010   0.1391503427   0.5313321509
28  9  -0.3862502094  -0.0772816509  -0.0004327554   0.0006762364  -0.0005281324
29  1  -0.0443105881   0.3569432512  -0.0168311619  -0.1558526446   0.0767794192
29  2   0.3080642809  -0.0278847556   0.3125337366  -0.1476577177   0.3599011343
29  3   0.3236391864  -0.1141675420  -0.2869147429   0.0516154745   0.0902747514
29  4  -0.2181947351   0.1772171789  -0.0078384181  -0.1186179844  -0.4134803899
29  5   0.0036457941  -0.1938697067   0.0025062378   0.0104645187  -0.3122197515
29  6   0.1996248380   0.0513470033  -0.0087774017   0.0417235055  -0.3358578389
29  7  -0.2545954210   0.0142045019  -0.3667451360   0.2072178954   0.2962115884
29  8   0.0134990073   0.0570546715   0.2474277453  -0.0605890542  -0.2221113747
29  9   0.1486018942   0.0229414845   0.0001753710  -0.0001380416   0.0001535220
30  1  -0.1376173137   0.1628276316   0.0623691199   0.2002566174   0.2835103065
30  2  -0.2434637670   0.2371892825  -0.0991111785   0.1340232124   0.3951482267
30  3   0.4154936909  -0.2412292411   0.1862499698  -0.0432808999  -0.0966552588
30  4   0.1923834624   0.0525470580   0.0469434340   0.3658242260   0.2953125505
30  5  -0.0051499548   0.1932843362  -0.0008050842   0.0176665923   0.3177079263
30  6   0.1779140031   0.0171261703  -0.0072722408   0.0737356610   0.3105744577
30  7   0.2449270500  -0.0100393649  -0.5656388713   0.0526443375  -0.0993086921
30  8  -0.0020009718  -0.0071471361  -0.1399266535   0.0344564254   0.1081086474
30  9  -0.0908434661  -0.0255059535  -0.0000829588   0.0000245695  -0.0000764166
31  1   0.1195237392  -0.0251320215   0.1519808406   0.0345428889   0.0019623408
31  2   0.2372724446  -0.1629742625   0.0533887455  -0.0631901255  -0.0035658643
31  3  -0.0955783591  -0.2162320394  -0.0048904115  -0.0407821198  -0.0337498386
31  4  -0.1765876236   0.0617920341   0.0419267769   0.3181695751   0.0048010352
31  5  -0.0078328992   0.2990582862  -0.0007675036   0.1933208555   0.1347379429
31  6   0.1877235002   0.1438781745   0.0643741474  -0.7114730263  -0.3920680405
31  7   0.4801554825  -0.1447900355   0.0179928499   0.0072066439   0.1133679457
31  8   0.0303382095   0.0883362430  -0.0001530118  -0.0841934462  -0.0203563410
31  9  -0.0674386286   0.0582666121  -0.0001371672   0.0007231467  -0.0005170293
32  1   0.1469143185   0.1327288954  -0.2486607317   0.0776667548   0.1345866739
32  2   0.1944896658  -0.2996101238  -0.2182177067   0.0099530718   0.1763762048
32  3  -0.1255957764   0.4586724209   0.2347105612  -0.0086975924   0.0268732266
32  4   0.2807377876   0.4823265346   0.0438058164   0.2486830139   0.0574314893
32  5  -0.0016886401   0.0358689979  -0.0023029536   0.0535863613  -0.1518801208
32  6  -0.4139464714  -0.1263134462   0.0053844770   0.0097553438  -0.0490117241
32  7   0.0401008639  -0.0592023630   0.0756341068   0.6240263312  -0.2721324624
32  8  -0.0363633149  -0.1249918653   0.0003683148  -0.0827594069  -0.0131078132
32  9  -0.0554305261   0.0484156816  -0.0003608890   0.0002709733  -0.0001236128
33  1   0.0824620014   0.0845816742   0.0049967216   0.1502720784   0.2141707515
33  2  -0.1549774702  -0.0228598280   0.0093731942   0.0059513535   0.0468511094
33  3  -0.0554068495   0.1523929924  -0.0837774351   0.0183599215   0.0136950454
33  4  -0.0810845442  -0.1046035455  -0.0130315644  -0.1445706223  -0.0777295041
33  5   0.0017511911  -0.0575717413   0.0016401108  -0.0316473845   0.1421054890
33  6   0.1641794021   0.0072592897  -0.0102252817   0.0931070012   0.0527750266
33  7  -0.0510415748   0.0181390296   0.0125339374  -0.0450455960  -0.0127655545
33  8  -0.0079345618  -0.0438036819  -0.0103444845  -0.6458611061  -0.1518541115
33  9  -0.5358070730   0.4897945225  -0.0019294183   0.0034073952  -0.0016440217
34  1  -0.0092794732   0.0750781958   0.1858001386   0.0040030451   0.1311651353
34  2   0.2650783009  -0.0467764854   0.1305859892  -0.0567393002   0.1116563650
34  3  -0.1290988500   0.0060296830   0.0552935434  -0.0422594256   0.1226859418
34  4  -0.0235153383  -0.0066220739   0.0014098256  -0.2492786349   0.3370633718
34  5  -0.0064645182   0.2692900859  -0.0066141535   0.0106363084   0.0289507569
34  6  -0.2373580968   0.5655364725  -0.1163338192   0.6059346519  -0.4303804809
34  7   0.4967172745  -0.0987060005   0.0194130910  -0.1006171486   0.1529318380
34  8   0.0299196633   0.1629150131   0.0018210822  -0.0055588977   0.0024552139
34  9   0.0014404499   0.0014246174  -0.0000580226   0.0003884261  -0.0000822005
35  1  -0.0153172267   0.2306429292  -0.0821838169  -0.0017168717  -0.0035673579
35  2   0.1620849555  -0.0155777838  -0.0242875037  -0.0033409772   0.0112043091
35  3  -0.0160588792   0.0549388838   0.1400452221  -0.0177531662  -0.0940791360
35  4   0.0716971026  -0.2113262804  -0.0142677175  -0.0083224761   0.0808939130
35  5  -0.0014200835   0.0372037008  -0.0003220262   0.0730584995  -0.1323104346
35  6   0.2525961836  -0.0124233716  -0.0039570586   0.0317047935  -0.0228150614
35  7   0.0082677256  -0.0193430282   0.0537551768   0.1192225995  -0.0480864224
35  8  -0.0074376637  -0.0436484501  -0.0156467035   0.6957502245  -0.3526437940
35  9  -0.2915279138   0.4844949521  -0.0022510440   0.0011895345   0.0015361217
36  1   0.2368926193  -0.0108004702  -0.1439497622   0.2226923005   0.3225458111
36  2  -0.1293155148  -0.2814894978  -0.1658752258   0.0174307816   0.1788416759
36  3  -0.1466120432   0.4728937879   0.0178658726   0.0174917206   0.0949040078
36  4   0.1126835725   0.5035644246   0.0443555037   0.1444677951  -0.0988277593
36  5   0.0022800596  -0.0817030713   0.0015385727  -0.1019849780   0.0651052612
36  6  -0.3450884511  -0.0016352262   0.0174125161  -0.1165354488   0.0796529806
36  7  -0.0736654541   0.0727882185  -0.1375353715  -0.6012960185   0.2747432273
36  8   0.0369805344   0.1380806209  -0.0046286107   0.1864271157  -0.0882418440
36  9  -0.0715566833   0.1190262501  -0.0004923374   0.0004584194   0.0003867824
37  1   0.0508442709  -0.1390207251   0.1237879074   0.2285308586  -0.1081902355
37  2   0.0169073507   0.1072829723   0.0155515768  -0.2778355176   0.0914192480
37  3  -0.0855591959  -0.0302007619  -0.0040679336   0.1711048805   0.2536679669
37  4   0.2690915148  -0.0867149234   0.0736380997   0.1411982096   0.0018080322
37  5   0.0167657799  -0.3452713725  -0.3134869890   0.5013166535   0.0619109373
37  6  -0.0594808096   0.4174927408  -0.6754350526  -0.0939964562   0.0725812048
37  7  -0.0860628935  -0.2007237739  -0.0046439688  -0.0040848692  -0.0002492469
37  8   0.3175369070  -0.3282678523  -0.0000249035  -0.0000491935  -0.0001436578
37  9  -0.0006878794   0.0007148496  -0.0497571227  -0.3634302218   0.0629747289
38  1   0.0612962011  -0.0099455365  -0.2243943277   0.2857578171  -0.1259490204
38  2  -0.0937150927   0.1306903423  -0.0923362085  -0.4216098484   0.0247252796
38  3  -0.0139446258  -0.0442110269   0.2183995315   0.2229858409   0.1886438615
38  4  -0.1859458204   0.0128652544   0.1329716659  -0.0054962404   0.0533891276
38  5   0.0130362491  -0.0035199389  -0.5185636134  -0.0562085213  -0.0091981577
38  6   0.0113168605  -0.1236732466  -0.1262046741  -0.0086779576  -0.0078726807
38  7   0.0070280362   0.0005821925  -0.0011506270  -0.0035315491   0.0026217223
38  8  -0.1424014257   0.0208482013   0.0004346015   0.0012500639   0.0002293826
38  9   0.0015703261  -0.0017413339   0.1011473853   0.7531901283  -0.1330838592
39  1   0.1382460168   0.1740815188   0.2840360440  -0.1527556356  -0.2275675390
39  2  -0.0341480698  -0.0868276145   0.1076506619   0.4628481656   0.0368222199
39  3  -0.0011031647   0.0843275651  -0.1382696552  -0.2947628871   0.2088712025
39  4   0.0041773461  -0.0282708876  -0.1371188418   0.0811390111   0.0558702796
39  5  -0.0095571028  -0.1697149208   0.5526684639   0.2239877399   0.0238817612
39  6  -0.0289026642   0.1292030682  -0.5164073728  -0.0609710423   0.0341799776
39  7  -0.0430297749  -0.1171278944  -0.0031685926  -0.0046463985   0.0025943302
39  8   0.0514949070  -0.1718474763   0.0003977622   0.0011469696   0.0000969830
39  9   0.0011868670  -0.0013035902   0.0663671663   0.4983394358  -0.0887899799
40  1  -0.1228916311  -0.0294237836   0.1623404230   0.2194725874   0.0387216685
40  2   0.0184695368  -0.1333890298   0.1098796652  -0.0660119971  -0.0876332633
40  3   0.1203922188   0.0318163973   0.1612687104   0.2603375312   0.2484413874
40  4   0.0692785224  -0.0374351829   0.2770562970   0.0042908054  -0.1137566855
40  5   0.2570417983   0.1412341636   0.1399718826  -0.1187168034  -0.0134613533
40  6  -0.0050545203  -0.0371744865  -0.0194127381   0.0048981637   0.0068614622
40  7  -0.0127029009  -0.0650208190  -0.0007212769  -0.0024827390   0.0016223021
40  8   0.2033772599  -0.0661289544  -0.0003934078  -0.0008425484   0.0000568742
40  9  -0.0014746599   0.0019700327   0.6997506657   0.0095942698   0.5832939330
41  1  -0.1592382361   0.0640644442  -0.0174242641   0.2538543977  -0.3708008814
41  2  -0.2201953203  -0.0633522724   0.1750315985  -0.0275749607   0.1802071633
41  3  -0.2236543852  -0.1544803047   0.0364462782   0.4955350334  -0.0790352401
41  4   0.3001049656  -0.0503741769   0.4426553441  -0.0359781887  -0.2673426066
41  5   0.4104143904   0.3575695424   0.2219717435  -0.3236014783  -0.0366550033
41  6  -0.0107247770  -0.0285189034  -0.0069649875   0.0158516322   0.0584833768
41  7  -0.1020073043  -0.5041098339  -0.0059622428  -0.0257949161   0.0188281412
41  8  -0.3775167650   0.0977415524   0.0001567227   0.0002294675   0.0000405232
41  9   0.0005448239  -0.0006520810  -0.2492033634  -0.0035547506  -0.1990182876
42  1   0.3977900144   0.0498514633   0.1305752126  -0.1268451326  -0.1853778685
42  2   0.0414476556   0.2062502182  -0.1238708595   0.0731404065   0.1041104021
42  3  -0.0946794310   0.0214144167  -0.3118192937  -0.4308541363  -0.1425183635
42  4   0.3890681293  -0.0308530735  -0.4915571238  -0.0127356462  -0.3080901012
42  5  -0.4518566945   0.3607772317  -0.2504760079  -0.3783841006  -0.0326271512
42  6  -0.0059818092  -0.0495700581  -0.0175166571   0.0146450719   0.0593468213
42  7  -0.1042050344  -0.5162808427  -0.0058668787  -0.0251113172   0.0191746756
42  8  -0.2386047380   0.0540987645  -0.0001203928  -0.0003689256   0.0000342941
42  9  -0.0004379599   0.0005837586   0.1761094660   0.0022242562   0.1550196377
43  1  -0.1485939322   0.0397479867   0.1826744985   0.1515804953   0.1171241754
43  2   0.0931397369  -0.2176046714   0.1059964871   0.1692513343  -0.2074145858
43  3   0.2897581691   0.1829568373   0.1237034641  -0.2773341628   0.4650704644
43  4  -0.3238843331   0.0103486748  -0.1429684136   0.0787762630   0.2249912695
43  5   0.2947534203  -0.3159747646  -0.1627605142   0.3270060331   0.0332544596
43  6  -0.0205281016   0.3159185098   0.3330248338   0.0271520645   0.0702871514
43  7  -0.1108157920  -0.5075281847  -0.0049820744  -0.0228466834   0.0169000862
43  8  -0.5041829580   0.1552456856   0.0000373074  -0.0008502471   0.0004755663
43  9   0.0002647119  -0.0008364432  -0.2401116728   0.0787146004   0.2694747343
44  1  -0.1907412953   0.1582063031   0.0394856772   0.1418035315  -0.3250994477
44  2  -0.1216890343  -0.1659782792   0.1878594978   0.3600623803   0.0703557757
44  3  -0.0630667417   0.0278743496  -0.1551873641  -0.3121221186   0.0136695808
44  4  -0.0066331354   0.0059039141  -0.2424189939   0.0226353070   0.0343472190
44  5   0.4615723968  -0.0478854711  -0.2722414237   0.0626396049   0.0061698601
44  6  -0.0006923778   0.0663271808   0.1124403559   0.0084587194   0.0042048792
44  7  -0.0041910730  -0.0132326928  -0.0001205791   0.0009467430  -0.0008054132
44  8   0.1575001178  -0.0581579679  -0.0001496370   0.0011492406  -0.0006627402
44  9  -0.0007835813   0.0018705981   0.4859663937  -0.1629311788  -0.5774532562
45  1   0.4025252095   0.0000000000   0.0000000000   0.0000000000   0.0000000000
45  2   0.0000000000   0.2197727209  -0.1928087442  -0.3642771181  -0.0233070031
45  3   0.0629376984   0.0073681508   0.2672146500   0.2638078965   0.4293079668
45  4  -0.2338348161  -0.0116628708   0.2625412719   0.0579734886   0.1613588026
45  5  -0.4790928809  -0.2536369918   0.2942233815   0.2431601683   0.0239109615
45  6  -0.0211157674   0.2512305471   0.3030848982   0.0262551988   0.0450333418
45  7  -0.0710338497  -0.3110827828  -0.0019370905  -0.0125763211   0.0095162322
45  8  -0.1488456937   0.0373692895  -0.0002220255   0.0006392599  -0.0005287811
45  9  -0.0005138788   0.0012505846   0.3188658902  -0.1079332595  -0.3882042069
$end
