$vibrational normal modes
 1  1   0.1933115008  -0.0586498969   0.0513500385   0.0222974348  -0.0324091439
 1  2   0.0315619052  -0.0230640829   0.0333902482   0.0481367670   0.0140924019
 1  3  -0.0126849668  -0.0322258617   0.1084988839   0.0198886824   0.0506231551
 1  4  -0.1382572712   0.1508625423  -0.0180026989  -0.0405493232  -0.0587714767
 1  5  -0.0749087349  -0.0037853391  -0.0892928705   0.0224682270   0.0344036834
 1  6  -0.0081163979  -0.0365368747   0.1170677781   0.0833295365  -0.0013103925
 1  7  -0.0179746507  -0.0462297035  -0.0179556073  -0.0065779522   0.0104058957
 1  8  -0.0204284636  -0.0081302119  -0.0441877777   0.1258002018   0.0872055565
 1  9   0.0016309862  -0.0238249643   0.0285465485  -0.0003087826   0.0015222699
 1 10   0.0157604232   0.0016509471  -0.0000383767   0.0024600768  -0.0211953246
 1 11  -0.0004743479  -0.0003654946   0.0011285692   0.0442149154  -0.0023718886
 1 12  -0.0000074364  -0.0002202842  -0.0000283590   0.0000028915  -0.0013932191
 2  1  -0.1057654641  -0.1319564047  -0.1115584934   0.2618438065   0.0075932432
 2  2  -0.0438529274  -0.0007814276  -0.0111893307   0.1337756677  -0.0612752313
 2  3  -0.0001691596   0.0003532924  -0.1215358216  -0.0512957498   0.0133438187
 2  4  -0.0661617882   0.0422290567   0.0224637578   0.0109653878   0.0196995744
 2  5   0.0518236633   0.0048297016  -0.0695950686  -0.0181906441  -0.0251547900
 2  6   0.0952936269   0.0674868216   0.0124193876   0.0697057152  -0.0739167086
 2  7  -0.0987278270  -0.0056392571  -0.0467516984  -0.0408887409  -0.0231802352
 2  8   0.0125498417   0.0012522687  -0.0172859333  -0.0188247744  -0.0128589156
 2  9  -0.0001460284  -0.0169925008   0.0270851141  -0.0002452389   0.0001008311
 2 10   0.0199715654   0.0022880759  -0.0000859387   0.0206382234  -0.0635999804
 2 11   0.0010337065  -0.0113577595   0.0024336981  -0.0586385638   0.0034061988
 2 12   0.0000019583  -0.0030391414  -0.0007085323  -0.0000103473   0.0009411100
 3  1  -0.0517546856  -0.0804682952   0.0195170606  -0.0196222740   0.0049034438
 3  2   0.2744814494  -0.0669003488   0.0252689610   0.0417857629  -0.0598602733
 3  3  -0.0170762082  -0.0083495349  -0.0042181774  -0.0104181460   0.0414983405
 3  4   0.1223343211  -0.0527159889   0.0051864916   0.0164459453   0.0312904996
 3  5   0.0321969028  -0.0676184642   0.0927874467  -0.0183821366  -0.0412333093
 3  6  -0.0845612320  -0.1065083472   0.1321862248   0.0464806275   0.0788325750
 3  7  -0.0683853778   0.0615675108  -0.0069692631  -0.0245990939  -0.0300456483
 3  8   0.0526359193  -0.0149338392  -0.0528037424   0.0449076086   0.0367276011
 3  9  -0.0040669885   0.0387219812  -0.0580772969  -0.0015688327  -0.0002047954
 3 10  -0.0014671538  -0.0000936990   0.0000080006  -0.0017350120   0.0258502738
 3 11   0.0006987259   0.0011600951  -0.0013701403  -0.0463936713   0.0024470933
 3 12  -0.0000011092   0.0009109400  -0.0000557933  -0.0000150007   0.0015209495
 4  1   0.1868074939  -0.0598413436   0.0558374828   0.0539781018  -0.0171123864
 4  2   0.0476571262  -0.0104089909   0.0462905797   0.0901382467   0.0002433832
 4  3  -0.0032664455  -0.0291626696   0.0158315860  -0.0190759820   0.0672914146
 4  4  -0.1267528837   0.0754293662  -0.0052799373  -0.0027028615   0.0044054292
 4  5  -0.0198405970   0.0033786679   0.1778222760  -0.0376147033  -0.1038083327
 4  6   0.0131479890   0.0113924213  -0.0723318944  -0.1100023635  -0.0725297588
 4  7   0.0631683374   0.0185913695   0.0227662507   0.0148186080  -0.0242352399
 4  8   0.0246912582  -0.0384847612  -0.1199592609  -0.0812485821  -0.0392292378
 4  9   0.0019814813  -0.0357151460  -0.0167063894   0.0193237382  -0.0100295760
 4 10  -0.0070387105  -0.0010563191  -0.0000175356  -0.0122272017  -0.0046850254
 4 11   0.0005776759   0.0189452322  -0.0054048943  -0.0019953569   0.0011624902
 4 12  -0.0000165210   0.0003149778  -0.0002380055   0.0000133166   0.0002215625
 5  1  -0.0742672676  -0.1549669135  -0.1579927195   0.1413020956   0.0003726428
 5  2  -0.0508206476  -0.1599459711  -0.0274128483   0.0279067153   0.0415804385
 5  3  -0.0229399387  -0.0024067029   0.1368593223   0.0552731031  -0.0848298378
 5  4  -0.0307796856   0.0229682003   0.0399990793   0.0393384547   0.0398481978
 5  5   0.0581824508   0.0476573140   0.0184893251   0.0233539761   0.0790609880
 5  6  -0.0962677721  -0.0379170946  -0.0397553989  -0.0428430918   0.1030071125
 5  7   0.0880734596  -0.0468675064   0.0085170171  -0.0158150758  -0.0113374995
 5  8   0.0310847813  -0.0056033246   0.0113743812   0.0086135432   0.0071770268
 5  9  -0.0226329333  -0.0109134890  -0.0089434398  -0.0542694679   0.0156925992
 5 10  -0.0021941824  -0.0002450599  -0.0014838825  -0.0715865930  -0.0156807135
 5 11  -0.0032053018  -0.0354011086   0.0128790727  -0.0054156081   0.0023570029
 5 12  -0.0000453151  -0.0005119186   0.0023664972   0.0001048640   0.0001709346
 6  1  -0.0620995440  -0.0364625506   0.0660506222  -0.0216786947  -0.0773983352
 6  2   0.1868792529   0.1069252718  -0.0472270690  -0.0614959536  -0.1597498859
 6  3   0.0045966497   0.0253249180  -0.0065801793   0.0016858929  -0.0670471076
 6  4  -0.1180011472   0.0538886708   0.0618611170   0.0492385715   0.0301486265
 6  5  -0.0371851132  -0.0137436626   0.1184306126   0.0195846427   0.1120833922
 6  6   0.0261814700   0.0683548885  -0.0313693363   0.0932562749   0.0030357433
 6  7  -0.0106393454  -0.0947773857   0.0130413318   0.0446677360   0.0392380225
 6  8  -0.0026514975  -0.0072097741   0.0449324369  -0.0130170963  -0.0093126840
 6  9  -0.0015554418  -0.0493722271  -0.0405097606  -0.0327546023   0.0050074397
 6 10   0.0062911739   0.0004349539   0.0004046406  -0.0052879243  -0.0107012829
 6 11  -0.0003130115   0.0714058423  -0.0212710150  -0.0047544501   0.0030226157
 6 12   0.0000227316   0.0001133170  -0.0017563252   0.0000356428   0.0000784775
 7  1   0.1872216649  -0.0649737554   0.0593641983  -0.0074116697  -0.0581473040
 7  2  -0.0218681010   0.0085332696   0.0219384796   0.0004948620   0.0787910749
 7  3   0.0097171855  -0.0115567825  -0.0258138115  -0.0258783255   0.0220547039
 7  4  -0.0998538696  -0.1844824903  -0.0508952210  -0.0026008109   0.0275348697
 7  5   0.0174094977  -0.0105362149   0.0271115465  -0.0217176554  -0.0219134651
 7  6   0.0427844216   0.0893758118  -0.0660757712   0.0871303539   0.2351091559
 7  7  -0.0321537159  -0.0217995851   0.0128255937  -0.0145757362  -0.0002276851
 7  8  -0.0035612034  -0.0088183655   0.0035777760   0.0071851714  -0.0028940632
 7  9  -0.0240880372   0.0536270188   0.0371487540  -0.0558915801   0.0211134607
 7 10  -0.0044645732   0.0000082221   0.0004105510   0.0012110490   0.0003385760
 7 11  -0.0013833220  -0.0002736336  -0.0000553923  -0.0000777241   0.0001854870
 7 12   0.0000064631   0.0021283805  -0.0091024979  -0.0000483245   0.0002275603
 8  1   0.0076034501   0.0167806310  -0.1473778398   0.0952556570  -0.1316518382
 8  2   0.0222814725  -0.1611766019  -0.0643248680  -0.1342999344  -0.0829085657
 8  3  -0.0198040027   0.0204722704   0.0783464479  -0.1167175345  -0.0301998280
 8  4  -0.0899546191  -0.0969798774  -0.1227938720  -0.0345945584  -0.0177721925
 8  5  -0.0002831913  -0.0196637055   0.0155106205   0.0308773422  -0.0488571503
 8  6   0.0214921210   0.0101440768   0.0097835433   0.0089078378  -0.0964693245
 8  7  -0.0142032176   0.0519234821  -0.0008333150   0.0416328788   0.0114157059
 8  8   0.0111949144   0.0233390532   0.0113268665   0.0064348413   0.0135318855
 8  9   0.0049430053  -0.0220175240  -0.0173513921   0.0136601295  -0.0063772500
 8 10   0.0004309804   0.0016906606  -0.0000881977  -0.0012250138   0.0000940006
 8 11  -0.0003576278   0.0002912944  -0.0004464587   0.0002176125   0.0006792551
 8 12   0.0000581542  -0.0054496044   0.0243334484   0.0000424758  -0.0005954025
 9  1  -0.1212609361  -0.1661518120   0.0616099705  -0.0452798483  -0.0195357620
 9  2   0.0690525616   0.1295887371  -0.0455655850  -0.0281456900  -0.0006369644
 9  3   0.0271466887   0.0274756871   0.0130415023   0.1269010300  -0.1367817077
 9  4  -0.1017283639  -0.0356979653  -0.0520094260  -0.0247487199  -0.0284136206
 9  5  -0.0389822647   0.0037578558  -0.0351844877  -0.0141580753  -0.1106180156
 9  6   0.0294858349  -0.0169502671   0.0081144705  -0.0665726791   0.0235236090
 9  7   0.0213142335   0.0663244021  -0.0340976100  -0.0610239826  -0.0353729488
 9  8  -0.0323470039   0.0408588891   0.0111452901   0.0109044705   0.0126273711
 9  9   0.0069523853  -0.0195620754  -0.0111709911   0.0094966445  -0.0053264933
 9 10   0.0010559075   0.0014312297   0.0004192682  -0.0020109899  -0.0004954714
 9 11   0.0000527397  -0.0006624120   0.0009578148   0.0001559786  -0.0011368512
 9 12   0.0000568304   0.0142532782  -0.0638066066  -0.0001179177   0.0014119256
10  1   0.1958027373  -0.0596828663   0.0507214009  -0.0068150242  -0.0497238411
10  2   0.0058089864   0.0182337856   0.0261357543   0.0202850444   0.0520064196
10  3   0.0226748746   0.0004981854  -0.0549299892   0.0143403590  -0.0577385507
10  4  -0.0674709790  -0.1864615627   0.0343948452   0.0541817442   0.0582076900
10  5   0.0307192989   0.0025911958  -0.0374846743   0.0239331185   0.1263541617
10  6  -0.0243751441  -0.0359181602   0.0943762899  -0.0440231144  -0.2029679855
10  7   0.0276307112   0.0503764519   0.0076359796  -0.0192330860  -0.0080119101
10  8  -0.0169577331  -0.0845887869   0.0304741044   0.0517493952  -0.0574582111
10  9   0.0505529943  -0.0176924498  -0.0139003683  -0.0021527876   0.0072947934
10 10   0.0024578662  -0.0012385750  -0.0018366439   0.0003159969  -0.0001463027
10 11  -0.0362019372   0.0006707861  -0.0007619275  -0.0010918678  -0.0085252634
10 12  -0.0000125695  -0.0001873909   0.0007236335   0.0000695274   0.0000176437
11  1   0.0312773753  -0.0258990467  -0.1966725889  -0.0246430192  -0.1246627505
11  2   0.0070451098  -0.0438998610  -0.0321164984  -0.0838498697  -0.0241650708
11  3   0.0624406315  -0.0096294067  -0.0537335541   0.1053843221   0.1086355703
11  4   0.0180838400   0.0359033639  -0.0220463057  -0.0275521709   0.0246375921
11  5  -0.0227130437  -0.0016555263  -0.0084293222  -0.2128680290   0.0685653189
11  6   0.0099816426   0.0525756701   0.0516117348  -0.0921127802   0.0381396160
11  7  -0.0392864126  -0.0403100674   0.0463521353  -0.0352182708  -0.0052081527
11  8  -0.0130592842  -0.0445082672   0.0160534817   0.0265874246  -0.0361878738
11  9  -0.0503630317  -0.0185835130  -0.0146577958   0.0336661534  -0.0294030382
11 10   0.0010616894  -0.0062171580  -0.0003571565  -0.0018300866  -0.0001786359
11 11   0.0569324814   0.0051321342   0.0164164021  -0.0000256840  -0.0073183919
11 12  -0.0002717624  -0.0004363595   0.0020180615  -0.0004451337  -0.0000348968
12  1  -0.1541348193  -0.1908306118   0.0927609668  -0.0569229192  -0.0530568832
12  2  -0.0440291791   0.1039712165  -0.0495171355  -0.0920103138   0.1383038673
12  3  -0.0313382837  -0.0009599701   0.0193193180  -0.0758006366   0.1198070642
12  4  -0.0122120680  -0.0094430689   0.0273171510  -0.0560425478  -0.0376561990
12  5   0.0400772445  -0.0057199799  -0.0063647728  -0.0260982592  -0.0212697955
12  6  -0.0860926083  -0.0388239185  -0.0217148234   0.0224963440  -0.1255199212
12  7  -0.0381995205  -0.0561885132   0.0682341330   0.0613200180  -0.0373396616
12  8   0.0037037856  -0.0271603145  -0.0044030245   0.0045538058  -0.0200066016
12  9   0.0003638267   0.0226829813   0.0183835270  -0.0278600696   0.0172634183
12 10  -0.0030302504   0.0006128568   0.0050500076  -0.0002354306   0.0003107913
12 11   0.0247273924  -0.0177868988  -0.0490443178   0.0055181462   0.0707539747
12 12   0.0000995324   0.0005021992  -0.0021483850  -0.0000155949  -0.0000241716
13  1   0.1543585280  -0.0756059818   0.0854142405   0.1000863068  -0.0163320326
13  2  -0.0012026680  -0.0658634295   0.0146156050  -0.1013338063   0.0226442520
13  3   0.0300111798   0.0556328800  -0.0711094045  -0.0041388517  -0.0649956241
13  4   0.0912251719   0.0493027484   0.0013954466   0.0264008575  -0.0410776346
13  5   0.0117509347  -0.0039887500   0.0030579293  -0.0175078548   0.0310615617
13  6   0.1160912212  -0.2638389412  -0.0607312627   0.0114781374  -0.0101079953
13  7  -0.0226391548  -0.0342719666   0.0703600840  -0.0435582652   0.0071450841
13  8  -0.0065989871   0.0041087564   0.0034817461  -0.0703380276   0.0935193350
13  9  -0.0123172391  -0.0004477660  -0.0011193543   0.0221282932   0.0403844279
13 10  -0.0007605767   0.0048943154  -0.0098770547  -0.0012944353  -0.0005118249
13 11   0.0039909768  -0.0067771461  -0.0244629977  -0.0006553070  -0.0196591289
13 12  -0.0002536216  -0.0000616718   0.0002587777  -0.0008145248  -0.0000030089
14  1   0.0519354007  -0.0220681616  -0.2163962322  -0.0818595490  -0.1386534222
14  2   0.0099290342   0.0041751280  -0.0247046496  -0.0229396283  -0.0044413981
14  3   0.0624430192  -0.0288996361  -0.0673956553   0.1159203228   0.1048708069
14  4   0.0105855499   0.0143083549   0.0462506524   0.0097565709  -0.0142739820
14  5   0.0094295906   0.0051306057   0.0045779751   0.1777448872  -0.0811252503
14  6  -0.0293099185  -0.0224758664  -0.0508679527   0.0860091954  -0.0320705420
14  7   0.0335425297   0.0338937928  -0.0157229424  -0.0050122963  -0.0151672800
14  8  -0.0177721218  -0.0698134713   0.0268947091  -0.0533106030   0.0814318742
14  9   0.0017973314   0.0087689516   0.0072999031  -0.0248163489  -0.0630159536
14 10  -0.0010242198   0.0143734118   0.0405749240   0.0013557055   0.0006426506
14 11  -0.0069238742   0.0093574081   0.0345262786   0.0007744180   0.0255451149
14 12   0.0006167327   0.0000587441  -0.0002283078   0.0017073123   0.0000089637
15  1  -0.0916416528   0.0303151029   0.1571561683  -0.0293797716  -0.2308099451
15  2  -0.0041187508  -0.0528395012  -0.1851384043   0.0942264876   0.1058570266
15  3   0.0185257875  -0.0551862983  -0.0031476622  -0.0444282280  -0.0132711926
15  4   0.0367595489   0.0335324179   0.0078081907  -0.0505518323  -0.0057377134
15  5   0.0250320921  -0.0057336263   0.0430633913   0.0145609949   0.0744394511
15  6   0.1006615540  -0.0321957886   0.0360164979  -0.0595788856   0.0558638876
15  7   0.0141598695   0.0266542901  -0.0908388879   0.0126835066   0.0310448339
15  8   0.0033201328  -0.0425168204   0.0089016946  -0.0230727678   0.0317500902
15  9  -0.0043354334   0.0013417301   0.0001252689   0.0062807357   0.0111845990
15 10   0.0019377183  -0.0188210547  -0.0650002473   0.0044741287   0.0015893131
15 11  -0.0082005342   0.0123255105   0.0438092317   0.0019551335   0.0447873956
15 12  -0.0034975924  -0.0000426459   0.0001340222   0.0010065491  -0.0000053941
16  1   0.1677836752  -0.0684418892   0.0727076375   0.0883258448  -0.0117185435
16  2   0.0274528420  -0.0331410992  -0.0671588236  -0.0723624348   0.0694944078
16  3   0.0218808635   0.0521364693  -0.0701763487  -0.0454904293  -0.1020802690
16  4   0.1480042370   0.1200014186   0.0094172043  -0.0251566135   0.0315798529
16  5  -0.0213976913   0.0060689759  -0.0038592676   0.0446974708  -0.0491368713
16  6  -0.0912096808   0.2038308504   0.0452131364  -0.0191665806   0.0136500231
16  7  -0.0000842141   0.0050021866  -0.0148375471   0.0109989843  -0.0058798190
16  8  -0.0011169234  -0.0083012559   0.0030748892   0.0026874093  -0.0016916017
16  9  -0.0038949802  -0.0000111926  -0.0003144297   0.0033196104   0.0060224952
16 10  -0.0078249248   0.0748945313  -0.0023337867   0.0001141798   0.0000109775
16 11   0.0002905996   0.0000746206   0.0003100406   0.0000520710   0.0002684138
16 12   0.0467371473   0.0000026689   0.0000908314   0.0054027717   0.0000017183
17  1   0.0755241938  -0.0646112117  -0.2655232708  -0.2013465143  -0.1316812259
17  2  -0.0052591755   0.1256202374   0.0737033129   0.0680112717   0.0259884757
17  3  -0.0317899282  -0.0055206308  -0.0011077860  -0.1180741286  -0.1201280835
17  4   0.0674821260   0.0456004079  -0.0019017988   0.0240261438  -0.0638202587
17  5   0.0209983408  -0.0061582207   0.0164763694   0.0214960897   0.0094411936
17  6   0.0393469760  -0.0195206702   0.0141691304  -0.0434791379   0.0283546533
17  7  -0.0239276372  -0.0239098886   0.0187597030  -0.0031125706   0.0119835605
17  8   0.0109341429   0.0413963848  -0.0168677260   0.0243591385  -0.0385543407
17  9   0.0039315367  -0.0003049622   0.0000607389  -0.0027638676  -0.0057530072
17 10  -0.0009883326   0.0068080871   0.0002344838   0.0002674500   0.0000673954
17 11   0.0001113897  -0.0002638286  -0.0009958810   0.0000321677  -0.0008982692
17 12   0.0074616941   0.0000086828  -0.0000344077   0.0709408997   0.0000805113
18  1  -0.1334811747  -0.0210715913   0.1826294968  -0.0448185111  -0.2457856303
18  2  -0.1279690550  -0.1228394970   0.1994907440   0.0184814932  -0.0670679052
18  3   0.0202844328  -0.0028584217  -0.0181475070   0.0132278852  -0.0301478897
18  4   0.0253415278   0.0263848472  -0.0035283226  -0.0199866064   0.0836553999
18  5  -0.0363889480   0.0102245022  -0.0217630373   0.0248120746  -0.0388879575
18  6  -0.0412905261   0.0216481751  -0.0111619246   0.0225677853  -0.0253899549
18  7  -0.0032097212  -0.0045752850   0.0508339175  -0.0402714790   0.0281763088
18  8   0.0073014290   0.0251463377  -0.0099576268   0.0059707987  -0.0123615045
18  9   0.0012330973  -0.0017785808  -0.0012359105   0.0015574585   0.0005858745
18 10   0.0004107123  -0.0049376274  -0.0002270151   0.0001099810   0.0000167644
18 11   0.0002046936  -0.0002562955  -0.0009124916  -0.0000212052  -0.0012225701
18 12  -0.0306889993  -0.0000140942  -0.0000099176   0.0382639662   0.0000403493
19  1   0.1530045053  -0.0820005820   0.0908477448   0.0366133006  -0.0604253517
19  2  -0.0786926322   0.1206566137  -0.0708205461   0.0317138745  -0.2233133307
19  3  -0.0310728080  -0.0225870467   0.1224788638   0.0303788927   0.0641619389
19  4   0.1559963186  -0.0283556467  -0.0162699394  -0.0081065348  -0.0049768316
19  5   0.0115966733  -0.0243847860  -0.0724670026   0.0159610871   0.0390643488
19  6  -0.0125979355   0.0115702510  -0.0579519528  -0.0274942663   0.0091437583
19  7  -0.0204182196   0.0347381095   0.0008753214  -0.0086978744  -0.0141372433
19  8   0.0313410023   0.0016177539   0.0181043845  -0.0380645255  -0.0262935919
19  9  -0.0011426842   0.0001204775   0.0045372314  -0.0004827920   0.0003593185
19 10   0.0344333945   0.0035219417  -0.0000064121  -0.0000622432   0.0004820289
19 11  -0.0000504282  -0.0001780077   0.0000652235  -0.0014370308  -0.0000138873
19 12   0.0000172587  -0.0240271973  -0.0071207233   0.0000793665  -0.0690630803
20  1  -0.0387644973   0.0979527226  -0.0522014146   0.3272962025  -0.1441567470
20  2   0.0511700073   0.1975331491   0.0818069493  -0.0168476083   0.0921755646
20  3  -0.0451670924  -0.0193506473   0.0089786134   0.0444467665  -0.0061446479
20  4   0.0382003106  -0.0129496745  -0.0075263610  -0.0016067731   0.0048429498
20  5  -0.0090702307  -0.1036989816   0.0010180463   0.0076866104   0.0071839807
20  6  -0.0368948942  -0.0277534893   0.0012833522  -0.0218656357   0.0399510539
20  7   0.0304545222   0.0130486670   0.0236465644   0.0281689817   0.0229588982
20  8  -0.0482064789   0.0010822435  -0.0095378232   0.0054702047   0.0034544925
20  9   0.0007894387  -0.0020728323   0.0041456152   0.0020065457  -0.0003999872
20 10   0.0096002483   0.0009721055  -0.0000159302   0.0003647139   0.0001458527
20 11   0.0000235200   0.0001928637  -0.0000638028   0.0011861187  -0.0000437914
20 12   0.0000154730  -0.0321625277  -0.0065357674  -0.0000404398   0.0347935982
21  1  -0.0244320488  -0.0205204018   0.0216056510  -0.0087208487  -0.0218931092
21  2   0.3288441447  -0.0665316569   0.0773803816   0.0119593942   0.0453746103
21  3  -0.0275507338  -0.0181281461   0.0166691022   0.0037683771   0.0422865429
21  4   0.0835730310  -0.0340875951  -0.0205920374  -0.0132539120  -0.0163259468
21  5   0.0201094020   0.1071974855  -0.1110303018   0.0090270923   0.0240511777
21  6   0.0711790958   0.0858407497  -0.1068547238  -0.0358855158  -0.0521725524
21  7   0.0293512843  -0.0224844025   0.0029046523   0.0074723318   0.0088327947
21  8  -0.0218086960  -0.0002648290  -0.0089050886   0.0104762556   0.0060636632
21  9  -0.0017678053   0.0125235867  -0.0027760544  -0.0003473145   0.0007396538
21 10   0.0646587544   0.0065598972   0.0000315839  -0.0006867742   0.0018630983
21 11  -0.0000496000  -0.0002177874   0.0000886095   0.0011982890  -0.0001278286
21 12   0.0000224682  -0.0379187614  -0.0080927812  -0.0000262986   0.0230186345
22  1   0.2317789820  -0.0423228549   0.0180161613  -0.0592836449  -0.0514988020
22  2   0.0584243146  -0.1450269093   0.0479094339  -0.0510057473   0.1489775067
22  3  -0.0495124391  -0.0440332443   0.3560163944   0.1317802466  -0.0443531388
22  4  -0.2587825289   0.3779277400   0.1330049428   0.0700955664   0.1028164353
22  5   0.2699344691   0.0845107397  -0.1883901226  -0.0682053445  -0.0985147427
22  6   0.0901004801  -0.0244945516   0.2371196090   0.1855858115   0.0657659315
22  7  -0.2888074111   0.2486427432   0.0445981886   0.1269575148   0.1326516645
22  8  -0.4433551454   0.0807273153   0.0563096698  -0.4308296983  -0.3151000226
22  9   0.0032774045   0.2438469386  -0.2749043658   0.0150511322  -0.0136460325
22 10  -0.0418456034  -0.0036766619  -0.0000388956  -0.0332178612   0.1124701897
22 11  -0.0007395961   0.0163037956  -0.0051692380   0.0350809081  -0.0027756321
22 12   0.0000105030   0.0008977070   0.0000460531  -0.0000530568  -0.0001581291
23  1  -0.1244150753  -0.1762358514  -0.1169005510   0.2663811576   0.0401896352
23  2  -0.0625363047  -0.0163922936  -0.0261137040   0.1823796458  -0.1058086878
23  3   0.0143161828   0.0047671543  -0.1934813540  -0.0882528404   0.0375751198
23  4  -0.0491182496  -0.0092408488  -0.0161217309  -0.0208400335  -0.0322617164
23  5  -0.0462127340   0.0397800406  -0.0479036305   0.0136811569   0.0383509653
23  6   0.0213559726   0.0239458940   0.0061268550   0.0417006145  -0.0153021245
23  7  -0.0449411773  -0.0107378965  -0.0163375360  -0.0055751902   0.0077441372
23  8  -0.0307189472   0.0025179776  -0.0039990153   0.0021650260   0.0000974690
23  9   0.0054763631  -0.1218553816   0.1640486324   0.0032450927   0.0019043229
23 10   0.0279736061   0.0030784787   0.0004650833  -0.2548055158   0.9027917304
23 11  -0.0055430719   0.1110352311  -0.0343893330   0.1848601712  -0.0122889077
23 12   0.0000214394   0.0089819501   0.0010278696  -0.0000347894  -0.0039719877
24  1  -0.1101334625  -0.2596648824  -0.0212063318  -0.0445016378   0.1329931749
24  2   0.2096792657  -0.2053557717  -0.0307308789   0.1935727411  -0.1742123563
24  3   0.0100451933  -0.0008843673  -0.1951187615  -0.1075442375   0.0963329640
24  4   0.1303437404  -0.1539222931  -0.0815563167  -0.0630389932  -0.1081389748
24  5  -0.1893448769   0.1739558467   0.0991401772   0.0648282512   0.1539889562
24  6  -0.3149276566  -0.2560890578   0.1370570843  -0.0245739314   0.3580350134
24  7  -0.0038829859   0.2321685740   0.1764060919   0.2277909591   0.1879017879
24  8  -0.4021021021   0.0366797663   0.0504217854  -0.2004902863  -0.1496913754
24  9   0.0308280273  -0.3453533740   0.4557227486   0.0400411224  -0.0055630840
24 10  -0.0275340248  -0.0024955280   0.0000023704   0.0552450761  -0.1872745442
24 11   0.0011777176  -0.0239585478   0.0069373787  -0.0478658517   0.0029139828
24 12   0.0000162966   0.0030527500   0.0004397585   0.0000045454   0.0008359004
25  1   0.1903199112  -0.0559900161   0.0510658988   0.0734381005  -0.0006988536
25  2   0.0811559719  -0.0269491500   0.0863875186   0.1306129693   0.0529756515
25  3   0.0052993604  -0.0391410324  -0.0503745174  -0.0531633430   0.1335133837
25  4  -0.0876207295   0.0236493633  -0.1433483085  -0.1363582362  -0.1716117847
25  5  -0.2354629865  -0.0209807321  -0.1849385988   0.0364211636  -0.0953543807
25  6   0.0326113459  -0.1210195281   0.3727743119   0.0773767362   0.0380977989
25  7   0.4211979352  -0.2898024841   0.0303094671   0.0147289265   0.0011350574
25  8   0.1786759666   0.0636024129   0.4015971553  -0.2837544373  -0.2169253879
25  9  -0.0082188174   0.0952222992  -0.1267033825  -0.0415423528   0.0088405443
25 10  -0.0008657382  -0.0007611460   0.0002549831   0.0090235862   0.1250405440
25 11   0.0059772635  -0.0145702047  -0.0080422572  -0.5583354028   0.0328589193
25 12   0.0000431623  -0.0035613571   0.0002864398   0.0001287994   0.0112030943
26  1  -0.1645969756  -0.2558248940  -0.1194427573   0.2944102193   0.1026860174
26  2  -0.0965615957  -0.0231904618  -0.0512953692   0.2898791331  -0.2060556336
26  3   0.0294832213   0.0079042939  -0.3787019813  -0.1674136914   0.1040817821
26  4   0.0320751694  -0.1621470830  -0.1319755918  -0.1089106747  -0.1667253533
26  5  -0.2960709800   0.0810185256  -0.0007328281   0.0893264676   0.1500131444
26  6  -0.1334152953  -0.0829748041   0.0120744127  -0.0461875173   0.0589342343
26  7   0.1379042627  -0.0507369715   0.0334883020   0.0422742552   0.0404864725
26  8  -0.0877755339   0.0207793339   0.0400684848  -0.0556754120  -0.0453458627
26  9  -0.0187391859   0.3764988405  -0.4865906936  -0.0263417615  -0.0012499239
26 10  -0.0353101513  -0.0040505689  -0.0001793281  -0.0073414493  -0.1392101556
26 11  -0.0063903935   0.0147680629   0.0073641025   0.5213150765  -0.0297548859
26 12  -0.0000419259   0.0050426347   0.0010602496  -0.0000199003  -0.0094361941
27  1  -0.0042219861   0.0278301656   0.0259942623  -0.0005328106  -0.0472692025
27  2   0.3650280535  -0.0523184561   0.1083794011  -0.0161703109   0.1008979886
27  3  -0.0267802952  -0.0211952344   0.0684353226   0.0206364579   0.0400404076
27  4   0.0840310078   0.0014442630   0.0220148434   0.0301188595   0.0842888880
27  5   0.1762549818  -0.1464308027  -0.0553411484  -0.0936441206  -0.3014455253
27  6   0.1432525761  -0.0558942864   0.3622674104   0.1390417404   0.0075904723
27  7   0.1381346957  -0.1269248835  -0.0299000514  -0.0766579617  -0.0954955101
27  8   0.3333631996   0.0314854142   0.3104173646  -0.3028660065  -0.2164968010
27  9   0.0025521234  -0.2098661894   0.2585675005  -0.0202945773   0.0087027239
27 10   0.0309014484   0.0032586822  -0.0002034653  -0.0159863037  -0.1405676912
27 11  -0.0076509207   0.0173718096   0.0080724161   0.5983378774  -0.0339635952
27 12  -0.0000198669   0.0050377190   0.0010323107  -0.0000156676  -0.0113012779
28  1   0.1518104092  -0.0736693270   0.0854129971   0.1398962788   0.0081475210
28  2   0.0367134999   0.0883670720   0.0506525232   0.1790768013  -0.0601021599
28  3   0.0054086482  -0.0341192746  -0.1356089452  -0.0606852090   0.1114878084
28  4  -0.2838373260   0.3230439457   0.1015055521   0.0383713683   0.0647878819
28  5   0.1845756302   0.1389027402   0.0608323369  -0.1220161817  -0.1828608207
28  6   0.0128791267  -0.0334950607  -0.1515112118  -0.2305181683   0.1360828065
28  7  -0.0046481401   0.4034987537   0.2980140596   0.2892794719   0.1455189854
28  8   0.2293774792   0.0943087806   0.5925547337   0.3781740952   0.2334226818
28  9   0.0464068555   0.0915639221  -0.0101778032   0.0776123345  -0.0068010993
28 10   0.0013315433  -0.0023141754   0.0020657415   0.0867793183   0.0199181962
28 11   0.0025181996   0.0218336062  -0.0099783347   0.0074123467  -0.0037181046
28 12   0.0001562278   0.0007723989  -0.0010363183  -0.0001061196   0.0000774753
29  1  -0.0689224052  -0.1463275304  -0.1587587997   0.1353261644  -0.0069879825
29  2  -0.0470617738  -0.1627430572  -0.0296020094   0.0152875568   0.0381332471
29  3  -0.0212912662   0.0005447343   0.1418676544   0.0499306279  -0.0856650058
29  4  -0.0347434898   0.0094876197   0.0121385917   0.0306251551   0.0337042443
29  5   0.0517652937   0.0399036773   0.0200246273   0.0345685040   0.0795666838
29  6  -0.1072850293  -0.0451487268  -0.0294087919  -0.0443578293   0.0715167703
29  7   0.1048088618  -0.0829618012  -0.0276007368  -0.0559449507  -0.0385434261
29  8   0.0105138422  -0.0187702728  -0.0585977030  -0.0388518901  -0.0264791698
29  9  -0.0159343563   0.0162299498   0.0209126089  -0.0214888991   0.0080507065
29 10  -0.0036827030  -0.0003771945   0.0185436338   0.9401883206   0.2262779495
29 11   0.0367627800   0.1580275297  -0.0788934523   0.0683048266  -0.0383592102
29 12   0.0003891607   0.0020733675  -0.0045691108  -0.0007683633  -0.0006722182
30  1  -0.0006985806   0.1493237533   0.1069758162   0.0044052088  -0.2083949818
30  2   0.2577359333   0.2099540658  -0.0807150114  -0.1802107475  -0.3517668923
30  3   0.0120754905   0.0555460885  -0.1760679012  -0.2196897003   0.0023770456
30  4  -0.4323916215   0.2427750672  -0.1359393878   0.0267510071   0.0880930467
30  5   0.2969083371   0.1317583020  -0.0993695567   0.0850225875   0.1351194091
30  6  -0.3435866624  -0.2029010902  -0.0014841947  -0.0994193561   0.1996168022
30  7   0.1758827569  -0.1671889092  -0.1180638847  -0.1875788790  -0.1084271159
30  8  -0.0225830759  -0.0118840529  -0.0883676773  -0.0328198331  -0.0656053789
30  9   0.1295726075   0.4333532268   0.3177866063   0.4278359138  -0.0896353638
30 10  -0.0138360822  -0.0025225680  -0.0023243322  -0.0607630445  -0.0180780934
30 11  -0.0015982793   0.0033838097   0.0011548758  -0.0041996673   0.0029344002
30 12  -0.0001349166  -0.0010294756   0.0030744851   0.0000390708   0.0002154199
31  1   0.2187991869  -0.0417638972   0.0248219236   0.0374172525   0.0016165811
31  2   0.1291687070  -0.1319273096   0.0771931003   0.1081572270   0.0030523862
31  3  -0.0299740695  -0.0523890486   0.1103419823  -0.0226441471   0.1408635536
31  4   0.1013881932   0.0149385757  -0.0062267451   0.0000863321   0.0184141671
31  5  -0.0668607558  -0.1289755210   0.5393217010  -0.0468020319  -0.0899993267
31  6  -0.1535204059  -0.0503803798  -0.1947929207  -0.1510396346  -0.4453320448
31  7  -0.1991985854  -0.2452810061  -0.3629377802  -0.2934822274   0.0180321227
31  8  -0.3527456033   0.2432807527   0.4563391016   0.1068675077   0.0037484388
31  9  -0.0317082733   0.1320889652   0.1301161224  -0.0993175090   0.0399912184
31 10   0.0277276687   0.0040404155  -0.0013238790   0.0356215763   0.0340217399
31 11  -0.0013582941  -0.2451254213   0.0708421995   0.0174305639  -0.0084867032
31 12  -0.0000234204  -0.0021745623   0.0037408157  -0.0000165756  -0.0007428679
32  1  -0.1238959401  -0.3240089998  -0.2012476482   0.0942692862   0.1121623093
32  2  -0.1207111852  -0.2745565963   0.0005401132   0.1113089532   0.2372255138
32  3  -0.0248164279  -0.0249077321   0.3075445180   0.2562619998  -0.1584931942
32  4   0.2687625804  -0.2294645468   0.1570719517   0.0298496586  -0.0408084978
32  5  -0.3052096295  -0.1408294939   0.2376467953  -0.0144535324   0.0351330440
32  6   0.2561067273   0.2138645957  -0.0253981779   0.1728452317  -0.1394308042
32  7  -0.0513324382  -0.0251685210   0.0820143622   0.1255685382   0.0447587609
32  8   0.0684427473  -0.0323951614   0.0627071683   0.0169195653  -0.0257794425
32  9   0.1922486498   0.3501082379   0.2393214516   0.5130502613  -0.1218677606
32 10  -0.0039683588  -0.0023094105   0.0001163849  -0.0624138815  -0.0494400536
32 11  -0.0000137541   0.2701736484  -0.0780075782  -0.0172140318   0.0124322160
32 12  -0.0000177218   0.0009367573  -0.0054891631   0.0000511135  -0.0000774501
33  1  -0.0863174100  -0.0934177979   0.0614895527  -0.0314599412  -0.0483531890
33  2   0.1425315542   0.1064976350  -0.0472923542  -0.0401250463  -0.0996508124
33  3   0.0133586429   0.0255251270   0.0193425254   0.0647815779  -0.1106631946
33  4  -0.0930978495  -0.0047131736   0.0939017236   0.0449445584   0.0019911056
33  5  -0.1318221315  -0.0330043121   0.0841762492   0.0094717497   0.0911336731
33  6   0.1770674803   0.1580121313   0.0103641895   0.1668269060   0.0394419453
33  7   0.0238468490  -0.0107817919   0.1468622426   0.1741572327   0.0419490092
33  8   0.1167266859  -0.0965731255  -0.0959020900  -0.0618903156  -0.0326663952
33  9   0.0844695519   0.0256703397  -0.0029294453   0.1895992816  -0.0551108085
33 10  -0.0055849828  -0.0018202547  -0.0028485870   0.1428472181   0.1442266302
33 11  -0.0007544252  -0.8573483348   0.2552425836   0.0555923515  -0.0419306553
33 12  -0.0001247618  -0.0033932966   0.0170531460  -0.0001115998  -0.0001480990
34  1   0.1542629481  -0.0829315381   0.0908296912   0.0172430110  -0.0723189452
34  2  -0.0970829316  -0.0287969964   0.0076194081  -0.0394084058   0.1747556183
34  3  -0.0866253577  -0.0398197891  -0.0105524215  -0.1819800457   0.1101346972
34  4  -0.0819716850  -0.3095323322   0.2800227743  -0.0072966039  -0.0198505278
34  5   0.0168389955   0.0423699853  -0.1819470959  -0.0621000743  -0.2208135173
34  6  -0.2446454611  -0.1081111665  -0.1881169661  -0.0194639103   0.3915970866
34  7  -0.1298825673  -0.2418286775  -0.2297334996  -0.0712188729   0.0670485665
34  8  -0.0270174908   0.0603378649   0.1017003164  -0.0203807977   0.0650676809
34  9   0.2706575845  -0.4314698108  -0.3696326978   0.4483256997  -0.1889840162
34 10   0.0606250372   0.0059250766   0.0051382692   0.0067160252   0.0022195766
34 11  -0.0017729092   0.0072038736  -0.0005526025  -0.0005872191  -0.0039367226
34 12   0.0000867542  -0.0264846705   0.1197213479   0.0001867016  -0.0017003807
35  1   0.0571881151   0.1727179160  -0.1115075291   0.1272939336  -0.2370060163
35  2   0.0870069591  -0.1988312618  -0.1039308573  -0.2288344697  -0.2131537404
35  3  -0.1236997207  -0.0029031964   0.0544657259  -0.4157979135   0.1036408308
35  4  -0.1343380422  -0.1835248924   0.7318876834   0.0895781242  -0.0717404253
35  5  -0.3282025624   0.0184596421  -0.2159843926  -0.1299714551  -0.1914271920
35  6   0.0601814310  -0.0392559705   0.0610893625  -0.1867600830   0.0950688401
35  7   0.0905729142   0.1370712044   0.0011489360  -0.1222361305  -0.0615646332
35  8  -0.0342810666   0.0198472805  -0.0506829632  -0.0011931848  -0.0012005189
35  9  -0.0933652983   0.1449113034   0.1218637366  -0.1331907356   0.0537491323
35 10   0.0032541535  -0.0001773977   0.0013084617   0.0009998029   0.0008269703
35 11   0.0025443262  -0.0078291223   0.0094769878  -0.0007274943  -0.0090794466
35 12   0.0002599009   0.0830495518  -0.3701602931  -0.0003936712   0.0082751567
36  1  -0.0952097510  -0.0954468291   0.0732124764  -0.0344651057  -0.0638605115
36  2   0.1072745089   0.1166665740  -0.0614772410  -0.0650753198  -0.0707565832
36  3  -0.0051188185   0.0215300506   0.0024074543   0.0168107039  -0.0923184068
36  4  -0.1239946578  -0.0609427389   0.2553833619   0.0257089917  -0.0464902989
36  5  -0.1764646834   0.0105529163  -0.1005906877  -0.0712949870  -0.1490814853
36  6   0.0867020437  -0.0094267969   0.0438046439  -0.1266562907   0.0773952645
36  7   0.0745491511   0.1349495743  -0.0012789185  -0.1158767961  -0.0761394885
36  8  -0.0482813585   0.0347331866  -0.0277045023   0.0118950564  -0.0013378673
36  9  -0.0747054146   0.1137147262   0.1007398745  -0.1196727768   0.0482348482
36 10  -0.0057786120   0.0004074927   0.0022103397   0.0025381712  -0.0011002109
36 11  -0.0024298850   0.0125369474  -0.0170444801   0.0008499351   0.0165681171
36 12  -0.0004313084  -0.1985832998   0.8906209199   0.0011561524  -0.0204940395
37  1   0.2321955827  -0.0400729788   0.0161376768  -0.0365351518  -0.0357601106
37  2   0.0859804377   0.0673505980   0.0178404833   0.1016811768  -0.0304459564
37  3   0.0887141240   0.0052140388  -0.0926436230   0.2368444694  -0.2496948872
37  4  -0.1544890038  -0.3229430939   0.1199867753  -0.0754227202  -0.0057044732
37  5   0.0542367931   0.0137826606  -0.1911187351  -0.1067286494  -0.1160097260
37  6  -0.3144513250  -0.1620867052   0.0096127465  -0.1389183633  -0.2988303970
37  7  -0.1749634229  -0.1914376925  -0.2623092412   0.3573268973   0.4319609899
37  8   0.2445071027   0.1809287653  -0.1517823014  -0.1716419800   0.1320043191
37  9  -0.4439524901   0.1183742488   0.1057346314   0.0280181991  -0.0636687908
37 10  -0.0152183591  -0.0084856214  -0.0082508529  -0.0006755533   0.0001974631
37 11   0.0245504446   0.0143542972   0.0557382167  -0.0042517979  -0.0605516154
37 12  -0.0003665675  -0.0002450386   0.0012703209  -0.0004379863  -0.0002094714
38  1  -0.0219748431  -0.1917108955  -0.2342550713  -0.0571356937  -0.0123276336
38  2  -0.0618141681   0.0594624830   0.0850031774  -0.2214186629   0.0384250796
38  3   0.0213416952   0.0333189134  -0.0492108522   0.0696091331   0.3472408437
38  4   0.0278220533   0.1090187523  -0.1644535984   0.3585620775   0.2020713753
38  5  -0.1878145679   0.0311931988  -0.0820375866  -0.0979322448   0.0471929522
38  6   0.0689820725   0.0590723821   0.1316817953  -0.2478309545   0.1110770506
38  7  -0.0104253296   0.0329866003  -0.2994847873   0.0530424843   0.3382391814
38  8   0.1405341646   0.1361379348  -0.1128991371  -0.1608177714   0.1648297921
38  9   0.4231563165   0.0719690354   0.0428052976  -0.1625063681   0.1641734224
38 10  -0.0006569324  -0.0034756920   0.0264231166   0.0087204153   0.0017504588
38 11  -0.1383173682  -0.0865440727  -0.2562697369   0.0219993666   0.2984984533
38 12  -0.0002379774   0.0015185546  -0.0071310562   0.0002612623   0.0000597815
39  1  -0.1839694184  -0.2733106953   0.0784045203  -0.0693550658  -0.0002067514
39  2  -0.0862883409   0.1484943209   0.0080009330  -0.1663318254   0.1777488560
39  3  -0.0571694099   0.0187078359   0.0263629598  -0.1162311334   0.2537596528
39  4   0.0016951325   0.0430736145  -0.0580327817   0.1451533187   0.0562968566
39  5  -0.0423399135   0.0084219623  -0.0226273546   0.0435542858  -0.0045534585
39  6  -0.0214609021  -0.0250697107   0.0250871882  -0.0440020994  -0.0749343764
39  7  -0.0037177428   0.0035896850  -0.0755070369   0.0653389141   0.0838361235
39  8   0.0491045016   0.0312941893  -0.0433366715  -0.0618052898   0.0582766759
39  9   0.2607475998   0.0534527551   0.0357722116  -0.1248039871   0.1152384068
39 10  -0.0016117894   0.0024265816  -0.0546435531  -0.0178880204  -0.0041843199
39 11   0.3228491338   0.1825874873   0.5362268232  -0.0451978210  -0.6156760853
39 12  -0.0002776720  -0.0041609159   0.0191551491  -0.0006604408  -0.0003152347
40  1   0.2001686277  -0.0620122894   0.0499997290  -0.0637526374  -0.0840609721
40  2  -0.0461508775   0.0426878942   0.0297492498   0.0337508733   0.1322200796
40  3   0.0207730088  -0.0370695211  -0.0826945502  -0.0170992286   0.1585457442
40  4  -0.0320500806  -0.1373060710   0.0749365979   0.0824381641   0.1297807844
40  5   0.0533254010   0.0006753481   0.0810928974   0.0365676903   0.3936675194
40  6   0.0521340031   0.1876667684   0.1350719725   0.1588619434  -0.1237046982
40  7   0.2556293851   0.2067695516  -0.0206106241   0.0461313878  -0.2832910324
40  8  -0.0287811233   0.6825306028  -0.0780085201  -0.1151686422   0.2373236435
40  9  -0.1261841917  -0.0778922221  -0.0445895799   0.1327581651  -0.0543333885
40 10   0.0036670524   0.0209184338   0.0192642325  -0.0100179667  -0.0004830546
40 11   0.4196081515  -0.0236802469  -0.0435441723   0.0152476443   0.1589042447
40 12   0.0009537614   0.0010566229  -0.0043405112  -0.0014890733  -0.0000643708
41  1   0.0886338133   0.1027603626  -0.1845080958  -0.0472784117  -0.2212336032
41  2   0.0615427992  -0.0836661828  -0.1152100912   0.0644133543  -0.0599798427
41  3   0.1144301309  -0.0633151542  -0.0864635358   0.1983544356  -0.0315110323
41  4  -0.0122932255  -0.0556749433   0.1567901876  -0.3491035360  -0.1017587228
41  5   0.1288314871  -0.0195031044   0.0370702854  -0.3161126475   0.1084880206
41  6  -0.1512370168   0.1271386659  -0.0071674760   0.0714681268  -0.0770275323
41  7  -0.0008803807  -0.0818652949   0.1476859007   0.1215454976  -0.2210027763
41  8   0.0031049704   0.3820905606  -0.0959249434  -0.1262503193   0.1670881512
41  9   0.3542281055   0.0320478253   0.0201822375  -0.1176175524   0.1480631030
41 10  -0.0016590938   0.0085141709  -0.0228296947   0.0151845908   0.0004433324
41 11  -0.5405368952   0.0304713967   0.0582933514  -0.0200215473  -0.2148839028
41 12   0.0010309081  -0.0005185581   0.0019381886  -0.0012473167   0.0000808609
42  1  -0.2031763518  -0.3094589685   0.0811883212  -0.0768323352   0.0103241136
42  2  -0.1305251510   0.1573079552   0.0283328386  -0.2145763756   0.2290238807
42  3  -0.0810857612   0.0234941230   0.0288935421  -0.1820609667   0.4008041172
42  4   0.0429344317   0.1145303384  -0.1078778686   0.2594995389   0.1297789746
42  5  -0.0835415344   0.0094791814   0.0357166126   0.0819209628   0.1287142708
42  6   0.1124667188   0.0529906442   0.0672377612   0.0064300389   0.0232044058
42  7   0.0898053032   0.0963399898  -0.0514886058  -0.0315995349  -0.0353124420
42  8  -0.0190832103   0.1169068612   0.0169800695   0.0235549713   0.0035573578
42  9  -0.4641188856  -0.0610337906  -0.0313127523   0.1923021825  -0.1778910122
42 10   0.0003768015  -0.0079116713  -0.0237764436   0.0169787265   0.0010533861
42 11  -0.6150430437   0.0274025616   0.0562476457  -0.0214565762  -0.2267812445
42 12  -0.0002098110  -0.0005321865   0.0020626275   0.0001096802   0.0001491834
43  1   0.1172972479  -0.0954133225   0.1205140554   0.1322073170  -0.0293005929
43  2  -0.0807064482  -0.1552607191   0.2399819333  -0.1889397354  -0.1018921434
43  3   0.0575426528   0.0895087635  -0.1067408830   0.0850903837  -0.0216560619
43  4   0.1143983976   0.0977640235   0.0509214538  -0.1181694621   0.1572924873
43  5  -0.0532566130   0.0188868396  -0.0001589834   0.1208541920   0.0260758257
43  6   0.2933882703  -0.4156657176  -0.0366578894  -0.1785687044   0.2357295238
43  7  -0.0778916753  -0.0995163346  -0.3722729051   0.5350964972  -0.3831142186
43  8  -0.0193540064   0.0554436722  -0.0166193790   0.2386002145  -0.3041982008
43  9   0.0856489855   0.0355771000   0.0334652749  -0.1716144200  -0.3065486638
43 10   0.0042551305  -0.0432235866   0.1123674507  -0.0029333489  -0.0009396103
43 11   0.0023837013  -0.0022812472  -0.0076040586  -0.0007892432  -0.0133075709
43 12  -0.0035476870   0.0003194058  -0.0014165878  -0.0005666740   0.0000262301
44  1   0.1030312701   0.1412695730  -0.1779311585  -0.0457885603  -0.2485136224
44  2   0.0776702158  -0.0901263610  -0.2389189994   0.1229420947   0.0204951108
44  3   0.1035845504  -0.0509088019  -0.0887258178   0.1865221750   0.0477592072
44  4   0.0375511497   0.0503496436  -0.0908145879   0.4012545454   0.0331574308
44  5  -0.1619352620   0.0339901017  -0.1693490893   0.0340300345  -0.2983419922
44  6  -0.1785748957  -0.1875415313  -0.2119889883   0.1948188800  -0.0542663564
44  7  -0.0324942993  -0.0825693307  -0.0021418300   0.2246171884  -0.2458056998
44  8  -0.0241431349   0.0906566043  -0.0204404333   0.1933196940  -0.2696340892
44  9  -0.0775753560  -0.0360913948  -0.0310432530   0.1620583897   0.4683562274
44 10  -0.0004257418  -0.0112335167  -0.4423806728   0.0099414062   0.0030327773
44 11  -0.0006928555   0.0066279010   0.0186321222   0.0035168056   0.0566601090
44 12  -0.0032349302   0.0004136282  -0.0019552069  -0.0003489488   0.0000210230
45  1  -0.0590236122   0.1185095184   0.1714467421  -0.0158492573  -0.2858455978
45  2   0.0440731150  -0.0874220787  -0.3330794440   0.1844455930   0.1387767518
45  3   0.0365496697  -0.0703768539  -0.0098395738  -0.0193927120  -0.0501189353
45  4   0.0498359666   0.0480478794  -0.0746080031   0.1763482602  -0.0016213217
45  5  -0.0576919253   0.0065518861  -0.0512035817  -0.0757880838  -0.0439508072
45  6  -0.0181661029  -0.0813523053  -0.0468475820   0.0233681566  -0.0029730351
45  7  -0.0157155989  -0.0283987827  -0.0174424338   0.0584137221  -0.0387140475
45  8   0.0019144861   0.0308250712  -0.0131028058   0.0629016035  -0.0961424887
45  9  -0.0545280780  -0.0205213276  -0.0190631412   0.1150066277   0.3060858145
45 10   0.0017640945  -0.0316056959   0.8765089044  -0.0188259338  -0.0052833135
45 11  -0.0040849552  -0.0062262836  -0.0093284555  -0.0061043236  -0.0880886881
45 12   0.0080146780   0.0001460349  -0.0002329303  -0.0007599447   0.0000157247
46  1   0.1514233104  -0.0724640497   0.0847459036   0.1563298627   0.0188740668
46  2   0.0544561069  -0.0593177484  -0.1740243806  -0.1343684237   0.0930402708
46  3   0.0529523483   0.0464784132  -0.0929086283   0.0341905805   0.0250203647
46  4   0.1273926447   0.1338271185   0.0341345472  -0.0106721130  -0.1454509355
46  5   0.0420535734  -0.0105708294   0.0278565424  -0.2788609795   0.0124006552
46  6  -0.0444573855  -0.2499916146  -0.2746822888   0.4374831585  -0.1134405242
46  7   0.2413929618   0.2042415871  -0.0443892117  -0.2052734073   0.3342309003
46  8   0.1202978466   0.2472760976  -0.1490952399   0.2897235686  -0.4592865785
46  9   0.0883068830  -0.0036485307   0.0033181891  -0.1028009691  -0.2171929126
46 10  -0.0035174434   0.0359235496   0.0408325864   0.0206327259   0.0082870298
46 11  -0.0626757094   0.0833423987   0.3032108017   0.0092652614   0.2497959599
46 12  -0.0043343750   0.0000720675  -0.0003578977   0.0066760804   0.0000256644
47  1  -0.0062032351  -0.1578374668  -0.2317634196  -0.0650966727  -0.0381462579
47  2  -0.0474213790   0.0430123206   0.1368624999  -0.1933813772  -0.0365457014
47  3   0.0466067224   0.0054975167  -0.0711823900   0.1055569417   0.2095348980
47  4   0.0246581677   0.0599641300   0.1876374263  -0.3779130028  -0.0519532215
47  5   0.1360966939  -0.0158587518   0.1664526265   0.1726544005   0.0878156944
47  6   0.1153862067   0.0066620690  -0.0549409460   0.1687266839   0.0747171336
47  7   0.2134473647   0.2303508600  -0.3108227380  -0.0493578600   0.2133389909
47  8   0.0523021919  -0.0307122780  -0.0330718868   0.1498554768  -0.2347779731
47  9  -0.0606587017  -0.0380998223  -0.0340061176   0.1460977090   0.3737888098
47 10   0.0020416486  -0.0230413388  -0.0424974625  -0.0293566409  -0.0113431577
47 11   0.0860518425  -0.1183731889  -0.4246982907  -0.0134734814  -0.3568482496
47 12   0.0071927977  -0.0000986136   0.0004501835  -0.0095135536   0.0000223359
48  1  -0.0447081499   0.1458085346   0.1696249695  -0.0102651651  -0.2941889167
48  2   0.0766856480  -0.0820043468  -0.4322330691   0.2157838401   0.1743860843
48  3   0.0460689341  -0.0907789339  -0.0122181139  -0.0137424120  -0.0498419742
48  4   0.0472356240   0.0443569408  -0.0941490521   0.2576318615  -0.0392518289
48  5  -0.0651954321   0.0072788773  -0.0798201121  -0.1428612160  -0.0799682206
48  6  -0.1162977897  -0.0572000341  -0.0931462371   0.1294962848  -0.0941308324
48  7   0.0202867541   0.0013391617   0.0832499802  -0.0412874976   0.0328843302
48  8   0.0198503272   0.0640904935  -0.0296342237   0.0208242438  -0.0314085646
48  9   0.0988452747   0.0378910384   0.0364052230  -0.1995305522  -0.4762902846
48 10  -0.0020627580   0.0307880880  -0.0903629612  -0.0343688277  -0.0136689634
48 11   0.1059522927  -0.1429078986  -0.5202838647  -0.0162481564  -0.4345376006
48 12   0.0112238755  -0.0001582437   0.0006441016  -0.0113256254  -0.0000037712
49  1   0.1425955829  -0.0775857886   0.0934019879   0.1593779861   0.0126793173
49  2   0.0302083702  -0.0840827275  -0.0993132916  -0.1814714238   0.0388608230
49  3   0.1323480719  -0.1323264154  -0.1143964097   0.0616442212  -0.0006604014
49  4   0.0832974727   0.0331715160   0.0660408821   0.0824386780  -0.2169946370
49  5   0.1038302261  -0.0159341023   0.0723985477   0.4982732363  -0.0817864444
49  6   0.0257814714   0.2703118135   0.1948051813  -0.2907814775   0.0902702115
49  7  -0.1697635807  -0.1481103115   0.2344330165  -0.1038803000   0.0923729200
49  8   0.0561236633   0.2346235045  -0.0864571980   0.1112520877  -0.1766261980
49  9   0.0251660398  -0.0069431419  -0.0034086864  -0.0119873203  -0.0304317154
49 10   0.0543535093  -0.5411730635  -0.0022249225   0.0005689460   0.0001674516
49 11   0.0034434139  -0.0003301043  -0.0013163820   0.0001758702  -0.0009569814
49 12  -0.2675553315  -0.0002836777   0.0006206943  -0.3664123425  -0.0004494257
50  1   0.0835295128  -0.0781575777  -0.2816899836  -0.2408678245  -0.1297510915
50  2  -0.0100624396   0.1653241917   0.1075639903   0.0998711591   0.0357051637
50  3  -0.0656591932   0.0089794567   0.0195306829  -0.2111758626  -0.2211270932
50  4   0.1242665516   0.1138253419  -0.0389570907  -0.0701035739   0.1714811385
50  5  -0.0859126815   0.0162211477  -0.0453611541  -0.2211979542   0.0041429386
50  6  -0.0440684396  -0.0765619706  -0.0900457667   0.1372173264  -0.0363322220
50  7   0.0746838233   0.0634636631  -0.0959961608   0.0414231222  -0.0333115884
50  8  -0.0201495031  -0.0877782504   0.0311615010  -0.0414155708   0.0651273656
50  9  -0.0104355960   0.0034225676   0.0019074305   0.0040505638   0.0112198621
50 10  -0.0255544395   0.2514147102   0.0070181428  -0.0002581403  -0.0000785435
50 11  -0.0028199178   0.0008707069   0.0030467187  -0.0000614243   0.0032037758
50 12  -0.5374901654  -0.0003529428   0.0003893798  -0.6965493263  -0.0008247084
51  1  -0.0922555151   0.1244809165   0.2248732922  -0.0266591282  -0.3625840447
51  2  -0.1013057647  -0.2262279956   0.0667538591   0.2185442998  -0.0191009635
51  3  -0.1656738261   0.6377401456   0.0004495736   0.2963332764   0.3291226095
51  4  -0.1338519982  -0.1197563935   0.0483031334   0.1860184567  -0.4923005323
51  5   0.1909681137  -0.0477137178   0.0957160471   0.0987664520   0.0556522423
51  6   0.0476289622   0.1805985266   0.1285691802  -0.1700308000   0.0918676409
51  7  -0.0539175598  -0.0405416290  -0.0104549519   0.0247334860   0.0026306205
51  8   0.0130338319   0.0351364086  -0.0142637562   0.0518030792  -0.0737924478
51  9   0.0023163875  -0.0026220656  -0.0024401891   0.0018381410   0.0003585771
51 10  -0.0355163280   0.3514370377   0.0044863865  -0.0002810649  -0.0000242159
51 11  -0.0006144856   0.0001260271  -0.0004090594  -0.0002558471  -0.0022013689
51 12  -0.1062110701  -0.0000797246   0.0001192550  -0.0938845804  -0.0001001001
52  1   0.1671776021  -0.0727800301   0.0762200558   0.0430905322  -0.0428070641
52  2  -0.0266431498  -0.0450930827   0.1124308448  -0.0231014423   0.0133914036
52  3  -0.0641102122   0.2531001247  -0.0467874043  -0.0471326330  -0.1238918912
52  4   0.1422473148   0.1171013770  -0.0251712405   0.1186118043  -0.2434215552
52  5   0.0358040776  -0.0202631379  -0.0067649216  -0.3826702170   0.0070975258
52  6  -0.2237369578   0.2780416269  -0.0539999856   0.2276487990  -0.0423116856
52  7   0.1728167176   0.1662713511  -0.2671020751   0.1272404619  -0.1183884602
52  8  -0.0602297634  -0.2160806416   0.0850282958  -0.1040765133   0.1731497926
52  9  -0.0133675064   0.0085633198   0.0062994916  -0.0090420378  -0.0124042154
52 10   0.0569375884  -0.5484400445  -0.0010007709  -0.0009902531  -0.0002845695
52 11   0.0059695472  -0.0017978728  -0.0063702920  -0.0000643507  -0.0024900436
52 12  -0.3715136394  -0.0000526717  -0.0006009260   0.2963956709   0.0003298561
53  1   0.1330806106   0.0662275556  -0.2523349050  -0.2220631309  -0.2294353197
53  2   0.0501102962   0.0949164589  -0.1214488185   0.3003270247   0.1270510090
53  3  -0.2258114939   0.5520554107   0.0392254447   0.0090999441   0.0740436003
53  4   0.0222694589   0.0464902728  -0.0036228932  -0.1871725191   0.3575457031
53  5  -0.1231042960   0.0338003416  -0.0550015730   0.0121267900  -0.0503083643
53  6  -0.0132320033  -0.1287077899  -0.0759800769   0.0861809480  -0.0563985808
53  7   0.0081723824   0.0013581908   0.0775513350  -0.0622240055   0.0299036325
53  8   0.0028255765   0.0223684249  -0.0055513161  -0.0177515290   0.0219112128
53  9   0.0104242887  -0.0002140801   0.0004576722  -0.0083074297  -0.0155359099
53 10   0.0447795274  -0.4363828301  -0.0084914048   0.0000439348   0.0000383270
53 11   0.0020108894   0.0018597841   0.0070846594   0.0003194435   0.0077753068
53 12   0.4240210756   0.0000457429   0.0008177233  -0.2939797547  -0.0003358750
54  1  -0.1734006714  -0.1138012283   0.1759289284  -0.0609056361  -0.1995063908
54  2  -0.2022274999  -0.1097167206   0.4533668993  -0.1074749004  -0.1734474540
54  3   0.0944816311  -0.2479335125  -0.0296826717  -0.0743400919  -0.1754649250
54  4   0.0502709008   0.0204492277  -0.0241733892   0.2355353899  -0.4288400778
54  5   0.1154716273  -0.0389353012   0.0338476952  -0.2597543154   0.0506934204
54  6  -0.0828868674   0.1499282910  -0.0079423285   0.0862994802   0.0064019191
54  7   0.0900671497   0.0864677214  -0.1742186474   0.0884919176  -0.0633820252
54  8  -0.0274199343  -0.1085761140   0.0390388489  -0.0352847155   0.0617444777
54  9  -0.0106642037   0.0043414547   0.0031344130  -0.0027381793  -0.0047100098
54 10   0.0082951044  -0.0783375952  -0.0024357160   0.0002888878   0.0002359154
54 11  -0.0027115539   0.0035732206   0.0135000479   0.0004504155   0.0130062300
54 12   0.5540216550   0.0001354129   0.0006969255  -0.4366568045  -0.0004836260
55  1   0.1616833021  -0.0821643958   0.0861434799  -0.0256516018  -0.0943256592
55  2  -0.1232340902  -0.0243146634  -0.1423768085  -0.0924699761  -0.2419645708
55  3  -0.5620308463  -0.1860881775  -0.2191517650   0.2481052956  -0.0306648029
55  4   0.1794653047  -0.0699368840  -0.0194360082   0.0124723967   0.0216411404
55  5   0.0813895250   0.2596525475   0.0589715870  -0.0609879779  -0.1564382814
55  6   0.1473191438   0.0456187056   0.1333050456   0.0739055895  -0.0881813833
55  7   0.0875240095  -0.1302574966  -0.0180934094   0.0022398165   0.0244457932
55  8  -0.0522843676   0.0019006598  -0.0135003037   0.0993340486   0.0666082375
55  9   0.0109396545  -0.0295751912   0.0098488525   0.0073699278  -0.0041601187
55 10  -0.6212923861  -0.0634486630   0.0000449057  -0.0017086073   0.0092825393
55 11   0.0006826653   0.0014198077  -0.0002303962   0.0088526803  -0.0008606925
55 12   0.0001063569  -0.2690832526  -0.0571415399  -0.0002594628   0.1875573460
56  1   0.0074691926   0.2092824482  -0.0380746613   0.3178459321  -0.2257274552
56  2   0.0981010721   0.1778269412   0.1159366099  -0.1508777973   0.2263034981
56  3  -0.3266543694  -0.1127479296  -0.0979221479   0.2020558236  -0.0748953065
56  4   0.0120862284  -0.0258606706  -0.0414782221  -0.0330804981  -0.0919903811
56  5  -0.1378867315   0.5045442652   0.1981057399   0.0136928566   0.0923806202
56  6  -0.0650033335  -0.0463663197   0.0588996253   0.0809738054  -0.0226889433
56  7  -0.2014290123   0.0863310925  -0.0490870511  -0.0738612418  -0.0748737853
56  8   0.1542138282  -0.0039849207   0.0273173482  -0.0603774909  -0.0395428289
56  9  -0.0063441129   0.0083840285   0.0051513368  -0.0088163976   0.0029484217
56 10   0.0162862021   0.0017568322   0.0001254388   0.0007378295  -0.0014720220
56 11   0.0000423325  -0.0013298648   0.0001671669  -0.0157940038   0.0006593518
56 12  -0.0002362949   0.5290218639   0.1100438504   0.0005146178  -0.4485063410
57  1  -0.0735774991  -0.1494144329   0.0029035645  -0.0289833858   0.0555015519
57  2   0.2522266863  -0.1154145465   0.0019190201   0.1051523784  -0.1201528035
57  3   0.0378984916   0.0100421540  -0.0251071407  -0.0724695119   0.0749649703
57  4   0.1272680405  -0.0431504108   0.0195242464   0.0341056472   0.1061459450
57  5   0.2049041972  -0.4026968203  -0.2638324335  -0.0403533694  -0.1767886991
57  6   0.1962412011   0.1313762579  -0.0700569256  -0.0909063418  -0.0428485987
57  7   0.3382419868  -0.1967985867   0.0676281697   0.1210513701   0.1351866288
57  8  -0.2867511005   0.0057016423  -0.0652741353   0.1583433045   0.1042463022
57  9   0.0137049460  -0.0157313479  -0.0033409142   0.0169594951  -0.0059940354
57 10  -0.3184427149  -0.0326697470  -0.0002709956   0.0011656043  -0.0020406132
57 11   0.0002359928  -0.0007074720   0.0000441350  -0.0090623595   0.0004843854
57 12  -0.0002561820   0.4758155719   0.1001729953   0.0004270085  -0.3893253341
58  1   0.1500953778  -0.0835805175   0.0936213219   0.0388478599  -0.0616368221
58  2  -0.0852641575   0.1341091333  -0.0766430777   0.0335416557  -0.2406642015
58  3  -0.0158205467  -0.0166907511   0.1377789297   0.0233951957   0.0692270499
58  4   0.1885990318  -0.0537767682  -0.0129520051  -0.0030673133  -0.0002856572
58  5   0.0308316612   0.0603692083  -0.0479667860  -0.0009421095  -0.0017442534
58  6   0.0217104720   0.0200260604  -0.0217249817  -0.0082840991  -0.0106050417
58  7   0.0002852650   0.0049462007  -0.0008508699  -0.0045427820  -0.0061611255
58  8   0.0141893291   0.0010200711   0.0092923416  -0.0157252004  -0.0114969488
58  9  -0.0009137283   0.0032277501   0.0036251592  -0.0002018511   0.0004867349
58 10   0.0419768530   0.0042817555  -0.0000657806   0.0006970745  -0.0052158981
58 11  -0.0001014503  -0.0000686097   0.0001137453   0.0086119896  -0.0003278196
58 12  -0.0003449482   0.6048742798   0.1548504414  -0.0008695784   0.7744032745
59  1  -0.0654210041   0.0995395718  -0.0230476155   0.4086639174  -0.1292975324
59  2   0.0500209570   0.4467659292   0.1105871996   0.1092473979  -0.0161368665
59  3   0.5899925516   0.1864314602   0.4657828336  -0.2342281476   0.1298102250
59  4   0.2759910022  -0.2045421577   0.0465069286   0.0190660617  -0.0072908746
59  5   0.0412743181   0.5102420868   0.1533123463  -0.0679972491  -0.1478020872
59  6   0.0800034395  -0.0192014985   0.1912573750   0.1080811634  -0.0374738656
59  7   0.0139874276  -0.0859834710  -0.0274852813  -0.0108953199   0.0105567873
59  8  -0.0250640202  -0.0012302487  -0.0118896750   0.0762651387   0.0519840443
59  9   0.0133843941  -0.0188301959  -0.0108490194   0.0146214735  -0.0063969383
59 10  -0.3610222985  -0.0368590537   0.0000310719  -0.0006398065   0.0013064589
59 11  -0.0000373871   0.0017073321  -0.0003891956   0.0013819844  -0.0002308923
59 12   0.0000392097  -0.0607635160  -0.0143437886   0.0000425706  -0.0339118539
60  1   0.0000000000   0.0000000000   0.0000000000   0.0000000000   0.0000000000
60  2   0.4106977919  -0.1159659355   0.1624189057   0.0490335481   0.2060035295
60  3   0.1104778251   0.0151781478   0.0774333791  -0.0559570848   0.0479824753
60  4  -0.1942847426   0.1698749290  -0.0224059325  -0.0654721675  -0.1057541986
60  5  -0.1866054851  -0.2571181756  -0.2958198211   0.1497951706   0.4059584119
60  6  -0.1690392271   0.0578337176  -0.3994883962  -0.1089683498   0.0167314093
60  7  -0.3048906681   0.2178292381  -0.0717153035  -0.1241961670  -0.1241814742
60  8   0.2439907896   0.0108074089   0.1081576663  -0.1735789882  -0.1152568554
60  9   0.0061245988  -0.0501464074   0.0161662759   0.0008236666  -0.0040493704
60 10  -0.5943100782  -0.0604804230   0.0000082505  -0.0018133073   0.0043085476
60 11   0.0002511441   0.0003295928  -0.0000429123  -0.0029269525  -0.0001547465
60 12  -0.0000258350   0.0351185127   0.0100063504  -0.0000862682   0.0622019906
$end
