$coord
   -0.23040791272145     -0.23780116621359      1.91748564761627  c
   -1.85922085466032     -0.66983333991320     -0.44711256987280  c
   -4.64106563631780     -0.28240561104663      0.02969966672416  c
   -6.27039938781818     -1.84025397403854     -0.27861580741156  o
   -5.15465438292182      2.08130912086635      0.87273577812960  o
    2.54910610274784     -0.89858458962065      1.51524049992594  c
    3.93835743017354      0.86821792386683     -0.24408897953388  c
    3.11961747768875      2.79072196556932     -1.14359167459787  o
    6.31824381727057      0.04628656249426     -0.69890556263698  o
   -0.39819048105664      1.72720924423118      2.51365586935611  h
   -0.94781901807394     -1.40779067636617      3.46150511574815  h
   -1.63886722015389     -2.59268425362767     -1.15365985521858  h
   -1.27191192688822      0.64523341259423     -1.92617843987835  h
   -6.96787613836293      2.17323999123620      1.12922846450879  h
    2.77858673178331     -2.82473763149819      0.80151245378600  h
    3.56540374110445     -0.85460115356754      3.31589989786361  h
    7.11109576848201      1.27647606475840     -1.80416398686659  h
$user-defined bonds
$end
