$hessapprox
  0.435831152956D+00 -0.257343491783D-02  0.479608487898D+00 -0.359868511907D-02
 -0.711327283192D-02  0.452181968315D+00 -0.595555871395D-01  0.859772530107D-02
 -0.734582354856D-02  0.441532359028D+00 -0.236253170675D-01 -0.110258542890D+00
  0.315054107248D-01 -0.418415450782D-02  0.562952571724D+00 -0.266413340799D-01
 -0.180179245779D-01 -0.585432133948D-01 -0.103481749095D-02  0.211075310078D-01
  0.424097500154D+00 -0.293579562581D-01 -0.210312921899D-01 -0.202563493235D-01
 -0.101494679038D+00  0.311962308716D-01  0.391026513697D-01  0.883084340446D+00
  0.212640017394D-01  0.263065697268D-02 -0.908547162467D-02 -0.519523576253D-02
 -0.554072558036D-01  0.318810331747D-01  0.325308656762D+00  0.774670348378D+00
 -0.498832240217D-01 -0.120984338679D-02 -0.227383627045D-01 -0.288576481432D-02
 -0.368916109079D-02 -0.828121043624D-01  0.514230394256D-01  0.114996420209D+00
  0.399097681921D+00 -0.148136057165D-02  0.255182392870D-01  0.373194350854D-03
 -0.128872319386D-01 -0.228885246415D-01 -0.182253380052D-01 -0.446384351417D+00
 -0.357689352977D+00 -0.581877174250D-01  0.672324714501D+00 -0.220518015770D-02
  0.611526407322D-02  0.146207522590D-02  0.125048992856D-01 -0.589393485599D-01
 -0.284850720989D-01 -0.351584936888D+00 -0.414871056992D+00 -0.832451648004D-01
  0.345333830257D+00  0.610175113583D+00  0.273557803164D-02 -0.276125864810D-01
 -0.216935671047D-01  0.686065389395D-02 -0.569927361233D-03 -0.188674045138D-01
 -0.729685984709D-01 -0.750146386481D-01 -0.847384532195D-01  0.717132597708D-01
  0.573064128571D-01  0.371197446800D+00 -0.307701813590D-01 -0.310937708628D-01
 -0.843726597238D-02 -0.108981410977D-01  0.801692415711D-01  0.214327508434D-01
 -0.856814425923D-01  0.536105688540D-01  0.394846349159D-01 -0.389023909605D-03
 -0.538589203243D-01 -0.343795566811D-01  0.660357121421D+00  0.876339405288D-02
 -0.194835104904D-01 -0.805866708966D-02 -0.180769061916D-02 -0.236337188341D-01
 -0.291403755908D-01 -0.273858914729D-01 -0.176884690209D+00 -0.551359078846D-02
 -0.300868574342D-02 -0.830351842832D-01  0.138540922292D-01 -0.329059975089D-01
  0.390862758674D+00  0.140611334137D-01 -0.281227626819D-02 -0.718051075834D-02
  0.131738284553D-01 -0.268890371177D-01  0.108509144995D-01 -0.245130218571D-01
 -0.544748065543D-01 -0.107150501737D+00  0.787953424364D-02  0.371458126591D-01
 -0.917912903604D-01 -0.791309641228D-01  0.709009314925D-01  0.260083469896D+00
 -0.759212305750D-01  0.235518133392D-01 -0.821713718815D-02 -0.355109703474D-01
 -0.384186884765D-02 -0.979872245365D-02 -0.804426790596D-02  0.447698757079D-01
 -0.491333184610D-02 -0.284358705966D-01  0.451729570671D-03 -0.241871120192D-02
  0.329171446522D-02  0.624108293355D-02  0.377021795328D-02  0.467103881504D+00
  0.190309503284D-01 -0.426412926657D-01 -0.976945725397D-02 -0.139668198587D-02
 -0.222159744077D-01  0.647942953438D-02  0.735176673838D-02 -0.388367806540D-02
 -0.294195656303D-02  0.802818470887D-02 -0.500649032752D-02 -0.118382410097D-01
  0.175256692787D-01 -0.158196769567D-01  0.360369086123D-02  0.493151741935D-02
  0.467856127117D+00  0.263147432672D-01  0.676470932878D-02 -0.666462705306D-01
 -0.239734404892D-01 -0.129809604018D-01  0.694597263867D-02 -0.699914743424D-02
  0.241552012460D-01  0.221907999636D-02 -0.345315553025D-01  0.197138505849D-02
 -0.136327433901D-01  0.131894932164D-01 -0.216449355907D-01  0.290081565992D-02
 -0.702424373743D-02  0.564930072767D-01  0.493293323287D+00 -0.566363559528D-01
 -0.667958963012D-02  0.114024553736D-01 -0.214763029322D-01 -0.206088735465D-01
 -0.357663403501D-01 -0.625665498890D-01  0.706156578189D-02 -0.688454326207D-02
 -0.642923903797D-02 -0.222664167021D-01  0.354160417578D-02  0.208848485015D-01
 -0.882928430369D-02  0.476989870953D-02 -0.546297053960D-01 -0.893633247378D-02
  0.468773348000D-01  0.712439402017D+00  0.299107511165D-01 -0.126278219130D-01
  0.108229634538D-01 -0.628901342369D-02 -0.197143886914D-01  0.211863339071D-01
  0.334279825525D-01 -0.215011565914D-01 -0.192723880086D-01 -0.203519845838D-02
  0.344987688599D-01  0.279616828617D-01 -0.130475013542D-01  0.803715199244D-02
 -0.173623932246D-01 -0.326747218129D-01 -0.737876425059D-01 -0.185162744020D-01
 -0.279013150704D+00  0.103142445529D+01 -0.694751804883D-02  0.683855787976D-02
 -0.217458926509D-01  0.973826407190D-03  0.975023319541D-03 -0.282776778843D-01
 -0.120787479925D-02  0.258669779181D-02  0.128194098655D-01 -0.188525509516D-01
 -0.185630705073D-01  0.129762311398D-01  0.256805580312D-02  0.142321351720D-02
  0.144869481422D-01  0.336413852113D-01  0.160826314166D-01 -0.622137269168D-01
  0.783022705506D-01 -0.273424238032D+00  0.586513499706D+00 -0.364820986250D-02
  0.481640230477D-02  0.129592670332D-02 -0.426822452705D-02 -0.399970638225D-02
  0.203915291473D-01 -0.724371381738D-03 -0.432499623253D-01 -0.109054192131D-01
  0.247635245917D-01 -0.453218620087D-01  0.721402966710D-02 -0.322625588608D-01
 -0.134991631906D-01 -0.312447556811D-01 -0.250211349188D-01  0.184434296656D-02
  0.511685126429D-02 -0.172320919064D+00  0.209143854085D+00 -0.878183225000D-01
  0.387340945066D+00 -0.497283994096D-01  0.407560624497D-02 -0.174366728818D-01
  0.817449611637D-02 -0.159890710280D-01 -0.298281946412D-01  0.240347866581D-01
  0.431223520510D-01  0.350392699551D-01  0.359967755258D-02 -0.674351186991D-01
  0.234294261612D-01  0.634409559105D-01 -0.216680953098D-01  0.214593011536D-01
 -0.114265533232D-01  0.702210931699D-02  0.634557249818D-02  0.248532902900D+00
 -0.596913773248D+00  0.241982772216D+00 -0.201566712058D+00  0.821415062336D+00
  0.766327067837D-02  0.572803069829D-02 -0.405327757959D-01 -0.269795136573D-01
 -0.124804321774D-01 -0.557808901398D-01 -0.811163114978D-02  0.187226575914D-02
 -0.376203474570D-01 -0.863795735156D-02  0.904036292852D-02  0.670668230104D-01
 -0.364286652465D-01  0.805425757062D-03 -0.442686807418D-02 -0.890609302198D-02
  0.509570671329D-02 -0.735567591521D-02 -0.131226441149D+00  0.290083072442D+00
 -0.208516989008D+00  0.151773338704D+00 -0.257134489076D+00  0.452248549702D+00
 -0.353711460217D-02 -0.158349596803D-01  0.104460249013D-01 -0.256952404338D-01
  0.149248272754D-02  0.141770407207D-01 -0.118406837215D-01 -0.158184870384D-01
 -0.128559310383D-01 -0.486818474185D-01  0.241226098899D-01  0.264315177794D-02
 -0.412756955873D-01  0.757739438875D-02 -0.374347811704D-01 -0.885382077570D-02
 -0.108770459588D-01  0.317567734929D-02 -0.194979829990D+00  0.958256697014D-01
 -0.167858467937D-02 -0.134829392072D-01 -0.262204770725D-01  0.374576053142D-01
  0.536844334323D+00  0.552807042869D-02 -0.105449689805D-01  0.612143591273D-03
 -0.171631032388D-01 -0.295723047706D-01 -0.106606940287D-01 -0.435354364647D-01
 -0.236541292761D-01 -0.165849264385D-02 -0.163935084721D-01  0.587862733351D-01
  0.161709302322D-01 -0.270708811138D-01  0.186581847633D-01  0.109087331580D-01
 -0.269200880229D-01 -0.121756292422D-01  0.617110534992D-02  0.597947317989D-01
 -0.156669644632D+00  0.253340773905D-01  0.372586094469D-01 -0.168996319217D-01
 -0.304907481542D-01  0.633029829029D-01  0.518330348280D+00  0.988450705622D-02
 -0.209020685367D-01 -0.168012308272D-01  0.108362627732D-01 -0.200826235745D-02
  0.220893949867D-01  0.200962512588D-01  0.138355707514D-01  0.404169577108D-01
  0.517097055719D-02 -0.163236980131D-01  0.598606853553D-02  0.704055826083D-01
  0.274679468642D-03  0.202260861646D-01  0.265913394927D-01 -0.176243158672D-01
 -0.442462409338D-01  0.155024819453D-01  0.159172580563D-01 -0.842849945246D-01
 -0.652633125318D-01  0.108487865869D-01 -0.244849748118D-01 -0.118349814410D+00
 -0.993906613889D-01  0.456031642943D+00 -0.260870922442D-01 -0.105132478395D-01
 -0.539305096661D-02 -0.215203813425D-01 -0.129054814113D-01 -0.843939278341D-02
 -0.268293852697D-01 -0.126610697568D-01  0.411010093063D-02 -0.213145715795D-01
 -0.239064359188D-01 -0.162928467473D-01 -0.362089836828D-01 -0.292300320908D-01
  0.176131278174D-01 -0.119249485415D-01  0.113815695923D-01  0.161769921985D-01
 -0.342282482393D-01  0.255987054314D-01 -0.989679209825D-02 -0.516998478995D-01
 -0.791557628004D-02 -0.108418064571D-01 -0.175843657784D-01  0.216789830047D-01
  0.918860074823D-03  0.366924127535D+00  0.108986608577D-01 -0.192480222444D+00
 -0.236243252729D-01 -0.359378612473D-02  0.274274351919D-01 -0.196857069414D-02
  0.155522511666D-01  0.476576078245D-02 -0.570051096129D-02 -0.198775694062D-01
 -0.202015944321D-01 -0.345213636421D-01  0.141430611616D-01 -0.179997403475D-01
  0.116865936141D-01  0.133187279974D-01  0.397762015344D-02  0.122665301600D-01
 -0.393092341802D-03 -0.585338645384D-03  0.261393506642D-02  0.116681256453D-01
  0.168706141188D-02  0.979431097318D-02 -0.870183564044D-02 -0.421776447191D-01
 -0.654753468840D-02 -0.339371068630D-01  0.296004124215D+00  0.263184751442D-02
 -0.159929173676D-01 -0.350852254764D-01  0.288912061952D-02 -0.250642441005D-01
 -0.568887612625D-02  0.173428401427D-01 -0.871027987127D-02 -0.244790074825D-01
  0.330484811090D-01 -0.132696290760D-01 -0.216331499117D-01 -0.861909806205D-02
  0.150041456495D-01 -0.545395213381D-01 -0.188727247457D-01  0.429498097439D-02
 -0.216113732111D-01 -0.113501996873D-01  0.762712999580D-02 -0.349310112249D-01
 -0.422469723424D-01  0.686074012380D-02 -0.625301122071D-01 -0.244457815221D-01
  0.180666151029D-01 -0.149772858711D-01  0.249423478327D-01  0.405104903842D-01
  0.255438053834D+00 -0.367109661820D-01 -0.526570468293D-02  0.269057275204D-01
 -0.703788742217D-02  0.255999316243D-01 -0.284229295916D-01 -0.152040789955D-01
  0.256198189938D-02 -0.369457656857D-01  0.140274541301D-01 -0.129444777717D-01
 -0.373226718765D-01 -0.443795856760D-01  0.231586461825D-01 -0.497496099936D-01
 -0.356190442902D-01 -0.293532211496D-01  0.313105808201D-01 -0.284665505970D-01
 -0.122104634351D-01  0.291934890521D-01 -0.202278174852D-01 -0.336847444434D-01
  0.447963160326D-01 -0.227299130026D-01 -0.249641250537D-02  0.239990489035D-01
  0.407646308288D-02  0.972404486110D-02  0.391022663215D-01  0.366859517946D+00
 -0.205504823945D-01 -0.936547249058D-01  0.319994903875D-01  0.591616158699D-02
 -0.110196699836D-01 -0.140851140860D-01  0.102580997701D-01  0.595954450949D-03
 -0.131326280396D-01  0.311854930995D-01  0.368603514612D-01 -0.374360676168D-01
 -0.237609460108D-01  0.207816673579D-01  0.389664786879D-01 -0.116091273104D-01
 -0.245353354329D-01 -0.150616677111D-01  0.872702307069D-02  0.329980293264D-02
 -0.117726903696D-02  0.854527057555D-02  0.301777352829D-01  0.409097352453D-01
 -0.167378712129D-01 -0.180144257676D-02 -0.461759302205D-01 -0.328634944572D-01
 -0.537786723935D-01  0.736915123079D-01  0.442534627661D-01  0.241226095021D+00
  0.215816325352D-01  0.753373561173D-01 -0.878074840646D-01 -0.218584578769D-01
  0.275540503993D-01 -0.169233602285D-01 -0.162283619778D-01  0.146088759825D-01
 -0.400599214449D-01  0.109434207432D-01  0.623521908238D-02 -0.400547434540D-01
 -0.956717428761D-02 -0.356605604212D-02 -0.216822874357D-02  0.119496601782D-01
  0.347569846663D-02 -0.166802158642D-01  0.822774161876D-02 -0.309500359694D-02
 -0.149483440868D-01 -0.574777925182D-02  0.601880899153D-02  0.217808313874D-01
  0.151281376431D-01  0.229629243374D-01 -0.499348286677D-01 -0.634679243612D-02
  0.120068778342D-01  0.493183158935D-01  0.154279814122D-01 -0.784197527373D-01
  0.325693427342D+00 -0.227047936701D-01  0.111280524974D-01 -0.164613408658D-01
 -0.474857149603D-01  0.314487964566D-01 -0.114116780066D-01 -0.521164932119D-01
  0.179363309197D-01 -0.919277991747D-04 -0.849606355464D-01 -0.443713995196D-03
  0.169853372091D-01 -0.374810758701D-01 -0.976205584286D-03  0.424567818128D-02
 -0.156046370123D-01  0.965796796627D-02 -0.124013416394D-01 -0.149554490753D-01
 -0.902577303002D-02 -0.209538662775D-01 -0.215113020087D-01 -0.185329847934D-01
 -0.327902810558D-01 -0.120054099239D-01 -0.277858119587D-01  0.609493138623D-02
 -0.577951796977D-01  0.385449316135D-02  0.576975052950D-01 -0.662211966409D-02
 -0.126705387012D-01 -0.355657161759D-01  0.379081129330D+00 -0.204449077832D-01
  0.163820391685D-01  0.359610310369D-01  0.238023879899D-01 -0.115801488416D+00
 -0.428786230765D-01 -0.148771222155D-01 -0.526766370680D-01 -0.633981709367D-02
  0.203782731982D-01 -0.228836472293D-01  0.245240754973D-01 -0.401721001565D-01
 -0.418007881286D-01 -0.806559187629D-02 -0.174114186074D-01 -0.349694067993D-02
  0.662802718985D-02  0.106531549491D-01 -0.271896627926D-01 -0.146485564189D-01
 -0.116931686320D-02 -0.232206779024D-01 -0.455152358349D-01 -0.130336143616D-01
 -0.150214555280D-01  0.993509065708D-03  0.141208114597D-01  0.296328952873D-02
 -0.269282382463D-01 -0.449507952154D-02 -0.622849356307D-01  0.432048656417D-01
  0.421677794861D-02  0.423423616740D+00 -0.328492207827D-01 -0.176870065003D-01
  0.177365623320D-02 -0.158827790362D-02 -0.449342887316D-01 -0.587142420272D-01
  0.112587445097D-01  0.514700020861D-02 -0.411427064633D-01  0.528095019979D-02
  0.876017715463D-02 -0.609526315954D-01  0.181307481122D-01 -0.162849454081D-01
  0.927126560635D-02 -0.270858050591D-01 -0.269359246293D-01 -0.371212593151D-01
 -0.186712674412D-01  0.888203992241D-02 -0.182845335915D-01  0.179065250745D-02
 -0.405263383679D-01  0.184214589048D-01  0.232795023335D-01  0.101009314559D-01
 -0.183223274979D-02 -0.562000415613D-01 -0.185015259184D-01  0.153907482618D-02
 -0.617668235418D-02 -0.269106442108D-02  0.443989194422D-01  0.248695563672D-02
  0.322606851864D-01  0.265222839277D+00 -0.200119875687D-01  0.268442277070D-02
  0.186183613219D-01 -0.605195030566D-01 -0.337196125323D-01  0.532130988721D-01
 -0.493067890106D-01 -0.241965463148D-01  0.372518000488D-01 -0.166951103811D-01
 -0.639170270193D-02 -0.372228511379D-02 -0.737366797919D-01  0.506406893926D-03
  0.522244927509D-01 -0.252475623071D-01  0.282348066991D-02 -0.164301715563D-01
 -0.118695759945D-01  0.157537955287D-01 -0.183125700163D-01  0.570656617058D-01
  0.473933544627D-01  0.125288473959D-01 -0.225862728005D-01 -0.166114962620D-01
 -0.309848191215D-01  0.339734829471D-01  0.649592568483D-02 -0.121313448001D-01
 -0.399274973325D-01 -0.709290720484D-02  0.374408961358D-01  0.217988722866D-01
 -0.996181271802D-02  0.426553870002D-01  0.292184703309D+00  0.152386440660D-01
  0.263583056647D-01 -0.113177504842D-01 -0.165645731403D-01 -0.753953540422D-01
  0.768744155716D-01  0.786668901088D-02 -0.170358947724D-01  0.142967937520D-01
  0.600641014041D-01 -0.504654999555D-01  0.163532604531D-01 -0.474680237490D-01
  0.192654444090D-02 -0.429848307551D-01  0.692269193622D-02 -0.162029218158D-01
  0.197761900536D-01  0.699620999344D-02 -0.500856201497D-01 -0.504232919726D-02
 -0.303080227769D-02 -0.705061265697D-01  0.131897139255D-02  0.245861787667D-01
 -0.378384237925D-01 -0.291675762573D-02 -0.952753085022D-02 -0.459403081680D-02
  0.316942386620D-01 -0.270048296790D-01  0.446893049026D-02 -0.189336505558D-01
  0.150905636739D-01  0.742580413999D-02  0.264894668807D-01 -0.127690864701D-01
  0.332795262847D+00  0.496646037813D-02  0.366046187448D-02 -0.225328779004D-01
  0.458893971411D-01  0.689883590349D-01 -0.102998006113D+00  0.159757351189D-01
  0.827017733500D-02 -0.206336917294D-01  0.413652225385D-01 -0.129030677359D-01
 -0.155044735561D-01 -0.227305686583D-01 -0.477303252309D-02 -0.156428264185D-01
  0.126863041154D-01 -0.549530795474D-02 -0.116706103462D-01  0.346170174763D-01
 -0.159836594490D-01 -0.236897796023D-01  0.371916382335D-01 -0.305766778966D-01
 -0.667398581302D-01  0.380374280492D-01  0.120387831679D-01 -0.123710393363D-01
  0.115267406862D-01 -0.122799321352D-01  0.408289510238D-01 -0.827035651733D-01
  0.203130683937D-01 -0.606378959258D-01 -0.943905324043D-02 -0.220186306929D-01
  0.278434326471D-01 -0.101283176074D-01 -0.387072801346D-01  0.307378720090D+00
 -0.100233276962D-01  0.268223487204D-01  0.145931241934D-01 -0.305247594814D-01
 -0.670294453038D-01  0.785654734839D-02 -0.247020503301D-01 -0.683014908288D-01
 -0.982972585774D-02  0.225123614823D-01  0.156192071542D-01 -0.663103170751D-02
 -0.312053307808D+00  0.293008027857D-01  0.390018002095D-01 -0.300133567672D-01
  0.178267210253D-01 -0.293532686487D-01  0.613102701521D-02  0.113673578219D-01
 -0.508115729499D-02 -0.625307459751D-02  0.811848095880D-02 -0.869363541992D-04
  0.237742993871D-01  0.657091578359D-01 -0.190765996782D-01 -0.338239436828D-01
 -0.107866812866D-01 -0.345960626038D-02 -0.333837161940D-01 -0.327424936891D-01
 -0.150333368768D-01 -0.391031319004D-01  0.229343503765D-01  0.429766805116D-01
 -0.675643533968D-01 -0.132417121780D-01 -0.520869639871D-01  0.581314127659D+00
  0.332814956256D-02 -0.139757164367D-01 -0.329775579711D-01 -0.282238016883D-02
 -0.396529175532D-01 -0.525384822103D-03  0.249169469565D-01 -0.259278749883D-01
 -0.108327183105D-01 -0.213411889111D-01 -0.212514511804D-01  0.378309549819D-01
 -0.269994246376D-01 -0.392187324383D-01 -0.214985442556D-01 -0.152311220694D-01
 -0.204880687815D-02 -0.249081823378D-01  0.265755315107D-02 -0.516792530676D-02
  0.114829897181D-01  0.282242539297D-01 -0.471106977528D-03 -0.390364528358D-01
  0.109591625420D-01  0.341998240764D-01  0.647262962426D-01  0.284767451455D-01
 -0.140554312746D-01 -0.212756577324D-01  0.491633184797D-01 -0.374266046948D-01
 -0.312048663774D-01  0.317436301114D-01 -0.382330477476D-01  0.238373835784D-01
  0.260935658420D-01 -0.532401745506D-01 -0.105987834944D-02 -0.223843044637D-01
  0.204338338310D+00 -0.446427601204D-02  0.160125351166D-01 -0.238645038784D-01
  0.119326364617D-01 -0.198644103362D-01 -0.843877842612D-02  0.197579165592D-01
 -0.263615095800D-01 -0.124323348562D-01 -0.402388647194D-01  0.204786891984D-02
 -0.783100483274D-01  0.838468948358D-01 -0.426364792612D-01 -0.276949647767D-01
 -0.418835669254D-02  0.215331250482D-01 -0.524779988629D-02  0.933787338522D-02
 -0.686286228742D-02 -0.297952976841D-02  0.482930942199D-01  0.213494015664D-01
  0.693333826460D-02 -0.569547764364D-02 -0.486910330576D-01 -0.199643197336D-01
 -0.339549566786D-01  0.196386738955D-01 -0.241471807141D-01  0.911072823339D-02
 -0.532884869506D-02 -0.513195902161D-01  0.680858670414D-01 -0.241804791457D-01
 -0.220711944834D-02 -0.613960303059D-01 -0.257638829500D-01 -0.118839384909D-01
 -0.972358444499D-02  0.507727077971D-01  0.166997789944D+00 -0.119414571920D-01
  0.257514807172D-02 -0.243695698085D-01 -0.687394849755D-02  0.252733373588D-01
 -0.153339701608D-01  0.373770913705D-02  0.284282170044D-01  0.342668221852D-01
  0.805015009098D-02  0.188496075241D-01  0.177266415799D-01 -0.177458537910D-01
  0.532293218364D-02  0.692699056456D-01 -0.345873236736D-01 -0.246293786536D-01
  0.772756556050D-02 -0.150966058322D-01 -0.255444374308D-01  0.792140306376D-03
 -0.257266523966D-01 -0.278492134886D-01 -0.928161157373D-02 -0.185867091066D-01
 -0.109979921418D-01 -0.113498382807D-02 -0.160832549295D-01 -0.875679354416D-02
 -0.630464610899D-01 -0.463806861880D-01  0.476060156079D-01 -0.361045207969D-02
  0.248545286491D-02  0.269869026491D-01  0.250241740270D-01 -0.386111424231D-01
  0.100968357363D-01 -0.519399316368D-01 -0.272813241331D-01  0.162695271552D-01
 -0.235212457563D-01  0.354515542181D+00  0.106915896585D-01  0.272314560125D-02
  0.280203559946D-01  0.228072223419D-01 -0.678871803888D-02  0.388294116684D-02
 -0.309860717654D-02 -0.372622830803D-01  0.139500806155D-02  0.105990243558D-01
  0.888174094700D-02 -0.172625936529D-02  0.489225752039D-02 -0.186218806481D-02
  0.272844068281D-02  0.234328844223D-01 -0.138281547160D+00 -0.214629197743D-01
 -0.203357340636D-01 -0.268007562913D-01  0.414840417924D-02  0.894748109635D-02
 -0.127419044347D-01 -0.117923484830D-01 -0.362140793224D-01 -0.376270892450D-01
 -0.109311685785D-02 -0.512421661828D-02  0.748030964525D-02 -0.761803594097D-02
 -0.179507678234D-01 -0.280311319057D-01 -0.395065554331D-01 -0.279683670181D-02
 -0.709938801624D-02 -0.443425053848D-02  0.391022455101D-02 -0.334695692483D-01
 -0.236735373654D-03  0.314534766030D-01 -0.592197543718D-03  0.560303889996D-02
 -0.313856093966D-01  0.412698381741D+00  0.198537013079D-01 -0.604937897035D-02
 -0.107138443037D-01  0.494604519146D-02  0.702241824840D-02  0.320587572666D-02
 -0.491499159824D-02 -0.692431886588D-02  0.190746138323D-01 -0.717308413096D-02
  0.217847289315D-01 -0.357618627325D-01 -0.170583204825D-01 -0.242797944646D-02
  0.201683730539D-01  0.209389978921D-01 -0.729216087431D-01 -0.932107444302D-01
  0.682398273860D-02  0.231741003499D-02 -0.325489444937D-01  0.341489177371D-01
  0.302306176467D-01 -0.199485294149D-01  0.102891156558D-01  0.145216566087D-02
 -0.762948732494D-02  0.730926656368D-02 -0.295481916834D-02 -0.320988740642D-01
 -0.376295132646D-02  0.232897772972D-01 -0.172016432519D-01  0.575830676090D-02
  0.605040198209D-01 -0.124589251145D+00 -0.542849347689D-01 -0.630244068470D-02
 -0.366818692133D-02 -0.937365202369D-02 -0.371049832925D-01  0.602303870810D-01
 -0.204987435389D-01 -0.204592405200D-01  0.323778600477D+00 -0.251122150148D-01
  0.347513282561D-02 -0.923682263782D-02  0.254670246633D-02  0.407246789391D-02
 -0.554739063676D-02  0.139651151384D-01  0.183516009154D-01  0.241866861486D-01
 -0.655790881677D-02  0.620879243428D-01  0.454170981034D-02 -0.205481668632D-01
  0.261061567876D-01  0.279003268100D-01 -0.555025579554D-01  0.174056436159D-02
 -0.246375139318D-01 -0.387793483862D-02 -0.286278785073D-01  0.131346348271D-01
 -0.541116594771D-01 -0.340895007512D-01  0.556538924741D-02 -0.569039586355D-02
 -0.485148669018D-02  0.263450671749D-01 -0.757632449217D-01  0.144917845513D-01
 -0.505193755044D-01  0.159935660381D-01 -0.258508568030D-01 -0.286907443815D-01
 -0.178604546790D-01  0.791678663299D-02 -0.274099736186D-01  0.376173259940D-01
 -0.110007372406D-01  0.140094282680D-01 -0.353334009197D-01 -0.603912530301D-01
 -0.487323849370D-01 -0.873891715042D-01  0.941203556762D-02  0.642631032979D-02
  0.322640889786D+00  0.212604902640D-02 -0.641870836594D-02 -0.220209378008D-01
 -0.274405394510D-02  0.179217508834D-01 -0.232253496608D-01 -0.569297220704D-02
 -0.231046618049D-01 -0.183405913917D-01 -0.159026172317D-02 -0.179259074460D-01
 -0.287494481599D-01  0.212745335492D-01 -0.300245674150D-01  0.351108103250D-01
 -0.184197001638D-01 -0.722281173490D-01 -0.197709162171D-01  0.126116805515D-02
 -0.514464703496D-01  0.341680835224D-01 -0.299285074843D-01 -0.177924958402D-01
  0.791731802731D-01 -0.140968132236D-01 -0.304445083790D-01  0.202949949388D-03
  0.849113460836D-01  0.767196316145D-02 -0.456914711338D-01 -0.269373753252D-01
 -0.178889274401D-01 -0.552179112510D-01  0.839614871229D-02 -0.463177937905D-02
  0.339296691680D-01 -0.104488567656D-01  0.593286732894D-01  0.924978068497D-02
  0.221405147825D-01 -0.241635524416D-02  0.475667056893D-01 -0.584247184920D-01
 -0.591357519204D-01 -0.228690473262D-01  0.158001866551D-01  0.259110134459D+00
 -0.379366971455D-02  0.397141144723D-03 -0.899582992523D-02 -0.193480290276D-01
  0.192298391434D-02 -0.151875143505D-01 -0.211553872930D-01 -0.344729088947D-01
 -0.253597820448D-02 -0.335473357140D-01  0.927141849549D-02 -0.183250521050D-01
 -0.170474578876D-01  0.233765252151D-02 -0.160131488585D-01 -0.209286452552D-01
  0.143326356691D-01 -0.104988427329D+00  0.133510105339D-01  0.827941137322D-03
 -0.343304232860D-01  0.719379003156D-02 -0.206477408238D-01  0.123272597208D-01
  0.261201455005D-01 -0.283510374225D-01 -0.454198594880D-01  0.539082275427D-01
  0.110484920455D-01 -0.672621195265D-02  0.127079478134D-01  0.125640750757D-01
 -0.212401454606D-01 -0.173457755091D-01 -0.504327964043D-02 -0.369943931775D-01
 -0.517321469462D-01  0.635565124128D-02  0.358373239098D-02 -0.640267931577D-02
 -0.836075264023D-02  0.194262626635D-01  0.381439592873D-01  0.692397206528D-01
 -0.514289283770D-01  0.421543614455D-01 -0.368274562971D-01  0.370276099353D+00
 -0.223313170677D-01 -0.161772853145D-01  0.196812310656D-01  0.166951072111D-02
 -0.644950426328D-02  0.444829525748D-02  0.134659343010D-01  0.781934541936D-02
  0.266026730845D-02 -0.674610535822D-01  0.399538384444D-01  0.397737358824D-01
  0.588970125021D-01  0.106661343052D-01 -0.318368113651D-01 -0.254791649067D-01
 -0.269500748341D-01  0.546144426322D-02 -0.619220106953D-01 -0.125599780816D-01
  0.121434345084D-01 -0.379114196772D-01  0.771950706096D-02  0.135061696450D-01
 -0.113088395498D+00 -0.594463185475D-01  0.189642263383D-01  0.258893742442D-01
 -0.141002098803D-01  0.570371551794D-01 -0.642671381681D-01  0.273871913072D-01
  0.219493450777D-01  0.268409427380D-01 -0.944407297716D-02 -0.290252611754D-02
 -0.165635721790D-01 -0.625461900266D-02 -0.272369717020D-01  0.163279313639D-01
 -0.726631795950D-01 -0.184498335460D-01 -0.224847246065D-01 -0.924034501425D-02
  0.572033692417D-03 -0.501648856890D-02  0.123733124656D-01 -0.227831549205D-02
  0.293434579079D+00 -0.765253910668D-02 -0.358079965317D-01  0.102064279615D-02
 -0.200422197051D-01 -0.239130047806D-01  0.374036189147D-01 -0.127071518724D-01
  0.264242460157D-01  0.614937110098D-02 -0.598825335301D-01  0.669778684563D-02
  0.376970103885D-04  0.413212778725D-01  0.311645852487D-01 -0.584233125824D-01
  0.139142768310D-01 -0.465318031002D-01 -0.622587172668D-02  0.213781640650D-01
 -0.347699779606D-01 -0.347809228250D-01  0.313176925398D-01 -0.638619247122D-01
 -0.473713556210D-01 -0.703312974082D-01 -0.215547757391D+00  0.106183295435D+00
 -0.758396863134D-02 -0.610488901645D-02 -0.331993797317D-01  0.178816905242D-01
 -0.698909203277D-02  0.185391191407D-01 -0.612408966829D-01 -0.358543010585D-01
  0.225879909601D-01  0.155308445658D-01 -0.234699051585D-01  0.215135717541D-01
 -0.368062903141D-01  0.551401804282D-01  0.151654483803D-01  0.617961985651D-02
 -0.420910529850D-01  0.314126793771D-01  0.135707248845D-02 -0.105742708601D-01
  0.540546382095D-02  0.127366258508D+00  0.426089177050D+00  0.184850535960D-01
  0.265848276085D-02 -0.907403523265D-02  0.751235386493D-02 -0.105950529744D-01
 -0.149575904388D-01  0.139818551923D-02 -0.230930841912D-02  0.271566633515D-02
  0.436193700872D-01  0.177642409186D-01  0.440388507845D-01 -0.156590889342D-01
  0.294459211050D-01 -0.113800119569D-01  0.277586635874D-02  0.161359060605D-01
 -0.207341035129D-01 -0.288548794177D-01 -0.311090128103D-01 -0.600442418156D-01
 -0.711832066951D-01 -0.741458321256D-02 -0.508412400355D-01  0.197065412184D-01
  0.954242572488D-01 -0.222803656072D+00  0.108600160821D-01 -0.134673214925D-01
 -0.867656599727D-02  0.125300898919D-01 -0.282257948309D-01 -0.222150926560D-01
 -0.489360094085D-02 -0.845776141309D-02  0.133677225767D-01  0.518973671075D-02
 -0.411900656193D-01 -0.116616516818D-01  0.617103901872D-01  0.401346466068D-01
  0.149023305690D-01  0.197857608809D-01 -0.668844735108D-02  0.234244628886D-02
  0.305102915861D-01  0.333119496262D-01 -0.434274416131D-01 -0.113492879996D+00
 -0.854180562035D-01  0.398448614459D+00
$end
