$dipgrad          cartesian dipole gradients
  -.32170926485879D+00  -.71816528040567D-03  -.45074438844711D-02
  -.78701667421900D-03  -.32149214134709D+00  -.44065885872926D-02
  -.44251858361998D-02  -.46256013679579D-02  -.62168851671766D+00
  0.64165217963455D-01  0.21936661140868D-01  0.96148506791766D-01
  0.22197542522445D-01  0.15242385053686D+00  -.19855516771288D-01
  0.99198968318357D-01  -.19938775783056D-01  0.20513749099038D+00
  0.11014942756235D+00  -.51763722833446D-01  -.62556390194572D-01
  -.51767567900650D-01  0.99893678027505D-01  -.69155362012520D-01
  -.64931043936950D-01  -.71579786790804D-01  0.21119269247211D+00
  0.14739461933316D+00  0.30545226972984D-01  -.29084672712723D-01
  0.30357042052424D-01  0.69174612782899D-01  0.93417467371100D-01
  -.29842738545207D-01  0.96144163941818D-01  0.20535833325535D+00
$end
