$vibrational normal modes
 1  1   0.0409109544  -0.0047691808   0.4285786254  -0.0138305345  -0.0549610867
 1  2   0.0742693027   0.0017012679  -0.0193649797   0.0649345433   0.0004797131
 1  3   0.0725217809  -0.0324937167
 2  1  -0.0316553641  -0.0125011928  -0.0071810696   0.4662864325   0.0203611223
 2  2   0.0674327319   0.0017945970  -0.0649285562  -0.0193714814   0.0006240600
 2  3   0.0324693485   0.0725333177
 3  1   0.1161976267   0.0057264716  -0.0134018446  -0.0356254998   0.3081720683
 3  2   0.0837078360   0.1160403477   0.0013025321  -0.0006592804   0.0363548067
 3  3  -0.0015430623  -0.0006785967
 4  1  -0.0878258300   0.2723122112   0.4191259270   0.0167099782   0.0706690234
 4  2  -0.0102874017  -0.2028790944   0.1498168282   0.1488845752   0.5375623505
 4  3  -0.5922716720   0.4406266231
 5  1   0.0738771004   0.0770455535   0.3143814463   0.6461601620   0.2780717613
 5  2  -0.5516450956   0.0336407436   0.7464654027   0.0330499489  -0.1190555966
 5  3   0.1464660828  -0.0786408849
 6  1  -0.2490425627   0.6223357023  -0.2081838430  -0.0586532184   0.4715413747
 6  2   0.2122628041  -0.5352786998  -0.0329637572   0.2441260562  -0.1747375753
 6  3   0.2403418591  -0.1768569892
 7  1  -0.1663549373   0.2505966133   0.6138793900   0.1082761649   0.2725115779
 7  2  -0.2745499251   0.1260799186  -0.3235350645  -0.4730904970  -0.3728500661
 7  3  -0.4638965084  -0.2225290050
 8  1   0.3202245487   0.0689974552  -0.2679263358   0.3621127505  -0.3503337599
 8  2   0.2752557599   0.1396238994   0.1335619993   0.5046112519  -0.4115928827
 8  3  -0.5263219174  -0.2132858039
 9  1  -0.2126026882  -0.6209799710   0.1726845293  -0.0485253666   0.4565157893
 9  2   0.3003954468  -0.5417468943   0.2259086281  -0.1075702960  -0.1567554725
 9  3  -0.2510055930  -0.1100438108
10  1   0.1008826705   0.2709843440   0.0073823041  -0.1828645063  -0.3792387685
10  2   0.5650766638   0.0531584433   0.4428130116  -0.5781211989  -0.1713783536
10  3   0.0484091914   0.2334334218
11  1   0.2814275636   0.0760825080  -0.1404975578   0.4257118906  -0.2184041753
11  2   0.0841393609  -0.1982022720   0.0222165220  -0.2684760779   0.5219765738
11  3  -0.0713365851  -0.7159926148
12  1   0.8023917536   0.0000000000   0.0000000000   0.0000000000   0.0000000000
12  2  -0.2562896178  -0.5354651925  -0.2110447909  -0.1273944327  -0.1736915020
12  3   0.0321060493   0.2963305452
$end
