$dipgrad          cartesian dipole gradients
  0.38618161813059D+00  0.21000932996943D+00  0.11399279117822D+00
  0.23966175109875D+00  0.54200513055905D+00  0.12464187911885D+00
  0.14060640096784D+00  0.11233415336901D+00  0.38768461870560D+00
  0.75366446236702D+00  -.13045713378719D+00  -.18332766090287D+00
  -.23960164580677D+00  0.31894205265667D+00  0.11861481293586D+00
  -.15744654020651D+00  -.38765694906569D-01  0.19187433416378D+00
  0.74108140412503D+00  -.98158009151819D-01  -.29404185468644D-01
  -.19533464561129D+00  0.22712287407709D+00  -.13857987683280D-01
  -.15060030779448D+00  -.61525159749781D-01  0.25433524845960D+00
  0.44377428804074D+00  0.21725081320447D+00  0.10710277334657D+00
  0.21917822655928D+00  0.54065877742188D+00  0.35317397364804D-01
  0.15461915153339D+00  0.38744326139293D-01  0.22933148401984D+00
  0.45150958410834D-01  -.72259657732323D-01  -.14169955684487D+00
  0.22440112339357D-01  0.15381113913087D+00  0.51044167765786D-01
  0.58679105779302D-01  0.17314132704454D+00  0.45008587231040D+00
  0.13371081454738D+01  0.37092929776982D-01  -.13335538974152D+00
  -.18861297126925D+00  0.44508831949146D+00  0.93417649651825D-01
  -.36867963760245D+00  0.13155920124400D+00  0.85803866339010D+00
  -.10825738724191D+01  0.93859843247382D-01  0.21057768578025D+00
  0.19954298419370D+00  -.45442538547412D+00  -.25421235810927D+00
  0.40132511915601D+00  -.25892397445699D+00  -.92987588566251D+00
  -.15341705533320D+01  -.20595160145128D+00  0.10994626756381D+00
  -.21082784226339D+00  -.50462114842893D+00  0.19827883286685D-01
  -.28512469908437D-01  -.31353468376675D-02  -.48401803246822D+00
  0.61551754679627D+00  0.14159838509536D+00  -.25247703748222D-01
  0.47788463150507D+00  0.28493047684000D+00  -.85591368938056D-01
  -.17239983230960D-01  -.55245862101912D-02  0.24732100954128D+00
  0.42350867254817D+00  0.20870670806957D+00  -.81539699358143D-01
  0.22962816897914D+00  0.53340273074885D+00  0.47541270670367D-01
  0.30901387663167D-01  0.85712075609841D-01  0.25236767732148D+00
  0.70441634902481D+00  -.55744877287892D-01  0.95071582091291D-01
  -.10051443063842D+00  0.18653839220137D+00  -.32066801720223D-01
  0.75528380107022D-01  -.58785502418050D-01  0.36419916006714D+00
  -.92345224459308D+00  0.15302411931149D+00  0.46089948604291D-01
  0.15102669445592D+00  -.28654973648608D+00  -.10140025456975D+00
  0.60751234200664D-01  -.47862349647568D-01  -.60424877291381D+00
  -.67523856312331D+00  -.21184902934912D+00  0.32346121070107D-01
  -.26655474792775D+00  -.74040166096783D+00  -.85612319862813D-01
  0.75996904043103D-01  -.27563624622404D-01  -.58077851997270D+00
  0.39669520849261D+00  0.12715356914811D+00  0.81467024183178D-01
  0.23680740687565D+00  0.38690364103498D+00  -.41563864559329D-01
  0.13795480638117D+00  0.48066436575692D-01  0.32960940672772D+00
  -.56544869780874D-01  0.22927540930093D+00  0.13217997652000D+00
  0.37927711716932D-01  0.39790986299911D+00  -.22615013146441D-01
  0.18612617891577D+00  0.49127696435047D-01  0.79402389169016D-01
  0.61339214533620D+00  -.98542909410433D-01  -.29726273840692D+00
  -.13044107357003D+00  0.90061217653148D+00  0.13369233196533D+00
  -.21299795229259D+00  0.11245049005648D+00  0.47180235303070D+00
  -.60085950139143D+00  0.53406903974411D-01  0.11485023665888D+00
  0.14980382685198D+00  -.98689136326513D+00  -.13270642596881D+00
  0.71726738198825D-01  -.79149585381829D-01  -.48747365403195D+00
  -.30577095632985D+00  -.15605521796271D+00  0.71183583435170D-01
  -.52229871551376D-01  -.61949824251914D+00  0.12989778791305D+00
  0.22191801968950D-01  0.14183281070787D+00  -.46149026848243D+00
  -.62389645052806D+00  -.25591557301542D+00  -.79970330184579D-01
  -.29283655914862D+00  -.71653027079348D+00  0.10127270444213D+00
  -.17851669002693D+00  0.31812673926488D-01  -.66976547169296D+00
  -.48010037106966D+00  -.14793838559521D+00  -.30443982059462D-01
  -.13583258239277D+00  -.38932477029712D+00  -.28606181468577D+00
  -.97457248313371D-02  -.27459717727807D+00  -.57037812662584D+00
  -.78895882768380D+00  -.25516747288278D+00  -.13882646316325D+00
  -.27984447943125D+00  -.73097918990202D+00  -.18358575156102D+00
  -.13291189406343D+00  -.14354962276261D+00  -.44466182869892D+00
  -.10446371812565D+01  0.13839405136279D+00  0.15370616579645D+00
  0.15360966457049D+00  -.34012457068377D+00  0.41672314326648D-02
  0.81915224476393D-01  -.81110358601924D-03  -.49770465325783D+00
  -.66230868145335D+00  -.26905435226013D+00  -.13503117089839D+00
  -.22805653705954D+00  -.66068716597420D+00  -.17706943349308D+00
  -.69500073916776D-01  -.11832062956633D+00  -.62481035673591D+00
  0.33092665519752D-01  0.16566337260775D-01  -.71181956283641D-01
  -.24549882476590D-01  -.14066438269398D+00  0.87179245737345D-01
  -.29547428041699D-01  0.56879193670818D-01  -.43642925442259D-01
  -.71070226687393D-01  0.13356807883215D-01  0.30168304551755D-01
  0.55226515286140D-01  0.43568374288279D-01  -.25325685461967D-01
  0.23293469637860D-01  -.18646404344962D-02  0.51328194379787D-01
  -.34647051054949D-01  0.33094566923867D-02  0.38230172017473D-01
  0.32914914639939D-01  -.60915392465827D-01  0.48336795891579D-01
  -.31856781110736D-01  0.94896454165909D-01  -.57906431132516D-01
  -.37965195060731D-01  0.39237404544100D-01  -.16969681254271D-01
  0.64560653139038D-01  -.81722529942958D-01  0.68664104410700D-01
  -.17085755255476D-01  0.72570303808210D-01  -.48466382643650D-01
  -.15487435923880D-01  -.55530391124567D-02  -.16880485991181D-01
  -.12449954145393D-01  -.13344796389950D+00  0.70176598414693D-01
  -.25962019008338D-02  0.86445148969919D-01  -.59423243180277D-01
  0.34305107124803D-01  0.24464385683243D-01  -.17732345838895D-01
  0.32973469402623D-01  -.30729925817376D-01  0.41715154178640D-01
  -.22838697932610D-01  0.44657780796352D-01  -.48048698372472D-01
  -.41537799850896D-01  0.24846861113991D-03  -.44433363805693D-01
  0.51869113197725D-01  -.94566875460036D-01  0.93424999929413D-01
  0.11349500922378D-01  0.39510973624003D-01  -.10056888345416D+00
  -.79200710685758D-02  0.39364742670852D-01  0.17348258313923D-01
  -.58366266482843D-02  -.29527857894358D-01  -.34025436391275D-01
  0.14518488177335D-01  -.49837150750694D-01  -.13237313510007D-01
  -.14513224985711D+00  0.12499518388863D-01  -.61674807391546D-01
  0.70225363079305D-01  0.13230181572369D-01  0.64435756772220D-02
  -.93467963142256D-01  0.30242100255107D-02  -.57939699678356D-01
  -.11947779058118D-01  -.53449666620380D-01  -.22378416722575D-01
  -.10352659977478D+00  -.83114827725269D-01  0.14435291625837D-02
  -.19026722615696D-01  0.35617311243200D-01  0.75662722754362D-01
  -.36213707770856D-01  0.14402286439056D-01  0.47406263555916D-02
  0.39476205571966D-01  0.31324024671370D-01  0.72150257075075D-01
  -.19444204759752D-01  0.45209695182378D-01  -.19999116471955D+00
  0.34003215520883D+00  -.13265945399789D-01  -.82070311342740D-01
  -.72679932345869D-01  0.16734419648912D+00  0.51474574524631D-01
  -.96896335638341D-01  0.26267194615813D-01  0.32203257005912D+00
  0.28243793658277D+00  0.26336265819928D-01  0.36246789800543D-01
  0.53646856015556D-01  0.28194381945642D+00  -.52954105532721D-01
  0.10372026651427D-01  -.56125680542305D-01  0.48426968713838D+00
  0.20562182066607D-02  0.29029374041931D-01  -.15075110324664D-01
  0.83219712728467D-02  -.15117599111687D-01  -.10486158057336D-01
  -.12256163125252D-01  -.37940810486382D-01  0.78070163044624D-01
  -.20381197041031D-02  -.17152030996240D-01  -.64437024159904D-01
  0.19336629111663D-01  0.18932754473404D-01  -.19619474278276D-01
  -.42126135404830D-01  -.28852311377754D-01  -.12707840723043D-01
  -.43309574671845D-01  -.64452992191052D-01  0.13341075784448D+00
  -.75354150600897D-01  -.12678171882845D-01  0.62476260531850D-01
  0.74609120841992D-01  0.47178435975695D-01  -.52541213586082D-02
  0.23022800812842D+00  0.54571715215508D-02  -.90561579258013D-02
  -.14554894730899D-01  0.17144536667443D+00  -.58533840740559D-01
  -.36065446106033D-01  -.10042369629715D+00  0.16110987275492D+00
  0.59393987364342D-01  0.62986620516842D-01  0.27684934369181D-02
  -.96505802227627D-02  0.17447808526487D+00  -.74159505790302D-01
  0.64146017672984D-01  -.14277273545375D+00  0.21122059219767D+00
  0.29282722918210D+00  0.78037407577112D-01  -.11840334560056D-01
  0.51133077989122D-01  0.28723649384982D+00  0.15878499210117D-01
  -.12314550219345D-01  -.74110913727607D-02  0.35873887682698D+00
  0.23684574434358D+00  0.44567753941712D-01  0.92122166715314D-01
  0.47251512755843D-01  0.50761959780004D-01  0.11953568388573D+00
  0.56295568955659D-01  0.33024652279438D-01  0.16019841483076D+00
  0.70872992199077D-01  0.10673388927167D+00  0.75979670001235D-01
  0.53404382579668D-01  0.26143291718012D+00  0.77324534531062D-01
  0.28378273720581D-01  0.41452323661261D-01  0.13154562703966D+00
  0.39201875083739D+00  0.56559591406724D-01  0.46401157431414D-01
  0.21682766513876D-01  0.28624206402333D+00  0.16885978786545D-01
  0.21922575844456D-01  -.62620274279726D-02  0.23082787497920D+00
  0.34240484939981D+00  -.15105866572961D-01  -.37717866722626D-01
  -.42526998151520D-01  0.19101203675631D+00  -.36867070841847D-01
  -.63898059730061D-01  -.29650561968306D-01  0.30456874830677D+00
  0.44877484082806D+00  -.56855783952548D-01  0.16261904039074D-02
  -.37717603934007D-01  0.21564118351629D+00  0.35769762896814D-01
  0.22364243041137D-01  0.28140194408416D-01  0.31676671354174D+00
$end
