$dipgrad          cartesian dipole gradients
  0.55053653291388D+00  0.65690590828539D-01  0.11937224825578D+00
  0.16025821097319D-01  0.22815634863765D+00  0.74746810542820D-01
  0.24207830788094D-01  0.73789586248955D-01  0.32717689486902D+00
  -.59156007886519D+00  -.75130040493682D-01  -.13605876283245D+00
  -.69894618433383D-01  -.32539561977091D+00  -.14382488058558D+00
  -.12621979142057D+00  -.14300188955552D+00  -.51758972985374D+00
  -.24319062565620D-01  -.43604908134338D-01  0.45170570738922D-01
  -.85718141904938D-01  0.10632461265496D-01  0.74318423298964D-01
  0.68856645514847D-01  0.96991989879390D-01  -.62021804937937D-01
  -.89169331364860D-01  -.39272217311413D-01  -.72163365578938D-01
  -.68665339792320D-01  -.15265425678933D-01  -.11997574841149D+00
  -.12856641934056D+00  -.12027865175299D+00  -.17675780230791D+00
  -.26943984695809D-01  0.63311246290354D-01  -.10157421125661D-01
  0.10626486754634D+00  -.11665965233750D+00  0.82397119906765D-02
  -.30443248589731D-01  -.14544419643333D-01  0.67919132039958D-01
  0.90299338257556D-01  0.35014726548359D-01  0.16755304568335D-01
  0.81153912942781D-01  0.23660910656703D-01  0.15470637856363D-01
  0.80770526544415D-01  -.25940805451746D-01  0.26643669346590D+00
  0.91156586321630D-01  -.60093977278240D-02  0.37081425974008D-01
  0.20833498544203D-01  0.19487097722911D+00  0.91025045308251D-01
  0.11139445650349D+00  0.13298419027524D+00  0.94836616726313D-01
$end
