$hessian (projected)
 1  1   0.4775765408  -0.0143957819  -0.0255337100  -0.2075046783  -0.0045007544
 1  2  -0.0068999534  -0.0874397228  -0.0558702296   0.0798833334  -0.0544121942
 1  3  -0.0145712150  -0.0274419066  -0.0898135847   0.0997448063  -0.0009903494
 1  4  -0.0194069018  -0.0066600992  -0.0088196532  -0.0189994590  -0.0037467262
 1  5  -0.0101977607
 2  1  -0.0143957819   0.5779756220  -0.0219322363  -0.0266546857  -0.0935320858
 2  2   0.0137691871  -0.0511372491  -0.1208554537   0.1037653315  -0.0150400470
 2  3  -0.1026211997  -0.0932505735   0.0920787734  -0.2645343991   0.0010011998
 2  4   0.0365444840   0.0050122844   0.0055302861  -0.0213954937  -0.0014447682
 2  5  -0.0088831948
 3  1  -0.0255337100  -0.0219322363   0.5485339528  -0.0487435026   0.0134385181
 3  2  -0.0744875034   0.0738525918   0.1009456654  -0.1950695884  -0.0282734054
 3  3  -0.0932210021  -0.2289427674  -0.0005577037   0.0037904527  -0.0491492972
 3  4  -0.0006775314  -0.0047112705  -0.0034475757   0.0299332614   0.0016898725
 3  5   0.0025627794
 4  1  -0.2075046783  -0.0266546857  -0.0487435026   0.5255979751  -0.0472165080
 4  2  -0.0862225678  -0.0218232599  -0.0028197422  -0.0029219003  -0.0199189149
 4  3  -0.0055082550  -0.0100089338  -0.0222861462  -0.0012044693  -0.0039783177
 4  4  -0.1289203117   0.1528444878   0.0183302761  -0.1251446641  -0.0694408276
 4  5   0.1335449461
 5  1  -0.0045007544  -0.0935320858   0.0134385181  -0.0472165080   0.5751586936
 5  2  -0.1939065032  -0.0234369603  -0.0014153024  -0.0055820959  -0.0172235604
 5  3   0.0023074532  -0.0019973541   0.0322247034   0.0078080167   0.0075634893
 5  4   0.1386480097  -0.3483226412  -0.0032973509  -0.0784949299  -0.1420041341
 5  5   0.1837812966
 6  1  -0.0068999534   0.0137691871  -0.0744875034  -0.0862225678  -0.1939065032
 6  2   0.3126028946   0.0234170736   0.0018034750   0.0089381590  -0.0322387335
 6  3  -0.0022199770  -0.0000950427  -0.0060754891   0.0003540410   0.0001564444
 6  4  -0.0026230986   0.0403219842  -0.0189270781   0.1106427689   0.1398777929
 6  5  -0.2281878738
 7  1  -0.0874397228  -0.0511372491   0.0738525918  -0.0218232599  -0.0234369603
 7  2   0.0234170736   0.1058839127   0.0643745481  -0.0844266859   0.0030166724
 7  3   0.0029333625  -0.0020030217   0.0066138581   0.0062057679  -0.0108777058
 7  4   0.0009258692   0.0004530673   0.0008065362  -0.0071773295   0.0006074636
 7  5  -0.0007687881
 8  1  -0.0558702296  -0.1208554537   0.1009456654  -0.0028197422  -0.0014153024
 8  2   0.0018034750   0.0643745481   0.1262473842  -0.1117817969   0.0066323949
 8  3   0.0089142685  -0.0119911366  -0.0120630753  -0.0147661522   0.0222300680
 8  4  -0.0000664429   0.0003116178  -0.0004351846  -0.0001874531   0.0015636377
 8  5  -0.0007710903
 9  1   0.0798833334   0.1037653315  -0.1950695884  -0.0029219003  -0.0055820959
 9  2   0.0089381590  -0.0844266859  -0.1117817969   0.2062636402   0.0101623646
 9  3   0.0150461699  -0.0216966231  -0.0010275369  -0.0004156758   0.0001980175
 9  4   0.0007912986   0.0001106335   0.0002308545  -0.0024608734  -0.0011425663
 9  5   0.0011355402
10  1  -0.0544121942  -0.0150400470  -0.0282734054  -0.0199189149  -0.0172235604
10  2  -0.0322387335   0.0030166724   0.0066323949   0.0101623646   0.0651396398
10  3   0.0209457222   0.0392355478   0.0030872574   0.0048723673   0.0114995353
10  4   0.0015467333  -0.0009635504   0.0002666250   0.0015408062   0.0007766734
10  5  -0.0006519338
11  1  -0.0145712150  -0.1026211997  -0.0932210021  -0.0055082550   0.0023074532
11  2  -0.0022199770   0.0029333625   0.0089142685   0.0150461699   0.0209457222
11  3   0.1043158647   0.1064073091  -0.0032836877  -0.0134181736  -0.0270277536
11  4  -0.0000507496   0.0008661174   0.0014888677  -0.0004651774  -0.0003643306
11  5  -0.0004736140
12  1  -0.0274419066  -0.0932505735  -0.2289427674  -0.0100089338  -0.0019973541
12  2  -0.0000950427  -0.0020030217  -0.0119911366  -0.0216966231   0.0392355478
12  3   0.1064073091   0.2482825551   0.0012927875  -0.0001700764   0.0005750332
12  4  -0.0006454086   0.0003737102   0.0003128338  -0.0004290646   0.0006281213
12  5   0.0015640110
13  1  -0.0898135847   0.0920787734  -0.0005577037  -0.0222861462   0.0322247034
13  2  -0.0060754891   0.0066138581  -0.0120630753  -0.0010275369   0.0030872574
13  3  -0.0032836877   0.0012927875   0.1086357346  -0.1082746649   0.0054043983
13  4  -0.0071523771  -0.0010992640   0.0001440732   0.0009152579   0.0004172150
13  5   0.0008194707
14  1   0.0997448063  -0.2645343991   0.0037904527  -0.0012044693   0.0078080167
14  2   0.0003540410   0.0062057679  -0.0147661522  -0.0004156758   0.0048723673
14  3  -0.0134181736  -0.0001700764  -0.1082746649   0.2823706744  -0.0030277797
14  4  -0.0020448025   0.0021213597  -0.0007104941   0.0007009952   0.0004186740
14  5   0.0001795324
15  1  -0.0009903494   0.0010011998  -0.0491492972  -0.0039783177   0.0075634893
15  2   0.0001564444  -0.0108777058   0.0222300680   0.0001980175   0.0114995353
15  3  -0.0270277536   0.0005750332   0.0054043983  -0.0030277797   0.0475289998
15  4  -0.0014580303  -0.0003756139   0.0005598010   0.0004004696  -0.0003636100
15  5   0.0001310014
16  1  -0.0194069018   0.0365444840  -0.0006775314  -0.1289203117   0.1386480097
16  2  -0.0026230986   0.0009258692  -0.0000664429   0.0007912986   0.0015467333
16  3  -0.0000507496  -0.0006454086  -0.0071523771  -0.0020448025  -0.0014580303
16  4   0.1441075388  -0.1557489597   0.0032621928   0.0088994493  -0.0172815390
16  5   0.0013505775
17  1  -0.0066600992   0.0050122844  -0.0047112705   0.1528444878  -0.3483226412
17  2   0.0403219842   0.0004530673   0.0003116178   0.0001106335  -0.0009635504
17  3   0.0008661174   0.0003737102  -0.0010992640   0.0021213597  -0.0003756139
17  4  -0.1557489597   0.3607184388  -0.0308691422   0.0111743181  -0.0207071770
17  5  -0.0048503014
18  1  -0.0088196532   0.0055302861  -0.0034475757   0.0183302761  -0.0032973509
18  2  -0.0189270781   0.0008065362  -0.0004351846   0.0002308545   0.0002666250
18  3   0.0014888677   0.0003128338   0.0001440732  -0.0007104941   0.0005598010
18  4   0.0032621928  -0.0308691422   0.0259279534  -0.0139900501   0.0282930182
18  5  -0.0046567889
19  1  -0.0189994590  -0.0213954937   0.0299332614  -0.1251446641  -0.0784949299
19  2   0.1106427689  -0.0071773295  -0.0001874531  -0.0024608734   0.0015408062
19  3  -0.0004651774  -0.0004290646   0.0009152579   0.0007009952   0.0004004696
19  4   0.0088994493   0.0111743181  -0.0139900501   0.1399659392   0.0886677408
19  5  -0.1240965117
20  1  -0.0037467262  -0.0014447682   0.0016898725  -0.0694408276  -0.1420041341
20  2   0.1398777929   0.0006074636   0.0015636377  -0.0011425663   0.0007766734
20  3  -0.0003643306   0.0006281213   0.0004172150   0.0004186740  -0.0003636100
20  4  -0.0172815390  -0.0207071770   0.0282930182   0.0886677408   0.1625380981
20  5  -0.1689826287
21  1  -0.0101977607  -0.0088831948   0.0025627794   0.1335449461   0.1837812966
21  2  -0.2281878738  -0.0007687881  -0.0007710903   0.0011355402  -0.0006519338
21  3  -0.0004736140   0.0015640110   0.0008194707   0.0001795324   0.0001310014
21  4   0.0013505775  -0.0048503014  -0.0046567889  -0.1240965117  -0.1689826287
21  5   0.2274513307
$end
