$vibrational normal modes
 1  1  -0.0471534900  -0.0085604363   0.1761351498   0.2519298597  -0.0098646278
 1  2  -0.0252528796   0.0000386216  -0.0413058046  -0.0006012910  -0.3277627967
 1  3  -0.0713436301   0.0010241992  -0.1165465134  -0.0239063651   0.0000180829
 1  4   0.0004254261   0.0233075338   0.0443023199  -0.0010346721  -0.0001948140
 1  5  -0.0000118492
 2  1  -0.0049492438   0.3735779600  -0.0668278386   0.0383005670   0.0427283403
 2  2  -0.0435918858  -0.0028396301   0.0007043967   0.0542250291  -0.0579469686
 2  3   0.0596778363  -0.1220893480  -0.0016354455  -0.0276317905  -0.0380131931
 2  4  -0.0096571590   0.0301783801  -0.0286843944   0.0824086583  -0.0017254219
 2  5   0.0024179533
 3  1   0.1960258103  -0.0520956810  -0.0203013310   0.0336185487   0.2333641259
 3  2  -0.1007606824   0.0015369285   0.0023232525  -0.0284904170  -0.1046484368
 3  3   0.1139599920   0.0646870455  -0.0014005934  -0.0519752210   0.0199683775
 3  4  -0.0182989594   0.0565589606  -0.0565027911  -0.0430391200  -0.0033731402
 3  5  -0.0012027607
 4  1  -0.0158197593   0.0333801746   0.2130728572   0.2128522127   0.0612557177
 4  2   0.0062278895   0.0001738821   0.0706101614   0.0002174696   0.2936115546
 4  3   0.0510443143  -0.0006644693  -0.0132172823  -0.0000079196   0.0001832268
 4  4   0.0731569392   0.0022053625  -0.0008033867   0.0000206458   0.0457199179
 4  5  -0.0014538957
 5  1   0.1488723615   0.0481557457  -0.1770118659   0.2365684428  -0.1206994914
 5  2   0.1160009217  -0.0360157242   0.0494636563   0.0065055530   0.0332773467
 5  3  -0.0416512124   0.0896666931  -0.0011675415  -0.0058395235  -0.0190550411
 5  4  -0.0046862415   0.0002044536   0.0005336987  -0.0022353611  -0.0134812301
 5  5   0.0719545864
 6  1  -0.0410862418  -0.0683126291  -0.1345825818   0.1082109239  -0.0142911502
 6  2  -0.3418475128   0.0188669842   0.0928696774  -0.0030517054   0.0584318430
 6  3  -0.0795629018  -0.0472876486  -0.0021315176  -0.0114127634   0.0099192718
 6  4  -0.0099581999   0.0003537218   0.0010758673   0.0011741983  -0.0293285033
 6  5  -0.0373939638
 7  1   0.2001269997  -0.0981820634   0.2716401092   0.2315435384   0.0030984815
 7  2   0.0966156450  -0.1218727877  -0.1179003150   0.4536026255  -0.1483147281
 7  3  -0.3446760543  -0.3620806502   0.5494935173  -0.1276783814   0.2682726937
 7  4   0.0475749936  -0.0733926736  -0.2853281101  -0.2947004884  -0.0038191001
 7  5  -0.0072404325
 8  1  -0.2723082762   0.3451975107  -0.3468492237   0.2169861395   0.3506337897
 8  2   0.2314370615   0.3110209197  -0.0780758490  -0.0955000587   0.0556792044
 8  3  -0.2208725845   0.0793879885  -0.2341674298   0.5117507850   0.2511514128
 8  4   0.0056614156  -0.0794566969  -0.3781830079  -0.3584154266  -0.0081090102
 8  5  -0.0094352067
 9  1   0.1495930592  -0.1249313969  -0.1647458239   0.1495591566   0.4613341503
 9  2   0.1675038644   0.1580269890  -0.1048081311   0.1377542871   0.0752647051
 9  3  -0.2487583682  -0.0052190286   0.1961930200   0.2827654049   0.3530192957
 9  4   0.0206988597   0.1471309444   0.5059471391   0.5210315320   0.0110345143
 9  5   0.0121445133
10  1  -0.1526988573  -0.1359637730   0.0581767655   0.3740623523  -0.2313466738
10  2  -0.1271195347   0.0021774181   0.2549390223   0.0043419673  -0.6220888304
10  3   0.6399233785  -0.0024317502   0.4288188975   0.5112842328  -0.0013888939
10  4  -0.0345293646  -0.1636607529   0.0440721518  -0.0004627234  -0.0033124710
10  5   0.0000671733
11  1   0.1886938598   0.5609751691   0.2684298561  -0.2381008065  -0.1869806380
11  2  -0.3979526311  -0.2726151183  -0.0206956400  -0.2400720059  -0.0215663879
11  3  -0.0034217511   0.2653022312  -0.0423505571  -0.0556468591   0.6047907119
11  4  -0.0092004474  -0.4453063930   0.1013548502   0.0212492236   0.0042242008
11  5  -0.0003084972
12  1   0.1178736832  -0.1218138334  -0.1707693095   0.1518467838   0.4072213996
12  2   0.1113092017   0.1443229287  -0.0441891296   0.1267611489  -0.0313455557
12  3  -0.0153606380  -0.1403310317  -0.0848557519  -0.1071763987  -0.3208529137
12  4  -0.0162277778  -0.8388789724   0.1904235103  -0.0127290119   0.0080883663
12  5   0.0000064128
13  1  -0.2062455460   0.1839226239   0.1775172074   0.1727268791   0.1575511130
13  2  -0.0630871709   0.1193726597  -0.1136372633  -0.4532313899  -0.1491459699
13  3  -0.3436930301   0.3608146911   0.5461817923  -0.1197658780  -0.2694168505
13  4   0.0476997143  -0.0750541074  -0.2883263207   0.3074879591  -0.0036701848
13  5   0.0075584405
14  1  -0.0764381994   0.4716584506  -0.0578195881  -0.0070122522   0.1208162515
14  2  -0.0683241095   0.0460150612  -0.0422502612  -0.1738436495   0.0285789632
14  3  -0.0847824136   0.0533578509   0.3011717323  -0.0540423073  -0.1537906731
14  4   0.0146587032   0.1647843518   0.6170971492  -0.6393248117   0.0129639622
14  5  -0.0156905870
15  1   0.5258670857   0.1098496415   0.3829193363  -0.2729085630   0.0246740282
15  2  -0.3966416018  -0.3466409195  -0.1236522985   0.0030332103   0.0889964659
15  3  -0.3190850873  -0.0665105020  -0.0855937957   0.5865163088  -0.4001987151
15  4   0.0160720332   0.0175682669  -0.0260804717   0.0016756057  -0.0004632110
15  5   0.0009492939
16  1   0.1335713617  -0.1424854063   0.2140493351   0.2838837998  -0.0895893652
16  2   0.0432238225   0.1099976982  -0.2539530759  -0.4082521322   0.3720306998
16  3   0.0956408793  -0.5086883555   0.0236821783   0.0100085424   0.0756703146
16  4  -0.5382615568   0.0018210717   0.0064628127  -0.0038707510  -0.3094244266
16  5   0.3342678750
17  1   0.2142179375  -0.0498036266  -0.1918406295   0.2853058955  -0.1917433934
17  2   0.1463336490  -0.0027121448  -0.1840949536  -0.2137988908   0.0707872088
17  3   0.0171010230  -0.1818231822   0.0166526970   0.0024434520   0.0199162748
17  4  -0.2748544816   0.0042645266  -0.0143184493   0.0176909255   0.6166015436
17  5  -0.6346033666
18  1  -0.3486168526  -0.2175164153  -0.5073969986   0.3914041672   0.1731889468
18  2  -0.0740751750  -0.5497118860  -0.5716065423  -0.1267681056   0.1569520684
18  3   0.2036980080  -0.1080541518   0.0044917883   0.0087020241   0.0182214910
18  4   0.3580018140  -0.0052604207   0.0001717745   0.0025187988  -0.0647487008
18  5   0.0280227014
19  1  -0.2429724763   0.1188631245   0.1268124418   0.2294179777   0.0534621956
19  2  -0.1047711749  -0.1125514679  -0.2584362663   0.4076820728   0.3731874041
19  3   0.0936390238   0.5094149560   0.0242793054   0.0111340377  -0.0758988535
19  4  -0.5441383572   0.0019041343   0.0063689544   0.0035884472  -0.3127740399
19  5  -0.3143085985
20  1   0.3957413454   0.0674177556   0.0760371883   0.0776940334  -0.4047286831
20  2  -0.1314928203   0.4526014968  -0.3706214723  -0.0133413323   0.0946070849
20  3   0.1596271376  -0.0073902981  -0.0055940857   0.0059059873  -0.0043078640
20  4   0.4439310108  -0.0067378157   0.0084415597   0.0078663069  -0.4177857717
20  5  -0.3686523886
21  1   0.0000000000   0.0000000000   0.0000000000   0.0000000000  -0.2313454047
21  2  -0.5967201074   0.3135139196  -0.4739405160   0.2411226850   0.1451757958
21  3   0.1271405772   0.2063991294   0.0160739202   0.0071298305  -0.0259735976
21  4  -0.0221126301   0.0005582353  -0.0121148301  -0.0159517072   0.4938313655
21  5   0.4928340132
$end
