$hessian (projected)
 1  1   0.5211811745  -0.0348379618   0.0530700579  -0.1250107987  -0.0221822857
 1  2   0.0515105129  -0.0278048567  -0.0122281190   0.0219994455  -0.0013092490
 1  3  -0.0000124946  -0.0045132266  -0.0009578431  -0.0006889101  -0.0009495413
 1  4   0.0097821443   0.0044924170  -0.0051915830  -0.0613357683   0.0551374156
 1  5  -0.0116244437  -0.2660529384   0.0099063155  -0.1044745948  -0.0477102060
 1  6   0.0005871078  -0.0003661474  -0.0004580872  -0.0012618509   0.0019635755
 1  7   0.0004926903  -0.0003115416  -0.0003463739  -0.0008162616   0.0013999078
 1  8  -0.0010776811
 2  1  -0.0348379618   0.5658782015   0.0281778493  -0.0109052035  -0.0763959064
 2  2   0.0134801560  -0.0105118735   0.0010070762  -0.0044764170   0.0011458511
 2  3   0.0015098431   0.0009174949   0.0005087423  -0.0018059380   0.0015808401
 2  4  -0.0219689005  -0.0329566632   0.0275404596   0.0587668606  -0.2857086647
 2  5   0.0552355647   0.0080482400  -0.0466869533   0.0032444406  -0.0010383493
 2  6  -0.1291613107  -0.1202929987   0.0107474149   0.0076213303  -0.0103449824
 2  7  -0.0002807900  -0.0001158144  -0.0001924974   0.0003259696  -0.0031852005
 2  8   0.0051300901
 3  1   0.0530700579   0.0281778493   0.5212506842   0.0395052623   0.0167768041
 3  2  -0.1180512143   0.0015378603  -0.0048275077   0.0155750527  -0.0040445974
 3  3  -0.0037479367  -0.0051467226  -0.0012627151   0.0018851257  -0.0013146943
 3  4   0.0044883529   0.0148536553  -0.0037638195  -0.0129828139   0.0570537339
 3  5  -0.0624716971  -0.1020625089   0.0026129299  -0.0939085722  -0.0008259263
 3  6  -0.1225296980  -0.2292138950   0.0233545710   0.0097684400  -0.0211002522
 3  7   0.0002997786  -0.0000377761  -0.0001145032  -0.0010773212   0.0000143804
 3  8  -0.0017403667
 4  1  -0.1250107987  -0.0109052035   0.0395052623   0.4622575314   0.0049980048
 4  2   0.0091125781  -0.1508141325  -0.0003050848  -0.0242195384  -0.0202135438
 4  3  -0.0175969782  -0.0176664555  -0.0105884794   0.0086199118  -0.0092805096
 4  4  -0.0964480722   0.0523787092  -0.0244137059   0.0057095282   0.0036000898
 4  5  -0.0084388852  -0.0242279863  -0.0137957818   0.0246946610  -0.0029975844
 4  6  -0.0003275990   0.0025423330  -0.0500281960   0.0017369823  -0.0022431936
 4  7   0.0035232334  -0.0008400715  -0.0006027514   0.0088385002  -0.0275629790
 4  8   0.0110102052
 5  1  -0.0221822857  -0.0763959064   0.0167768041   0.0049980048   0.5323417299
 5  2   0.0578491654   0.0135505463  -0.0626367933   0.0014694141  -0.0362787024
 5  3  -0.0201686181  -0.0086764483   0.0318032687  -0.0064013714   0.0136331004
 5  4   0.0063474872  -0.2052038037   0.0192552533  -0.0195900572  -0.0105058337
 5  5   0.0176910413   0.0004843717  -0.0010205034  -0.0000621103   0.0140448789
 5  6   0.0058449526  -0.0127704034  -0.0016337594  -0.1149812806  -0.1141923875
 5  7   0.0031791181  -0.0053782650   0.0021999093   0.0052771290  -0.0354943070
 5  8   0.0068266615
 6  1   0.0515105129   0.0134801560  -0.1180512143   0.0091125781   0.0578491654
 6  2   0.5024244054  -0.0293934564  -0.0050906181  -0.1050294362  -0.0171237512
 6  3  -0.0021794932   0.0196240890  -0.0107956936   0.0044454381   0.0045437116
 6  4  -0.0180815037   0.0431255453  -0.0756156887   0.0016203440  -0.0005663400
 6  5  -0.0032178612  -0.0078660286  -0.0032482106   0.0073774486   0.0207851361
 6  6   0.0116843157  -0.0190081213  -0.0045034631  -0.1117765959  -0.2166545966
 6  7  -0.0005509690   0.0003906711   0.0040486150   0.0052862946  -0.0081140339
 6  8  -0.0004413512
 7  1  -0.0278048567  -0.0105118735   0.0015378603  -0.1508141325   0.0135505463
 7  2  -0.0293934564   0.6618559856   0.1779420581   0.1566090253  -0.3011829785
 7  3  -0.2801169203  -0.0646162026  -0.1498672167   0.0419446016  -0.0376583620
 7  4  -0.0170133026   0.0060949328  -0.0084364954   0.0010817900   0.0010673661
 7  5  -0.0004231648   0.0010095469   0.0001822047   0.0002919582   0.0020049769
 7  6   0.0005555922  -0.0023831001   0.0027990751  -0.0039511382   0.0010926740
 7  7  -0.0257573436   0.0525381623  -0.0164782013   0.0036884561   0.0007044680
 7  8  -0.0001425352
 8  1  -0.0122281190   0.0010070762  -0.0048275077  -0.0003050848  -0.0626367933
 8  2  -0.0050906181   0.1779420581   0.8404554672   0.0164215984  -0.2662036542
 8  3  -0.5118232024  -0.0689139011   0.0677696318  -0.2323675877   0.0416694391
 8  4   0.0280392155  -0.0294704089   0.0168789977  -0.0016801263  -0.0024855097
 8  5   0.0005053227  -0.0008831033  -0.0017437566   0.0027029257   0.0016684565
 8  6   0.0009912514  -0.0006680771  -0.0187494375  -0.0015553208  -0.0101616521
 8  7   0.0088497417   0.0049065492   0.0034709461   0.0157804214  -0.0052777648
 8  8   0.0080125262
 9  1   0.0219994455  -0.0044764170   0.0155750527  -0.0242195384   0.0014694141
 9  2  -0.1050294362   0.1566090253   0.0164215984   0.2938904598  -0.0658016557
 9  3  -0.0740283117  -0.0978707157  -0.0398016432   0.0307765176  -0.0827037847
 9  4  -0.0114123628   0.0073148094  -0.0070314390  -0.0001458049   0.0010041638
 9  5   0.0002039539   0.0048977993   0.0030500018  -0.0049490124   0.0018965918
 9  6  -0.0003081412  -0.0005764612  -0.0293131402  -0.0034653828  -0.0117511946
 9  7  -0.0129800393   0.0210124355  -0.0025943307  -0.0017286775   0.0012293120
 9  8   0.0028369080
10  1  -0.0013092490   0.0011458511  -0.0040445974  -0.0202135438  -0.0362787024
10  2  -0.0171237512  -0.3011829785  -0.2662036542  -0.0658016557   0.2967268539
10  3   0.3188991160   0.0781353733   0.0367708966  -0.0030842959   0.0037180048
10  4  -0.0028683706  -0.0051207933  -0.0014128848  -0.0000570138  -0.0002709081
10  5   0.0001739999  -0.0011144776  -0.0005639784   0.0016648521  -0.0000612107
10  6   0.0003559979   0.0009348383  -0.0066278161   0.0004891064  -0.0021100654
10  7   0.0012574539  -0.0069392481   0.0037043169  -0.0013205443  -0.0024284909
10  8   0.0021615692
11  1  -0.0000124946   0.0015098431  -0.0037479367  -0.0175969782  -0.0201686181
11  2  -0.0021794932  -0.2801169203  -0.5118232024  -0.0740283117   0.3188991160
11  3   0.6224602490   0.0765150579  -0.0154840223  -0.1079729742   0.0052329021
11  4   0.0100114672   0.0092158108   0.0030432297   0.0006041203   0.0008583496
11  5  -0.0002165362  -0.0010773822  -0.0000916301   0.0009955257  -0.0004542634
11  6  -0.0001482825   0.0009380861  -0.0009196894   0.0017540361   0.0008645718
11  7  -0.0075402907   0.0019614984  -0.0037482474  -0.0063126622   0.0024449202
11  8  -0.0036688480
12  1  -0.0045132266   0.0009174949  -0.0051467226  -0.0176664555  -0.0086764483
12  2   0.0196240890  -0.0646162026  -0.0689139011  -0.0978707157   0.0781353733
12  3   0.0765150579   0.0576512468   0.0048206522   0.0105169093   0.0295006999
12  4  -0.0034951786  -0.0037508372   0.0011054298   0.0001273272  -0.0001780299
12  5   0.0002003688  -0.0011518333  -0.0008248447   0.0018409829  -0.0003914608
12  6   0.0000798130   0.0003462042   0.0025099773  -0.0001907674   0.0002387216
12  7   0.0036943117  -0.0035047561  -0.0045391846   0.0025467156  -0.0019896905
12  8  -0.0029511202
13  1  -0.0009578431   0.0005087423  -0.0012627151  -0.0105884794   0.0318032687
13  2  -0.0107956936  -0.1498672167   0.0677696318  -0.0398016432   0.0367708966
13  3  -0.0154840223   0.0048206522   0.5457671259  -0.0113425494   0.2030093054
13  4  -0.0079515563   0.0049898535  -0.0043159947  -0.0012376922   0.0007374349
13  5  -0.0001046551  -0.0005072086   0.0002304901   0.0003603770  -0.0001432015
13  6   0.0002292887   0.0004122278  -0.0010946802   0.0009895321  -0.0005652527
13  7  -0.4096315029  -0.0786345330  -0.1516608929  -0.0005586417  -0.0017971373
13  8  -0.0000957151
14  1  -0.0006889101  -0.0018059380   0.0018851257   0.0086199118  -0.0064013714
14  2   0.0044454381   0.0419446016  -0.2323675877   0.0307765176  -0.0030842959
14  3  -0.1079729742   0.0105169093  -0.0113425494   0.3947951284  -0.0346462568
14  4   0.0037076597   0.0038489424   0.0011847010   0.0006070839   0.0013053550
14  5  -0.0002856686   0.0002925983   0.0007452637  -0.0007870288   0.0000629490
14  6  -0.0002575272  -0.0001874110   0.0012822056   0.0001957363   0.0011686785
14  7  -0.0357852684  -0.0532424777  -0.0113149296  -0.0056159862   0.0011574505
14  8  -0.0027560752
15  1  -0.0009495413   0.0015808401  -0.0013146943  -0.0092805096   0.0136331004
15  2   0.0045437116  -0.0376583620   0.0416694391  -0.0827037847   0.0037180048
15  3   0.0052329021   0.0295006999   0.2030093054  -0.0346462568   0.1233472406
15  4  -0.0040197553   0.0020286325  -0.0005047165  -0.0001808572  -0.0006588360
15  5  -0.0002102924  -0.0005379602  -0.0004673305   0.0008666255  -0.0004812780
15  6   0.0003561960   0.0003104080   0.0015877783   0.0005681331   0.0011839864
15  7  -0.1550482159  -0.0285673799  -0.0754728067  -0.0001586090  -0.0007294401
15  8   0.0004536226
16  1   0.0097821443  -0.0219689005   0.0044883529  -0.0964480722   0.0063474872
16  2  -0.0180815037  -0.0170133026   0.0280392155  -0.0114123628  -0.0028683706
16  3   0.0100114672  -0.0034951786  -0.0079515563   0.0037076597  -0.0040197553
16  4   0.4046868324   0.1503882579   0.1346433737  -0.0026134075  -0.0022365765
16  5   0.0038646063   0.0025965960   0.0005232286  -0.0010468175   0.0008808957
16  6   0.0006001958  -0.0014359519   0.0036704361   0.0014627870   0.0003870807
16  7  -0.0002739449   0.0011681648  -0.0003641885  -0.2944482503  -0.1780429867
16  8  -0.1035276552
17  1   0.0044924170  -0.0329566632   0.0148536553   0.0523787092  -0.2052038037
17  2   0.0431255453   0.0060949328  -0.0294704089   0.0073148094  -0.0051207933
17  3   0.0092158108  -0.0037508372   0.0049898535   0.0038489424   0.0020286325
17  4   0.1503882579   0.4852317469  -0.0065374094  -0.0040351880  -0.0011854991
17  5   0.0042682589   0.0011584792   0.0012186346  -0.0019676318   0.0004035494
17  6   0.0019210294   0.0006952986   0.0118188247  -0.0377924481   0.0071077678
17  7  -0.0000300640  -0.0011575998   0.0002755717  -0.2225389783  -0.1936697413
17  8  -0.0674136611
18  1  -0.0051915830   0.0275404596  -0.0037638195  -0.0244137059   0.0192552533
18  2  -0.0756156887  -0.0084364954   0.0168789977  -0.0070314390  -0.0014128848
18  3   0.0030432297   0.0011054298  -0.0043159947   0.0011847010  -0.0005047165
18  4   0.1346433737  -0.0065374094   0.1005693645   0.0035844170   0.0022899352
18  5  -0.0013361047  -0.0001458237  -0.0008042422   0.0008107708  -0.0025559637
18  6  -0.0010223184   0.0030328417   0.0043432810  -0.0147050337   0.0151639552
18  7  -0.0001261394   0.0007401723   0.0003562146  -0.0959724810  -0.0478637452
18  8  -0.0327868084
19  1  -0.0613357683   0.0587668606  -0.0129828139   0.0057095282  -0.0195900572
19  2   0.0016203440   0.0010817900  -0.0016801263  -0.0001458049  -0.0000570138
19  3   0.0006041203   0.0001273272  -0.0012376922   0.0006070839  -0.0001808572
19  4  -0.0026134075  -0.0040351880   0.0035844170   0.0630797165  -0.0619410589
19  5   0.0130281898  -0.0046715376   0.0281416913  -0.0055455093  -0.0010182142
19  6  -0.0009664817   0.0000498053   0.0008242788   0.0005264154  -0.0002733687
19  7  -0.0001617096   0.0001334251  -0.0000981297   0.0004000299  -0.0005666847
19  8   0.0008164003
20  1   0.0551374156  -0.2857086647   0.0570537339   0.0036000898  -0.0105058337
20  2  -0.0005663400   0.0010673661  -0.0024855097   0.0010041638  -0.0002709081
20  3   0.0008583496  -0.0001780299   0.0007374349   0.0013053550  -0.0006588360
20  4  -0.0022365765  -0.0011854991   0.0022899352  -0.0619410589   0.3104886334
20  5  -0.0638518998   0.0003162554   0.0008223504  -0.0003836750   0.0034542276
20  6  -0.0145775303   0.0043667332  -0.0001980724   0.0005905434   0.0003038837
20  7  -0.0000035704   0.0002312455  -0.0002200744   0.0003373967   0.0001665602
20  8   0.0008404052
21  1  -0.0116244437   0.0552355647  -0.0624716971  -0.0084388852   0.0176910413
21  2  -0.0032178612  -0.0004231648   0.0005053227   0.0002039539   0.0001739999
21  3  -0.0002165362   0.0002003688  -0.0001046551  -0.0002856686  -0.0002102924
21  4   0.0038646063   0.0042682589  -0.0013361047   0.0130281898  -0.0638518998
21  5   0.0631559742  -0.0019028682   0.0124673288  -0.0037017728   0.0061776014
21  6  -0.0255277784   0.0083396164  -0.0005576966  -0.0007184435   0.0002660415
21  7  -0.0000519434  -0.0001577736   0.0001959467  -0.0001407403   0.0005905837
21  8  -0.0014241734
22  1  -0.2660529384   0.0080482400  -0.1020625089  -0.0242279863   0.0004843717
22  2  -0.0078660286   0.0010095469  -0.0008831033   0.0048977993  -0.0011144776
22  3  -0.0010773822  -0.0011518333  -0.0005072086   0.0002925983  -0.0005379602
22  4   0.0025965960   0.0011584792  -0.0001458237  -0.0046715376   0.0003162554
22  5  -0.0019028682   0.2904121473  -0.0084504757   0.1090412425   0.0014455953
22  6  -0.0002349441   0.0003428862   0.0011123909   0.0003114401  -0.0001521076
22  7   0.0001561096  -0.0000707975  -0.0000047644  -0.0001582373   0.0001053180
22  8  -0.0004580329
23  1   0.0099063155  -0.0466869533   0.0026129299  -0.0137957818  -0.0010205034
23  2  -0.0032482106   0.0001822047  -0.0017437566   0.0030500018  -0.0005639784
23  3  -0.0000916301  -0.0008248447   0.0002304901   0.0007452637  -0.0004673305
23  4   0.0005232286   0.0012186346  -0.0008042422   0.0281416913   0.0008223504
23  5   0.0124673288  -0.0084504757   0.0460382663  -0.0050135826  -0.0171340683
23  6   0.0004089793  -0.0071491007   0.0009732114   0.0001386188  -0.0001668666
23  7  -0.0000045660   0.0000661163  -0.0002377829  -0.0000082714   0.0001046139
23  8  -0.0002182997
24  1  -0.1044745948   0.0032444406  -0.0939085722   0.0246946610  -0.0000621103
24  2   0.0073774486   0.0002919582   0.0027029257  -0.0049490124   0.0016648521
24  3   0.0009955257   0.0018409829   0.0003603770  -0.0007870288   0.0008666255
24  4  -0.0010468175  -0.0019676318   0.0008107708  -0.0055455093  -0.0003836750
24  5  -0.0037017728   0.1090412425  -0.0050135826   0.1006113199  -0.0243307628
24  6   0.0019194399  -0.0107286394  -0.0007561818  -0.0004940165   0.0016280953
24  7  -0.0000035412   0.0000167139  -0.0000240459   0.0001043166  -0.0001710008
24  8   0.0001767996
25  1  -0.0477102060  -0.0010383493  -0.0008259263  -0.0029975844   0.0140448789
25  2   0.0207851361   0.0020049769   0.0016684565   0.0018965918  -0.0000612107
25  3  -0.0004542634  -0.0003914608  -0.0001432015   0.0000629490  -0.0004812780
25  4   0.0008808957   0.0004035494  -0.0025559637  -0.0010182142   0.0034542276
25  5   0.0061776014   0.0014455953  -0.0171340683  -0.0243307628   0.0503092229
25  6   0.0011875672  -0.0037252311  -0.0026944347  -0.0021420382   0.0032203407
25  7  -0.0001338603   0.0000265509   0.0001008782   0.0001180211  -0.0000794605
25  8   0.0001300745
26  1   0.0005871078  -0.1291613107  -0.1225296980  -0.0003275990   0.0058449526
26  2   0.0116843157   0.0005555922   0.0009912514  -0.0003081412   0.0003559979
26  3  -0.0001482825   0.0000798130   0.0002292887  -0.0002575272   0.0003561960
26  4   0.0006001958   0.0019210294  -0.0010223184  -0.0009664817  -0.0145775303
26  5  -0.0255277784  -0.0002349441   0.0004089793   0.0019194399   0.0011875672
26  6   0.1348643510   0.1331648708  -0.0018761389  -0.0001432982   0.0022143501
26  7   0.0000939842   0.0000864735  -0.0000686629  -0.0002045701   0.0001709115
26  8   0.0000376134
27  1  -0.0003661474  -0.1202929987  -0.2292138950   0.0025423330  -0.0127704034
27  2  -0.0190081213  -0.0023831001  -0.0006680771  -0.0005764612   0.0009348383
27  3   0.0009380861   0.0003462042   0.0004122278  -0.0001874110   0.0003104080
27  4  -0.0014359519   0.0006952986   0.0030328417   0.0000498053   0.0043667332
27  5   0.0083396164   0.0003428862  -0.0071491007  -0.0107286394  -0.0037252311
27  6   0.1331648708   0.2494719951   0.0034020853   0.0019297343  -0.0014176708
27  7   0.0000558145  -0.0000455852  -0.0001455792   0.0001704402   0.0000188531
27  8  -0.0004106988
28  1  -0.0004580872   0.0107474149   0.0233545710  -0.0500281960  -0.0016337594
28  2  -0.0045034631   0.0027990751  -0.0187494375  -0.0293131402  -0.0066278161
28  3  -0.0009196894   0.0025099773  -0.0010946802   0.0012822056   0.0015877783
28  4   0.0036704361   0.0118188247   0.0043432810   0.0008242788  -0.0001980724
28  5  -0.0005576966   0.0011123909   0.0009732114  -0.0007561818  -0.0026944347
28  6  -0.0018761389   0.0034020853   0.0543294844  -0.0018249400  -0.0011944832
28  7   0.0000703812  -0.0000644216   0.0008182579  -0.0019028322   0.0004448025
28  8   0.0003090141
29  1  -0.0012618509   0.0076213303   0.0097684400   0.0017369823  -0.1149812806
29  2  -0.1117765959  -0.0039511382  -0.0015553208  -0.0034653828   0.0004891064
29  3   0.0017540361  -0.0001907674   0.0009895321   0.0001957363   0.0005681331
29  4   0.0014627870  -0.0377924481  -0.0147050337   0.0005264154   0.0005905434
29  5  -0.0007184435   0.0003114401   0.0001386188  -0.0004940165  -0.0021420382
29  6  -0.0001432982   0.0019297343  -0.0018249400   0.1474483820   0.1212141477
29  7  -0.0006252530   0.0001489824   0.0002197460   0.0042889568  -0.0034252814
29  8  -0.0023499612
30  1   0.0019635755  -0.0103449824  -0.0211002522  -0.0022431936  -0.1141923875
30  2  -0.2166545966   0.0010926740  -0.0101616521  -0.0117511946  -0.0021100654
30  3   0.0008645718   0.0002387216  -0.0005652527   0.0011686785   0.0011839864
30  4   0.0003870807   0.0071077678   0.0151639552  -0.0002733687   0.0003038837
30  5   0.0002660415  -0.0001521076  -0.0001668666   0.0016280953   0.0032203407
30  6   0.0022143501  -0.0014176708  -0.0011944832   0.1212141477   0.2320936439
30  7  -0.0002349814   0.0001733443   0.0002598519   0.0001097816   0.0018191448
30  8   0.0000894185
31  1   0.0004926903  -0.0002807900   0.0002997786   0.0035232334   0.0031791181
31  2  -0.0005509690  -0.0257573436   0.0088497417  -0.0129800393   0.0012574539
31  3  -0.0075402907   0.0036943117  -0.4096315029  -0.0357852684  -0.1550482159
31  4  -0.0002739449  -0.0000300640  -0.0001261394  -0.0001617096  -0.0000035704
31  5  -0.0000519434   0.0001561096  -0.0000045660  -0.0000035412  -0.0001338603
31  6   0.0000939842   0.0000558145   0.0000703812  -0.0006252530  -0.0002349814
31  7   0.4307444427   0.0321341055   0.1651531327  -0.0002859497   0.0000128528
31  8  -0.0002072079
32  1  -0.0003115416  -0.0001158144  -0.0000377761  -0.0008400715  -0.0053782650
32  2   0.0003906711   0.0525381623   0.0049065492   0.0210124355  -0.0069392481
32  3   0.0019614984  -0.0035047561  -0.0786345330  -0.0532424777  -0.0285673799
32  4   0.0011681648  -0.0011575998   0.0007401723   0.0001334251   0.0002312455
32  5  -0.0001577736  -0.0000707975   0.0000661163   0.0000167139   0.0000265509
32  6   0.0000864735  -0.0000455852  -0.0000644216   0.0001489824   0.0001733443
32  7   0.0321341055   0.0523650743   0.0095842246   0.0008602045   0.0001282173
32  8   0.0003957092
33  1  -0.0003463739  -0.0001924974  -0.0001145032  -0.0006027514   0.0021999093
33  2   0.0040486150  -0.0164782013   0.0034709461  -0.0025943307   0.0037043169
33  3  -0.0037482474  -0.0045391846  -0.1516608929  -0.0113149296  -0.0754728067
33  4  -0.0003641885   0.0002755717   0.0003562146  -0.0000981297  -0.0002200744
33  5   0.0001959467  -0.0000047644  -0.0002377829  -0.0000240459   0.0001008782
33  6  -0.0000686629  -0.0001455792   0.0008182579   0.0002197460   0.0002598519
33  7   0.1651531327   0.0095842246   0.0781397002  -0.0002212836   0.0000317970
33  8  -0.0001098782
34  1  -0.0008162616   0.0003259696  -0.0010773212   0.0088385002   0.0052771290
34  2   0.0052862946   0.0036884561   0.0157804214  -0.0017286775  -0.0013205443
34  3  -0.0063126622   0.0025467156  -0.0005586417  -0.0056159862  -0.0001586090
34  4  -0.2944482503  -0.2225389783  -0.0959724810   0.0004000299   0.0003373967
34  5  -0.0001407403  -0.0001582373  -0.0000082714   0.0001043166   0.0001180211
34  6  -0.0002045701   0.0001704402  -0.0019028322   0.0042889568   0.0001097816
34  7  -0.0002859497   0.0008602045  -0.0002212836   0.2864457099   0.2078103902
34  8   0.0910815642
35  1   0.0013999078  -0.0031852005   0.0000143804  -0.0275629790  -0.0354943070
35  2  -0.0081140339   0.0007044680  -0.0052777648   0.0012293120  -0.0024284909
35  3   0.0024449202  -0.0019896905  -0.0017971373   0.0011574505  -0.0007294401
35  4  -0.1780429867  -0.1936697413  -0.0478637452  -0.0005666847   0.0001665602
35  5   0.0005905837   0.0001053180   0.0001046139  -0.0001710008  -0.0000794605
35  6   0.0001709115   0.0000188531   0.0004448025  -0.0034252814   0.0018191448
35  7   0.0000128528   0.0001282173   0.0000317970   0.2078103902   0.2368796213
35  8   0.0551638396
36  1  -0.0010776811   0.0051300901  -0.0017403667   0.0110102052   0.0068266615
36  2  -0.0004413512  -0.0001425352   0.0080125262   0.0028369080   0.0021615692
36  3  -0.0036688480  -0.0029511202  -0.0000957151  -0.0027560752   0.0004536226
36  4  -0.1035276552  -0.0674136611  -0.0327868084   0.0008164003   0.0008404052
36  5  -0.0014241734  -0.0004580329  -0.0002182997   0.0001767996   0.0001300745
36  6   0.0000376134  -0.0004106988   0.0003090141  -0.0023499612   0.0000894185
36  7  -0.0002072079   0.0003957092  -0.0001098782   0.0910815642   0.0551638396
36  8   0.0363076481
$end
