$energy      SCF               SCFKIN            SCFPOT
     1 -687.0997071385      684.0918677724     -1371.191574911
     2 -687.1018505481      684.2358925549     -1371.337743103
     3 -687.1034334111      684.2385422726     -1371.341975684
     4 -687.1053449511      684.2706191870     -1371.375964138
     5 -687.1062859151      684.3024029120     -1371.408688827
     6 -687.1067459538      684.3357603754     -1371.442506329
     7 -687.1071232889      684.3746831706     -1371.481806460
     8 -687.1073586273      684.3798778407     -1371.487236468
     9 -687.1075429208      684.3777190326     -1371.485261953
    10 -687.1076666964      684.3670431667     -1371.474709863
    11 -687.1077457136      684.3601667659     -1371.467912480
    12 -687.1078006290      684.3627412015     -1371.470541831
    13 -687.1078365879      684.3680886472     -1371.475925235
    14 -687.1078641465      684.3738828212     -1371.481746968
    15 -687.1078893150      684.3751883422     -1371.483077657
    16 -687.1079188916      684.3724965180     -1371.480415410
    17 -687.1079502275      684.3645918706     -1371.472542098
    18 -687.1079783219      684.3568111423     -1371.464789464
    19 -687.1079997645      684.3536867214     -1371.461686486
    20 -687.1080161648      684.3549926907     -1371.463008856
    21 -687.1080283638      684.3607369607     -1371.468765324
    22 -687.1080428239      684.3651136869     -1371.473156511
    23 -687.1080620790      684.3685192707     -1371.476581350
    24 -687.1080795877      684.3673119208     -1371.475391508
    25 -687.1080882018      684.3645084604     -1371.472596662
    26 -687.1080975383      684.3616323444     -1371.469729883
    27 -687.1081066624      684.3598523083     -1371.467958971
    28 -687.1081111260      684.3610161902     -1371.469127316
    29 -687.1081151884      684.3621711727     -1371.470286361
    30 -687.1081210708      684.3635156862     -1371.471636757
    31 -687.1081248094      684.3635260535     -1371.471650863
    32 -687.1081286428      684.3618830027     -1371.470011645
    33 -687.1081320598      684.3601813757     -1371.468313435
    34 -687.1081336692      684.3601171570     -1371.468250826
    35 -687.1081349424      684.3614438637     -1371.469578806
    36 -687.1081361599      684.3626179259     -1371.470754086
    37 -687.1081372774      684.3636042568     -1371.471741534
    38 -687.1081394242      684.3647660141     -1371.472905438
    39 -687.1081408804      684.3645777942     -1371.472718675
    40 -687.1081435061      684.3631302075     -1371.471273714
    41 -687.1081463166      684.3617043963     -1371.469850713
    42 -687.1081481532      684.3610063688     -1371.469154522
    43 -687.1081506927      684.3615112072     -1371.469661900
    44 -687.1081517969      684.3611596965     -1371.469311493
    45 -687.1081530235      684.3603635448     -1371.468516568
    46 -687.1081542655      684.3595547889     -1371.467709054
    47 -687.1081564091      684.3592533344     -1371.467409744
    48 -687.1081592642      684.3607933635     -1371.468952628
    49 -687.1081608130      684.3626237953     -1371.470784608
    50 -687.1081621447      684.3641757432     -1371.472337888
    51 -687.1081633715      684.3649467246     -1371.473110096
    52 -687.1081641907      684.3644433353     -1371.472607526
    53 -687.1081647889      684.3634772999     -1371.471642089
    54 -687.1081651183      684.3630347907     -1371.471199909
$end
