$hessapprox
  0.501494498516D+00 -0.199040253658D-01  0.469585569472D+00 -0.174367713134D-02
 -0.506745825677D-01  0.492743630349D+00 -0.656314232705D-01 -0.172492554460D-01
  0.358682596570D-01  0.486451924997D+00 -0.929367721064D-02 -0.378393541927D-01
  0.181756142926D-01  0.353884668985D-01  0.474765228448D+00  0.318501996038D-01
  0.229330243959D-01 -0.732692469508D-01 -0.522145969559D-02  0.226653195121D-02
  0.539045745276D+00  0.671304072980D-02 -0.236686043787D-01 -0.258796354851D-01
 -0.592104822603D-01 -0.141399100895D-01 -0.144493489372D-01  0.476035300684D+00
  0.307149848157D-02 -0.331341298243D-01  0.451141253791D-02 -0.242770003494D-01
 -0.465560808872D-01 -0.763034965577D-02  0.160748210308D-01  0.527358909404D+00
 -0.694626821042D-02  0.779893545845D-02 -0.225980841302D-01 -0.269672522777D-01
 -0.144299481905D-01 -0.937165354104D-01  0.553460493064D-02  0.169071436685D-01
  0.549617607301D+00 -0.214996006032D-01 -0.101776677559D-01  0.781430095886D-03
 -0.679029342916D-03 -0.968222120053D-02  0.265122624621D-02 -0.437216841192D-01
  0.543371585432D-03  0.144182112677D-01  0.487935517255D+00  0.100366791475D-01
 -0.195618448448D-01  0.432032102445D-02  0.308129947620D-02 -0.865188244907D-02
  0.144931276646D-01 -0.708346874143D-02 -0.427791183693D-01  0.291532261047D-01
  0.136920218711D-01  0.473678084482D+00 -0.133131661759D-02 -0.376158456424D-02
 -0.820321827299D-02  0.688353689279D-04 -0.118767611499D-01  0.141769207310D-01
  0.207024919692D-01  0.149016747274D-01 -0.932001976840D-01 -0.119039077076D-01
 -0.375933665965D-01  0.554787293145D+00  0.997457743193D-02 -0.185269217960D-01
 -0.351968802503D-02 -0.609454069526D-02 -0.584851524411D-02 -0.983045127506D-02
 -0.101974404919D-01  0.181924576982D-01 -0.237959517807D-01 -0.762242645819D-01
  0.209659382377D-01  0.932783415697D-04  0.534110526074D+00  0.336673937195D-02
 -0.976122031995D-02  0.130936241678D-01 -0.159714605952D-01 -0.208709828277D-01
 -0.125893446006D-01  0.106943157464D-01  0.667697431663D-02 -0.651564901325D-02
  0.498959115860D-02 -0.499008279824D-01  0.483547190606D-02  0.243338498508D-01
  0.479252587341D+00  0.742255037120D-02 -0.706669177420D-03  0.454617136427D-02
 -0.448985739027D-02 -0.178819115367D-01 -0.392173068859D-02  0.321541601406D-02
  0.211090384325D-01 -0.104306435370D-02  0.122487958487D-01  0.822157544912D-02
 -0.616033096586D-01 -0.468569863697D-01  0.183571223709D-01  0.485678596630D+00
 -0.183121811362D-01  0.589899654881D-02  0.804190778676D-02 -0.313047760630D-01
  0.540766504639D-03  0.737539964504D-02 -0.363948913180D-01 -0.196156681237D-01
  0.596634204204D-02  0.538806432236D-05  0.115631857117D-02  0.173480815478D-03
 -0.429033339858D-01  0.106121198750D-01 -0.149776908808D-01  0.517174161756D+00
 -0.195137484625D-01 -0.818512618834D-02  0.588942738985D-02  0.173659091716D-01
 -0.798731566154D-04 -0.600684065224D-02 -0.160598023204D-02 -0.324328737015D-01
 -0.598393649481D-02 -0.350601787915D-02 -0.201257158480D-01 -0.415893153821D-02
 -0.130383209751D-01 -0.100575419565D+00 -0.111368360639D-02 -0.742468204667D-01
  0.595695616718D+00  0.217402168100D-02  0.706482170817D-03 -0.212708846883D-01
  0.121866706325D-01  0.694360101436D-02 -0.854124625853D-02  0.649354550211D-02
 -0.169023563403D-01  0.251863479979D-02  0.117656503657D-01  0.595915631743D-02
  0.118305004767D-02  0.116974841301D-03  0.112985516158D-01 -0.323522314599D-01
  0.530267892674D-01 -0.204032249497D-01  0.457485517860D+00 -0.372293624101D-01
  0.128309554676D-01 -0.164243332141D-02 -0.679515889962D-01 -0.455125362557D-02
 -0.100466188877D-01 -0.247458147471D-01  0.315800821861D-01 -0.156103243813D-01
 -0.167842641812D-01 -0.128675116501D-01 -0.656146458115D-02 -0.629787050142D-02
 -0.747490283844D-02  0.143014919150D-01 -0.875529852123D-01 -0.106210912003D-01
 -0.551156489699D-04  0.446508284719D+00 -0.756141026388D-02  0.803684525058D-02
 -0.146537288014D-01  0.128085422437D-02 -0.716224820005D-01  0.310477685664D-01
  0.635825689944D-02 -0.330689829625D-01  0.989985595265D-02 -0.114570770804D-01
 -0.124946090777D-01 -0.216580661747D-01 -0.222485316356D-01 -0.981955304082D-02
 -0.206009369120D-01 -0.752168850520D-03 -0.917697093949D-01  0.261204036802D-01
 -0.425522924816D-01  0.367360372902D+00 -0.125689928129D-01  0.108548717495D-01
 -0.462542522342D-02 -0.424350535911D-02  0.178866609783D-01 -0.493117018128D-01
  0.161776821800D-03 -0.545531288405D-02  0.193724512357D-02  0.455044235280D-02
  0.288437489657D-03 -0.158217707414D-01  0.189200457888D-01 -0.183818558369D-01
 -0.193026426314D-01 -0.277284864046D-04 -0.772711764762D-02 -0.626363117536D-01
 -0.336613962611D-01 -0.596030719844D-01  0.343600415209D+00 -0.270654940436D-01
  0.163775192585D-01  0.210922660977D-01 -0.387463794434D-01 -0.511046442462D-02
 -0.127573154429D-01 -0.811179186929D-03 -0.139204987094D-01 -0.205957041717D-01
 -0.253498130690D-02 -0.212699147946D-01 -0.231996488350D-01 -0.137487318629D-01
 -0.525919907605D-02 -0.101473036237D-01 -0.583860592336D-01  0.179453123394D-01
 -0.339655523732D-01 -0.257917979438D-01  0.378657509050D-02  0.184305326999D-01
  0.338467084526D+00  0.966762220872D-02 -0.114535518963D-01 -0.675305926514D-02
 -0.597372946997D-02  0.188257095485D-02  0.913476358086D-04 -0.157270852283D-01
 -0.364956952778D-02 -0.558030508629D-02  0.288253969340D-02 -0.109681416952D-01
  0.237285158616D-01 -0.118694177679D-01 -0.984655497726D-02 -0.131482164159D-01
 -0.926246206345D-02 -0.749159740333D-01 -0.501663400368D-02 -0.674815989449D-02
 -0.747389409713D-02 -0.129108079677D-02  0.122066212676D+00  0.550248801493D+00
  0.564965360000D-02  0.105309649348D-01 -0.252124437179D-01  0.447463706907D-02
  0.162156169868D-01 -0.222117936427D-01  0.123559816909D-01 -0.391423767659D-02
 -0.745184062350D-02  0.106011399969D-02  0.699941627862D-03 -0.466959067909D-02
  0.696463336247D-02 -0.361090740841D-02 -0.219256586979D-01 -0.140553096642D-01
  0.345216673175D-01 -0.112098762903D+00  0.383983392288D-01  0.240273977909D-01
 -0.553108854322D-01  0.154009428338D-01  0.972871483513D-01  0.456339400788D+00
 -0.304962262618D-01 -0.100211957618D-01 -0.940076275094D-02 -0.247318065842D-01
  0.421576481541D-02 -0.238459433126D-02 -0.287436830939D-01  0.145079875987D-01
 -0.482133609038D-02 -0.172744889500D-01  0.891610014638D-02  0.574077225808D-02
 -0.305341690016D-01  0.199785281317D-01 -0.158227295770D-01 -0.117487137136D-01
  0.163729514339D-01  0.130876975855D-01 -0.379393702798D-02  0.417291922858D-01
  0.597671423996D-01  0.156924062825D-01 -0.182208355121D-01  0.181804555861D-01
  0.323862188750D+00  0.812369641261D-02 -0.220948754246D-01 -0.477843910128D-02
 -0.165244213339D-01  0.843841359499D-03 -0.387864550498D-01  0.222357997736D-02
 -0.606380684425D-02  0.174984858228D-01  0.168389746594D-01 -0.407824673487D-01
  0.122567807174D-01 -0.237830445268D-01 -0.843848761846D-01 -0.177846011045D-01
 -0.922026563998D-02 -0.113434248505D-01 -0.209906628623D-01 -0.218402772151D-01
  0.274957114266D-02 -0.134803815417D-01 -0.293055420936D-02 -0.255706845682D-01
 -0.336419031702D-02 -0.258079787019D-02  0.544409115031D+00  0.215130832443D-01
 -0.489879744969D-02 -0.116281231549D-02  0.103461187366D-01 -0.120320713886D-01
 -0.131988451062D-01  0.158082884881D-01 -0.960432158128D-02 -0.102090132701D-01
 -0.182919126360D-01  0.175509043745D-01 -0.339899956325D-01 -0.155527814072D-01
  0.122523459496D-01 -0.103759106126D+00 -0.548723368426D-02 -0.781204356687D-02
 -0.236094854918D-01 -0.117205947464D-01 -0.344142592960D-01 -0.826543411753D-02
 -0.138485873468D-01  0.530468784459D-02 -0.504121370007D-02  0.852991310971D-02
  0.849001957637D-01  0.450852890510D+00  0.644710670979D-02  0.224132533002D-01
  0.861040924795D-02 -0.273777106733D-01 -0.582696563484D-02 -0.151161531843D-01
 -0.221231530806D-01 -0.314719683798D-01 -0.174532749194D-01 -0.659037222578D-01
 -0.237606494613D-01 -0.158822233813D-01 -0.336996890750D-01  0.159330778429D-01
  0.147628995991D-01 -0.220612625536D-01  0.253536832811D-02  0.149863392669D-01
 -0.177479324987D-01  0.123878557935D-01  0.241316277382D-01 -0.344596727829D-01
  0.337897900435D-02  0.398270390555D-02 -0.391404447817D-02  0.352420261223D-01
  0.175009648340D-01  0.501472117903D+00  0.141899601614D-01 -0.863071434746D-02
 -0.749267967503D-02  0.583023908280D-02 -0.119868935600D-01 -0.235679446943D-02
  0.208621720567D-03 -0.458724776683D-01  0.164152659178D-02 -0.742913876792D-02
 -0.573598508339D-01 -0.276722681807D-01  0.767604846490D-03 -0.525589214119D-01
 -0.381138784189D-02 -0.425602313188D-02 -0.261597821420D-01 -0.855424504835D-02
 -0.980776376850D-02 -0.124647378934D-01 -0.991262849946D-02 -0.335308107883D-01
 -0.613252718171D-02 -0.798112971180D-02  0.104704771492D-02 -0.604675545236D-01
  0.984287244050D-02  0.150786474101D+00  0.531674033421D+00  0.227360253387D-01
 -0.519392966028D-02  0.136024881065D-01  0.138124457158D-01 -0.785071347857D-03
 -0.866929849077D-03 -0.112756170268D-01 -0.649557748196D-02 -0.954388757318D-02
 -0.628851567128D-02  0.270515369677D-02 -0.102543681362D+00  0.486924055452D-02
 -0.121753388075D-01 -0.166046455153D-01 -0.212426645711D-02 -0.147049006523D-01
  0.368242866325D-02  0.947826856281D-03 -0.724608164083D-02  0.853295454960D-02
 -0.222058613084D-01 -0.143318682848D-01  0.109402188653D-01  0.240199022071D-01
  0.242635708233D-01 -0.181384885709D-01 -0.134754745231D+00 -0.420796643193D-01
  0.428808895809D+00 -0.202671192037D-01 -0.414929931136D-02  0.113685835084D-02
 -0.181874035213D-01  0.656458580872D-03 -0.506248625126D-02 -0.482231627074D-01
 -0.738808489548D-02 -0.279089280536D-01 -0.340876647597D-01  0.122700601406D-01
  0.828236213779D-02 -0.144297182806D-01  0.709704032578D-02  0.956658019987D-02
 -0.314076404759D-01 -0.442617723519D-03  0.840282252686D-02 -0.323903711901D-01
 -0.302814641682D-02 -0.227714980062D-01  0.115961751140D-01 -0.116781057433D-01
  0.113740726408D-01  0.202273196250D-01  0.218462717227D-01  0.985257464186D-02
 -0.239000386479D-01  0.270829193898D-01  0.431827507629D-02  0.431753117333D+00
  0.522634613087D-02 -0.566449281007D-02  0.201093643707D-02  0.155793089465D-01
 -0.225506966611D-01  0.186657973862D-01  0.240009854079D-01 -0.868739752941D-01
  0.765969303516D-02 -0.478226651247D-02 -0.241586334393D-01  0.170129157935D-01
  0.890141293738D-02 -0.162494182012D-01  0.241148908630D-02  0.128253085429D-01
 -0.156061836722D-01 -0.103593444927D-01  0.135507960727D-01 -0.288417869574D-02
 -0.133972586474D-01  0.120747313329D-01 -0.175356852143D-01 -0.185342842619D-01
  0.516272160374D-01  0.417181925849D-01  0.276827739491D-01 -0.515168387974D-02
 -0.774033018667D-02  0.281521440036D-02  0.363645096412D-01  0.607742897234D+00
  0.255974146350D-02 -0.288726590355D-02 -0.390048929410D-01  0.369411858135D-03
 -0.952220386540D-03 -0.137517775153D-01 -0.184037310414D-01 -0.207651742677D-03
 -0.609640805078D-01  0.659936291633D-02 -0.151203311433D-01 -0.615661385039D-02
  0.660308074779D-02 -0.515609523851D-02 -0.837567759539D-03 -0.862298286899D-02
 -0.165840689430D-02 -0.957132895454D-03 -0.550798744944D-03  0.243643594387D-01
  0.107697083839D-01  0.299581409768D-01 -0.336823514805D-01 -0.572345463135D-03
 -0.500767179125D-01 -0.617657645476D-02  0.162609447392D-01  0.200803466575D-01
 -0.906105317225D-02 -0.133608938652D-01  0.457866487181D-01  0.826111898440D-01
  0.377751636297D+00 -0.814948319953D-01 -0.404223384964D-01 -0.112972721297D-01
 -0.147961747186D-01 -0.245430440883D-01  0.160984079710D-01 -0.513630048009D-02
 -0.387134749661D-02  0.169916075063D-01  0.100825679937D-01 -0.587114927323D-02
  0.191518064031D-02 -0.232503727635D-01 -0.210566269121D-01  0.855885945705D-03
 -0.250870701733D-02 -0.909082977737D-02  0.211815730773D-01  0.467150301646D-02
  0.267603370092D-02  0.452914376955D-01 -0.455340294981D-01  0.108570940865D-01
 -0.785161836575D-02 -0.385477096128D-01 -0.302551583576D-02 -0.222698206656D-03
 -0.209873080414D-02 -0.221928625068D-01  0.124813899518D-01  0.231387762627D-01
  0.126049836488D-01 -0.115063782888D-01  0.547099468778D+00 -0.243935741703D-01
 -0.103951542300D+00 -0.229406264983D-01 -0.237670402606D-01 -0.280334640709D-01
 -0.563160309308D-02 -0.200335134806D-01  0.179254914469D-01 -0.406398014476D-01
  0.274837222222D-03  0.253478405348D-01 -0.157427012125D-01 -0.525293719877D-02
  0.215978160909D-02  0.523856833038D-02  0.148223732684D-01  0.203352839417D-02
 -0.437264864568D-02  0.171460775691D-01 -0.204300989506D-02 -0.242424243190D-01
  0.188523472226D-01 -0.118384916438D-01 -0.188026251283D-01 -0.264528966092D-01
 -0.234674215596D-01  0.740888694936D-02  0.782577554489D-02 -0.532498119676D-02
  0.495045112142D-01 -0.388616882153D-01 -0.759622830490D-02 -0.208927459767D-01
  0.147277410233D+00  0.393097780686D+00  0.957953835987D-02 -0.267457364435D-01
 -0.840808547679D-01 -0.248619120056D-01 -0.152567199224D-01  0.816726264715D-02
  0.216475389439D-02 -0.448637449556D-02  0.151939635702D-01 -0.679087182474D-02
 -0.157451397126D-01  0.125353175543D-01 -0.626779791168D-02  0.196738811687D-02
  0.181409370502D-01 -0.816239814399D-02 -0.228759507739D-02 -0.685891264124D-02
  0.324308551585D-02 -0.433384613848D-02  0.171621954413D-02  0.247594548784D-01
  0.311569951335D-02  0.273209858118D-02  0.129678948440D-01  0.644193918704D-02
  0.303135295648D-02 -0.185803226172D-02 -0.209500510856D-02 -0.190319807421D-01
  0.165513809539D-01 -0.138075390095D-01 -0.160617167212D-01 -0.110486273166D+00
  0.149490973400D-01  0.353688236480D+00 -0.765173699858D-01  0.482479817948D-01
 -0.868628832524D-03 -0.150503842587D-01  0.150666900936D-01 -0.421696781239D-02
 -0.425640415870D-02  0.782935400902D-02 -0.145332235760D-01  0.332800379692D-02
  0.164919220690D-01 -0.356571995073D-02 -0.268311993702D-01  0.232767315116D-02
  0.727186326529D-02 -0.173507691189D-01 -0.530024144852D-02 -0.100543239859D-01
 -0.240776816546D-01 -0.188429727003D-01 -0.277307631638D-01 -0.271463758907D-01
 -0.136941695723D-01 -0.117461448820D-01 -0.326812639461D-01  0.168422242374D-01
  0.191905823895D-01 -0.375020588505D-01  0.162750414133D-01  0.176077335846D-01
 -0.150202021172D-01 -0.586582121514D-02  0.174026635102D-01  0.497429978974D-02
 -0.570539453943D-02  0.127771510191D-01  0.358531904955D+00  0.610022059209D-01
 -0.939540520947D-01 -0.608350715334D-02  0.652181136639D-02 -0.197451350906D-01
 -0.915702962272D-02 -0.120314681116D-01 -0.134078355105D-01 -0.326572721309D-02
 -0.280101822033D-01 -0.313490784771D-02 -0.146947222632D-02 -0.210127795363D-01
 -0.818703284612D-02 -0.286012460849D-02  0.143592067213D-01 -0.156948991545D-01
  0.475444325284D-02  0.161499700470D-01 -0.160488410970D-01  0.181329619329D-01
  0.175035364834D-01 -0.428312549455D-01  0.657753792273D-02 -0.141012939901D-01
 -0.186795730953D-01 -0.683323821703D-02 -0.195320351149D-01 -0.802371225391D-03
 -0.949715457427D-02 -0.179503208225D-01 -0.111142023772D-01 -0.364026765033D-02
  0.201200599835D-01 -0.489749159105D-01 -0.176849039602D-01 -0.712746985885D-01
  0.333603498537D+00 -0.198861939923D-01  0.199812036874D-01 -0.326248358302D-01
 -0.162927597905D-02  0.379436212725D-02 -0.300801245516D-01  0.143648921298D-01
 -0.762538635667D-02 -0.175558759032D-01  0.198928698405D-01 -0.178762165469D-01
 -0.105945897330D-01  0.129763442761D-01 -0.943598271834D-03 -0.138076077597D-01
  0.105872940995D-01 -0.111961679955D-02 -0.778973379749D-02  0.116588078752D-03
  0.374165614518D-02 -0.227685429650D-01  0.150679578768D-01  0.115711388878D-01
 -0.285666816399D-02 -0.861826431415D-01  0.221055518521D-02  0.681588831544D-02
  0.715499345432D-02 -0.245151361073D-01 -0.166695312941D-02  0.365078324426D-01
  0.966833007235D-04 -0.585721853613D-01 -0.104720138094D-01  0.600114093243D-02
 -0.180175211221D-01 -0.519307325208D-01 -0.111807528962D-01  0.321073801579D+00
 -0.487251021146D-01  0.507110737825D-02 -0.374026107617D-01 -0.786532319392D-02
 -0.183113495726D-01  0.283925750068D-02 -0.202752359273D-01 -0.864046311706D-03
 -0.197013693910D-01 -0.460883571538D-02  0.935390399746D-03  0.539270541204D-02
 -0.179917633977D-01 -0.278708617423D-01  0.324744787128D-01 -0.132918061018D-01
 -0.116096641196D-01  0.183215801894D-01 -0.126328868965D-01 -0.156742605347D-01
  0.147684456973D-01 -0.301632085907D-01  0.346993752377D-01  0.189208676299D-01
  0.208725843656D-01  0.906631042201D-03  0.293911683260D-01  0.394536928191D-01
 -0.913762178698D-02  0.239954591308D-01 -0.498765142737D-01 -0.194628495286D-01
  0.877041725878D-02 -0.810276971008D-01  0.465600651746D-02 -0.182097471510D-01
 -0.610104075875D-02  0.219731818599D-01 -0.849272770206D-02  0.318437371806D+00
 -0.108185787364D-01 -0.480356116468D-01  0.348985699627D-01  0.115967275635D-01
 -0.218701265958D-01 -0.775320605375D-02  0.105866312371D-01 -0.273861686788D-01
  0.101087883614D-01  0.738626843504D-02 -0.154725097789D-01  0.190928759673D-01
  0.264046015633D-01  0.217119528030D-02 -0.116247147731D-01  0.257083030584D-01
 -0.885566352494D-02 -0.204490317336D-02  0.186215369270D-01 -0.294904938655D-01
 -0.579388253851D-02 -0.362547229012D-01 -0.222259031213D-03 -0.146927032833D-02
 -0.195492832220D-01 -0.941228420417D-03 -0.229345390598D-02  0.252053816563D-01
 -0.278641823507D-01  0.351582411986D-01 -0.118215566612D-01 -0.380920033329D-01
  0.596212307261D-01 -0.254007429976D-01 -0.241546862338D-02 -0.190303101535D-01
 -0.400097979367D-01 -0.303036305270D-01 -0.111742357549D-01 -0.150767862150D-01
  0.282410935445D+00 -0.121819256277D-01  0.376050006999D-01 -0.124522949150D+00
  0.127007978661D-01 -0.159746736217D-01  0.147840236095D-01  0.130602688791D-02
 -0.128917137247D-01 -0.826449664469D-02 -0.676502025409D-02  0.128591408360D-01
 -0.109605235787D-01 -0.853648242908D-02  0.412873659634D-02 -0.174726307163D-01
 -0.177420146579D-02  0.243538603743D-01 -0.326473113559D-01  0.136422766490D-01
  0.378280166830D-02 -0.214146128238D-01  0.161569185543D-01 -0.201823603159D-03
 -0.343394797927D-01 -0.132633156685D-01  0.587530375341D-02  0.273304716108D-02
  0.277440087872D-01  0.286504143549D-02  0.265741343205D-01  0.302924182849D-03
  0.810326314409D-02 -0.234335203982D-01  0.709290381084D-02 -0.777228334014D-02
 -0.736071505098D-01 -0.255076199777D-02 -0.186332436348D-01 -0.160217573004D-01
 -0.151472969875D-01 -0.386469639895D-01  0.413914104315D+00 -0.398886399380D-02
  0.585507991990D-02  0.553878823823D-02 -0.225255887827D-01  0.214620145749D-01
 -0.406394656771D-02 -0.595833009310D-02 -0.150461769945D-03  0.101940060066D-01
 -0.102896342687D-01 -0.671243935973D-02  0.751189045021D-02 -0.174192803850D-01
  0.342187100268D-02 -0.879138609498D-02 -0.286507076873D-01  0.151773804949D-01
 -0.248453271564D-01 -0.157420348894D-01  0.354269840230D-01  0.651983365860D-02
 -0.434199963369D-01 -0.106156015309D-01 -0.254094463409D-01  0.634593371147D-02
 -0.555936818854D-02 -0.183093388941D-01 -0.282398819619D-01 -0.339186532248D-02
  0.209864089968D-02 -0.155122743057D-01 -0.232697389941D-01 -0.475057307249D-02
 -0.490184548116D-02  0.664447336636D-02  0.103000855442D-01 -0.540343511058D-01
 -0.467598981583D-01  0.678806476387D-02  0.961329902567D-02  0.332736041301D-01
  0.962884834842D-03  0.390642231025D+00 -0.734181932883D-02 -0.747514065913D-02
 -0.481169266169D-02  0.205421239532D-02 -0.514488397072D-01  0.293099144127D-01
 -0.101819425664D-01 -0.282216932896D-01 -0.355312734141D-01 -0.172319670040D-01
 -0.137367247503D-01 -0.268013638477D-01 -0.845900927023D-02 -0.170388441566D-02
  0.131306011674D-01 -0.167810499938D-01 -0.140993542879D-01  0.108381335442D-01
  0.908505809807D-02 -0.326256310000D-01  0.621899228554D-01 -0.493376600886D-01
  0.337510014471D-02 -0.176642787974D-02 -0.355810474885D-01  0.209323525881D-01
  0.321224696295D-01 -0.596569635705D-01  0.159120330883D-02 -0.235323329810D-01
  0.155487741182D-01 -0.577431131418D-02 -0.179435657543D-01  0.624303546941D-02
 -0.704139950241D-02 -0.473515301729D-02 -0.124290558560D-01  0.982086609466D-02
  0.318269493056D-02  0.121315642262D-01 -0.237864083180D-01 -0.167252041217D-01
  0.497778862237D-01  0.287420315275D+00  0.183053317209D-01 -0.193879052615D-02
  0.225405617292D-01 -0.395456989594D-02  0.284231205665D-01 -0.142484010121D+00
 -0.997775440874D-02  0.589968563407D-02 -0.311853898468D-01 -0.515129429250D-02
 -0.190539218607D-01 -0.393295680816D-03 -0.193272938889D-02 -0.866821500713D-02
  0.179976328917D-02 -0.694707761749D-02  0.116218497316D-02 -0.187024882582D-01
 -0.384731733342D-02  0.323993074352D-01 -0.159576312994D-01 -0.257194152830D-01
 -0.749132136688D-02 -0.103548007742D-01 -0.375607021298D-02 -0.149746025196D-01
  0.624866311708D-02 -0.866730567013D-02  0.795544129344D-02 -0.344471177791D-01
 -0.189892720870D-01  0.130956487465D-02 -0.257025882432D-01  0.297811630704D-01
  0.113975207167D-01 -0.653885591575D-02  0.525432834961D-02 -0.390306848648D-02
 -0.409575034687D-01 -0.139603095310D-01 -0.876543141482D-02  0.326326444152D-02
  0.154130169912D-01 -0.376671191259D-02  0.392845530654D+00 -0.686643831557D-02
  0.407775633289D-02 -0.115561663927D-01 -0.563102261928D-02 -0.927448800236D-02
 -0.207025329557D-01 -0.245447513103D-01 -0.820983132635D-02  0.110350754177D-01
 -0.276794185188D-01 -0.117461976902D-01  0.222029559497D-01 -0.312635553876D-01
  0.577488954133D-02  0.591479128210D-02 -0.361437826906D-02  0.237421027995D-02
 -0.199775620374D-01 -0.119221061402D-01 -0.200398662069D-01 -0.472089616909D-01
 -0.838956972631D-02 -0.207379650159D-01 -0.226805208349D-01 -0.493528721522D-01
  0.307231212053D-02  0.128859612602D-01 -0.148430194923D-01 -0.167537232823D-01
  0.218182033711D-02  0.271544284983D-01  0.277654511440D-01 -0.543609896330D-01
 -0.156489604241D-01 -0.608246005637D-02  0.947824794327D-03  0.485963716715D-02
  0.162255750236D-01 -0.305476489361D-01  0.306751270657D-01  0.110594423844D-01
 -0.925575616674D-02  0.875581751899D-02 -0.923481876138D-02 -0.209193468365D-01
  0.336976472261D+00  0.265554920274D-02 -0.349052118265D-01 -0.622609940177D-02
 -0.512747652196D-02 -0.201762826070D-01  0.107040861855D-01  0.608332725956D-02
 -0.437517405494D-01  0.381228072961D-01  0.647371415426D-03 -0.362404502795D-01
 -0.120420816372D-01  0.137171886338D-01 -0.880212405571D-02 -0.176405824757D-01
  0.959898411169D-03  0.983684022830D-02 -0.112568981243D-01  0.751661327228D-02
  0.766916719479D-02  0.233580920157D-01 -0.294478794578D-01  0.215263169713D-01
 -0.595909863568D-02 -0.111625115649D-01 -0.159964191868D-01 -0.179157514947D-01
 -0.371784221747D-01 -0.333296431110D-01 -0.154683071629D-01  0.266393508409D-01
 -0.206796735848D-01  0.219448807502D-01 -0.164382395180D-01 -0.125278987642D-01
 -0.353675414198D-01  0.381642713329D-01 -0.231420070206D-01 -0.445207737477D-02
  0.384294910035D-01 -0.108833170091D-01 -0.466997239467D-02 -0.299982146714D-01
  0.128764293356D-01  0.367260767622D-01  0.104327519418D-01  0.365507805039D+00
 -0.150510089098D-01  0.217567328230D-03 -0.155871398570D-01 -0.115841969962D-02
  0.450715283220D-02 -0.295669699774D-01 -0.998248681955D-02  0.287597282119D-01
 -0.136269971699D+00  0.393624150696D-03  0.209190958708D-01 -0.506704510395D-03
 -0.117033762123D-01  0.153752847414D-01 -0.167382948450D-01 -0.207368881276D-01
  0.385964505682D-02 -0.767379612943D-03 -0.288907887376D-02 -0.297568817013D-02
  0.463216361082D-02 -0.183240866372D-01  0.181470622294D-01  0.162688540148D-01
 -0.124830754821D-01 -0.147742169910D-01 -0.336391745609D-01 -0.931546146285D-02
  0.174247864124D-01 -0.560495328367D-02 -0.180177237806D-01  0.258396516887D-01
 -0.203684264131D-01  0.238254198162D-01 -0.483847324712D-01  0.180528489767D-01
 -0.128183857055D-01 -0.342512673270D-02 -0.568771283529D-02 -0.248805391220D-01
  0.109898368280D-01 -0.225696789090D-01  0.679879693138D-02 -0.123904987281D-01
 -0.551215368053D-01  0.310179581922D-01  0.202631017674D-01  0.423489176004D+00
  0.126147743204D-01 -0.156982060389D-01  0.116517304030D-01 -0.646246820516D-02
 -0.129889466785D-01 -0.116414837884D-01 -0.351550393795D-01 -0.108215795429D-01
  0.384315219642D-01 -0.596774662950D-01 -0.437015695826D-02  0.265421648824D-02
 -0.368791791263D-01  0.145213910698D-01 -0.312339415996D-01 -0.896865030081D-02
  0.933539683515D-02 -0.173916572903D-01 -0.540483945833D-03  0.628276432228D-02
 -0.113085216985D-01  0.387392721399D-02 -0.160166194428D-01 -0.226585536610D-01
 -0.250097097594D-01  0.893138636372D-02 -0.310216121321D-01 -0.697737688342D-02
 -0.605863850024D-02 -0.307739587338D-01 -0.279456655915D-01  0.448227801012D-02
  0.370879060817D-01 -0.109080261062D-02 -0.147570741717D-01  0.167330077889D-01
  0.771853221803D-01  0.394401307269D-01  0.495234086097D-01  0.850541203743D-02
 -0.208088956971D-01  0.159985191587D-01  0.384592102821D-01 -0.254364388357D-01
 -0.189134668507D-01 -0.706201681737D-01  0.106593720112D-01  0.305027063063D-01
  0.310878689365D+00 -0.360260386640D-02  0.851683746571D-02  0.439695895797D-02
 -0.106969334722D-01 -0.105689826952D-01 -0.753948128486D-02  0.163761430725D-01
 -0.258610488272D-01 -0.322450127793D-02  0.157820018844D-01 -0.393751117482D-01
  0.374203733304D-01  0.173089794131D-01  0.839447299563D-02 -0.179051049571D-01
 -0.229062407093D-01  0.837195617785D-02  0.929119846490D-02 -0.787167250308D-02
  0.211736196250D-01  0.425103314630D-01 -0.363016221671D-01 -0.362765042050D-01
  0.935169254920D-02  0.178604207057D-01  0.133813617867D-01 -0.314508022790D-01
 -0.860108789487D-02 -0.272638805181D-01 -0.973331780753D-02 -0.892474040645D-02
 -0.627575744062D-01 -0.851143402934D-03  0.174983377727D-01 -0.379521735699D-02
  0.679708012004D-02  0.298962557331D-01  0.285556070187D-01  0.896987758007D-02
  0.600121478493D-02 -0.174128082340D-01 -0.900737947203D-02 -0.460455486944D-01
 -0.855127624609D-02  0.195356051991D-02  0.371112562471D-01 -0.557433054613D-01
 -0.128864578138D-01  0.113838609488D-01  0.337572953943D+00 -0.126714134531D-01
  0.175584097856D-02 -0.993847901081D-02 -0.712493465578D-02 -0.607570457262D-02
 -0.282501556332D-02  0.356333877710D-02  0.154620289242D-02 -0.111631830688D-01
  0.271158776767D-02  0.222791338190D-01 -0.150135234787D+00 -0.359503066068D-02
 -0.145325063508D-01 -0.646453586146D-02 -0.328417118379D-02 -0.535068193710D-02
 -0.145088514409D-01 -0.273725578235D-02 -0.137985857691D-01 -0.102827726202D-01
 -0.450513032668D-01  0.276618878213D-01 -0.754947178899D-02  0.246212295878D-01
 -0.924782582572D-03 -0.159706048085D-01 -0.339776264571D-01  0.568926974804D-02
 -0.421817842228D-01  0.756840311180D-02  0.127866013004D-01 -0.111798336564D-01
  0.163442945333D-01 -0.271244637899D-01 -0.356451726023D-02 -0.814516994212D-02
  0.119159860188D-01 -0.218183936101D-02  0.121900125589D-01  0.220537249828D-01
 -0.832647093881D-02  0.299089344312D-02 -0.301292493858D-01  0.194135387477D-01
  0.203326271914D-01 -0.220544903538D-01 -0.581719516708D-01  0.148568311899D-01
 -0.119618098115D-01  0.417159438056D+00 -0.747028026666D-02  0.263370635066D-02
 -0.285046469594D-02  0.325484035343D-02  0.160512023602D-03  0.539974312658D-02
 -0.111823420135D-01  0.822474072398D-02  0.684605903742D-02 -0.199119813631D-01
  0.695229606940D-02 -0.228846807652D-01 -0.108420635951D+00 -0.290725744851D-01
  0.360224761153D-01  0.129529154854D-01 -0.474993155985D-02 -0.282499736070D-02
  0.208049603440D-01  0.190906418704D-01  0.156593702659D-01  0.231698132726D-01
  0.777033606556D-03 -0.735872776214D-02 -0.511658492247D-02 -0.590209998772D-02
 -0.398549398293D-02 -0.365133191939D-01  0.191647695838D-01 -0.349804785678D-01
 -0.168501524466D-01 -0.198981245694D-02  0.231501343571D-01 -0.156475595768D-01
  0.395961638287D-02 -0.409448127335D-02 -0.372510599959D-01 -0.473822537249D-01
  0.258718795391D-01 -0.192393534789D-01  0.206057797582D-01  0.124947150717D-01
 -0.227542171612D-01 -0.652421468925D-02  0.106784421868D-02  0.179055905444D-02
  0.223526308536D-01  0.214525073425D-02 -0.332105966395D-01  0.625017225330D-01
 -0.187345009053D-01  0.403029255689D+00 -0.123182099128D-01  0.224165783828D-01
 -0.307668170597D-02  0.116349260179D-01 -0.115898630760D-01  0.925070131880D-02
  0.103382930764D-01 -0.108547777328D-01 -0.202513866115D-01  0.141746311396D-01
 -0.987766977365D-02 -0.679430972944D-02 -0.240374045596D-01 -0.512370071205D-01
  0.231227341969D-01 -0.616493122139D-02 -0.371747434311D-01  0.114077349194D-01
 -0.217240317062D-02 -0.182718925937D-01  0.235534673965D-01  0.271206267452D-01
 -0.281814983763D-01  0.693702090932D-02  0.147747174069D-01 -0.362224995914D-01
  0.128322011358D-01  0.151763478065D-02 -0.519720910912D-02  0.108488728848D-01
 -0.232596258850D-02 -0.253283179901D-01 -0.111959894597D-01 -0.911879655041D-02
  0.163124072716D-01  0.505225935115D-02 -0.124062738569D-01  0.268197570695D-01
  0.216724753335D-01 -0.346389667799D-01  0.329441036456D-01 -0.242575513393D-02
  0.729663452208D-03 -0.444500769972D-01  0.297807126991D-02  0.368960775382D-01
  0.180578932851D-01 -0.251819549663D-01  0.302307700856D-01 -0.274109977920D-01
  0.166838726963D-02 -0.335472559313D-01  0.388492460991D+00 -0.134307416741D-01
  0.650738469882D-02  0.377099512035D-01 -0.118199675183D-01  0.171494491595D-01
  0.162221110227D-01  0.533184003239D-02  0.629651386740D-02 -0.486178307689D-02
 -0.112794052185D-01  0.461609351671D-02 -0.245256684546D-01  0.506844226154D-01
  0.695743608251D-02 -0.708134273180D-01 -0.184653259984D-02 -0.111219565044D-01
 -0.129541386706D-01 -0.484048761020D-02  0.197931712158D-01  0.116022655002D-02
  0.558643520999D-01 -0.108792654558D-01 -0.164160575578D-01 -0.367132202999D-01
 -0.560921192142D-02 -0.358576107158D-01 -0.239592209151D-01  0.173296578177D-01
 -0.390637626006D-01 -0.219598431161D-01 -0.133287938914D-01  0.120473311254D-01
 -0.505273482179D-02  0.121960485276D-01  0.189430296607D-01 -0.138775268176D-01
  0.174188056285D-01 -0.235030467903D-02  0.448559810092D-01 -0.201303039782D-01
  0.227252115950D-01  0.138139903020D-02 -0.553390157769D-02  0.229764468152D-01
  0.821675152562D-01 -0.931714417023D-02 -0.330632514912D-02 -0.617008717749D-02
  0.100990542388D-01 -0.349913337056D-01 -0.453843349621D-01 -0.365123006065D-01
  0.309102975277D+00 -0.112779480473D-01  0.393450064533D-01 -0.940800118846D-02
 -0.828750081951D-02  0.260211538653D-01  0.648672677679D-02 -0.187889162240D-01
  0.239373142699D-03 -0.152517741567D-01 -0.187805840323D-01 -0.322817573461D-02
 -0.900134025494D-02 -0.167262986127D-02 -0.233939677508D-01 -0.884883823896D-03
 -0.645564686949D-01  0.542143105582D-01 -0.301820407764D-01 -0.188257285429D-01
  0.208948660320D-01  0.595635904001D-02 -0.222988312038D-01 -0.442931356939D-02
 -0.476040486628D-02 -0.210142375373D-01 -0.265157398435D-01  0.181391115459D-02
 -0.199227866342D-01 -0.541119886592D-02  0.226174514470D-01 -0.128915562568D-01
 -0.946091351622D-03 -0.219304272176D-01  0.157567264819D-02  0.176717466940D-01
  0.248922042553D-01  0.989159482671D-02  0.678844938961D-01  0.195389490033D-01
  0.626773279830D-02  0.514936100239D-01 -0.178447455473D-01 -0.447446641345D-01
  0.102237544602D-01  0.892706260619D-02 -0.290830162828D-01 -0.271816552214D-01
 -0.309948112934D-02 -0.252039191912D-01 -0.661216128567D-01 -0.405140818695D-03
 -0.422125500614D-02 -0.335581741490D-01 -0.791679377369D-02  0.413861599833D+00
 -0.162612370702D-01  0.503172619953D-02  0.234127410277D-01 -0.376426144774D-02
 -0.290333594710D-01 -0.229084528689D-02  0.207541039891D-01 -0.125338419788D-01
  0.627004729649D-02  0.186224536489D-01 -0.142515629964D-01  0.741395036931D-02
 -0.669921709815D-02 -0.145698070652D-01  0.100269303766D-01  0.567137558526D-01
 -0.114451379165D+00  0.305947497040D-01 -0.105215891542D-01 -0.245620221079D-01
 -0.223791890131D-01  0.311093549323D-01 -0.130709092355D-01 -0.542876143511D-02
  0.161043246951D-01 -0.261880571816D-01  0.572469820393D-02 -0.108051085205D-01
 -0.603760613174D-02 -0.871918030859D-02  0.129270436056D-01 -0.157655970288D-01
  0.753114862517D-03 -0.347183907374D-01  0.652211026047D-02  0.121378892026D-01
 -0.320833221991D-02  0.278326986560D-01  0.101965590378D-01 -0.176925278695D-01
  0.187645398851D-01  0.280462668008D-01  0.156970939289D-01  0.135984339821D-01
  0.715621847827D-03 -0.989590135549D-02 -0.169269788509D-01 -0.152451533334D-01
  0.266012517929D-01  0.634085390011D-02 -0.246674279364D-02 -0.254979155955D-01
 -0.748713951851D-01 -0.245273477964D-01 -0.368744793776D-01  0.411203634427D+00
 -0.159813285810D-01 -0.135600361096D-01 -0.164382455199D-01 -0.145407272942D-01
 -0.111548920666D-01 -0.217331063192D-01 -0.121989079167D-01 -0.162240868396D-01
 -0.743456723700D-02  0.475185353214D-03  0.108368109383D-01  0.152746060480D-01
  0.239285748653D-01  0.640634654518D-02 -0.145444588435D-01 -0.223250161388D-01
  0.385584625229D-01 -0.795327145382D-01  0.903783291433D-02 -0.153118428514D-01
 -0.376458542314D-01 -0.217046334179D-01  0.236294134934D-01 -0.624821150024D-01
  0.207971413229D-01  0.337437775153D-01 -0.164213404574D-01 -0.280566322166D-01
  0.352263248735D-01 -0.177373946604D-02  0.831068086568D-03  0.230132312464D-02
 -0.176012814318D-02 -0.605832623062D-01  0.741211540843D-02 -0.190858990871D-01
  0.845439524405D-03 -0.103979532278D-01  0.155896096743D-01 -0.157844702996D-01
  0.307902865525D-01  0.252479138935D-02 -0.196535435797D-01  0.881855183769D-02
 -0.214590207667D-01 -0.255398151151D-02 -0.425353273646D-01 -0.692232580024D-02
  0.361936801725D-01  0.370646136495D-01  0.358199521025D-01  0.331815047001D-01
  0.108185860942D-01 -0.295133160124D-01  0.308368095605D-01 -0.729492531854D-01
  0.219977283639D+00 -0.159940903890D-01  0.136142017031D-01  0.189264291288D-01
 -0.223452783391D-01  0.123572550789D-01  0.140205298612D-02 -0.151335112786D-01
  0.255192879252D-02  0.275867567631D-01 -0.171764492432D-01 -0.133866051019D-01
  0.158253276693D-01 -0.126673931589D-01 -0.131237486229D-01 -0.132422103197D-01
 -0.235251342961D-01 -0.513091590087D-03 -0.205044932853D-01 -0.300668187869D-01
  0.836349563274D-02 -0.228137117339D-01 -0.458261673870D-01 -0.957041130508D-01
 -0.636964168802D-01 -0.120567550805D-02 -0.203383057188D-01 -0.177641921120D-01
  0.198780380965D-01 -0.116378026132D-01  0.105271115525D-03  0.828580145047D-03
  0.729116357378D-02 -0.152081144003D-02 -0.362957416463D-01  0.278243514572D-01
  0.824137683161D-02 -0.572586832153D-02  0.197086153342D-01  0.484855279299D-01
  0.910798673785D-02  0.405488875532D-02  0.109308336728D-01 -0.405594867833D-01
  0.235440270923D-01  0.605680771533D-02 -0.418598858719D-01  0.156379987689D-01
  0.271456567498D-01 -0.426893454286D-01  0.120709273139D-02  0.243139088064D-01
 -0.218755280681D-01 -0.136922337837D-01 -0.129458713027D-01 -0.448208313251D-01
 -0.132504624467D-01 -0.253082598263D-01  0.430382723013D+00 -0.624569830459D-04
 -0.172686577884D-01  0.315395866268D-02 -0.812537807562D-02 -0.238480206951D-02
 -0.196613946879D-01 -0.205551460837D-02 -0.931299146539D-02 -0.877373878322D-03
 -0.162639227043D-02 -0.250159329638D-01 -0.944230111103D-02  0.194039599914D-01
 -0.124856539227D-01  0.242991830983D-01  0.154942240398D-01  0.589450884407D-02
  0.154127147743D-01 -0.103651661616D-01  0.127775250029D-01 -0.655600740535D-02
 -0.819817446901D-01 -0.263227395491D+00 -0.974817889966D-01  0.290037427833D-02
  0.211473300204D-01  0.300559904945D-01  0.176127844280D-01  0.126937815241D-01
 -0.486595785730D-01  0.129443715851D-01  0.697118586294D-02 -0.577121196758D-02
  0.261406162330D-01 -0.386236557787D-01  0.143213736277D-01 -0.368458808590D-01
 -0.338267517667D-01  0.161855280926D-01  0.262910128493D-01 -0.103691308690D-01
 -0.965221034753D-02 -0.273113106359D-01 -0.132041572537D-01 -0.180279358114D-01
 -0.242326562521D-01 -0.893825954539D-02 -0.158572006842D-01  0.154245272778D-01
 -0.596873202963D-01 -0.109561929584D-01  0.148953640854D-01 -0.479243670742D-02
  0.421996110883D-01 -0.877405467577D-02 -0.141605275790D-01 -0.242051200080D-02
  0.346550393771D-01  0.492686196157D+00  0.725332597058D-02  0.101481525260D-01
 -0.215696183423D-01  0.147816654363D-02 -0.451892128263D-02 -0.154415849314D-01
  0.325441490454D-02 -0.931017076275D-02  0.127257486276D-02 -0.998051752427D-02
 -0.898522943991D-02  0.329698097386D-02 -0.726679459600D-02 -0.204938194759D-02
 -0.352306038064D-01 -0.139782996894D-01  0.149183407338D-02 -0.351401996498D-01
 -0.648503653518D-02  0.216117258254D-02 -0.200523930117D-01 -0.139487393250D-01
 -0.249835791669D-01 -0.829979533262D-01 -0.217080482906D-02 -0.285343544555D-01
 -0.433968359005D-01  0.213582118777D-01 -0.199277632917D-01  0.213260492288D-01
 -0.616064657190D-02 -0.261226102061D-01  0.530567433080D-02  0.157939525491D-01
  0.224326396908D-01 -0.352770620320D-01 -0.159369066166D-02  0.268985429908D-02
 -0.320158204267D-01 -0.102139313385D-01  0.200953588100D-02 -0.253456224360D-01
 -0.458758104723D-02 -0.470118139412D-01 -0.219529032816D-01  0.413887905080D-01
  0.299208869339D-01  0.298163544426D-02 -0.242322473507D-01  0.174726481307D-01
  0.189059503093D-01 -0.246465112451D-01 -0.329020046927D-01 -0.570681322052D-01
 -0.409067850321D-02  0.447188974616D-01 -0.124465630705D-01  0.111228869780D-01
  0.150373205601D+00  0.342728894575D+00 -0.206144708485D-01 -0.157903152516D-02
 -0.203606718699D-01 -0.874607086414D-02 -0.708008037974D-02 -0.243241593388D-02
 -0.184835510527D-01 -0.159248490116D-01  0.317940121589D-01 -0.329204551602D-01
 -0.889314259473D-02  0.545402917989D-03 -0.231951729790D-01  0.926917762161D-02
 -0.137551449795D-02 -0.370192648690D-02  0.427768937537D-02  0.168882101048D-02
 -0.789070494450D-02 -0.499158038100D-02 -0.195848785913D-01  0.304538009165D-01
  0.751977210343D-02  0.324886995058D-02 -0.208447644491D-01  0.349917874605D-01
 -0.303376736816D-02 -0.239014731986D-01 -0.750274239786D-02 -0.258027258184D-01
 -0.404461037865D-01 -0.370556980424D-01  0.440245106114D-01 -0.366445632572D-02
 -0.217283745548D-01  0.653256197261D-03  0.422627914553D-02  0.740186054678D-02
 -0.771209627341D-01 -0.735973502757D-01  0.441091208088D-01  0.699815719402D-02
 -0.423222656694D-02  0.368434499374D-01  0.166205616959D-02 -0.467380723575D-02
 -0.250475984821D-01  0.318996662508D-01 -0.689847512539D-01 -0.162742488528D-01
 -0.321911374649D-03 -0.227702806401D-01  0.226351671162D-01  0.127525707023D-01
 -0.654339726619D-02  0.133947171678D-01  0.243697426146D-01  0.371326590059D-01
  0.124023465610D-01 -0.167026029047D-01  0.272946750942D+00  0.478744963585D-02
 -0.268763929445D-03 -0.300696967001D-02 -0.308463960295D-02  0.168806240660D-04
 -0.412892085049D-02 -0.292376650779D-02 -0.619108442220D-02 -0.249881086862D-01
  0.538103706573D-03 -0.203358512058D-01  0.110003277444D-01 -0.852282735738D-02
 -0.259212080967D-01  0.497150720864D-02 -0.263579362210D-01 -0.422517875592D-01
  0.654305096029D-02 -0.216544259240D-01 -0.193292036258D-01 -0.248665865213D-01
  0.177017760695D-01 -0.797425295923D-02  0.540763424677D-03 -0.324717651124D-01
 -0.239336008577D+00 -0.109477878821D+00  0.238375361047D-01 -0.548099635417D-01
  0.375090560806D-01  0.139834274735D-01 -0.124554842409D-01 -0.162332023404D-01
  0.196191561541D-01 -0.161610079389D-01  0.120217835143D-02  0.110759599514D-01
 -0.149878528202D-01  0.239509824722D-02  0.396879774590D-01  0.157973821694D-01
  0.589823612278D-02 -0.878893968422D-02  0.192300568215D-01 -0.219551810043D-01
 -0.120905032816D-01 -0.232380787368D-01 -0.400584680572D-02  0.643042552231D-02
  0.743638452192D-02  0.109385663191D-01 -0.203847260768D-01 -0.539610930073D-01
 -0.250562220221D-02 -0.383832503614D-01 -0.407801323933D-01  0.237909695856D-01
 -0.268658392753D-01  0.173633984083D-01 -0.385525542625D-01  0.504707592949D-01
  0.501759952626D+00  0.830387791079D-03 -0.297935534863D-01 -0.330703084836D-02
 -0.522159711777D-02 -0.844111512005D-03 -0.671411874152D-02  0.339784125936D-02
  0.322611508972D-02 -0.213213771436D-01  0.375791787816D-02 -0.122311020545D-01
 -0.368466472883D-01  0.302916542016D-02 -0.360041850036D-02 -0.391997198870D-01
 -0.305806832568D-02  0.103862623057D-01 -0.154387605171D-01  0.116859270309D-01
  0.247967935774D-01  0.116424158084D-01 -0.420390972948D-01  0.135572902837D-01
 -0.152027296231D-01  0.757914663444D-02 -0.721291644852D-01 -0.900142355348D-01
  0.533409822673D-01 -0.298362345396D-01 -0.430894929934D-01  0.106954749656D-02
 -0.707524768107D-02 -0.116474008963D-01 -0.361684524790D-01 -0.255583052220D-01
 -0.413566290270D-02  0.285870778878D-01 -0.285976614400D-01  0.665876208277D-02
 -0.262997702366D-01 -0.370485310085D-01  0.743961643689D-02 -0.171035445281D-01
  0.316481240043D-01 -0.108977367537D-01  0.452370618530D-01 -0.799197139955D-02
 -0.215682558802D-01 -0.923471957416D-02 -0.589881543321D-02 -0.473366213296D-01
 -0.485538039845D-02  0.231625101508D-01 -0.301008730580D-01  0.192464106653D-01
  0.310571687935D-01  0.116524782168D-01 -0.104101673226D-01  0.327659347368D-02
 -0.172551179872D-01  0.151374764824D-01  0.639226378664D-01  0.410747942217D+00
 -0.192449371502D-01 -0.230754935628D-01  0.724756546621D-02 -0.532192710168D-02
 -0.164056500320D-01  0.224022491466D-01 -0.221370791501D-01 -0.355206658022D-04
  0.731723488646D-02 -0.474655422916D-02  0.197997450170D-01  0.193673672773D-01
 -0.581431172429D-02  0.141807434142D-01  0.283026518847D-02 -0.145742238906D-01
  0.131701437644D-01  0.528043262329D-02 -0.583445762890D-02 -0.168676979337D-01
  0.922203412058D-02 -0.879094382398D-02  0.343504290072D-01  0.121877640169D-01
 -0.261824629685D-02  0.129951835927D-01 -0.185957446144D-02 -0.161506503924D+00
 -0.967886051858D-01  0.100917860240D+00 -0.292335376895D-01 -0.369298449711D-01
 -0.525639463080D-01 -0.484185303888D-02  0.277993837331D-01 -0.469140061513D-01
 -0.113886448913D-01 -0.115384748061D-01  0.329323788443D-01  0.611584384405D-02
 -0.640584699603D-01 -0.196800017492D-01 -0.209312858193D-01 -0.332651064856D-01
  0.921504497805D-02 -0.550758239478D-01  0.218009996808D-01  0.123895674996D-01
 -0.112178238032D-01  0.305779664737D-02  0.223056953519D-01 -0.267008530266D-01
  0.254929938464D-02  0.681212108318D-02 -0.163036932539D-01  0.115530871920D-01
  0.230323784114D-01 -0.407351042403D-01  0.255481777471D-01 -0.196376508064D-01
  0.938799382976D-01  0.354680089009D-02 -0.135166537781D-02  0.427716815847D+00
 -0.142660627253D-01  0.346549493977D-02 -0.693588490593D-02  0.514726932917D-02
 -0.183443513694D-01  0.842977252480D-02  0.136159978264D-01 -0.160015776241D-01
  0.185701058855D-01  0.511621084356D-02 -0.780077289037D-02  0.959990904577D-02
 -0.406468859836D-02 -0.551494599569D-02 -0.207705797904D-01 -0.725684896451D-02
 -0.173036635023D-01 -0.189257773871D-01  0.120014746066D-03 -0.283593926259D-01
 -0.466622747556D-02  0.542867707428D-02 -0.425823856665D-01 -0.204741426995D-01
 -0.364059844843D-01 -0.126733877423D-02 -0.158185400011D-01 -0.690511546667D-01
 -0.790443116971D-01  0.292735709416D-01  0.210468505911D-01 -0.980534241448D-02
  0.387319229467D-01  0.793483137723D-02 -0.165414327609D-01  0.105343199820D-01
 -0.223834394352D-01 -0.686177048597D-02 -0.382451628141D-01  0.366614244389D-02
  0.105581458199D-01 -0.120797765879D-01  0.244974159216D-02 -0.425538740579D-01
  0.350673587197D-02  0.501035319013D-02 -0.225985693891D-01  0.178988469813D-01
 -0.216369278869D-01 -0.248263327057D-01  0.409564635696D-04 -0.640079008933D-02
 -0.317223703140D-01 -0.541933148714D-03 -0.849436036778D-02 -0.140789387981D-01
 -0.605899122339D-02  0.522327706984D-02 -0.515785464958D-01 -0.233569728533D-01
 -0.779306400111D-01 -0.954935885196D-02  0.275583151722D-01  0.162125810572D+00
  0.426916388549D+00  0.554894011951D-02  0.303379713399D-04 -0.135428478375D-02
  0.215550444175D-02 -0.705198328786D-02 -0.739411435740D-02  0.359001296147D-02
 -0.498026854256D-03 -0.369268246176D-02 -0.201092535226D-01 -0.178407663554D-01
 -0.999292641133D-02 -0.692763257123D-02  0.565159339603D-02 -0.386236265290D-01
  0.168594188172D-01 -0.186274710962D-01 -0.100792620999D-01  0.115328591050D-01
 -0.278161664093D-02 -0.100158382255D-01  0.394881567355D-01 -0.946342046607D-01
 -0.204734133274D-01  0.144882925498D-01  0.444615870946D-01 -0.306554407013D-01
  0.139911431615D+00  0.907293323135D-01 -0.120176731584D+00  0.483815075181D-03
 -0.172699854914D-02 -0.340623651277D-01 -0.394283840905D-01  0.582915965513D-03
 -0.692452259341D-03  0.788054425400D-02 -0.271380685160D-02  0.241531118572D-01
  0.478953725118D-02 -0.350241980313D-01 -0.187023314361D-02  0.959415207581D-02
  0.438971422284D-02  0.122915201709D-01 -0.128935807547D-01  0.554618794382D-01
  0.390366555699D-02 -0.434072103499D-01 -0.609864684570D-02 -0.188475373304D-01
 -0.239079927210D-03  0.283749075271D-02 -0.526762451983D-01  0.210403788905D-01
 -0.142322229158D-02  0.657092451040D-02 -0.440768310037D-01 -0.489483856587D-01
  0.240152876926D-01  0.216286990408D-01  0.498634174301D-01 -0.516769133844D-01
 -0.114937171790D+00 -0.432269520858D-01  0.404401802746D+00 -0.126302893231D-01
 -0.172382010216D-01  0.145062400940D-01 -0.206519147357D-01  0.149477425572D-01
  0.222363251515D-02 -0.158326578182D-01  0.144522528051D-01  0.146806612886D-01
 -0.106361243976D-01  0.515376684018D-02 -0.521229054853D-02 -0.167746892085D-02
  0.299069838121D-02  0.214877326001D-02  0.116519124772D-02  0.455523865579D-02
  0.489106345111D-02 -0.196302867521D-01 -0.621550894509D-02 -0.441808331248D-01
  0.288031295487D-01  0.208695842937D-01  0.114306815567D-01  0.144480071846D-01
 -0.149672917735D-01 -0.141476332705D-01 -0.440953006094D-01 -0.285616444767D-03
  0.216777608587D-01 -0.795289084685D-01 -0.126386706127D+00 -0.383063405357D-01
  0.235887542923D-01 -0.232735677756D-01  0.118021228596D-01 -0.462886406960D-01
 -0.332001361694D-01 -0.226966604836D-01  0.773396101319D-02 -0.500982555064D-02
  0.115634625516D-01 -0.643531906713D-01  0.873347484284D-01  0.279351653120D-01
 -0.140319806938D-01 -0.208029435889D-01  0.639281640114D-02  0.195518376387D-01
 -0.189328405126D-01 -0.573843565277D-02 -0.286923668418D-01  0.224443455473D-01
 -0.247595503136D-01 -0.194155521384D-01 -0.672268022307D-02  0.397871481919D-01
 -0.741275438411D-02  0.133927849698D-01  0.127069992973D-01 -0.397034668794D-01
  0.979346640955D-02 -0.120816566501D-02 -0.671571094685D-01  0.483975776599D-01
 -0.106941619478D-02  0.382193065259D+00  0.830598649183D-03 -0.275735577173D-01
 -0.661872003703D-03 -0.259352392799D-02 -0.642502279830D-02 -0.191263433334D-01
 -0.181302698833D-01 -0.395179144865D-02  0.125901898501D-01  0.268786677779D-02
 -0.151571097971D-01  0.283987971487D-01  0.941954798434D-02 -0.147598164560D-01
  0.128141842188D-01  0.761318340770D-02  0.447478739391D-02 -0.487188521783D-02
  0.276852687287D-02  0.273314181707D-02  0.127728813582D-01  0.740942989459D-02
 -0.900543756188D-02 -0.169042222846D-01  0.221533348997D-01 -0.303364182857D-01
  0.917583349956D-03 -0.279165200214D-01 -0.275215996789D-02  0.162857919719D-01
 -0.871202508571D-01 -0.215837020274D+00 -0.387342200195D-01  0.134449229929D-01
 -0.211983266583D-01 -0.152799505412D-01  0.218994482197D-02 -0.198369792482D-01
  0.195145891569D-01 -0.161063076067D-01 -0.332119911927D-01 -0.577262041306D-02
 -0.652705278871D-02 -0.455988486744D-01 -0.178780271831D-01  0.262167674196D-01
 -0.528652992654D-02 -0.606008492466D-02 -0.104794915370D-01 -0.425078924320D-01
  0.280158283950D-01 -0.453687519149D-02 -0.317668992277D-01 -0.870712766356D-02
  0.284889847650D-02 -0.850053424382D-02 -0.254702284323D-01  0.168428213086D-02
 -0.294985445017D-01 -0.398603692343D-01 -0.949176576287D-02  0.304177835310D-01
  0.231753276877D-01 -0.100978109576D-01 -0.194648797386D-01 -0.415875086113D-02
  0.663769740186D-01  0.565148481489D+00 -0.890648651261D-02  0.201614298340D-01
 -0.162512876047D-01  0.500538969288D-02 -0.977899824133D-02 -0.130433983683D-01
  0.932735455850D-02  0.155816549243D-02 -0.103565996452D-01  0.194091315267D-01
 -0.247993877026D-01 -0.147150527615D-01  0.174751450431D-01 -0.118964915648D-01
 -0.110469316724D-02  0.909593792196D-02 -0.932657815623D-02  0.987768200320D-02
 -0.353672733775D-04 -0.116577435782D-01 -0.465648079572D-02  0.308818753650D-01
 -0.511200713499D-02  0.872848141974D-02  0.283147890781D-01  0.225333965811D-01
 -0.837990890179D-02  0.659454437520D-02 -0.131902627442D-01 -0.404380731729D-01
 -0.196530937774D-01 -0.108322270946D+00 -0.115268983742D+00 -0.254752582327D-01
  0.268627437615D-01 -0.176295546805D-01  0.224199681133D-01  0.491052955160D-01
 -0.623965649527D-01 -0.476257959810D-01  0.387236950513D-01 -0.192438410614D-02
  0.759894389011D-03 -0.327644963093D-02 -0.515307781998D-02 -0.189834324884D-01
  0.306617983283D-01 -0.843737960239D-02  0.250449423173D-01 -0.442205888684D-01
 -0.199617714552D-01  0.204044560611D-01 -0.279943831841D-01 -0.198194208449D-02
 -0.158004444504D-01 -0.210894182398D-01  0.232860494174D-01  0.771957588204D-02
  0.418056496543D-03 -0.815951436999D-02 -0.335492853307D-01  0.534024877275D-01
 -0.101118812140D-01 -0.426598902520D-01  0.279311708650D-01 -0.666799169503D-01
 -0.206662018404D-01  0.477131245408D-01  0.355558764277D+00 -0.119179683495D-01
  0.253446759524D-01  0.252812801835D-02 -0.121079708618D-01  0.122397411903D-01
  0.191968795452D-01 -0.116927315228D-01  0.192829885284D-01  0.278931373919D-02
 -0.162142737839D-01 -0.262126625871D-03 -0.109336750541D-01 -0.287238200411D-02
 -0.626836446225D-02 -0.121376353974D-02 -0.104830409973D-01 -0.308555580214D-02
 -0.138029121063D-01 -0.453563318856D-02  0.119539935555D-01  0.227217426498D-01
 -0.189429186126D-01 -0.639106405628D-02  0.165874261862D-01 -0.538203066240D-01
 -0.882639156848D-02  0.841285406366D-02  0.595367220717D-01 -0.116826465059D-02
 -0.618093449886D-02 -0.450036325569D-02  0.295460216532D-01  0.202013319063D-01
 -0.238645269687D+00 -0.844458781781D-01  0.720323821526D-01 -0.257737267405D-01
  0.145028933161D-01  0.914987841057D-02 -0.713868936869D-01 -0.412972364233D-01
 -0.308949213283D-01 -0.555863113481D-02  0.386745834898D-01  0.191181082764D-01
  0.488873299609D-02 -0.133118734274D-01 -0.120514510701D-01 -0.104357264510D-01
  0.102940694618D-01 -0.100119281660D-01 -0.271739776069D-01 -0.110655397866D-01
 -0.178938837077D-01 -0.229430836543D-01 -0.275650836891D-01 -0.462574262937D-02
 -0.314149225419D-01 -0.357250282113D-01  0.513389842995D-01 -0.137249980933D-01
  0.557807332045D-04 -0.359483143465D-01  0.646231611088D-02 -0.173918570863D-01
 -0.159031827276D-01  0.142540666152D-01  0.273555901877D-01  0.309022518149D-01
  0.509002981003D+00  0.223790587730D-01 -0.272952038991D-01  0.242322589506D-01
  0.216740960313D-01 -0.377300461004D-01 -0.453346340101D-02 -0.973355341529D-02
 -0.240558085612D-01 -0.149327940101D-01 -0.102733133674D-01 -0.118442290965D-01
 -0.664838464330D-02  0.139480744078D-01 -0.150575705729D-02  0.214557926388D-02
  0.301159605842D-01  0.471833542087D-02 -0.161716401733D-01  0.396788783289D-01
 -0.101716089612D-01  0.620539787190D-02  0.179689721873D-01  0.457241827425D-01
 -0.998665051331D-03 -0.256403485343D-01 -0.203911009701D-02  0.595554791654D-02
 -0.197235876873D-01 -0.141589196554D-01  0.102583203899D-01 -0.147163043738D-01
 -0.319629262381D-01 -0.378623995804D-01 -0.686665974616D-01 -0.113864477938D+00
  0.100336590208D+00  0.435587596202D-01 -0.509841431215D-02 -0.123813797225D-01
 -0.800385313433D-02 -0.160333002463D-01  0.209359689535D-01  0.252146470897D-01
 -0.285731370772D-01 -0.800368467238D-02 -0.377184319326D-01 -0.423079621491D-01
 -0.230147983275D-01 -0.246505796764D-01  0.229420548987D-02 -0.977175703514D-03
  0.466963594661D-02 -0.213245261979D-02 -0.118483169252D-01 -0.752513947677D-02
 -0.495113478980D-01 -0.533144588395D-01  0.307945847050D-01  0.248408386745D-01
  0.226968983569D-01 -0.981609599767D-02 -0.447070679584D-02  0.483797835708D-02
 -0.434149260816D-01  0.248601268491D-01  0.307467614855D-01 -0.376738624340D-01
 -0.201044340798D-01 -0.284067842026D-01  0.675539258991D-01  0.340422153605D+00
 -0.147234457416D-01 -0.907025054517D-02 -0.501210687980D-01  0.127672413065D-01
  0.132518785984D-01 -0.443238131201D-01 -0.840509918675D-02 -0.347011415801D-02
 -0.197073953774D-01 -0.415485095846D-02  0.143433426824D-01 -0.163951474130D-01
  0.124796771053D-03 -0.204098940753D-03  0.518408729051D-02  0.162812949387D-01
 -0.282035844034D-02  0.211384946592D-01 -0.222293731261D-02  0.690077990428D-02
 -0.259230510940D-01  0.364066502085D-01 -0.988475200872D-03  0.121581705475D-01
 -0.101910686697D-02 -0.118779530572D-01  0.576675911171D-02 -0.711187879262D-01
  0.197819997831D-01 -0.493405383308D-02 -0.215116739978D-01  0.136725032077D-02
  0.315271586236D-01  0.110891129329D+00  0.981187723075D-01 -0.147619126378D+00
  0.243946879509D-01  0.287481539244D-01  0.365496783186D-02  0.210086578250D-01
 -0.626473804079D-01 -0.712373714657D-01  0.406623400247D-01  0.383255122491D-01
 -0.400713321504D-01 -0.367190180324D-02 -0.542662660679D-01 -0.284941621956D-01
 -0.206910102740D-01 -0.245493397505D-01 -0.157170693343D-01 -0.940430138092D-02
  0.192253106483D-03 -0.244063627632D-01 -0.207801068925D-01 -0.345495213007D-01
  0.184976994974D-01  0.244205529976D-01 -0.538412132898D-02  0.435168773594D-01
  0.388149512274D-02 -0.222574259042D-01  0.277233612211D-01  0.614394776237D-02
  0.190253142923D-01  0.362767134129D-02 -0.376100000817D-02  0.128740443447D-02
  0.291994882775D-01 -0.115518571888D+00 -0.925735650095D-02  0.286955218162D+00
$end
