$coord
   -1.99661086597095      2.46260020298502     -2.48745641784647  c
    0.35109731133405      3.49806806493694     -2.96163777687329  c
    1.89058704043726      4.36547433449918     -0.97732887325819  c
    0.97771581080491      4.11179083479864      1.50083931938411  c
   -1.37179621621399      3.05437553740892      1.95230583491065  c
   -2.91777304480295      2.22732886270441     -0.01774875003522  c
   -5.40975278392919      1.09562606771391      0.64793810631771  c
   -5.90284810560222      0.38434765161475      2.79061635300184  o
   -7.12761517702649      0.86529866803830     -1.28950923962215  n
   -9.67508308511208     -0.02604360907938     -0.84162298036175  c
  -10.27773342173292     -2.50427823866704     -2.26611496447444  c
   -8.53918698299732     -4.70440536477122     -1.57878650102452  c
   -8.80522273805777     -5.86326774211507      1.02457595013873  c
   -7.36832843526411     -7.40160855151128      1.88175523001189  o
  -10.87152836051765     -5.05479954711554      2.29370936799293  o
  -11.69919404080922      1.91808145802180     -1.48763218726837  c
  -13.89716209140516      1.68454489599922     -0.96674041873119  o
  -10.80072904831250      3.93189477420819     -2.78890923979766  o
    4.18375984135449      5.48671388968991     -1.54729544848875  n
    6.18196249132197      5.81404621759148      0.29543862455888  c
    7.52338470216175      3.38659847460447      1.03190220081380  c
    8.13976758408258      2.79364574066110      3.54796802825353  c
    9.32261527956558      0.70341837825380      4.20960842580949  n
    9.94279586605504     -0.91554007520341      2.34873678537187  c
    9.33357517453662     -0.30970316120444     -0.18538917811244  c
    8.14562627568731      1.81903623929405     -0.81111964874317  n
   10.04049808328418     -2.08388278716838     -2.21664284611836  c
    9.69887553898399     -1.83777449241190     -4.46264508216206  o
   11.24840363698104     -4.24518996054852     -1.26646285924198  n
   11.73391113400967     -4.66831608737137      1.24758608374255  c
   11.12767582054116     -3.10692077849428      3.03410148489188  n
   13.00090494681938     -6.83890012177142      1.82254833790079  n
   -3.07823312884959      1.76706175301235     -4.08028666616359  h
    1.03335246460893      3.63312812141572     -4.88838012595050  h
    2.10286545369721      4.72825464923461      3.09048131277059  h
   -2.05074127505181      2.84002081519336      3.86869666929853  h
   -6.81474796343838      1.85300609984026     -2.88294208588859  h
   -9.83324460452936     -0.36979139690484      1.18449653756454  h
  -10.10488538173161     -2.15740245035991     -4.29823733760990  h
  -12.24342149888944     -2.99307670680542     -1.89627362862544  h
   -6.55425835015463     -4.18197580992380     -1.78075385669154  h
   -8.84460053564950     -6.25867079471723     -2.90766981429287  h
  -10.85225745160628     -5.88616092837662      3.92828110617736  h
  -12.23206778352884      5.02804514443227     -3.12585347463054  h
    4.83792300872649      5.05240011505748     -3.28411105225832  h
    5.44387013738466      6.75606869619328      1.97328167657111  h
    7.56608430491123      7.10709080830626     -0.53008633177193  h
    7.63364851925441      4.08281213030655      5.06531513776566  h
   11.84141040993293     -5.47891335165949     -2.59912646434899  h
   12.87090514748205     -8.34015356258013      0.66305417711626  h
   13.09580449746687     -7.22400688670607      3.68486580353514  h
$user-defined bonds
$end
