$energy      SCF               SCFKIN            SCFPOT
     1 -1569.904561324      1562.917391663     -3132.821952987
     2 -1569.911489138      1563.431126168     -3133.342615307
     3 -1569.914118370      1563.285514630     -3133.199633001
     4 -1569.916052044      1563.354472939     -3133.270524983
     5 -1569.917106038      1563.421375814     -3133.338481851
     6 -1569.917744953      1563.484444979     -3133.402189933
     7 -1569.918172385      1563.489783128     -3133.407955513
     8 -1569.918436167      1563.437561618     -3133.355997785
     9 -1569.918629114      1563.417073475     -3133.335702589
    10 -1569.918781276      1563.415834475     -3133.334615751
    11 -1569.918902471      1563.428277654     -3133.347180125
    12 -1569.918988878      1563.463023109     -3133.382011987
    13 -1569.919051149      1563.467664967     -3133.386716116
    14 -1569.919140293      1563.475249582     -3133.394389875
    15 -1569.919255291      1563.479184444     -3133.398439735
    16 -1569.919327958      1563.474966383     -3133.394294341
    17 -1569.919383458      1563.465477679     -3133.384861137
    18 -1569.919425905      1563.455626309     -3133.375052213
    19 -1569.919461738      1563.455528646     -3133.374990384
    20 -1569.919524690      1563.455522234     -3133.375046924
    21 -1569.919580261      1563.454952241     -3133.374532503
    22 -1569.919649137      1563.449509792     -3133.369158929
    23 -1569.919700890      1563.443698080     -3133.363398970
    24 -1569.919752813      1563.440186523     -3133.359939336
    25 -1569.919805122      1563.433647915     -3133.353453037
    26 -1569.919851819      1563.429424132     -3133.349275951
    27 -1569.919890706      1563.429615437     -3133.349506143
    28 -1569.919935775      1563.427792762     -3133.347728538
    29 -1569.919982257      1563.429639272     -3133.349621529
    30 -1569.920008104      1563.434659048     -3133.354667152
    31 -1569.920029756      1563.435681463     -3133.355711219
    32 -1569.920050334      1563.439323347     -3133.359373681
    33 -1569.920071658      1563.444891175     -3133.364962834
    34 -1569.920083095      1563.444971222     -3133.365054317
    35 -1569.920098715      1563.442788002     -3133.362886718
    36 -1569.920116186      1563.440376513     -3133.360492700
    37 -1569.920130213      1563.436651220     -3133.356781433
    38 -1569.920144854      1563.434188023     -3133.354332876
    39 -1569.920160229      1563.434420209     -3133.354580438
    40 -1569.920180708      1563.438727411     -3133.358908119
    41 -1569.920195353      1563.442650931     -3133.362846285
    42 -1569.920212741      1563.447539389     -3133.367752130
    43 -1569.920239144      1563.451049978     -3133.371289123
    44 -1569.920259491      1563.449801313     -3133.370060804
    45 -1569.920275625      1563.449759401     -3133.370035025
    46 -1569.920301630      1563.446164847     -3133.366466477
    47 -1569.920332907      1563.439939169     -3133.360272076
    48 -1569.920351993      1563.437595573     -3133.357947566
    49 -1569.920369596      1563.434835935     -3133.355205530
    50 -1569.920400341      1563.429491231     -3133.349891572
    51 -1569.920438830      1563.430412599     -3133.350851429
    52 -1569.920475178      1563.432660787     -3133.353135965
    53 -1569.920505118      1563.436899661     -3133.357404779
    54 -1569.920534632      1563.438543349     -3133.359077980
    55 -1569.920574591      1563.440365739     -3133.360940330
    56 -1569.920590370      1563.437329142     -3133.357919512
    57 -1569.920609874      1563.429698975     -3133.350308849
    58 -1569.920642495      1563.419063850     -3133.339706345
    59 -1569.920656753      1563.414974151     -3133.335630904
    60 -1569.920676380      1563.413898955     -3133.334575335
    61 -1569.920695697      1563.415369008     -3133.336064705
    62 -1569.920723795      1563.419104421     -3133.339828215
    63 -1569.920753177      1563.422783641     -3133.343536818
    64 -1569.920765243      1563.422248457     -3133.343013699
    65 -1569.920785791      1563.417195032     -3133.337980823
    66 -1569.920803098      1563.416460036     -3133.337263134
    67 -1569.920815244      1563.413260952     -3133.334076196
    68 -1569.920828331      1563.413718711     -3133.334547042
    69 -1569.920845013      1563.418581672     -3133.339426684
    70 -1569.920858587      1563.424033496     -3133.344892084
    71 -1569.920872680      1563.432809209     -3133.353681890
    72 -1569.920885954      1563.435964713     -3133.356850667
    73 -1569.920899020      1563.437058697     -3133.357957717
    74 -1569.920905101      1563.435828937     -3133.356734038
    75 -1569.920911011      1563.437508306     -3133.358419317
    76 -1569.920915412      1563.428424451     -3133.349339863
    77 -1569.920919825      1563.433347666     -3133.354267491
    78 -1569.920929484      1563.436524314     -3133.357453798
    79 -1569.920936170      1563.437080791     -3133.358016961
    80 -1569.920941536      1563.435152451     -3133.356093987
    81 -1569.920946974      1563.429339247     -3133.350286221
    82 -1569.920951981      1563.426291057     -3133.347243037
    83 -1569.920961350      1563.420765879     -3133.341727229
    84 -1569.920966540      1563.422094785     -3133.343061325
    85 -1569.920972458      1563.422216928     -3133.343189385
    86 -1569.920976553      1563.422128623     -3133.343105175
    87 -1569.920984597      1563.419178669     -3133.340163267
    88 -1569.920993452      1563.411449595     -3133.332443046
    89 -1569.920999994      1563.407063227     -3133.328063221
    90 -1569.921015763      1563.406411769     -3133.327427533
    91 -1569.921029839      1563.407089589     -3133.328119428
    92 -1569.921036406      1563.410138195     -3133.331174601
    93 -1569.921053615      1563.420686155     -3133.341739770
    94 -1569.921068998      1563.428413618     -3133.349482616
    95 -1569.921077686      1563.433392434     -3133.354470121
    96 -1569.921082033      1563.437764603     -3133.358846636
    97 -1569.921091123      1563.441999891     -3133.363091014
    98 -1569.921104173      1563.437482030     -3133.358586203
    99 -1569.921114940      1563.443890508     -3133.365005448
   100 -1569.921130430      1563.436270551     -3133.357400981
   101 -1569.921145711      1563.431176615     -3133.352322327
   102 -1569.921162758      1563.425893475     -3133.347056233
   103 -1569.921174433      1563.423097432     -3133.344271865
   104 -1569.921185459      1563.424095429     -3133.345280888
   105 -1569.921205397      1563.423230007     -3133.344435404
   106 -1569.921229429      1563.426360627     -3133.347590057
   107 -1569.921244910      1563.416108551     -3133.337353461
   108 -1569.921255779      1563.437241797     -3133.358497575
   109 -1569.921270567      1563.422326055     -3133.343596622
   110 -1569.921280979      1563.403909805     -3133.325190784
   111 -1569.921293233      1563.427070425     -3133.348363658
   112 -1569.921299581      1563.421437818     -3133.342737399
   113 -1569.921307915      1563.412375803     -3133.333683719
   114 -1569.921315607      1563.413347192     -3133.334662799
   115 -1569.921325757      1563.420227065     -3133.341552822
   116 -1569.921329325      1563.421512424     -3133.342841750
   117 -1569.921336435      1563.417081048     -3133.338417483
   118 -1569.921345566      1563.412736457     -3133.334082023
   119 -1569.921350087      1563.413749504     -3133.335099591
   120 -1569.921358006      1563.421052693     -3133.342410699
   121 -1569.921361803      1563.421870379     -3133.343232181
   122 -1569.921365317      1563.426479855     -3133.347845171
   123 -1569.921370166      1563.426412210     -3133.347782376
   124 -1569.921373867      1563.425559110     -3133.346932977
   125 -1569.921377775      1563.424819633     -3133.346197409
   126 -1569.921381523      1563.429627797     -3133.351009320
   127 -1569.921386589      1563.427898801     -3133.349285390
   128 -1569.921391194      1563.427636808     -3133.349028002
   129 -1569.921395008      1563.427963671     -3133.349358679
   130 -1569.921401336      1563.428382293     -3133.349783629
   131 -1569.921409920      1563.430105912     -3133.351515832
   132 -1569.921418943      1563.430816668     -3133.352235611
   133 -1569.921428956      1563.434169298     -3133.355598254
   134 -1569.921437546      1563.435477170     -3133.356914715
   135 -1569.921443649      1563.435824211     -3133.357267860
   136 -1569.921448822      1563.435370228     -3133.356819050
   137 -1569.921456217      1563.435436162     -3133.356892379
   138 -1569.921470537      1563.434514266     -3133.355984802
   139 -1569.921476290      1563.433729177     -3133.355205467
   140 -1569.921491605      1563.430731755     -3133.352223360
   141 -1569.921507741      1563.429600047     -3133.351107788
   142 -1569.921523620      1563.437187496     -3133.358711116
   143 -1569.921534286      1563.439542016     -3133.361076302
   144 -1569.921543929      1563.441803752     -3133.363347681
   145 -1569.921553462      1563.438601385     -3133.360154847
   146 -1569.921561365      1563.453004729     -3133.374566094
   147 -1569.921569816      1563.442859355     -3133.364429171
   148 -1569.921577834      1563.439999639     -3133.361577473
   149 -1569.921583095      1563.445206761     -3133.366789856
   150 -1569.921587954      1563.443902602     -3133.365490556
   151 -1569.921593940      1563.444021846     -3133.365615786
   152 -1569.921600094      1563.438988717     -3133.360588810
   153 -1569.921603973      1563.434307423     -3133.355911396
   154 -1569.921608315      1563.428752437     -3133.350360752
   155 -1569.921616221      1563.430343311     -3133.351959532
   156 -1569.921627326      1563.430957975     -3133.352585302
   157 -1569.921634863      1563.428723080     -3133.350357943
   158 -1569.921646696      1563.423394953     -3133.345041648
   159 -1569.921656045      1563.421153260     -3133.342809305
   160 -1569.921661808      1563.420146520     -3133.341808329
   161 -1569.921670926      1563.421326555     -3133.342997481
   162 -1569.921678707      1563.424096509     -3133.345775216
   163 -1569.921684177      1563.425662563     -3133.347346740
   164 -1569.921690370      1563.430092655     -3133.351783024
   165 -1569.921695879      1563.433696206     -3133.355392085
   166 -1569.921700454      1563.435920601     -3133.357621054
   167 -1569.921703623      1563.435867514     -3133.357571137
   168 -1569.921709626      1563.436341466     -3133.358051092
   169 -1569.921717198      1563.433621890     -3133.355339088
   170 -1569.921721894      1563.429291675     -3133.351013569
   171 -1569.921725036      1563.427633269     -3133.349358306
   172 -1569.921729882      1563.426477643     -3133.348207525
   173 -1569.921732383      1563.425448614     -3133.347180997
   174 -1569.921735074      1563.428720920     -3133.350455994
   175 -1569.921737223      1563.425174875     -3133.346912098
   176 -1569.921738950      1563.432447567     -3133.354186516
   177 -1569.921740789      1563.428021209     -3133.349761998
   178 -1569.921743400      1563.424672024     -3133.346415424
   179 -1569.921747501      1563.423288616     -3133.345036117
   180 -1569.921751442      1563.421376306     -3133.343127747
   181 -1569.921755329      1563.420568082     -3133.342323410
   182 -1569.921758391      1563.420834004     -3133.342592395
   183 -1569.921761487      1563.421845900     -3133.343607387
   184 -1569.921764274      1563.423464077     -3133.345228351
   185 -1569.921766111      1563.422730109     -3133.344496220
   186 -1569.921769201      1563.419589205     -3133.341358406
   187 -1569.921770919      1563.420378985     -3133.342149904
   188 -1569.921772263      1563.420726693     -3133.342498956
   189 -1569.921772970      1563.421334982     -3133.343107952
   190 -1569.921774002      1563.421830743     -3133.343604745
   191 -1569.921776340      1563.421399871     -3133.343176211
   192 -1569.921777696      1563.421074844     -3133.342852541
   193 -1569.921778542      1563.422421170     -3133.344199712
   194 -1569.921780342      1563.423882932     -3133.345663274
   195 -1569.921782177      1563.426322125     -3133.348104302
   196 -1569.921784043      1563.427950627     -3133.349734671
   197 -1569.921785928      1563.428475899     -3133.350261827
   198 -1569.921788266      1563.427172834     -3133.348961100
   199 -1569.921789682      1563.425323432     -3133.347113114
   200 -1569.921790734      1563.424895767     -3133.346686501
   201 -1569.921791258      1563.423868862     -3133.345660120
   202 -1569.921791742      1563.423526890     -3133.345318632
   203 -1569.921792138      1563.425289967     -3133.347082104
   204 -1569.921792584      1563.425658932     -3133.347451516
   205 -1569.921793029      1563.427048581     -3133.348841610
   206 -1569.921793333      1563.427268280     -3133.349061614
   207 -1569.921793783      1563.427580761     -3133.349374544
   208 -1569.921794127      1563.427947051     -3133.349741178
   209 -1569.921794523      1563.428483306     -3133.350277829
   210 -1569.921794814      1563.429635875     -3133.351430689
   211 -1569.921795436      1563.430599457     -3133.352394893
   212 -1569.921795723      1563.430909108     -3133.352704832
   213 -1569.921796309      1563.430809353     -3133.352605662
   214 -1569.921797128      1563.431394965     -3133.353192094
   215 -1569.921797631      1563.431091264     -3133.352888895
   216 -1569.921798291      1563.431380048     -3133.353178339
   217 -1569.921798685      1563.431215619     -3133.353014304
   218 -1569.921799040      1563.430913512     -3133.352712552
   219 -1569.921799171      1563.430172102     -3133.351971273
   220 -1569.921799568      1563.429609784     -3133.351409352
   221 -1569.921799728      1563.429055375     -3133.350855103
$end
