$dipgrad          cartesian dipole gradients
  0.57368275336225D+00  0.72427529527115D-01  -.89607365445316D-02
  0.75758671813263D-01  0.23630924329020D+00  -.59293552834675D-01
  -.33558140222707D-01  -.44964234973595D-01  0.28104063589972D+00
  0.44109132791769D+00  -.87046404413969D-02  -.17717264260002D+00
  0.16554067099418D+00  0.30803466176163D+00  0.75351056396795D-01
  -.31212102696459D+00  0.64069245416045D-01  0.29781273807895D+00
  -.96596608010738D+00  -.67681073538006D-01  0.19192064464804D-01
  -.10672303462861D+00  -.20721025259456D+00  -.13059196468050D+00
  -.59141859449058D-02  -.13842553112911D+00  -.55433377061299D+00
  0.50225090396896D+00  0.21525666460143D-01  0.14093768543772D+00
  -.71351241494677D-01  0.27682030667820D+00  0.71206756721896D-01
  0.22511874290672D+00  0.12252035645641D+00  0.36766537245631D+00
  0.45360754043605D+00  -.62838399394362D-03  0.12344180119083D+00
  -.12092095041373D+00  0.30334560327878D+00  0.19317877353151D-01
  0.17281640142195D+00  0.54356729186369D-01  0.29491576079504D+00
  -.89443079353017D+00  0.27012831701924D-01  0.49915321741251D-01
  0.50501265394942D-01  -.33830298969610D+00  -.14432160373294D+00
  0.45781681934186D-01  -.16014131164455D+00  -.52556668408839D+00
  0.63329483228074D+00  -.28029638668304D-03  -.66210961498821D-01
  0.12671916624345D+00  0.26044425521267D+00  0.56322054442071D-01
  -.26592996451836D+00  0.22876345690126D-01  0.26044085122307D+00
  0.23355011021541D+00  -.69043412084316D-01  0.13229634888912D-01
  -.46995599907540D-01  0.38857935096110D+00  -.24762931348613D+00
  0.26843997577149D-01  -.23062005460833D+00  0.23773611105726D+00
  -.41605380251810D+00  0.97703697508061D-02  0.11569473764700D+00
  0.84338617189921D-01  -.52867800908823D+00  0.18637125820290D+00
  0.17071696714700D+00  0.23040180102449D+00  -.41859928385352D+00
  -.92674647524272D+00  -.10665796402349D+00  -.86214436899261D-01
  -.81286659191275D-01  -.21246137159769D+00  0.32328717280881D-01
  -.61505325140473D-01  0.29294817436810D-01  -.33108503197605D+00
  -.14699881276449D-01  -.16798211487242D-01  0.60367362126485D-02
  -.28507971898003D-01  -.14474343922785D+00  0.11062455547340D+00
  -.15625255408699D-01  0.67329653000098D-01  0.11863728437259D-02
  -.77094321445625D-02  0.18376651453561D-01  0.53483376107526D-01
  0.19020953268150D-01  -.17449518090567D-01  -.97923568210622D-01
  0.25806530886942D-01  -.69741276759913D-01  -.72040058466443D-01
  -.11737033986114D+00  0.79849800162095D-02  0.48088076625996D-01
  0.67449956606071D-01  -.78444180765850D-01  -.15368100995676D+00
  0.13996820936247D+00  -.93441230649147D-01  -.17289044844039D+00
  0.17905209882248D-03  0.19225013066823D-01  -.17377960842239D-01
  -.22321366863868D-02  -.14106075479105D+00  0.86547728458588D-01
  0.34233119516126D-01  0.63626519599018D-01  -.86174002197520D-02
  0.10413610969450D+00  0.50428964569137D-02  -.29652318726988D-01
  -.60203238844790D-02  0.13448210087717D-01  0.12389196806719D+00
  -.22376603804268D-01  0.42796513398958D-01  0.19476073188363D+00
  0.59419659754975D-02  -.15214556344419D-02  -.16241098896084D-02
  0.18671519074358D-01  -.11900209186183D+00  0.96066595138116D-01
  -.25236297972473D-01  0.58582247256507D-01  -.12268776599199D-01
  -.64151777208119D-01  0.20679324213327D-01  0.19844805707751D-01
  0.13861402865529D-02  -.78594813061482D-01  -.14818781232302D+00
  -.62656168130907D-01  -.10734670885450D+00  -.14427133969355D+00
  -.39995181982824D-01  0.11714473651735D-01  0.23256481591255D-02
  -.11444560919181D-01  -.82445621483940D-01  -.13399957893995D+00
  -.45293657978403D-01  -.99014364799525D-01  -.13754213787740D+00
  -.57569996306202D-02  0.44267009336455D-02  -.47864841694055D-03
  0.17549572033123D-01  -.12674708625567D+00  0.10831972577307D+00
  -.38728501794117D-01  0.76354015664700D-01  -.19839727817755D-01
  0.14231627395631D+00  -.46818509332375D-01  -.39029247435758D-01
  -.82842299522702D-01  0.84557292975659D-01  0.12135506256643D+00
  -.72417332989363D-01  0.50127625031274D-01  0.21759050657140D+00
  -.18734719209793D+00  -.47108613885968D-01  -.79009571174370D-01
  -.16402105832379D-01  0.29515284512596D-01  -.38799396581384D-01
  -.12082432262816D+00  -.75190939351702D-01  -.66705571306982D-01
  0.19051804655808D-01  0.64652507629411D-01  -.19269176521100D-01
  0.15137080892807D-01  -.92411263978334D-01  0.79348170674204D-01
  0.33679254723152D-01  0.10950437697999D+00  -.31693413796436D-01
  -.20336231244896D+00  -.65683945593216D-01  0.15018623416151D+00
  -.30295199026939D-01  -.70516254251929D-01  0.10050227300119D+00
  0.10674279639016D+00  0.89863515042109D-01  -.66333894736321D-01
  -.25616807329579D-02  -.41655885624097D-01  -.10826157606500D+00
  -.41601885446902D-01  -.18867488147311D-01  -.44285815390914D-01
  -.96646333425134D-01  -.63405972670957D-02  -.58994182106281D-01
  0.16872206031432D+00  0.14229544057630D+00  -.16826057161017D-01
  0.66006889006951D-01  0.88776860415061D-01  -.38198268682351D-01
  0.88275487068765D-02  -.91532952000180D-01  0.11062782024939D+00
  0.80275179926544D-01  0.35091148881837D-02  -.13676811340290D+00
  -.58349494334322D-01  0.12201000359318D+00  -.26896512641537D-01
  -.82588971604117D-01  -.65458097980686D-03  0.17357677299060D+00
  0.26710895018727D+00  -.54144783625702D-01  0.16763891910535D-01
  -.42172484806998D-01  0.99537215053194D-01  -.80224229804329D-01
  0.14060078391754D+00  -.84084797941655D-01  0.44775800394747D-01
  0.22094308379271D+00  0.98083675324865D-01  0.27715542922868D-01
  0.39065445190254D-01  0.45556847075684D-01  0.76478827715198D-01
  0.13028605403629D+00  0.11979481977621D+00  0.13865224715111D+00
$end
