$hessapprox
  0.539458855970D+00 -0.368352058920D-01  0.550470986392D+00  0.132725329550D-01
  0.394001657036D-03  0.518156280340D+00 -0.623118448769D-01  0.742012067271D-02
 -0.302509373129D-01  0.462329441746D+00  0.223847284420D-01 -0.922769737997D-01
  0.211131234561D-01 -0.745949640628D-02  0.522693903219D+00 -0.401850937775D-01
  0.151489400735D-01 -0.109056976767D+00  0.143210981815D-01 -0.240144496696D-01
  0.512783646590D+00 -0.515587141912D-01 -0.118154418304D-01 -0.112121412344D-01
 -0.484506899275D-01  0.140733949725D-01  0.271488292759D-01  0.455193692986D+00
  0.326111210778D-01 -0.213011553829D-01 -0.410399959984D-02 -0.209914274346D-01
 -0.656919442839D-01  0.217454415203D-01 -0.150576159132D-01  0.582660432970D+00
  0.170965894365D-01 -0.115887367361D-01  0.625717463096D-02 -0.187778895370D-02
  0.308540211399D-01 -0.817853765862D-01 -0.438276727879D-02 -0.154875333042D+00
  0.479651701167D+00 -0.347646121827D-02 -0.592674183379D-02 -0.520164871096D-03
 -0.498913920488D-01 -0.116375056886D-01 -0.123964620871D-01 -0.596148277767D-01
  0.144204293464D-02 -0.305072596374D-01  0.451261957058D+00 -0.770455146254D-03
 -0.218590783676D-01  0.782123603123D-02 -0.191439618583D-02 -0.936094596617D-02
 -0.149001801156D-01 -0.185337189729D-01 -0.702797203817D-01  0.182826645304D-01
  0.450257452302D-02  0.548065864716D+00 -0.302733148320D-01  0.967115273629D-02
 -0.466020451669D-01  0.180380470468D-01 -0.317105627788D-01  0.298974264762D-01
 -0.166432265807D-01  0.328712993804D-01 -0.958038638317D-01 -0.211801275053D-01
 -0.304220597063D-01  0.502679242379D+00 -0.391910394478D-02  0.152491313444D-02
 -0.351923655451D-01 -0.224205874947D-01 -0.451707421595D-02  0.193201778219D-01
 -0.419244799395D-01 -0.127535776834D-01  0.109375038687D-01 -0.672415139690D-01
 -0.686706574512D-02  0.156608676506D-01  0.459606526426D+00  0.313679830980D-02
 -0.705920869740D-02 -0.104175052068D-02 -0.282082752704D-02 -0.181041901850D-01
  0.213765184602D-01 -0.150877548560D-02  0.186356379699D-01  0.343626532202D-02
 -0.209635959106D-01 -0.827256734393D-01  0.254163820673D-01  0.118317210908D-02
  0.508986302644D+00  0.346460869654D-01 -0.139666118677D-01  0.133371847808D-01
 -0.817204444882D-02  0.126609520636D-01 -0.387238003462D-01 -0.671965799184D-02
 -0.716239026261D-02  0.251582546349D-01  0.432463687149D-01  0.830202081660D-02
 -0.935186428399D-01  0.342036747018D-02 -0.164344597068D-01  0.491010488349D+00
  0.130839540059D-01  0.373138814816D-02  0.221998371827D-01 -0.219015241124D-01
 -0.308786769345D-02 -0.195944733696D-01 -0.308953431374D-01  0.127194438224D-01
  0.197747393805D-01 -0.292107800111D-01  0.155570661374D-01 -0.219035500765D-02
 -0.517414328136D-01 -0.131943871483D-02 -0.239030581085D-01  0.487699904905D+00
 -0.120185101446D-01 -0.475210040423D-02 -0.116497737138D-01  0.411858185336D-02
  0.673849789558D-02 -0.179701299056D-01 -0.104746534400D-02 -0.384229299298D-01
  0.333574577507D-01 -0.110375501381D-01 -0.194341447367D-01  0.591772823568D-02
  0.165836835796D-01 -0.715269193554D-01  0.398166535685D-01  0.100935353802D-01
  0.518139946337D+00  0.139302786135D-01 -0.705688497449D-02  0.223539057427D-02
 -0.782872811958D-03  0.626310294409D-02  0.634451095850D-02  0.263076564601D-02
  0.317525129970D-01 -0.211774425333D-01  0.220888383386D-03  0.244682417289D-01
 -0.476477859548D-02 -0.299172460646D-01  0.241603671951D-02 -0.111165112374D+00
  0.227350320697D-01 -0.138336175447D+00  0.431135252149D+00 -0.120434773203D-01
 -0.120898989883D-01 -0.141587221245D-01 -0.107631574321D-01  0.154977382734D-01
  0.491080019902D-02 -0.119667561163D-01 -0.475348165759D-02  0.190247213423D-01
 -0.148255771904D-01 -0.103251835833D-02 -0.191681535207D-01 -0.394614461601D-01
 -0.187373802554D-02  0.418427721025D-01 -0.782121251957D-01 -0.199995288094D-01
  0.303055005607D-01  0.498468168984D+00 -0.147236378661D-01  0.131989806106D-01
 -0.185506444991D-01  0.689406992301D-02  0.200973384432D-01  0.207939629160D-01
  0.438564720585D-01 -0.364174690581D-01 -0.138784191441D-01 -0.445526201077D-03
 -0.129557208838D-01  0.130937763893D-01  0.459718390822D-02 -0.233003025897D-01
 -0.138449744584D-01 -0.648795666930D-02 -0.494342931361D-01  0.213868292667D-01
 -0.111350579548D-01  0.512758888507D+00  0.266656835325D-01 -0.444274714048D-02
  0.274692298728D-01 -0.744459548726D-03  0.302984893855D-02 -0.290921639807D-01
 -0.194311107506D-01 -0.137200247557D-01 -0.718449054978D-02  0.602689548107D-02
  0.331598045640D-01 -0.347529015089D-01 -0.157314966673D-01 -0.517124676107D-02
  0.133874945718D-01  0.226721925367D-02 -0.264379709922D-04 -0.634315342638D-01
  0.368087951617D-01 -0.690511969118D-01  0.542987934579D+00 -0.665481322314D-02
  0.197714020320D-01  0.207852900199D-01 -0.917582229464D-02 -0.211636965272D-01
 -0.238639173888D-01 -0.240546447917D-01  0.152204540971D-01 -0.203262490270D-02
 -0.168774268186D-01  0.728545292146D-02  0.870208298719D-02 -0.182639926165D-01
  0.139435079590D-01  0.953375098359D-02 -0.697320733678D-02 -0.166285042868D-01
  0.156496359207D-01 -0.364937274690D-01 -0.287715938863D-01 -0.307533206000D-02
  0.531292389819D+00  0.122454237110D-01  0.685637687267D-02  0.183031037393D-01
  0.553954891976D-02 -0.187033567893D-01 -0.198617094227D-01 -0.448622489643D-02
 -0.193872096998D-01 -0.122427287849D-01  0.843442325536D-02 -0.408294381893D-02
  0.155749936291D-04 -0.785201215965D-03 -0.911631962295D-03  0.116179291709D-01
  0.774597687247D-02 -0.559412065814D-02 -0.481594887064D-02  0.671877650810D-02
 -0.797107219752D-01  0.354453373243D-02  0.206451809035D-01  0.475094709336D+00
 -0.774761010135D-02 -0.539927478813D-02 -0.147869704882D-01  0.228079589446D-02
 -0.399260412103D-02  0.982287201359D-02 -0.555641965171D-02 -0.425787378383D-02
 -0.112111886840D-01 -0.851802576452D-02 -0.115724218063D-01  0.140154072484D-03
 -0.306352495958D-02 -0.641448418699D-04 -0.711184647492D-02 -0.184947293705D-01
 -0.260766327194D-01 -0.113501375778D-01 -0.336142190958D-01 -0.219017170061D-01
 -0.960187158000D-01  0.193336728488D-01  0.901595695172D-02  0.502275690125D+00
 -0.235078993228D-01  0.159841664558D-01 -0.720916915831D-02 -0.523388857316D-02
  0.641221543577D-02 -0.703077244624D-02 -0.138775502611D-01 -0.950734876391D-02
  0.395019470619D-02 -0.118184040422D-01  0.514356922615D-03 -0.165881293791D-01
 -0.228210105879D-01 -0.829497357785D-02 -0.238472002987D-01 -0.412278115009D-01
  0.310218885584D-01  0.682625786492D-02 -0.162338302558D-01  0.284378125332D-01
  0.141835647542D-01 -0.434778261134D-01  0.138100471445D-02 -0.288336227555D-01
  0.479974385152D+00 -0.987559434441D-02  0.937285673418D-02 -0.270051651205D-01
  0.183620870255D-02 -0.137690694766D-01  0.160457663063D-01  0.886972916383D-02
 -0.293743765725D-01  0.156643188068D-01  0.396694044082D-02 -0.127464048057D-01
  0.130042886613D-01  0.906894629650D-02 -0.584694366638D-02 -0.688851032529D-02
  0.670301272202D-02  0.164418015620D-02 -0.136202415046D-01  0.643173309666D-02
 -0.322458019203D-01 -0.171855889746D-01 -0.287667786913D-01 -0.999418770872D-01
  0.443344112680D-01 -0.301067636913D-01  0.604601654571D+00 -0.398419361055D-01
  0.115541494288D-01 -0.116746703056D-01 -0.103567083138D-01  0.598033442037D-02
 -0.103510166280D-02  0.905876911637D-02 -0.330093296566D-01  0.123727674459D-01
  0.123813778619D-01 -0.108156194032D-01  0.110974631215D-01 -0.335591356398D-02
 -0.220427161831D-03  0.267975562667D-02  0.141280901536D-01 -0.763048570261D-02
 -0.230310638644D-01  0.133729312426D-01 -0.171172927200D-02 -0.132170058682D-01
 -0.536383600003D-02 -0.128537541715D-02 -0.917698188563D-01  0.135830964755D+00
  0.949107951488D-01  0.610141686782D+00 -0.129411127937D+00 -0.287748608701D-01
  0.150032394243D-01 -0.184424514064D-01  0.161298569795D-01  0.226106148575D-01
  0.323360669898D-02 -0.938117141740D-02 -0.219276595546D-01 -0.276407540324D-02
 -0.394380039239D-02  0.214618753313D-01  0.161524132507D-01 -0.333931834062D-02
 -0.101312934246D-01 -0.243541426670D-01  0.300215318687D-01  0.187601464417D-01
  0.154038251806D-02  0.289599583933D-02  0.826720284130D-03  0.139779893181D-02
 -0.197255514146D-02  0.328791974376D-02  0.260552011566D-01 -0.195496167165D-02
  0.352251253276D-02  0.471078202348D+00 -0.100056240603D-01 -0.118969150943D+00
 -0.689271542242D-05 -0.100704821484D-01 -0.263762197043D-01 -0.693943272969D-02
 -0.821433090926D-02 -0.270964079120D-01  0.196514149411D-02 -0.918978848357D-02
 -0.341155527130D-01  0.962628328078D-03 -0.576248980129D-02  0.110171201574D-01
 -0.171314418424D-01  0.135642470491D-01 -0.141943760714D-01  0.153148695944D-02
 -0.350324033234D-02  0.458659583350D-02  0.436838432873D-03  0.132839476868D-01
  0.107882969644D-01 -0.334092788877D-02  0.200203665722D-01  0.119935026190D-01
 -0.307703810879D-02 -0.145938878349D-01  0.680537385965D+00  0.639238218809D-01
  0.283351891987D-01 -0.852851203689D-01 -0.460958427393D-02 -0.536088543233D-02
 -0.735266601925D-02  0.551536534724D-03  0.389959158928D-02 -0.100110894906D-01
  0.996238089454D-02  0.180434511360D-01 -0.743238547863D-02 -0.805973187695D-02
 -0.287605998884D-01  0.146905327065D-01 -0.568266484315D-02 -0.109989688225D-01
 -0.275209031652D-02 -0.459339926420D-02 -0.176365110948D-02  0.106998195104D-04
 -0.557473329028D-02 -0.457112742252D-02  0.726063750156D-02  0.320907488832D-01
 -0.475841408221D-02 -0.227935736891D-02 -0.710886680051D-01  0.202562590498D-01
  0.488820210250D+00 -0.482977632144D-01  0.209118043986D-01 -0.114575809434D-02
  0.128964936570D-02 -0.211689618961D-01 -0.704019624507D-02  0.125948304289D-01
 -0.160535296979D-01 -0.185595633974D-02  0.397784289403D-02  0.809577267656D-02
  0.679657323552D-02 -0.520087773331D-03  0.107637986107D-01  0.426009772930D-02
 -0.156130675499D-01  0.265896650809D-01  0.207408215430D-01 -0.222128637847D-01
  0.178144441153D-01  0.669215294080D-02 -0.363048125114D-01 -0.108938140858D-01
  0.128891734693D-01 -0.103810681720D-01 -0.280011756053D-01 -0.280666343696D-02
 -0.139275458456D-01 -0.299045013729D-02  0.277872724934D-01  0.379479385811D+00
 -0.299371176120D-01 -0.134333811452D+00  0.441813230562D-01 -0.529216220272D-02
  0.797693578489D-02 -0.107256679855D-01  0.104587441450D-01 -0.199433817223D-01
 -0.174645226494D-01  0.186272389867D-01 -0.170312344613D-01 -0.121573156660D-01
 -0.354038190231D-03 -0.540158941680D-01  0.724966263755D-02 -0.565989258034D-02
  0.184736201377D-01 -0.198659083982D-02 -0.969009559471D-03  0.515170772230D-02
 -0.138974884985D-01 -0.549537293874D-02  0.697535483044D-02  0.649711900053D-02
  0.270586628286D-01  0.130527891116D-01  0.262334472417D-01 -0.885558685445D-02
 -0.134797037865D-01  0.110611296130D-01 -0.102566955956D-01  0.390484803622D+00
  0.129966277201D-01  0.397557381892D-01 -0.697995863635D-01  0.393128537217D-02
  0.798079790867D-03 -0.414434725800D-01  0.914687691801D-02 -0.173476616397D-01
 -0.180470254877D-01  0.344861448247D-02 -0.176994364235D-01 -0.945392206480D-02
  0.596530698496D-02 -0.131122307702D-01 -0.967692932996D-02 -0.130157348569D-01
 -0.110082213496D-01  0.963506229427D-02 -0.201990891280D-01 -0.297591468946D-02
  0.464610210971D-02  0.187327831433D-02 -0.450307919793D-02  0.148497074630D-01
 -0.368227697511D-02 -0.168576389490D-01 -0.956281434868D-02  0.783809420398D-02
  0.864968534214D-02 -0.302207355461D-01 -0.426789164231D-01 -0.269330880665D-01
  0.322139243650D+00 -0.614836252966D-01  0.252725209977D-01  0.260021497770D-02
 -0.133086537696D-01  0.120228547939D-01 -0.424844623243D-02 -0.527769836897D-02
  0.549837840274D-02 -0.959474596129D-02  0.112878893629D-02  0.934195704835D-02
 -0.119501082961D-01 -0.170219029571D-02  0.708935283146D-02  0.457395204063D-02
 -0.927374217613D-02  0.257022162599D-01  0.146607806784D-01 -0.190306108442D-01
  0.819179796959D-02 -0.834832426918D-02 -0.180958514768D-01 -0.730890689290D-02
  0.189812417695D-01 -0.190787138744D-03 -0.238676586613D-01  0.466167735481D-02
 -0.318268465029D-01 -0.222810436397D-01  0.204903266822D-02 -0.546510765945D-01
  0.269514532585D-01  0.159525530791D-01  0.362220496363D+00 -0.427105688154D-02
 -0.754205681381D-01 -0.422628093733D-01 -0.210061301017D-01 -0.249331538075D-02
  0.217283180950D-01 -0.571502384366D-02 -0.353490288096D-01  0.347251195282D-02
 -0.902660306620D-02 -0.633661282256D-02  0.713049127574D-02  0.254330213557D-02
 -0.296879552727D-01 -0.239361916153D-01 -0.153782199105D-01 -0.730409269409D-02
 -0.142896697053D-01 -0.453620062733D-02  0.185537227596D-01 -0.138838793916D-01
  0.373257589556D-02  0.175632054881D-02  0.482254846702D-02  0.649037630098D-02
  0.253523634748D-01  0.267169327035D-01 -0.604816906568D-02 -0.542609024447D-01
  0.338064244746D-02 -0.430916976219D-02 -0.131417286466D-01 -0.788809636974D-02
 -0.279947465674D-01  0.377331453348D+00  0.224142751978D-03 -0.341937727877D-01
 -0.938667972944D-01 -0.197621520225D-01 -0.305170289100D-03 -0.338132733865D-01
 -0.191596442986D-01  0.159803964432D-01 -0.395368772520D-01 -0.353576543127D-01
 -0.642390519697D-02  0.837635023839D-03 -0.178284327218D-02 -0.351506630765D-02
  0.529500270949D-02 -0.171763475651D-01  0.255505741166D-02  0.933933401606D-02
  0.957343495262D-02  0.175689335758D-01  0.300310056707D-02 -0.867670414472D-02
 -0.472617315916D-02  0.302316644979D-02 -0.239294089735D-02 -0.295137256163D-02
  0.398790445965D-02 -0.836238240436D-03  0.106711416888D-01 -0.210402731084D-01
  0.125896721762D-01  0.106318451923D-01 -0.325888084013D-01  0.159650537806D-01
  0.500029555340D-01  0.404443706989D+00  0.994490568080D-02 -0.951826253086D-02
 -0.120929070326D-01 -0.194112958422D-01  0.539933061813D-02  0.242618001591D-02
 -0.905202740544D-02 -0.432474519385D-02  0.222636167495D-01 -0.125085146355D-01
  0.135408579497D-03  0.201332510247D-01 -0.188576522751D-01 -0.570053351115D-02
  0.409157038945D-02 -0.147861675515D-01  0.106772734587D-01 -0.106028556233D-01
 -0.102203052390D-01  0.124453896767D-01  0.633548402043D-02 -0.515488917822D-02
  0.497433313347D-02  0.290235698987D-01 -0.124119066128D-01 -0.173785457179D-02
  0.450853025857D-02 -0.128030739462D-01  0.161591327631D-02 -0.165147192246D-01
 -0.212082777866D-01 -0.848122479563D-02 -0.128524141154D-01  0.946783761276D-02
  0.196224116881D-01 -0.121160328476D-01  0.366439593337D+00 -0.133267294841D-01
 -0.951377391959D-02  0.680657887157D-02  0.238754836547D-01 -0.494639417589D-01
 -0.355813409728D-01  0.195909485219D-01 -0.226065260685D-01 -0.575522226203D-02
  0.166387685854D-01 -0.129715921643D-01 -0.302541491706D-02 -0.432082267456D-02
  0.200584101893D-01 -0.665136645125D-02 -0.415508772652D-02 -0.817451408808D-02
 -0.125596571695D-01 -0.142629037626D-01 -0.217378753044D-01  0.154678219757D-02
 -0.131526214487D-01 -0.819131591558D-02 -0.383158595136D-02  0.636718471751D-02
 -0.103275261282D-01  0.637177271267D-02  0.289957029463D-01 -0.378119740216D-01
  0.227123564781D-01 -0.190215449815D-01 -0.184987920349D-01  0.361854477130D-01
  0.322163576120D-02  0.625713466926D-02 -0.178549401229D-01 -0.143835296973D-01
  0.392996990103D+00 -0.233455091942D-01  0.184538898870D-01 -0.425376410301D-01
  0.153110358572D-01 -0.260304819575D-01 -0.673199990727D-01  0.221866227757D-01
 -0.102322986916D-01 -0.240731444781D-01  0.102651744755D-01  0.438115744078D-02
 -0.962515075627D-02  0.353789635279D-02 -0.114599896867D-01 -0.707883593971D-02
  0.114132317496D-02 -0.587085840202D-02 -0.214292024103D-02 -0.297536115026D-02
  0.316573375530D-02 -0.536190598131D-03  0.421766862904D-02  0.425902628541D-02
  0.131077550622D-01  0.193330424355D-01 -0.381227173302D-02  0.143835481671D-01
  0.351514342508D-01  0.131519926413D-01 -0.137112391701D-01 -0.108247930646D-01
 -0.455960735264D-02 -0.822943262942D-01  0.381997340700D-01  0.801393677084D-02
 -0.420730380977D-01 -0.217991457110D-01  0.241965155224D-01  0.418657470220D+00
 -0.255795849609D-01  0.406037608199D-02 -0.709342009963D-02 -0.244434496983D-01
  0.805357684392D-02 -0.378453255987D-02  0.140738341289D-02 -0.249821950251D-01
  0.723841693718D-02 -0.409805648509D-02  0.108832067193D-03  0.785779714864D-02
 -0.131064059548D-01 -0.640077723680D-02 -0.137347845554D-01 -0.182737896188D-01
  0.431250450488D-02 -0.173463151536D-01 -0.102056588874D-01 -0.282404487542D-02
 -0.330533458195D-02 -0.870716420945D-02 -0.207700310830D-02  0.150362718402D-01
  0.919407308806D-02 -0.154304069745D-01  0.913601667305D-02 -0.123707677528D-01
  0.838088020002D-02 -0.153000857549D-01  0.564585657062D-02 -0.428341906125D-02
  0.249499112502D-02 -0.294498628662D-01 -0.267146013982D-01  0.182608153210D-01
  0.188172949533D-02  0.280890736879D-01 -0.804979800933D-02  0.317480446366D+00
  0.397551059465D-01  0.185562402617D-02  0.203299202945D-02  0.196702641383D-01
 -0.122877054022D+00  0.326642743734D-01 -0.211645847249D-01  0.255359438568D-01
 -0.304278708868D-03 -0.912100311628D-02 -0.233368103024D-01  0.174973168963D-01
 -0.258768350716D-02  0.137148080553D-01  0.442910740621D-02  0.779722729789D-02
 -0.154605076418D-01  0.103400549174D-01  0.429911109809D-02 -0.114927916094D-01
  0.213046462693D-01  0.603109789957D-02  0.178393710509D-02  0.156095867831D-01
 -0.484021911018D-02 -0.221805818275D-01 -0.151753461730D-01 -0.423327858762D-02
 -0.153458628335D-01 -0.807985054313D-02 -0.455001832215D-01 -0.413489413256D-01
  0.275488487383D-01 -0.223432165596D-02 -0.223970829493D-01 -0.166253350528D-01
  0.150246929858D-01 -0.336285179646D-01 -0.351306403858D-01 -0.219881047933D-01
  0.419126995832D+00 -0.240892800358D-01  0.901749342510D-02 -0.396114524082D-01
  0.266738569322D-02  0.308307440008D-01 -0.871695354374D-01  0.285220343198D-01
  0.843008214071D-03 -0.369286343893D-01  0.941404631999D-02 -0.193338734267D-02
 -0.219749501630D-01  0.701094885092D-02  0.150084273198D-01  0.369364471824D-02
 -0.122320289225D-01 -0.245767958953D-02  0.145413271895D-01 -0.104590469221D-01
 -0.143622925633D-01  0.815733425625D-02 -0.447138638967D-02  0.262646255939D-02
 -0.189568522003D-02 -0.384323052327D-02  0.146211531169D-01  0.665342279799D-02
  0.510468920468D-02 -0.180503538109D-01 -0.838545158417D-02 -0.924173509846D-02
  0.234264518618D-01 -0.309742152193D-01 -0.469701484120D-01  0.189698753490D-01
 -0.529421369358D-01  0.102403889818D-01 -0.411426213602D-01 -0.203175733632D-01
 -0.131150149375D-03 -0.115632774159D-01  0.345656129523D+00 -0.139009206795D-01
 -0.135064129144D-01  0.183234602493D-01 -0.231005052389D-01 -0.246543366484D-01
  0.192982021787D-01 -0.571441119920D-01 -0.161734751535D-02 -0.392729612509D-01
 -0.242758441076D-01 -0.238264443820D-01 -0.366414428158D-01 -0.706703971404D-02
 -0.257289716463D-02 -0.990411562187D-03  0.894693739210D-03  0.173163128935D-01
  0.748628292245D-02  0.945019022464D-02  0.375238084729D-02  0.827770306683D-02
 -0.218981999861D-03  0.924848903404D-02  0.506346317547D-02 -0.940007448848D-03
 -0.988771521303D-02 -0.214958470354D-01 -0.478637967609D-01 -0.102347375784D-01
 -0.151716594609D-02  0.101349862511D-01 -0.190033259337D-01 -0.121677810892D-01
  0.620848770581D-03  0.452697007181D-01 -0.172955631764D-01 -0.491281385317D-02
  0.157829596253D-01 -0.102504477482D-01  0.302439448313D-01  0.230490792664D-01
  0.627888314160D-01  0.302506056193D+00 -0.320468389857D-01 -0.891385189590D-02
 -0.177652160359D-01  0.124766480857D-01  0.103048581542D-01 -0.232361417017D-01
  0.237882117998D-01 -0.194513177997D+00  0.112380416318D+00 -0.147775832279D-01
  0.345153844667D-01 -0.109252454432D-01  0.302714984710D-02 -0.991257997309D-02
  0.299786969981D-02 -0.106328264096D-01  0.478734992283D-01 -0.378467042406D-01
  0.116195849885D-01 -0.203986022893D-01  0.407478979772D-02 -0.343732920229D-02
 -0.330788791540D-01  0.187310915984D-04  0.850664227273D-02  0.627418656875D-02
  0.859373796438D-02  0.178394431096D-01 -0.339090011346D-01 -0.724381016196D-02
  0.129787152276D-02 -0.155142005882D-01 -0.142215032281D-01  0.182862502116D-01
 -0.305652529711D-01  0.981101037428D-02 -0.336968953808D-01 -0.363173921601D-01
 -0.622632135180D-02  0.547008773108D-01 -0.282452804224D-02  0.161739889361D-01
 -0.300870983403D-01  0.525188900323D+00  0.145696030130D-02 -0.349676862530D-01
 -0.178748751765D-01 -0.105609791215D-02  0.524823833596D-03 -0.739748825727D-02
 -0.888558767540D-02  0.131773126350D+00 -0.365977113248D-01  0.132109811055D-01
  0.872703894551D-02  0.174548291758D-02 -0.549894678760D-02 -0.102661363694D-01
 -0.151709750456D-01 -0.247809890960D-03 -0.448528960681D-02 -0.699600467027D-02
 -0.784122613558D-02  0.188402740414D-01 -0.346124063710D-01 -0.802371592663D-02
 -0.721352401110D-02 -0.449121671693D-03  0.369986456507D-02 -0.354643165878D-02
  0.292121405790D-01 -0.178679626695D-01 -0.154413479486D-01 -0.210604239793D-01
 -0.848568114208D-03 -0.231994274504D-01  0.576285386714D-03 -0.148557643974D-01
  0.115178478921D-01 -0.618985493057D-01 -0.472565381677D-01 -0.540975308297D-02
 -0.152735412133D-02  0.911808904994D-01 -0.819674651916D-02 -0.394566063958D-01
  0.266181885998D-01 -0.573577769767D-01  0.295206320388D+00 -0.212121207057D-01
  0.528535011274D-02 -0.246745181775D-01 -0.952870155944D-02 -0.682545114013D-02
 -0.709344927296D-02 -0.343156992180D-02 -0.166110417320D-01 -0.168640144897D-01
 -0.267981364879D-01  0.921311805671D-02  0.157473722766D-01 -0.850151548223D-02
 -0.137877100648D-01  0.209187824231D-01 -0.115604869543D-02 -0.679234354997D-02
  0.229330848837D-01 -0.130658223838D-02  0.719259662806D-02  0.108025452260D-01
 -0.114608706176D-01  0.216539011511D-02 -0.312496249472D-03 -0.193805608092D-02
  0.251688903811D-01  0.513544335697D-02 -0.385909743742D-03 -0.439814415465D-02
 -0.149381760219D-01  0.232659102081D-01  0.401622075216D-01  0.272038090218D-01
  0.247892354514D-01  0.903627368689D-02 -0.844697836980D-02 -0.600623086950D-01
  0.161433709436D-01 -0.324167101887D-01  0.314936403311D-01  0.558612091846D-05
  0.245714005251D-01 -0.573835238546D-01 -0.280877137491D-01 -0.607542889460D-02
  0.330600419729D+00 -0.926296178139D-02 -0.148932339042D-01 -0.709780033297D-02
 -0.567384308430D-02 -0.417956868822D-01  0.204479603171D-01 -0.511667680433D-02
  0.200615415186D-01 -0.226720246130D-01  0.299061573916D-02 -0.934437729744D-01
  0.144940727676D-01  0.122903831519D-01  0.288437202394D-01  0.314614157094D-03
  0.284167160648D-02 -0.274986740616D-01  0.901855703990D-02  0.101542333710D-01
  0.314980418991D-02  0.571709002650D-02  0.128855463667D-01  0.214114564831D-02
  0.240814934626D-01  0.165445353411D-01 -0.245774902736D-01 -0.294346351942D-01
 -0.120908805003D-01 -0.952089907117D-02  0.802593675331D-02 -0.125822400635D-01
 -0.119666157417D-01  0.751311384707D-02  0.147700767777D-02 -0.832295184033D-02
 -0.889235337552D-02 -0.601559822468D-02 -0.131179381039D-01 -0.424121134871D-02
  0.167959848978D-01 -0.466752210586D-01  0.177834289705D-02 -0.163453066037D-01
 -0.111660201264D-01  0.224618665088D-02 -0.265427366027D-01  0.442011563901D+00
 -0.133037272086D-01 -0.280133705061D-02 -0.228622039503D-02  0.106676855099D-01
 -0.192886182379D-01 -0.266535911133D-01  0.394051129109D-02 -0.125908721403D-01
 -0.295823007437D-01  0.991587761349D-03  0.373468894811D-01 -0.452850915663D-01
  0.726293184582D-02 -0.574535387777D-02 -0.318923666071D-01  0.678740305369D-02
  0.172499727406D-01 -0.278349247735D-01  0.157558059568D-01  0.273982235342D-02
  0.574701922404D-02  0.780109957176D-02 -0.214423538030D-02 -0.118034071617D-01
 -0.111425396602D-01 -0.122452834810D-01 -0.122881242499D-01 -0.205902362498D-01
 -0.223656285221D-02 -0.247322814921D-01 -0.354483646269D-01  0.155355396124D-01
  0.388790263049D-01 -0.286427311267D-01 -0.607580496540D-02 -0.690664561982D-02
  0.150255745565D-01 -0.249055805360D-01 -0.153590950812D-01  0.458573167253D-01
 -0.242956086463D-01 -0.884474303622D-02 -0.162859414103D-01 -0.383396099457D-02
 -0.172550972727D-01 -0.373305409927D-01 -0.373566331982D-01  0.335379512684D+00
 -0.118725663258D-01  0.157406749902D-02 -0.212642191413D-01 -0.503324250115D-02
 -0.351111514154D-01 -0.817321088376D-02 -0.104237618482D-01 -0.159699158950D-01
 -0.250877528596D-01 -0.282497265774D-01  0.630555727120D-02  0.569489290725D-02
 -0.446068926167D-02 -0.160919169768D-02  0.117659799420D-02 -0.940255144788D-02
  0.844630691179D-02 -0.356662667037D-02 -0.111600414682D-01  0.546902953734D-02
 -0.802517803211D-02 -0.210236545447D-01 -0.424896978746D-02 -0.187070313040D-02
 -0.135910551201D-01  0.771686967224D-02  0.125547567660D-01 -0.277517843434D-02
 -0.687008440137D-02 -0.269069278395D-01  0.242418812662D-01  0.185409632343D-01
  0.167732418023D-01 -0.521062907844D-02  0.510107784019D-02 -0.218833770413D-01
  0.239570190660D-01  0.875667677508D-02 -0.313146860157D-01 -0.788300357518D-01
 -0.412581974303D-01  0.924364082297D-02 -0.649869890322D-01  0.278230486612D-01
  0.731139345884D-01 -0.523288709360D-01  0.824771886270D-02  0.555152254901D-02
  0.300696163826D+00  0.510454061964D-02 -0.127442216066D-01  0.115968764113D-01
  0.235059980838D-03 -0.608694462289D-02 -0.133327399202D-01 -0.775713514134D-02
  0.503329756687D-02  0.918618410331D-02  0.694225438778D-02 -0.714513610193D-01
 -0.406843304768D-01 -0.119005285081D-01  0.303656306425D-02 -0.154042112359D-02
 -0.252544027132D-01 -0.257212684292D-01 -0.968515210427D-02 -0.466219831328D-03
 -0.559167646276D-02  0.147319433625D-01  0.136779862461D-01  0.139924248275D-01
  0.107412841187D-01 -0.318034088216D-01 -0.942496157980D-02 -0.777441518923D-03
  0.254974478407D-01 -0.268231242742D-01  0.198266231967D-01  0.291235311332D-01
 -0.451525125529D-02  0.859185958266D-02  0.160257907789D-02  0.211927411196D-01
 -0.156757792798D-01 -0.602748106764D-02 -0.514966461149D-01  0.159576448807D-01
  0.141645693626D-01 -0.163037720118D-01 -0.334367755449D-01 -0.271657206329D-01
 -0.755896624041D-02  0.824782707675D-02  0.224229649991D-01 -0.201452105381D-01
  0.542100598214D-02  0.149146458578D-01  0.403433638319D+00  0.284551531134D-02
 -0.127591944612D-01  0.972353790865D-02 -0.602265898985D-02  0.135248662902D-02
 -0.275132188545D-01 -0.196764238541D-01  0.330149396587D-02 -0.307437075204D-01
  0.481542625653D-02 -0.455490176677D-01 -0.908453562251D-01  0.109469425134D-02
  0.231402133151D-01  0.299036871118D-02 -0.458783728210D-02  0.148546703936D-01
  0.270527122174D-02  0.473624739459D-02  0.153879469734D-01 -0.831872682611D-02
  0.134320725687D-01  0.117147684212D-01 -0.542610170824D-02 -0.226028906373D-03
  0.140335080796D-02 -0.376855290120D-02 -0.138135585215D-02  0.391021952528D-02
 -0.154609563456D-02 -0.111565367034D-01 -0.200665429547D-01 -0.419856400653D-01
 -0.154069727016D-01 -0.141151305520D-01  0.644470600276D-02  0.375132080672D-01
  0.174821191258D-01 -0.418391432593D-01 -0.156714010746D-01  0.204723536910D-02
  0.138262210236D-01 -0.493487374534D-01  0.880373784852D-02  0.164844373639D-01
 -0.589700696675D-02 -0.108309039624D-03 -0.683425719876D-02 -0.252083802390D-01
 -0.312030839010D-02  0.374452352566D+00  0.387016623157D-01 -0.782950481763D-03
  0.145034350508D-01 -0.401127255503D-02 -0.453689211519D-02  0.241135587577D-02
 -0.157915494232D-01  0.876959997457D-02  0.291674378989D-01 -0.174039656111D-01
 -0.124603981390D-01  0.729665030898D-02 -0.474371947992D-01  0.144331393438D-01
 -0.685546789874D-02 -0.232245074717D-01 -0.217759213339D-02 -0.163704869058D-01
 -0.140697618179D-01 -0.207007396138D-01  0.920173132019D-02  0.876528325955D-02
  0.960585770834D-02 -0.674252287067D-02 -0.476192403314D-02  0.112660636889D-02
 -0.243718683673D-01  0.243709789289D-01  0.208836502395D-01  0.131917846370D-01
 -0.651408924679D-02 -0.174800212015D-01  0.104879599379D-01  0.247290436336D-01
  0.194709191349D-01 -0.617763089430D-05 -0.687801852550D-01 -0.222792758392D-01
 -0.166072985476D-01 -0.328178278674D-01  0.167486831476D-01  0.237002564535D-01
  0.532432110747D-02 -0.199797262236D-01 -0.229898547094D-01 -0.630585233769D-01
 -0.617499228599D-02  0.346852558611D-01  0.255335460882D-01 -0.222390431915D-01
  0.157682009200D-01  0.322976357173D+00 -0.717079797370D-02 -0.155802505619D-01
 -0.279384518329D-01  0.480002098480D-02  0.118843826126D-01  0.217651406004D-01
  0.138731636443D-01 -0.602785244671D-02  0.150300418327D-01  0.220866542746D-01
  0.891400324747D-02  0.342236661619D-01  0.237472884207D-01 -0.851604237429D-01
 -0.563107651145D-01  0.801452892914D-02 -0.330961042018D-01 -0.206669005835D-01
 -0.352503002164D-03  0.144531489604D-02 -0.126228011283D-01 -0.121625113210D-01
 -0.218325968491D-01 -0.127615494537D-02 -0.174407616018D-01 -0.129993979045D-01
  0.222179879596D-01  0.580775556991D-02 -0.209449209904D-01 -0.733587794569D-02
  0.343700511754D-01 -0.149180953490D-01 -0.555399809765D-01  0.331286350041D-01
 -0.411049025777D-01  0.363005799942D-02 -0.182029712885D-01  0.324532419469D-01
  0.860602458138D-02 -0.210444539973D-02  0.144867581097D-01  0.413526199752D-01
 -0.213287006438D-01 -0.176989328315D-01 -0.376261838403D-02  0.597771251432D-02
 -0.171552131735D-02  0.509000439676D-01 -0.878221703856D-02 -0.692175994387D-02
  0.192075058491D-01 -0.104840117070D-01  0.354347687049D+00 -0.198021874657D-02
 -0.531496951359D-02 -0.134547840493D-02  0.187902300164D-01 -0.145765777987D-01
  0.194795005719D-02  0.591838354120D-02  0.134771911050D-01 -0.235502171076D-01
  0.131142246124D-01  0.176647581904D-01 -0.190223018560D-01  0.185015043197D-01
 -0.193457472909D-01 -0.916575273254D-01  0.349484183541D-02  0.179369117501D-01
 -0.406574766036D-01  0.157589522799D-02  0.624344623320D-02 -0.313219082703D-01
  0.217201549057D-01 -0.196023850943D-02 -0.226606390397D-01 -0.247440993163D-01
  0.642897258910D-03 -0.700409236522D-02 -0.702981767654D-02  0.587237532587D-02
 -0.456039719469D-02 -0.452247085524D-02 -0.102864032483D-01  0.222081330831D-01
 -0.465855574712D-02 -0.906135714331D-02  0.350438796458D-03  0.148592507126D-02
 -0.577866533473D-02 -0.804340416102D-02 -0.230329634338D-01 -0.215343943271D-01
 -0.152482284434D-01  0.743018896391D-02  0.183697569457D-01 -0.230311919440D-01
  0.897002746703D-02 -0.112471429017D-01 -0.707793743136D-01 -0.949504794239D-02
 -0.175800677632D-01 -0.663488656884D-02 -0.120899033694D-01 -0.544393900295D-02
  0.386181416233D+00 -0.106112365083D-01 -0.522625880510D-02 -0.112223631193D-01
 -0.172236384960D-01 -0.119582971508D-01  0.127749972998D-01 -0.184810569026D-01
  0.113148862397D-02  0.194453945531D-01 -0.195069352380D-01 -0.170019143305D-02
  0.206912150057D-01 -0.460283600498D-01  0.243087476099D-01 -0.157573410922D-01
 -0.372420539162D-01  0.369970011836D-01 -0.211774771644D-01 -0.290339755997D-01
  0.104460459584D-03 -0.136259885499D-01 -0.314130971779D-01 -0.950207539539D-02
  0.508344779219D-02 -0.609916856180D-02 -0.232678101587D-01 -0.273359117586D-02
 -0.696155011254D-02 -0.106409892201D-01 -0.312537508320D-02 -0.489340624186D-02
  0.483061304636D-02  0.953545028119D-03 -0.453506173726D-02 -0.247604588335D-02
 -0.137380371193D-01 -0.246174810601D-01 -0.124027626537D-01  0.101402876714D-01
 -0.640433545782D-02 -0.584316778211D-02  0.318740820871D-01 -0.487960356107D-01
 -0.289105733112D-01 -0.172089744071D-01 -0.254121294808D-01 -0.862043986405D-02
 -0.192835803423D-01 -0.110297622120D-01  0.491215609710D-02  0.301832304763D-01
 -0.608079432224D-01 -0.334258254007D-02 -0.538694966869D-03  0.362843731530D+00
  0.216943658162D-01 -0.499742589657D-01  0.175783790087D-01 -0.107311004830D-01
  0.691718533371D-02  0.260645474068D-02 -0.181719786392D-01 -0.214820389816D-01
  0.155585506995D-01 -0.192826076056D-01  0.282932066033D-01 -0.710355264147D-02
 -0.145930542466D-01 -0.115429057630D+00  0.573266211050D-01 -0.124706400832D-01
 -0.977375585767D-02  0.363106957962D-02 -0.863640877298D-02 -0.243151838960D-01
  0.480835331842D-02  0.149091714209D-01 -0.750345735806D-02 -0.120201647810D-01
  0.446016205286D-02 -0.851109628981D-02 -0.579368459042D-02 -0.185842249738D-01
 -0.111222400708D-01 -0.334837415313D-01  0.270609879382D-02 -0.695549163551D-01
 -0.162599829132D-01  0.461138648458D-02 -0.297666140945D-01  0.180022339301D-01
 -0.111884048970D-01  0.382163866837D-01 -0.175438730448D-01 -0.137369366510D-01
  0.348276521010D-02  0.335299889828D-01  0.143290757949D-01 -0.803373791270D-02
 -0.463487518834D-02 -0.140216308349D-01 -0.186374820256D-01  0.344770570286D-02
  0.205706488732D-01  0.708378879827D-02  0.864543368300D-02  0.738373393130D-02
 -0.342829053634D-01  0.180040922636D-01  0.839538425235D-02  0.394331176494D+00
  0.315652856517D-02 -0.382479314557D-02 -0.586493047652D-02 -0.430083001675D-02
 -0.449099097147D-02  0.650332762542D-02  0.615673394557D-03 -0.173635464480D-01
 -0.762835814365D-02  0.903006171972D-02 -0.176515577079D-01 -0.214347801019D-01
 -0.153819885164D-01  0.589992846016D-01 -0.636427464401D-01 -0.853849692083D-02
  0.112645827571D-01 -0.324000916243D-01 -0.310932398889D-02  0.602664847047D-02
 -0.223939215940D-01  0.267424441994D-02 -0.303678147608D-02  0.813933264028D-02
  0.289115339050D-01  0.920975732320D-02  0.482216138527D-02  0.105115624395D-01
  0.755042486958D-02  0.401767841464D-02 -0.240685511850D-02 -0.679982073248D-02
 -0.112870084625D-01  0.187521148867D-01 -0.588792836172D-01  0.388305852056D-01
 -0.139707077057D-01  0.130238302212D-01 -0.207215654541D-01 -0.310949456027D-01
  0.803736944284D-02  0.335151840910D-01  0.322910110908D-01 -0.148723647249D-01
  0.664274687108D-02  0.831875657496D-03 -0.505226846945D-02 -0.273340068460D-01
  0.595068244429D-01  0.197449489406D-01 -0.576383518172D-01 -0.499105193771D-01
  0.148472106206D-01 -0.226066043300D-02 -0.312000915508D-01 -0.109414904602D-01
  0.301577205523D+00 -0.222400141230D-01  0.106502219903D-01 -0.263953194739D-02
 -0.152797335457D-01  0.707782088490D-03 -0.378702954875D-02 -0.985885911222D-02
 -0.347730273388D-02  0.111217447406D-01 -0.130062120929D-01 -0.129042297981D-02
  0.163429202891D-01 -0.325943109655D-01  0.102950385769D-01 -0.288703421929D-01
 -0.514913624653D-01  0.107620144030D-01 -0.353947823281D-01 -0.648308584051D-02
 -0.374027244344D-01  0.175104713783D-01 -0.551025326948D-02 -0.277003469253D-02
  0.186598735835D-01 -0.284210915108D-02  0.208748410332D-01  0.247322092640D-01
 -0.115307901059D-01 -0.212306997516D-02  0.146297087119D-02  0.286417641640D-01
 -0.580195074058D-05 -0.205043974527D-01  0.199055119183D-01  0.153236206833D-01
 -0.802750281040D-03 -0.732988351326D-02  0.203889667769D-01 -0.112257026761D-01
 -0.467373905666D-01 -0.309370461863D-01 -0.634640605926D-01  0.303618350879D-03
  0.583695633582D-02 -0.111387987207D-01  0.173863379971D-01  0.617066561877D-02
  0.260979612282D-01 -0.915758655519D-02 -0.182618722849D-01  0.436579478617D-01
 -0.339413732095D-01  0.628550310311D-02 -0.378571459555D-01 -0.444187039443D-01
  0.200673912890D-02 -0.127014368086D-01  0.272993490977D+00  0.328463784145D-01
  0.630492795638D-02 -0.459553627514D-03 -0.351593444544D-02 -0.169879254987D-01
 -0.998184927444D-02  0.143751681266D-02  0.601743723178D-01 -0.628315821254D-02
  0.137556228617D-01 -0.236999673597D-01  0.129178708403D-01 -0.845822354460D-02
 -0.168843252966D-01  0.178618817028D-02  0.127576002055D-01 -0.216744910879D+00
  0.142525689649D+00 -0.286327461532D-02 -0.651185590449D-02  0.121118382860D-01
 -0.264219829129D-02  0.893737456728D-02 -0.826543735359D-02 -0.345247240342D-01
 -0.173060727889D-01 -0.343611082660D-01 -0.802482751477D-02  0.514565971004D-02
  0.121340897642D-01  0.108199374889D-01  0.131110233297D-01 -0.161887274489D-02
  0.196307965359D-01 -0.937364327242D-02 -0.158488628542D-01  0.170423571092D-01
 -0.657809486864D-02 -0.171393773791D-01  0.130295587859D-01 -0.339347873697D-02
 -0.140716500609D-01  0.319706913024D-01 -0.225855164202D-01  0.311907172342D-01
 -0.243733029927D-01 -0.406573229226D-01  0.110653206604D-01  0.142212118591D-01
 -0.440097378620D-01  0.245579876952D-01  0.204046735519D-01 -0.546254711659D-01
  0.383440191142D-01  0.326587486832D-01 -0.417428468417D-01 -0.101504368134D-01
  0.194595814248D-01  0.420170356190D+00  0.301121698703D-01 -0.149624057701D-01
  0.141835014949D-01  0.218899008649D-01  0.915271454945D-03  0.121265149613D-02
  0.222455146864D-02 -0.349955924212D-02 -0.605996035032D-02  0.609643903899D-03
 -0.571368054608D-02 -0.258903622741D-01  0.130544468826D-01 -0.397407037094D-02
 -0.257465768673D-01  0.123539084774D-02  0.797609263118D-01 -0.823134924372D-01
  0.117576117637D-01  0.988610782776D-02  0.253176775824D-02 -0.301316351403D-01
  0.814881044436D-02 -0.886690526270D-03 -0.897916399789D-01  0.833457894484D-02
  0.429246399042D-02  0.199988311390D-01  0.105893436856D-01 -0.164860552811D-01
  0.319772990273D-02 -0.262060584472D-01  0.242570321219D-01 -0.155511475037D-02
  0.137665247195D-01  0.573582983678D-02 -0.748380914151D-02 -0.718064326060D-02
 -0.798627393308D-02 -0.603586740959D-03  0.105385662443D-01  0.768430948957D-02
 -0.120844600662D-02  0.276621694009D-01 -0.102105031423D-02  0.452601927475D-02
  0.486502809997D-02 -0.446842973784D-01  0.205946671906D-02 -0.298614888966D-01
  0.113665878944D-01  0.172137178203D-01 -0.449217335892D-01 -0.369906753524D-02
 -0.101276177773D-01 -0.219739938303D-01 -0.556991221852D-01  0.260862671514D-01
 -0.121374543513D+00  0.304070078922D+00 -0.749349202969D-02  0.484820536340D-02
 -0.251448303516D-02 -0.722794755465D-02  0.661350470559D-02  0.118196329042D-02
 -0.438832042858D-02  0.114318928278D-01  0.800077490014D-02 -0.591262567559D-02
 -0.137135567963D-01  0.149169871705D-01 -0.246905562929D-01  0.319118648089D-03
 -0.860068147290D-02 -0.444309804572D-01  0.616458800745D-03 -0.135042953572D-01
 -0.100506768508D+00  0.180588448691D-02 -0.672848386503D-01 -0.117049989679D-01
  0.862271110340D-03  0.102103752074D-01 -0.166726555410D-02  0.103635820090D-01
 -0.175125056318D-01 -0.193696016758D-01 -0.204030794130D-02 -0.178752090348D-01
 -0.274593659774D-01 -0.181629637207D-01 -0.321021447926D-01 -0.149743391517D-01
  0.143741873875D-02  0.611626863961D-02 -0.472808004896D-01 -0.277617095677D-01
  0.310757797471D-01  0.170446597176D-02  0.220656917648D-01 -0.499923533016D-03
  0.137129996175D-01 -0.218491332875D-03  0.773686282142D-02  0.458426540964D-01
  0.114976174721D-01  0.731413223020D-02 -0.361821014181D-01 -0.118874199570D-01
  0.700062851185D-02 -0.384938188130D-02 -0.231675009568D-02  0.115787061912D-01
 -0.936597390059D-02 -0.834277034619D-02 -0.631438441991D-02  0.267741536353D-01
 -0.389718172247D-02  0.152081598057D-02  0.250691103509D+00  0.230451363553D-01
  0.106282410217D-01  0.233157542757D-01  0.106502531211D-01 -0.640566168174D-02
  0.276665451541D-01 -0.579400262474D-02  0.198739429533D-01  0.709763663350D-02
 -0.103518213958D-02 -0.232378245866D-01 -0.377778139932D-02 -0.120862566219D-01
 -0.394176603412D-02 -0.271043945552D-02 -0.122851239597D-01 -0.188214575895D-01
  0.520487066697D-02 -0.296933850526D-01 -0.611366667870D-01 -0.178073557498D-01
 -0.106663745420D-01 -0.412621080948D-01 -0.229173807375D-01 -0.274112000055D-02
 -0.202763981133D-01 -0.570177953642D-02 -0.627489538954D-02  0.685161994758D-02
 -0.361249276295D-01  0.469406395357D-01  0.254273091237D-01  0.620664294056D-01
 -0.218343408239D-02  0.203787003495D-02  0.257580053706D-01  0.482945979127D-01
 -0.140697421590D-01  0.504166461503D-01 -0.151244685658D-01 -0.137076675920D-01
 -0.441523528845D-02  0.238088705939D-01  0.904820169477D-02 -0.745823017914D-02
 -0.155200096291D-01 -0.223978330144D-01 -0.686375487592D-02 -0.390948794043D-02
 -0.233439210969D-01 -0.138086243118D-01 -0.180661364054D-01  0.121317781521D-01
 -0.139523227332D-01 -0.271605006937D-01 -0.680493438260D-02 -0.819853455347D-02
 -0.398012618439D-01 -0.608503994027D-02  0.363648720853D-01  0.194343300912D-01
  0.310158357246D+00  0.428587083408D-02 -0.111252798516D-02  0.859129107252D-02
  0.230198929709D-01 -0.193911576322D-02 -0.215477843799D-01  0.171263752961D-01
  0.916465019982D-02 -0.273976455024D-01  0.491843228712D-02  0.175232656500D-02
 -0.667739861568D-02  0.647209870047D-02 -0.480883896219D-02 -0.107752860116D-01
  0.190141756513D-01 -0.116278981863D-01  0.138196160483D-01 -0.588048920560D-01
 -0.107667754751D-01 -0.127721349005D+00 -0.181135964012D-01 -0.196357659128D-01
 -0.352427812306D-01  0.537356564377D-03  0.135921239564D-01 -0.260988123037D-01
  0.107301140339D-02 -0.764334472800D-02  0.194734306220D-01  0.620897000539D-02
 -0.183900318874D-01 -0.148133337201D-01 -0.158370008563D-01 -0.185026256609D-02
  0.902120544303D-02  0.224973231849D-01  0.149256548716D-01 -0.403474142427D-01
 -0.219336170558D-01  0.153437105475D-01 -0.102696787053D-01 -0.167535760757D-01
 -0.141708433029D-01 -0.337265371309D-01 -0.127065384323D-01  0.427623213649D-01
  0.199637605930D-01  0.836114366795D-02  0.106611492224D-01 -0.331640939600D-01
 -0.100889672390D-01  0.129492910311D-01 -0.174986682146D-02 -0.168073954586D-01
 -0.220928311713D-01 -0.118993682111D-01 -0.164172010596D-01 -0.235813015944D-01
  0.230249425205D-01  0.107396409317D+00  0.114973159574D-01  0.291175734523D+00
 -0.143499366380D-01 -0.105640779285D-01 -0.982063901544D-02 -0.740837805261D-02
  0.119314406031D-01 -0.156827901873D-01  0.919859027720D-02  0.124984500894D-01
 -0.493121878801D-02 -0.663611281021D-02 -0.306486091252D-02  0.165185560008D-01
  0.617010780536D-03 -0.214115665585D-01  0.144517420376D-01  0.825053735981D-02
 -0.154106511220D-01  0.215789573215D-01 -0.316169981666D-01  0.268602760923D-01
 -0.652788345718D-02 -0.345950363161D-01  0.159026021731D-01 -0.105458944130D-01
 -0.479574318932D-01  0.127962615970D-01 -0.573554577592D-02 -0.507134808857D-02
 -0.142827138651D-01  0.119105513040D-01 -0.671607210474D-01 -0.210911101775D-01
 -0.125932619966D-01 -0.569554738305D-01 -0.532715168694D-01  0.209669068701D-01
 -0.177124264529D-01 -0.636152230977D-02 -0.945510704253D-02 -0.402353928492D-01
  0.107195250977D-01 -0.223621527423D-01  0.616651561688D-01  0.106453068431D-01
 -0.872749459181D-02 -0.561617591890D-01 -0.114893458347D-01  0.162778572431D-01
  0.171295991309D-02  0.267300576936D-01 -0.938138929279D-02 -0.372345295340D-01
 -0.219145640929D-01  0.480875839453D-02 -0.429950090019D-02 -0.680726702492D-02
  0.309661155499D-01  0.600550312036D-01  0.940742808365D-02  0.149111345465D-01
  0.406182703576D-01 -0.733532032144D-02 -0.199571236511D-01  0.274884549942D+00
 -0.287562749905D-01  0.161861512504D-01 -0.553605371321D-02  0.224035261766D-02
 -0.317728597145D-02 -0.233513324630D-01  0.202083796984D-01 -0.735451116921D-01
 -0.476504225695D-02  0.161451196536D-01  0.702994766863D-02  0.223654512157D-01
  0.499663090733D-02  0.516368283129D-03  0.172425602814D-01 -0.279685215231D-02
  0.279733424414D-01  0.106256842601D-02  0.467251083410D-01 -0.895334002078D-01
  0.755106684286D-01  0.212965091800D-01 -0.326926643497D-01  0.680864431716D-02
  0.517157888355D-02 -0.345583912393D-01 -0.117385491564D-01  0.244439315464D-02
  0.427505935624D-03  0.184281907410D-02 -0.474337199547D-02  0.123389696968D-01
 -0.203082887381D-01 -0.172785728840D-01 -0.756362939610D-02  0.742208900753D-02
  0.579235320082D-02  0.114942754924D-01  0.107564500533D-01 -0.618925646273D-02
 -0.275323780472D-02 -0.368551953045D-01  0.217397540535D-01 -0.399373076466D-01
  0.282006640936D-01  0.381428478025D-02 -0.697947932756D-02  0.918273106639D-02
  0.118105813670D-01  0.753807065143D-02  0.144643031726D-01 -0.308322549724D-01
 -0.800696629419D-02  0.127102202203D-01  0.157404112014D-01 -0.274608998186D-01
 -0.139212550175D-01 -0.378587793905D-01 -0.565757210174D-02 -0.234128585152D-01
  0.140799394470D-01 -0.121539284741D-01  0.150215483065D-01  0.125503807126D-01
  0.375735648065D+00 -0.314428896144D-01 -0.940122322967D-02 -0.301714896214D-01
 -0.170369643572D-01  0.549488559276D-02  0.153140024153D-01 -0.394946022979D-03
  0.918454957841D-02  0.130475071786D-02 -0.635341078552D-02 -0.553854361618D-03
  0.638842329266D-02 -0.218886300223D-02  0.953331237547D-02 -0.282687933495D-01
  0.561409731084D-03  0.223971160198D-01 -0.213345291309D-01 -0.815294594078D-02
  0.514895932261D-01 -0.890611368396D-01 -0.345190631710D-02 -0.248656531099D-01
 -0.100803744732D-01  0.974694908773D-02 -0.238670675633D-03 -0.307335520368D-01
 -0.746570217257D-02 -0.124109927469D-01  0.206004532836D-01 -0.626845229539D-02
  0.225670558647D-02 -0.180924808385D-01 -0.314990938891D-01 -0.348610978444D-01
 -0.119896443521D-01  0.224135326088D-01  0.392419262326D-01 -0.973134799286D-02
 -0.131478727204D-02 -0.253842809372D-01 -0.451211780983D-02  0.142613286545D-01
 -0.108551328945D-01 -0.435168730945D-01  0.432139439787D-01  0.109818336292D-01
  0.183440022004D-01 -0.183597301530D-01  0.319237259091D-01 -0.230788282401D-01
  0.102434326755D-01  0.664801498814D-03  0.920384040961D-02  0.478951097771D-02
 -0.156566873456D-03 -0.435251748408D-01 -0.113254016911D-01  0.680259396715D-02
 -0.294489336076D-01 -0.119459145929D-01  0.500670146109D-01 -0.304452980771D-02
  0.402052542654D-01 -0.852890975491D-01  0.355145282880D+00  0.670022692526D-02
 -0.606285924498D-02  0.476343217175D-02  0.162025179652D-03  0.667134429897D-02
  0.452400176038D-02  0.590752838796D-02  0.265203757410D-01 -0.281613756205D-03
  0.371287766296D-02  0.480136788461D-03  0.127887904458D-01  0.122836527156D-02
  0.220012049876D-01  0.824003252466D-02  0.881204465523D-02 -0.318971044107D-01
 -0.381463971942D-01  0.321987629482D-02 -0.746973768835D-02 -0.174870123055D-01
 -0.876439698059D-01 -0.279979114635D-01  0.648301185060D-02  0.179214912235D-01
  0.230676504334D-02 -0.125802084016D-01 -0.170607052939D-01 -0.621924604993D-02
  0.441379120971D-02 -0.401336660086D-01  0.348484566199D-02 -0.415131171467D-02
 -0.331396281794D-01  0.332204580530D-01  0.148820758464D-01 -0.113388033414D-01
 -0.387643308058D-01 -0.103669253450D-01 -0.168991415838D-01 -0.346725848623D-02
 -0.656712202534D-02 -0.179725022397D-01 -0.518485381032D-02 -0.146426968136D-01
 -0.135280813258D-01  0.877012718134D-02  0.405646151440D-01 -0.345961964130D-01
  0.124383188674D-01  0.540990800548D-02 -0.184224887075D-01 -0.226985943233D-01
  0.426714624915D-01 -0.115858478585D-01  0.391296036054D-01  0.699585300729D-02
 -0.238561900798D-02 -0.229490167552D-02  0.147889318441D-02 -0.224133247665D-01
 -0.753681131054D-03  0.540219363293D-02 -0.333785552423D-01 -0.186462176776D-01
 -0.399030796246D-02  0.399013916482D+00  0.133017200228D-01 -0.134562937930D-01
  0.109370293170D-01 -0.230641665341D-03 -0.365229372581D-02  0.564283269943D-03
 -0.344169588954D-02  0.410037610851D-02 -0.890379228652D-02 -0.138009859800D-02
 -0.132590083546D-01 -0.169658420444D-01  0.918224292801D-02  0.126786785198D-01
  0.128771309683D-01  0.108216839185D-01 -0.598945336202D-02  0.456875580321D-02
  0.458482041823D-02 -0.226113493392D-01 -0.289601440866D-01 -0.410109084776D-01
 -0.708372013884D-01  0.201138384610D-01 -0.469853445675D-01 -0.434840906398D-01
  0.410514056936D-01 -0.140118180704D-01  0.146060445456D-01  0.968011501463D-02
  0.791480090144D-02  0.419824571203D-02  0.373111430314D-01 -0.191869111549D-01
  0.851508291018D-02  0.681588805532D-02 -0.194733978704D-01 -0.108941808615D-01
 -0.201881877871D-01 -0.337452521855D-02  0.339915114734D-02  0.927773367171D-02
  0.966916888158D-02 -0.180483358658D-01 -0.324912254493D-01 -0.287927162174D-01
 -0.679577056396D-02  0.340521733847D-02 -0.300095197510D-01 -0.524988746872D-02
 -0.254695211752D-01  0.700547386831D-01 -0.220544461158D-03  0.366841812490D-01
  0.106292499010D-01 -0.236914600579D-02 -0.387967278341D-01  0.252815256598D-01
 -0.236497422817D-01 -0.389375716525D-01 -0.143845439734D-01 -0.336004885209D-01
 -0.241344807114D-01  0.399393427097D-01 -0.173721108332D-01 -0.292620841993D-01
  0.396248433882D-02  0.307861965163D+00  0.179001750496D-01  0.908238824454D-02
  0.212867667593D-01  0.806731000928D-02 -0.136548687514D-01  0.401150685924D-02
 -0.123703572938D-01 -0.120500741136D-02 -0.181705748403D-02 -0.100873337890D-01
  0.127161190115D-01 -0.182562818056D-01  0.431317426595D-02 -0.136940656938D-01
 -0.101161752417D-01  0.208610794090D-01 -0.761285865322D-02 -0.148046392786D-01
  0.168729284434D-01 -0.571567063438D-02 -0.199553112762D-01  0.358670270823D-01
  0.128257959372D-01 -0.713411807116D-01  0.371113385553D-01  0.229936594529D-01
 -0.535736395015D-01  0.177216580304D-01  0.605572892023D-02 -0.364288358530D-02
  0.470142043705D-02  0.370367692452D-02  0.414962106619D-01 -0.131148757711D-03
  0.136840561059D-01 -0.467097955730D-02 -0.185470625990D-01 -0.842908412729D-02
  0.599936640357D-02  0.632405200535D-02 -0.234741358575D-02  0.340117377705D-02
 -0.285608574691D-02 -0.147091640306D-02 -0.169143084295D-01 -0.246396559300D-01
  0.288576696668D-01  0.273504435212D-01 -0.268852282236D-01  0.491841897780D-03
 -0.269086018007D-01 -0.563951391966D-01 -0.117208437588D-01 -0.273890511079D-01
  0.816695919086D-01  0.493121060870D-02  0.178237174184D-01  0.489663918618D-01
  0.108201213002D-01  0.114743494724D-01 -0.167419956372D-01  0.114780218827D-01
 -0.108092090600D-01  0.111630176906D-01 -0.353072237929D-01 -0.619863106346D-01
 -0.474618305618D-01  0.361847000030D-01  0.255960463346D+00 -0.135272712210D-01
 -0.102214665761D-01  0.319168603031D-02 -0.202067849074D-01 -0.602488528760D-02
 -0.149700733083D-01 -0.147502782713D-01  0.785542172424D-02  0.787655170775D-02
 -0.291301487779D-01  0.482971736098D-01  0.867034350685D-02 -0.189460916014D-01
  0.161895356106D-02  0.336413344970D-02  0.964031560152D-03 -0.141828021006D-01
  0.451474395544D-02 -0.265290629542D-02  0.400182020239D-02  0.271060599525D-02
 -0.785985340609D-01 -0.339038451331D-01 -0.432431626477D-01  0.786659549642D-02
 -0.620636507171D-02  0.204835475896D-01 -0.274396580837D-01  0.118607779343D-01
  0.132416260138D-01 -0.252986944079D-01  0.679148020001D-02  0.558463465956D-01
 -0.243032826400D-01  0.496350956017D-02 -0.306688763137D-01 -0.284037235113D-02
 -0.360870197418D-01 -0.670317924339D-02 -0.373446477426D-01 -0.577263414125D-03
  0.308406231593D-04  0.367776719749D-03 -0.122096202496D-02 -0.767749693503D-02
 -0.129991544501D-01  0.410554152222D-01 -0.410166749400D-02 -0.268759410337D-01
  0.205581314540D-01  0.416527802336D-01 -0.577642753908D-02 -0.129549248369D-01
  0.240619702762D-01 -0.938642421311D-02  0.518315274512D-02 -0.109483931125D-01
  0.926423729826D-02 -0.581825517005D-01 -0.354461039895D-01  0.182772451710D-01
  0.365850875788D-01 -0.425577282491D-01  0.240965301154D-01 -0.165635091132D-01
 -0.111709296091D-01 -0.456066707135D-01 -0.102800707294D-01 -0.559871096132D-01
  0.331056797006D+00  0.458394230192D-02 -0.112847247941D-01  0.387861749897D-02
 -0.188928355887D-02 -0.523239726621D-02 -0.564119926875D-02  0.448149544761D-04
 -0.194055515828D-01 -0.813435263485D-02 -0.123997235883D-01 -0.645960154941D-02
 -0.472410508399D-02 -0.191625727606D-03 -0.182093790191D-01 -0.534071064193D-02
  0.118880436336D-02  0.843912608846D-02 -0.759072515016D-02 -0.525466571142D-02
 -0.242250937316D-01 -0.173553511031D-01 -0.240300538684D-01 -0.667068439690D-01
 -0.285414631195D-01 -0.302642336367D-01 -0.112014256545D-01  0.479086767349D-01
  0.175972461728D-02  0.169561939830D-01  0.277891499333D-01  0.747958293039D-03
 -0.127826039854D-01 -0.934760101515D-03  0.282332812361D-01 -0.977634904367D-02
  0.211542924494D-02 -0.254140568597D-01 -0.528571130248D-02 -0.174142958130D-01
  0.142628546533D-01 -0.644438100218D-02 -0.676623635287D-02  0.330268607663D-01
 -0.312210296066D-01 -0.315965856845D-01 -0.363863360484D-01  0.392709372959D-02
  0.344308469308D-01 -0.293900403477D-01  0.121989139421D-01 -0.273771142650D-01
  0.200293425170D-01 -0.156349472437D-01 -0.607702875425D-02  0.385660397076D-01
 -0.231273266082D-02  0.172269233366D-01 -0.156859255876D-01  0.477445038784D-01
  0.633713824840D-01 -0.111730911740D-01 -0.528632500209D-01  0.155855529703D-01
 -0.203257448220D-01 -0.336407922549D-01 -0.102130728722D-01  0.874974019125D-02
 -0.102994340649D+00 -0.392079040702D-01  0.526169894847D-01  0.306333055890D+00
 -0.551263350780D-02  0.588574896006D-02 -0.123891278561D-02  0.105923985164D-02
  0.125048199953D-01  0.116489584276D-02  0.527205837397D-02 -0.122225955177D-01
 -0.747852845942D-02 -0.297769767316D-02  0.152957559508D-02 -0.557990936395D-02
 -0.124300529306D-01 -0.204095958424D-01 -0.215090035023D-01 -0.175603153172D-02
 -0.140240551737D-01 -0.357079415917D-01 -0.250491109389D-01 -0.191608977462D-02
 -0.425162327438D-01 -0.521141060435D-01 -0.246771532052D-01 -0.119496882058D+00
 -0.241135094584D-01 -0.151136105956D-01 -0.667847784728D-01 -0.123423770688D-01
  0.189941376496D-01  0.104586005880D-01 -0.344263058843D-02  0.481463304054D-02
 -0.254082735256D-01  0.359138498643D-01  0.257687847043D-02 -0.239438912061D-02
  0.473154182344D-01 -0.433824280842D-02  0.152044317016D-01  0.375362730609D-01
  0.113778254679D-01  0.141293173550D-01 -0.905664497224D-02 -0.441267627277D-02
  0.175392459972D-01  0.167505590833D-01 -0.132045941932D-01 -0.255591588296D-01
  0.443860233209D-02  0.598043488874D-02 -0.623169543047D-02  0.111250420019D-01
 -0.362052237550D-02 -0.227361098228D-01 -0.353820750731D-01  0.564245122579D-02
  0.225540044812D-01  0.157754285321D-01 -0.567583351028D-02  0.480351691696D-02
 -0.310756419745D-01 -0.461636896180D-01 -0.315827741374D-01 -0.370906798238D-01
  0.238952717864D-01  0.174940038226D-02  0.194661030192D-01  0.354502065633D-01
  0.258286570924D-01  0.754680282454D-01 -0.262085078081D-02  0.363301666051D+00
 -0.272881920990D-01  0.105720814853D-01  0.107386296657D-01  0.588959008652D-03
  0.133012632280D-01 -0.145150415582D-01 -0.582565550351D-02  0.128174605240D-01
 -0.323218059142D-01 -0.156883318360D-01 -0.745596857880D-02 -0.267895775469D-01
 -0.127897701499D-02 -0.233498329757D-01 -0.219518585947D-01 -0.193954266087D-01
 -0.561139615528D-01 -0.185373109726D-01 -0.222329618486D-01 -0.950720140868D-02
  0.745706975407D-02 -0.114570999387D-03  0.479070283536D-02  0.108071549809D-01
  0.362116937581D-03  0.102297517598D+00  0.565928059703D-01 -0.130591576482D-01
  0.144304556010D-01  0.295593320525D-01 -0.196742987329D-01  0.475173695293D-02
  0.326840672108D-02 -0.200661647354D-01 -0.667431476788D-02  0.331358913431D-01
  0.567954328119D-02  0.164113809985D-01 -0.204731547547D-01  0.206519824086D-01
  0.497881393515D-02 -0.354923275652D-01 -0.255939919504D-02  0.494857179292D-01
  0.426221767690D-02 -0.602992490797D-01 -0.304655590885D-01 -0.683297844073D-01
 -0.677941811401D-02 -0.105524504852D-01 -0.179844072107D-01 -0.137828543103D-01
  0.547063687319D-03 -0.383561298378D-01  0.407227704226D-01 -0.268395149424D-01
 -0.292249716643D-01 -0.454311752128D-01 -0.661969669595D-01  0.125906230421D-02
 -0.507148708501D-01 -0.117087794307D-01  0.427403944855D-01 -0.107022725567D-01
 -0.755172179628D-04  0.309438794055D-01 -0.116327010790D-01  0.203180783945D-01
 -0.218660259180D-01 -0.839475352734D-03 -0.504414683250D-02  0.170969980813D-01
  0.276583440531D+00 -0.184471319490D-02  0.218610673886D-01  0.744196198554D-02
  0.356658033229D-02 -0.217724754587D-01 -0.317862568482D-02 -0.781446985570D-02
  0.134095112131D-01  0.627940707956D-02  0.651778060084D-03  0.232575761767D-03
 -0.543006686811D-02 -0.123473575435D-01 -0.278915246327D-01  0.237294186649D-02
 -0.707906102512D-02 -0.225170664367D-01  0.182877293651D-01  0.613529528427D-02
 -0.361283899985D-01  0.244902895229D-01  0.128085701258D-01 -0.257215427409D-01
 -0.302020890511D-01  0.511234818797D-01 -0.203906149877D+00 -0.797366510760D-01
 -0.192488199442D-02  0.373158051251D-01 -0.241321892078D-02 -0.408993569954D-01
  0.167553523907D-02 -0.244196650965D-01 -0.218479689952D-01  0.122381844673D-02
 -0.233269122282D-01  0.437871525045D-01 -0.124297478870D-03  0.174691782869D-02
  0.184936841550D-01 -0.240046733742D-01  0.250867921846D-01 -0.137925735932D-01
 -0.265302691984D-01 -0.114005611536D-01  0.268742749723D-01 -0.139614446301D-01
 -0.348389280479D-01  0.207039008053D-01  0.417803988863D-02 -0.625751398374D-02
 -0.309697395307D-01 -0.151644656108D-01 -0.103266543209D-01 -0.237415977885D-01
 -0.230597164462D-01  0.620506615646D-02  0.196790594316D-01  0.407240340712D-02
  0.236632154071D-01 -0.115248750957D-02 -0.422060362142D-01  0.303396235194D-02
  0.255355194251D-01 -0.570381501079D-01 -0.284743623253D-01 -0.142592541748D-01
  0.176336390535D-01 -0.895301362060D-02 -0.237504644282D-01  0.115023694696D-01
 -0.818458009530D-02 -0.492341893419D-01  0.439087566812D+00 -0.231662117749D-01
  0.251566395727D-01 -0.454385731778D-02 -0.240367374147D-01 -0.136658946582D-01
  0.525379776363D-02 -0.543287110351D-02 -0.318027967610D-02  0.301866674534D-01
  0.603609444756D-02 -0.139231560688D-01  0.230001357175D-01 -0.308661507236D-02
 -0.130763745385D-01  0.350352543193D-02  0.162942652009D-02 -0.102549695388D-01
 -0.112540407045D-02  0.400804192018D-02  0.204528234874D-01 -0.153236399750D-01
  0.226014467761D-01  0.339381487181D-01 -0.373710256302D-01  0.352547367899D-01
 -0.100364929881D+00 -0.135406350877D+00 -0.193061878724D-01  0.138425884187D-01
 -0.923992647534D-02 -0.171773157516D-01  0.319986209838D-01  0.882382653845D-02
  0.606413996234D-02  0.152255102526D-01 -0.170945148474D-01 -0.797042309609D-01
  0.883021131324D-02 -0.729133914219D-02 -0.337181770178D-01 -0.303585280565D-01
 -0.824707155590D-02  0.246363546454D-01 -0.698354215433D-02  0.368795637844D-01
 -0.256003704380D-02 -0.347464924856D-01 -0.167421404456D-01  0.233398188307D-01
 -0.103656024010D-01  0.319280865262D-01  0.181598690493D-01  0.312556187828D-01
 -0.304183887427D-01  0.387192200688D-02 -0.158952168716D-01 -0.558684073541D-02
 -0.526321619518D-02 -0.410735841168D-02 -0.193744506990D-01 -0.363902304060D-02
  0.281584773139D-01 -0.197690508859D-01  0.562756684762D-02  0.320695844033D-01
 -0.466404815393D-02  0.299932352519D-01 -0.323627734540D-01 -0.201293779453D-01
  0.175966483658D-01 -0.149336472248D-01 -0.174089431206D-01  0.265494717262D-01
  0.127532741210D+00  0.267201754529D+00  0.183555318675D-01  0.331965133065D-02
  0.196709513546D-01 -0.730388470496D-02  0.108818797207D-01  0.898474341069D-02
 -0.865802337180D-02  0.961657375356D-02 -0.793595903159D-02 -0.131568748691D-01
 -0.190424669716D-01 -0.146857427330D-03  0.193946073190D-03  0.954477150603D-02
  0.141683439688D-01  0.146383303893D-01 -0.269918423239D-01 -0.645428894809D-02
 -0.643924341643D-02 -0.235918394232D-01 -0.169497050341D-01  0.150279279519D-01
  0.388454538187D-02  0.122679332729D-01 -0.209795692395D+00 -0.401323199873D-01
 -0.178036542186D+00 -0.326585359987D-01  0.425613263654D-02 -0.934543806593D-02
 -0.197908038199D-02 -0.490795074308D-02  0.221859108654D-01 -0.252503232869D-01
  0.155689094243D-01  0.986162040096D-02 -0.500736784741D-02  0.805570190579D-02
 -0.927611790679D-02 -0.208690934088D-01  0.135337410274D-01 -0.596090621712D-02
  0.170229051858D-02 -0.862261622448D-02 -0.137888026313D-01 -0.236721002631D-01
 -0.270991007335D-01  0.873647716657D-02 -0.206332164535D-01 -0.297101678399D-01
  0.100725898018D-01 -0.290227224639D-01  0.207760668085D-01  0.139254507661D-03
  0.122331852011D-01  0.236272981107D-01  0.289337586720D-01 -0.113504565844D-01
 -0.265774725410D-01 -0.279764020078D-01 -0.359126105410D-02  0.233579735597D-01
 -0.182975229028D-01 -0.243912692064D-01 -0.549909542148D-01 -0.625853274681D-01
  0.235135162060D-01  0.495699424769D-02  0.160913331432D-01  0.517647469883D-01
  0.340728625116D-01 -0.454079520918D-01  0.150962637194D-01  0.897487302829D-02
  0.225628685129D-01  0.324267271495D+00 -0.204443403297D-01 -0.848599366131D-03
 -0.133333486919D-01 -0.257962995389D-01  0.152561543580D-01 -0.126790803257D-01
 -0.207024002914D-01  0.660490804836D-02 -0.766146648188D-02  0.215501195775D-02
 -0.396411060961D-01 -0.250478532351D-01  0.558235779899D-02 -0.309459300919D-01
 -0.224815158804D-01  0.113962140586D-01 -0.311384119946D-01 -0.187401009123D-01
  0.193816878237D-01 -0.187083779646D-01  0.936353043767D-02  0.338487185844D-01
 -0.174878470372D-01  0.343151795656D-01 -0.187996027358D-01 -0.972965022960D-01
 -0.492262651234D-01 -0.128711423336D-01  0.726254465462D-02  0.177792804170D-01
  0.155997014525D-02  0.348341008668D-02  0.272730215225D-02 -0.536444506856D-01
  0.123362074454D-01 -0.320449965686D-01 -0.285969813406D-01 -0.131190235934D-01
  0.550697272121D-02 -0.604408964900D-01  0.298015716235D-01 -0.123097617633D-01
 -0.188043508622D-01  0.103962099430D-01  0.135786176723D-01  0.253159027687D-01
 -0.286697955850D-01 -0.480474880474D-02  0.274654174176D-01 -0.647387827767D-01
 -0.101037064107D-01 -0.227098800684D-01 -0.271472853333D-01 -0.350404181351D-01
  0.335125921345D-02 -0.447322903537D-02  0.168897470992D-01  0.357443164621D-01
  0.547659090211D-02  0.257294811515D-01  0.147371669189D-01  0.231620056916D-02
  0.101185837288D-01 -0.132603402230D-02 -0.217576016261D-02  0.292514643642D-01
  0.272951477821D-01 -0.193069099698D-01  0.294959249654D-02 -0.703829529513D-02
  0.384024948338D-02  0.374068065572D-01 -0.492397503715D-02 -0.430803466926D-01
 -0.531886803340D-01  0.564912527489D-01  0.290678663507D+00  0.127998792981D-02
  0.116007916625D-01  0.254015848450D-02 -0.588724044780D-03  0.201474592419D-01
  0.983315658886D-02 -0.332592434046D-02  0.132897528080D-01 -0.152011819772D-01
 -0.780291928308D-03 -0.198018848782D-01 -0.447744719407D-02  0.134135672907D-02
 -0.239360636310D-03  0.326221693048D-02 -0.966154866728D-02  0.308729548907D-01
  0.102915817702D-01 -0.870068190164D-02 -0.106422435930D-01  0.218696233947D-02
 -0.325477055400D-01  0.105494271547D-01 -0.530409638481D-02 -0.951199459249D-01
 -0.338246666615D-01 -0.186728462213D+00 -0.153600455559D-01 -0.119107239707D-01
 -0.273265457852D-02 -0.140478520220D-02  0.631718854108D-02 -0.203161189261D-01
 -0.279029265185D-01  0.275263394267D-01 -0.345322635404D-02  0.202155959121D-01
  0.837455793860D-02  0.227287719915D-01  0.187236819848D-01  0.327675803294D-02
 -0.428663106919D-01 -0.277164243270D-01  0.158633248878D-01  0.105931597908D-01
  0.556832524749D-02 -0.187183689378D-01  0.251218089382D-01  0.147929565451D-01
 -0.136471578296D-01 -0.143556593210D-01  0.757497542505D-02 -0.222488183754D-01
  0.267365870038D-01 -0.308915479709D-01 -0.135297577283D-01 -0.792047075576D-02
 -0.276942987802D-01 -0.107424344438D-01 -0.806122080950D-01  0.308234389677D-01
 -0.535067098843D-01  0.114770302830D-01 -0.329735007880D-01 -0.232722820729D-01
 -0.169845206856D-01 -0.384404684034D-01  0.129596710420D-01 -0.368150153495D-01
  0.189331488314D-02 -0.817360956983D-02 -0.387627373570D-01 -0.234666798014D-01
  0.256875230685D-01 -0.445839414858D-01  0.238026342656D+00  0.572613386234D-01
  0.373627658352D+00 -0.354202839958D-01  0.200926956174D-02  0.241875480122D-01
 -0.210246038632D-01 -0.795254246387D-02  0.146369222071D-01 -0.142375446841D-01
 -0.152477310993D-01  0.503035179462D-02  0.107563399096D-01 -0.215294918580D-02
 -0.145211150206D-01  0.761713270451D-02 -0.145269047270D-02 -0.219497458813D-01
 -0.676206025347D-02 -0.761240700214D-02  0.830691093560D-02 -0.535798182796D-02
 -0.244820441581D-02  0.200051082124D-01 -0.297991477153D-01 -0.245042246517D-02
 -0.751128110607D-02 -0.238033842641D-01  0.173923890574D-02 -0.296978126620D-03
 -0.623797228628D-01  0.340683715323D-01  0.255757392837D-01 -0.552892148031D-01
 -0.336948023910D-01 -0.350353350083D-01  0.275453063037D-01  0.344859901690D-02
  0.309019587035D-01 -0.490646510898D-02  0.484797622469D-02  0.535305147979D-02
 -0.169687609690D-01 -0.111465498353D-01  0.216867648016D-01 -0.214913861148D-01
 -0.115717316665D-02  0.265574920754D-01  0.431364634763D-01  0.111920712059D-01
  0.112646575522D-01  0.432838240911D-01  0.140711976399D-01 -0.261394635005D-01
  0.207981888836D-01 -0.747574976814D-02 -0.129501538852D-01  0.441820140534D-01
  0.157782497601D-02 -0.182736945552D-01 -0.392551239569D-01 -0.582876733288D-02
  0.144362019022D-01  0.194976946364D-01  0.828309609707D-02  0.964991527768D-02
 -0.215356157733D-02  0.106122787279D-01  0.366737794277D-01 -0.285671887336D-01
  0.172698080886D-01 -0.776081138413D-02 -0.282578745014D-01 -0.184163691050D-01
 -0.133807772387D-01 -0.614885177765D-02  0.455617863819D-02 -0.144214095275D-01
 -0.509832434607D-02  0.301595637680D-01  0.188669236566D-01  0.303800537383D+00
  0.215523811940D-01 -0.101108059632D-01  0.237391911092D-01  0.239586907174D-01
 -0.504443131726D-01  0.182120518190D-02  0.515357752375D-02 -0.273938082704D-01
  0.491895071742D-02 -0.744448657467D-02 -0.129110136231D-01 -0.294404103150D-02
  0.305018429179D-02 -0.702152161299D-02  0.103476554294D-01 -0.563400071910D-02
 -0.299685607980D-02 -0.893245317151D-03 -0.111896564789D-01 -0.136500065488D-01
 -0.104597408616D-02  0.616542824788D-02  0.110073739760D-01  0.913584613996D-02
  0.599045772978D-03  0.714989879871D-02 -0.886567496592D-02  0.488016691524D-01
 -0.143626119978D+00 -0.879499504515D-01 -0.194446200371D-01 -0.219448252924D-01
 -0.719667839786D-02 -0.273761420854D-01 -0.289766166859D-01  0.110657133660D-01
 -0.583470774440D-03 -0.599874151945D-01 -0.108853267062D-01  0.108514780605D-01
 -0.608531618170D-01 -0.249536266863D-01 -0.133473791352D-01 -0.372107179909D-01
  0.790527848970D-02  0.153215059273D-01 -0.113778959015D-01 -0.376021561501D-02
 -0.251770596913D-01 -0.396880704111D-01  0.109114898905D-01  0.247133696097D-01
  0.424144853049D-02 -0.154317289039D-02 -0.407392261186D-02  0.385359688693D-02
  0.346679017893D-01 -0.252689469625D-01 -0.238663689910D-02  0.761664062556D-02
 -0.973008508799D-02  0.462228554125D-02 -0.231548304664D-01  0.122593698900D-01
  0.259678177964D-03  0.798332288366D-02 -0.163535805522D-01  0.241703761258D-01
 -0.119766328645D-01  0.653487207200D-02  0.215472850838D-01  0.102302205393D-01
  0.257269527619D-01  0.120690080153D-01 -0.156749094176D-01  0.751772911084D-02
  0.406415387829D-01 -0.235413934439D-02 -0.159017595205D-01  0.420973894010D+00
 -0.479612829432D-02  0.129126505600D-02 -0.269774756135D-01 -0.817467218251D-02
  0.240818065320D-01  0.216896899107D-03 -0.488761871869D-02  0.664259593203D-02
 -0.682150746133D-02 -0.113715592663D-01  0.636107150735D-02 -0.112993744007D-01
  0.122273589823D-01 -0.166083774567D-01 -0.888230855094D-02 -0.523599102409D-02
  0.494431720649D-02 -0.602681173488D-02 -0.308600621682D-03 -0.504305404586D-02
  0.337389240306D-02  0.207934050674D-01  0.126329322787D-01  0.139326756283D-01
  0.138164833797D-01  0.106264622341D-01 -0.286373826812D-02  0.269828394170D-01
 -0.102572777288D+00 -0.199330843975D+00  0.432608421929D-01  0.738163732111D-02
 -0.316621150399D-01 -0.847508022298D-02 -0.354092835812D-01 -0.140690220977D-01
 -0.168589263047D-01  0.228948859131D-01 -0.123590881612D-01 -0.279467790467D-01
  0.317278438814D-01  0.117354029222D-02  0.383377137088D-02 -0.839595825760D-02
 -0.277114714281D-01 -0.195706191510D-01  0.925759264564D-02 -0.527538160017D-02
  0.208613242070D-02  0.115910252514D-01 -0.329517265190D-01  0.481142493888D-02
 -0.283436450332D-01  0.774887707230D-02  0.399188449785D-02 -0.272343533515D-01
 -0.361522594025D-01  0.243458624007D-01 -0.680658062224D-02 -0.270890518003D-02
 -0.141365048752D-01 -0.434291811644D-01  0.218761544896D-01 -0.815165270369D-02
  0.485033615893D-02  0.161223124322D-01  0.433704832697D-02  0.767887428515D-02
 -0.179398444264D-02  0.140077773619D-01  0.235637947156D-01  0.129282753041D-01
  0.326475581339D-01  0.543625329836D-02  0.852026100686D-02  0.595702190930D-02
  0.514198998053D-02  0.739621026887D-02 -0.283009662850D-01  0.555745774443D-01
  0.423234957249D+00 -0.200846869329D-01  0.143888986317D-01  0.217710828146D-01
 -0.212666248446D-01  0.160172476449D-01  0.278156024912D-01 -0.278721688169D-01
  0.125957281692D-01  0.179460907025D-01  0.125413722168D-02  0.793180757745D-02
 -0.212258144041D-01  0.756924450055D-02 -0.223173678923D-02 -0.164507112711D-01
  0.122462837280D-02 -0.113487118187D-01  0.520867453563D-03 -0.148775098025D-03
 -0.881134984050D-02  0.476491352548D-02 -0.141661064478D-01 -0.574756209835D-02
  0.664630678860D-02 -0.267957859712D-01 -0.203173838868D-02 -0.161148877462D-02
 -0.513725975626D-01  0.105588780511D-02 -0.305887102024D-01 -0.177530068794D-01
  0.322725496728D-01  0.861581538028D-02 -0.416812210199D-01  0.219264586817D-02
  0.376244767475D-01 -0.261676100332D-01  0.911402956847D-02  0.291708856785D-01
  0.236378441555D-01  0.212202421251D-01  0.892918902881D-02 -0.443130246511D-01
 -0.272730275283D-01 -0.332056268525D-01 -0.588944910566D-02  0.145660877566D-01
 -0.101232817278D-01  0.451778202767D-01 -0.936959078304D-02 -0.100938496330D-01
  0.295091409357D-01 -0.106823584828D-01 -0.700632608933D-02  0.281719771953D-01
  0.128218935144D-01  0.419948160727D-02 -0.244801023219D-01 -0.206177574915D-02
  0.167525000064D-01  0.261053896392D-01 -0.182605644709D-01 -0.104284038421D-01
  0.169220682328D-01  0.336350514498D-02  0.218945523334D-01 -0.238867779888D-01
 -0.153244669103D-01 -0.259007132408D-01 -0.188773221915D-01 -0.201791872964D-02
  0.239143202350D-01 -0.617107175411D-02  0.776776732880D-02 -0.164196088775D-01
 -0.279155403577D-01  0.161466158231D-02  0.174685997578D-01 -0.113696020086D+00
 -0.306811441012D-01 -0.548843117035D-01  0.332965641533D+00 -0.971783524472D-03
 -0.134431502974D-01 -0.223887086704D-01 -0.988985892192D-02 -0.271972601543D-01
 -0.298093156888D-02 -0.501341212847D-02 -0.278522737320D-01 -0.295449056669D-02
  0.153289505117D-01 -0.157108920374D-01 -0.146635286575D-01  0.147560716698D-03
 -0.891238175328D-02  0.505789140439D-02 -0.126910301540D-01 -0.686254676461D-03
  0.563049075646D-02  0.106360233749D-02  0.111632266446D-01  0.133927924356D-02
 -0.757760608488D-02  0.143130041708D-01 -0.183476673222D-02  0.521501929905D-02
  0.305331261059D-01  0.702190031472D-02 -0.233132601252D-01 -0.219891819491D+00
  0.340783902756D-01  0.162087702030D-01 -0.393597082324D-01  0.276774518597D-01
 -0.505794624649D-02 -0.627154677177D-01 -0.964611740970D-02  0.853419386032D-02
 -0.575596478793D-01  0.221218331214D-01  0.103668306487D-01 -0.281592830505D-01
 -0.202249894106D-01 -0.278899661619D-02 -0.376629403342D-01 -0.132418636418D-02
  0.803970718711D-02 -0.258186093620D-01  0.130624028681D-01 -0.533188704877D-02
 -0.358719144630D-01 -0.244997945336D-02  0.824933969838D-02 -0.682127035487D-02
  0.311925001137D-02 -0.275834468779D-02  0.344321439821D-01 -0.971384365688D-02
  0.541635630534D-02 -0.122570512180D-01  0.108056887460D-01  0.466827684076D-02
 -0.781081982185D-03  0.850065763915D-02 -0.131196651488D-01 -0.525326997981D-02
 -0.530675585543D-02  0.703897895354D-02  0.166275887988D-01 -0.154790790852D-01
 -0.107283598955D-01  0.319236378814D-02  0.295079023977D-03  0.277131526884D-01
  0.188452090764D-01  0.462139071576D-02  0.322977418980D-02  0.106836585912D-01
 -0.111492939285D-02 -0.108973561587D-01 -0.199565984874D-01  0.221639491589D-01
 -0.110810066992D-01  0.506120554046D+00  0.189158147551D-02 -0.235552223880D-01
 -0.202560159345D-01 -0.227067466399D-02 -0.175215396044D-01 -0.244021931422D-01
  0.373570884346D-02  0.845161784654D-03 -0.162940066929D-01 -0.764221108739D-02
 -0.359619431896D-02 -0.308901919201D-02  0.556895328170D-02  0.286213965030D-01
 -0.407154292435D-02  0.648713909755D-02 -0.897914254831D-03  0.896904946021D-02
  0.658928652079D-02 -0.149515253395D-01  0.219560979692D-01 -0.754363055073D-02
 -0.365297650716D-02 -0.183453272583D-01 -0.272793056755D-02 -0.697076708169D-02
 -0.218233788926D-01 -0.452760436198D-02  0.763218442993D-01 -0.935302725383D-01
  0.914527183258D-02 -0.861641483410D-02  0.101161766001D-01  0.517018170064D-01
  0.339774972623D-01 -0.519744397687D-01  0.431018045984D-02 -0.401485207542D-01
 -0.131652589557D-01 -0.355848452124D-01 -0.147804360480D-01 -0.227872131544D-01
  0.325486902825D-01  0.150685808802D-01 -0.866133714547D-02  0.635298175909D-02
  0.241002076426D-02 -0.128530677413D-01 -0.106524642166D-01  0.501289042416D-02
 -0.101369253679D-01 -0.711432406238D-02  0.251030421852D-01 -0.606974593882D-03
  0.173510415464D-01  0.149515401284D-01 -0.110362861313D-01  0.143260470678D-01
 -0.137880779993D-01 -0.120195852505D-01 -0.112559692726D-02 -0.522556423903D-01
  0.482137481367D-01  0.454991619777D-02  0.351268567740D-03  0.360522174951D-01
 -0.182985533892D-01  0.109121769133D-01 -0.137086480992D-01 -0.311362243179D-01
  0.677263864179D-02 -0.192657413899D-01  0.622502034448D-01 -0.121958852731D-03
 -0.977306646667D-03 -0.154973277236D-01  0.286420556996D-01  0.153187486275D-01
 -0.725915938030D-01  0.728042463465D-02 -0.896380391700D-01 -0.100958379321D-01
 -0.554133483153D-01  0.328016541701D+00
$end
