$energy      SCF               SCFKIN            SCFPOT
     1 -2737.010042668      2729.517686709     -5466.527729377
     2 -2737.053165171      2730.166799877     -5467.219965048
     3 -2737.127638239      2731.237229705     -5468.364867944
     4 -2737.186230032      2732.151179882     -5469.337409914
     5 -2737.236529262      2732.460865111     -5469.697394373
     6 -2737.270552561      2732.208258338     -5469.478810899
     7 -2737.286460278      2731.740196298     -5469.026656576
     8 -2737.292724376      2731.624136999     -5468.916861374
     9 -2737.301369301      2731.781125727     -5469.082495028
    10 -2737.306914974      2731.874567394     -5469.181482368
    11 -2737.312073631      2731.934961933     -5469.247035563
    12 -2737.314915546      2731.956529995     -5469.271445541
    13 -2737.318473764      2732.092917367     -5469.411391131
    14 -2737.322289464      2732.247184519     -5469.569473983
    15 -2737.324627421      2732.242523313     -5469.567150734
    16 -2737.326857080      2732.218954534     -5469.545811615
    17 -2737.328589039      2732.179818923     -5469.508407962
    18 -2737.330513053      2732.112139766     -5469.442652819
    19 -2737.331697293      2732.103057676     -5469.434754968
    20 -2737.332797256      2732.084487673     -5469.417284930
    21 -2737.334114746      2732.114931609     -5469.449046355
    22 -2737.335178445      2732.126129054     -5469.461307498
    23 -2737.336132844      2732.151588049     -5469.487720892
    24 -2737.337012133      2732.123176063     -5469.460188196
    25 -2737.337892199      2732.117560783     -5469.455452981
    26 -2737.338529873      2732.054383348     -5469.392913221
    27 -2737.339450845      2732.076483385     -5469.415934229
    28 -2737.340339453      2732.076707632     -5469.417047085
    29 -2737.340895905      2732.046972126     -5469.387868031
    30 -2737.341366038      2732.022452937     -5469.363818975
    31 -2737.341918458      2731.986081705     -5469.328000163
    32 -2737.342457010      2731.975037530     -5469.317494540
    33 -2737.343103381      2731.955512998     -5469.298616379
    34 -2737.343742202      2731.978836623     -5469.322578826
    35 -2737.344455293      2731.983328904     -5469.327784197
    36 -2737.345078924      2732.156168483     -5469.501247407
    37 -2737.345946220      2732.058847872     -5469.404794093
    38 -2737.346818158      2732.035891536     -5469.382709694
    39 -2737.347753484      2732.027780702     -5469.375534186
    40 -2737.348610000      2732.038228254     -5469.386838254
    41 -2737.349496475      2732.046942257     -5469.396438732
    42 -2737.350431483      2732.045135720     -5469.395567203
    43 -2737.351396415      2732.069844384     -5469.421240798
    44 -2737.351987184      2731.960762425     -5469.312749609
    45 -2737.351988632      2732.028248457     -5469.380237090
    46 -2737.353258371      2731.990340216     -5469.343598588
    47 -2737.353798978      2731.950201907     -5469.304000884
    48 -2737.354539851      2731.927891333     -5469.282431184
    49 -2737.355303128      2731.959413576     -5469.314716704
    50 -2737.355835323      2731.943564801     -5469.299400125
    51 -2737.356175263      2732.058505470     -5469.414680733
    52 -2737.356640963      2731.985354789     -5469.341995752
    53 -2737.356987161      2731.970435955     -5469.327423116
    54 -2737.357545108      2731.985052232     -5469.342597339
    55 -2737.357833932      2731.990789962     -5469.348623894
    56 -2737.358150360      2732.017300187     -5469.375450547
    57 -2737.358365358      2732.010952006     -5469.369317364
    58 -2737.358647224      2732.024249533     -5469.382896756
    59 -2737.358897411      2731.993990231     -5469.352887641
    60 -2737.359137371      2732.002677427     -5469.361814798
    61 -2737.359306075      2731.988366697     -5469.347672772
    62 -2737.359460956      2731.996323961     -5469.355784917
    63 -2737.359670452      2732.024730375     -5469.384400826
    64 -2737.359844298      2732.027939079     -5469.387783377
    65 -2737.360005338      2732.036895453     -5469.396900791
    66 -2737.360149458      2732.028153786     -5469.388303243
    67 -2737.360293647      2732.045826801     -5469.406120447
    68 -2737.360459633      2732.041791527     -5469.402251161
    69 -2737.360642985      2732.037512379     -5469.398155365
    70 -2737.360837350      2732.051162680     -5469.412000031
    71 -2737.361022853      2732.046366980     -5469.407389833
    72 -2737.361308228      2732.056802204     -5469.418110432
    73 -2737.361616287      2732.046940120     -5469.408556407
    74 -2737.362003950      2732.061974374     -5469.423978324
    75 -2737.362400156      2732.083961358     -5469.446361514
    76 -2737.362806375      2732.120626853     -5469.483433227
    77 -2737.363044525      2732.089115041     -5469.452159566
    78 -2737.363420950      2732.125177393     -5469.488598343
    79 -2737.363841776      2732.148350607     -5469.512192383
    80 -2737.364169236      2732.132530898     -5469.496700134
    81 -2737.364513749      2732.127710807     -5469.492224556
    82 -2737.364657262      2732.099650724     -5469.464307985
    83 -2737.364861406      2732.114958540     -5469.479819945
    84 -2737.365199587      2732.082901197     -5469.448100784
    85 -2737.365488748      2732.110875381     -5469.476364130
    86 -2737.365703762      2732.074024745     -5469.439728506
    87 -2737.365991541      2732.117545982     -5469.483537522
    88 -2737.366278320      2732.074649191     -5469.440927511
    89 -2737.366541338      2732.092763940     -5469.459305277
    90 -2737.366831490      2732.087208488     -5469.454039978
    91 -2737.367260321      2732.050879868     -5469.418140189
    92 -2737.367658921      2732.051740434     -5469.419399356
    93 -2737.368188304      2732.034694697     -5469.402883001
    94 -2737.368925147      2732.080111684     -5469.449036831
    95 -2737.369405829      2732.086106840     -5469.455512669
    96 -2737.369985512      2732.094181938     -5469.464167450
    97 -2737.370539776      2732.097980527     -5469.468520303
    98 -2737.371165506      2732.096885048     -5469.468050553
    99 -2737.371698573      2732.073951994     -5469.445650567
   100 -2737.372128638      2732.053228185     -5469.425356822
   101 -2737.372878993      2732.057949080     -5469.430828073
   102 -2737.373618899      2732.030739508     -5469.404358407
   103 -2737.374419731      2732.023057652     -5469.397477383
   104 -2737.375058203      2731.992201654     -5469.367259857
   105 -2737.375820654      2731.972836727     -5469.348657380
   106 -2737.376983785      2731.976970609     -5469.353954394
   107 -2737.378081322      2731.976814345     -5469.354895667
   108 -2737.379042610      2731.967621448     -5469.346664058
   109 -2737.379798475      2731.941267362     -5469.321065837
   110 -2737.380238783      2732.115558675     -5469.495797458
   111 -2737.380884142      2731.996780610     -5469.377664752
   112 -2737.381519844      2731.933329102     -5469.314848946
   113 -2737.382080192      2731.899716187     -5469.281796379
   114 -2737.382699191      2731.930762309     -5469.313461500
   115 -2737.383346894      2732.015785668     -5469.399132562
   116 -2737.383740605      2732.036989703     -5469.420730308
   117 -2737.384017079      2732.062347125     -5469.446364203
   118 -2737.384424131      2732.101993804     -5469.486417935
   119 -2737.384727479      2732.066622199     -5469.451349678
   120 -2737.384978577      2732.065100515     -5469.450079092
   121 -2737.385251633      2732.041882877     -5469.427134510
   122 -2737.385499176      2732.071373964     -5469.456873141
   123 -2737.385706487      2732.075413256     -5469.461119743
   124 -2737.385970259      2732.118080898     -5469.504051157
   125 -2737.386225877      2732.140481219     -5469.526707095
   126 -2737.386436285      2732.154050427     -5469.540486712
   127 -2737.386646172      2732.174960278     -5469.561606450
   128 -2737.386857050      2732.175942722     -5469.562799771
   129 -2737.387056791      2732.169325142     -5469.556381933
   130 -2737.387266496      2732.163234523     -5469.550501020
   131 -2737.387464554      2732.132212452     -5469.519677006
   132 -2737.387669061      2732.116782543     -5469.504451604
   133 -2737.387868433      2732.094167407     -5469.482035840
   134 -2737.387977185      2732.088913429     -5469.476890614
   135 -2737.388092710      2732.089022123     -5469.477114834
   136 -2737.388184509      2732.084276958     -5469.472461468
   137 -2737.388281861      2732.083205955     -5469.471487816
   138 -2737.388405627      2732.077907637     -5469.466313264
   139 -2737.388525160      2732.082822969     -5469.471348129
   140 -2737.388703155      2732.083973291     -5469.472676446
   141 -2737.388828082      2732.090258382     -5469.479086465
   142 -2737.388915875      2732.092143365     -5469.481059240
   143 -2737.389038076      2732.092962617     -5469.482000693
   144 -2737.389154653      2732.094982049     -5469.484136702
   145 -2737.389205600      2732.079079866     -5469.468285466
   146 -2737.389259454      2732.073919356     -5469.463178810
   147 -2737.389359125      2732.057050335     -5469.446409460
   148 -2737.389445750      2732.052509049     -5469.441954799
   149 -2737.389567627      2732.046190964     -5469.435758591
   150 -2737.389686944      2732.039243136     -5469.428930080
   151 -2737.389771413      2732.043827173     -5469.433598586
   152 -2737.389880601      2732.044940388     -5469.434820989
   153 -2737.389965220      2732.064158523     -5469.454123743
   154 -2737.390023608      2732.065894193     -5469.455917800
   155 -2737.390097540      2732.079090360     -5469.469187900
   156 -2737.390153744      2732.075042016     -5469.465195760
   157 -2737.390230696      2732.079811441     -5469.470042136
   158 -2737.390297195      2732.080118960     -5469.470416154
   159 -2737.390349812      2732.081471732     -5469.471821544
   160 -2737.390407681      2732.085318710     -5469.475726391
   161 -2737.390482191      2732.095977471     -5469.486459662
   162 -2737.390536526      2732.102572641     -5469.493109168
   163 -2737.390590869      2732.115532012     -5469.506122881
   164 -2737.390613129      2732.117995848     -5469.508608977
   165 -2737.390656331      2732.130119627     -5469.520775958
   166 -2737.390735734      2732.125761520     -5469.516497253
   167 -2737.390768729      2732.126584924     -5469.517353653
   168 -2737.390803576      2732.116456502     -5469.507260078
   169 -2737.390833513      2732.140180278     -5469.531013790
   170 -2737.390873390      2732.125838955     -5469.516712345
   171 -2737.390918021      2732.131062572     -5469.521980593
   172 -2737.390970810      2732.124308187     -5469.515278997
   173 -2737.391003426      2732.127715758     -5469.518719185
   174 -2737.391035062      2732.119545951     -5469.510581012
   175 -2737.391058784      2732.116689585     -5469.507748370
   176 -2737.391094632      2732.110356584     -5469.501451215
   177 -2737.391132793      2732.106621238     -5469.497754032
   178 -2737.391186676      2732.102214122     -5469.493400798
   179 -2737.391228238      2732.097536638     -5469.488764876
   180 -2737.391257167      2732.087254253     -5469.478511420
   181 -2737.391295635      2732.080678303     -5469.471973937
   182 -2737.391338632      2732.087978743     -5469.479317375
   183 -2737.391376514      2732.096444409     -5469.487820923
   184 -2737.391410135      2732.106137560     -5469.497547695
   185 -2737.391479959      2732.125909893     -5469.517389853
   186 -2737.391561168      2732.135494038     -5469.527055206
   187 -2737.391605501      2732.142598799     -5469.534204300
   188 -2737.391646062      2732.141302531     -5469.532948593
   189 -2737.391732355      2732.137495149     -5469.529227504
   190 -2737.391856730      2732.125211407     -5469.517068137
   191 -2737.391915068      2732.126322542     -5469.518237610
   192 -2737.392027360      2732.119099146     -5469.511126506
   193 -2737.392130566      2732.117819797     -5469.509950362
   194 -2737.392192076      2732.110262707     -5469.502454783
   195 -2737.392286350      2732.188462721     -5469.580749071
   196 -2737.392411246      2732.167368068     -5469.559779314
   197 -2737.392561387      2732.150588845     -5469.543150232
   198 -2737.392768181      2732.150448135     -5469.543216316
   199 -2737.392985277      2732.151425364     -5469.544410641
   200 -2737.393176864      2732.146288238     -5469.539465103
   201 -2737.393435305      2732.159834954     -5469.553270259
   202 -2737.393611463      2732.149441485     -5469.543052948
   203 -2737.393769293      2732.134046229     -5469.527815522
   204 -2737.393985712      2732.152637672     -5469.546623384
   205 -2737.394126371      2732.133788369     -5469.527914740
   206 -2737.394281626      2732.120586666     -5469.514868292
   207 -2737.394704400      2732.175495463     -5469.570199863
   208 -2737.394980428      2732.166176414     -5469.561156843
   209 -2737.395242786      2732.149976233     -5469.545219019
   210 -2737.395595369      2732.145764522     -5469.541359891
   211 -2737.395937737      2732.134737965     -5469.530675702
   212 -2737.396264569      2732.121033001     -5469.517297570
   213 -2737.396534939      2732.099836932     -5469.496371872
   214 -2737.396726023      2732.066200377     -5469.462926401
   215 -2737.397066321      2732.117551694     -5469.514618015
   216 -2737.397258456      2732.096264741     -5469.493523196
   217 -2737.397416746      2732.068280021     -5469.465696767
   218 -2737.397594266      2732.045934361     -5469.443528627
   219 -2737.397787628      2732.027658963     -5469.425446591
   220 -2737.398537654      2732.094622693     -5469.493160348
   221 -2737.398945477      2732.077194222     -5469.476139699
   222 -2737.399357418      2732.058827027     -5469.458184445
   223 -2737.399891374      2732.058876989     -5469.458768363
   224 -2737.400329252      2732.046127385     -5469.446456637
   225 -2737.400775303      2732.039271231     -5469.440046534
   226 -2737.401093615      2732.021385386     -5469.422479001
   227 -2737.401284392      2731.994545630     -5469.395830023
   228 -2737.401533673      2732.151688492     -5469.553222165
   229 -2737.401855525      2732.097055373     -5469.498910898
   230 -2737.402207476      2732.009235596     -5469.411443072
   231 -2737.402711523      2731.920790586     -5469.323502109
   232 -2737.403312795      2731.907923381     -5469.311236177
   233 -2737.404253037      2731.966443401     -5469.370696438
   234 -2737.404718327      2731.999995266     -5469.404713594
   235 -2737.405325755      2732.093083022     -5469.498408777
   236 -2737.405839349      2732.194464230     -5469.600303579
   237 -2737.406103563      2732.175543030     -5469.581646593
   238 -2737.406497280      2732.147989941     -5469.554487221
   239 -2737.406759168      2732.094522462     -5469.501281630
   240 -2737.407089552      2732.062575988     -5469.469665541
   241 -2737.407628028      2732.047503355     -5469.455131384
   242 -2737.408054519      2732.063959859     -5469.472014378
   243 -2737.408422220      2732.115462960     -5469.523885180
   244 -2737.408794146      2732.224835551     -5469.633629698
   245 -2737.409100884      2732.212478603     -5469.621579488
   246 -2737.409404843      2732.254346116     -5469.663750959
   247 -2737.409731508      2732.206401197     -5469.616132705
   248 -2737.410043505      2732.160759908     -5469.570803414
   249 -2737.410261949      2732.134554522     -5469.544816472
   250 -2737.410613388      2732.142879833     -5469.553493221
   251 -2737.410840687      2732.159199190     -5469.570039877
   252 -2737.411076239      2732.176939812     -5469.588016051
   253 -2737.411427549      2732.207369576     -5469.618797126
   254 -2737.411858146      2732.218510547     -5469.630368693
   255 -2737.412107969      2732.209792544     -5469.621900513
   256 -2737.412325412      2732.202727965     -5469.615053377
   257 -2737.412768756      2732.195815272     -5469.608584028
   258 -2737.413228547      2732.186728204     -5469.599956750
   259 -2737.413383025      2732.182518711     -5469.595901736
   260 -2737.413647006      2732.193488290     -5469.607135296
   261 -2737.413808672      2732.184618305     -5469.598426977
   262 -2737.414008358      2732.195416957     -5469.609425315
   263 -2737.414159036      2732.187678004     -5469.601837040
   264 -2737.414312040      2732.182996118     -5469.597308158
   265 -2737.414519918      2732.188757089     -5469.603277006
   266 -2737.414697912      2732.192525901     -5469.607223813
   267 -2737.414850916      2732.199545978     -5469.614396894
   268 -2737.414965824      2732.208398578     -5469.623364402
   269 -2737.415092105      2732.206543583     -5469.621635688
   270 -2737.415249616      2732.205102215     -5469.620351831
   271 -2737.415482063      2732.185528894     -5469.601010957
   272 -2737.415741619      2732.169458694     -5469.585200313
   273 -2737.415931402      2732.146120427     -5469.562051829
   274 -2737.416071589      2732.149555064     -5469.565626652
   275 -2737.416222739      2732.133537264     -5469.549760003
   276 -2737.416308842      2732.153809627     -5469.570118469
   277 -2737.416396200      2732.150506461     -5469.566902661
   278 -2737.416489346      2732.160578752     -5469.577068098
   279 -2737.416551803      2732.161337883     -5469.577889685
   280 -2737.416611722      2732.151338885     -5469.567950607
   281 -2737.416662939      2732.148200847     -5469.564863787
   282 -2737.416715443      2732.147683083     -5469.564398526
   283 -2737.416759583      2732.143374579     -5469.560134162
   284 -2737.416847044      2732.142200945     -5469.559047989
   285 -2737.416925202      2732.132956828     -5469.549882030
   286 -2737.416987123      2732.133893423     -5469.550880546
   287 -2737.417062744      2732.124410674     -5469.541473418
   288 -2737.417145525      2732.115545254     -5469.532690780
   289 -2737.417303797      2732.117840950     -5469.535144747
   290 -2737.417380667      2732.106827754     -5469.524208421
   291 -2737.417483947      2732.107739011     -5469.525222958
   292 -2737.417573511      2732.098394739     -5469.515968250
   293 -2737.417661384      2732.105772799     -5469.523434182
   294 -2737.417866254      2732.118454558     -5469.536320812
   295 -2737.418021553      2732.128750443     -5469.546771996
   296 -2737.418158098      2732.119980079     -5469.538138177
   297 -2737.418287729      2732.104609426     -5469.522897155
   298 -2737.418358580      2732.126852858     -5469.545211438
   299 -2737.418440337      2732.118886576     -5469.537326913
   300 -2737.418548303      2732.141994272     -5469.560542576
   301 -2737.418617526      2732.132937787     -5469.551555313
   302 -2737.418617543      2732.132935059     -5469.551552602
   303 -2737.418656022      2732.197185222     -5469.615841243
   304 -2737.418702209      2732.161622912     -5469.580325121
   305 -2737.418753414      2732.141419831     -5469.560173244
   306 -2737.418833580      2732.168452990     -5469.587286570
   307 -2737.418889237      2732.155697085     -5469.574586322
   308 -2737.418948293      2732.164806590     -5469.583754883
   309 -2737.418996995      2732.168359319     -5469.587356314
   310 -2737.419049316      2732.175537643     -5469.594586959
   311 -2737.419097170      2732.184663227     -5469.603760396
   312 -2737.419174316      2732.194379976     -5469.613554292
   313 -2737.419247472      2732.182161387     -5469.601408858
   314 -2737.419313793      2732.214456683     -5469.633770476
   315 -2737.419407226      2732.149371425     -5469.568778651
   316 -2737.419513396      2732.113009701     -5469.532523097
   317 -2737.419646543      2732.113138253     -5469.532784796
   318 -2737.419761745      2732.118309291     -5469.538071037
   319 -2737.419854209      2732.113344059     -5469.533198268
   320 -2737.419979482      2732.125723365     -5469.545702847
   321 -2737.420156859      2732.161622559     -5469.581779419
   322 -2737.420253260      2732.155876448     -5469.576129707
   323 -2737.420236188      2732.282672194     -5469.702908383
   324 -2737.420403145      2732.161671824     -5469.582074969
   325 -2737.420453837      2732.162538980     -5469.582992817
   326 -2737.420557969      2732.140748676     -5469.561306645
   327 -2737.420634064      2732.169808608     -5469.590442671
   328 -2737.420689978      2732.177641863     -5469.598331840
   329 -2737.420772598      2732.165501419     -5469.586274017
   330 -2737.420822081      2732.168682749     -5469.589504829
   331 -2737.420866193      2732.161026652     -5469.581892845
   332 -2737.420922229      2732.142480913     -5469.563403141
   333 -2737.420963109      2732.136227651     -5469.557190760
   334 -2737.420985568      2732.133192430     -5469.554177998
   335 -2737.421016287      2732.138170426     -5469.559186714
   336 -2737.421055419      2732.142183037     -5469.563238456
   337 -2737.421095637      2732.144849872     -5469.565945508
   338 -2737.421118746      2732.143048935     -5469.564167681
   339 -2737.421146573      2732.142190139     -5469.563336712
   340 -2737.421195483      2732.143602086     -5469.564797569
   341 -2737.421222836      2732.144368920     -5469.565591756
   342 -2737.421261933      2732.148233104     -5469.569495037
   343 -2737.421337613      2732.147967679     -5469.569305292
   344 -2737.421361799      2732.153135394     -5469.574497193
   345 -2737.421384595      2732.156412567     -5469.577797162
   346 -2737.421424903      2732.157898241     -5469.579323143
   347 -2737.421466498      2732.157151291     -5469.578617789
   348 -2737.421501474      2732.154521156     -5469.576022630
   349 -2737.421549067      2732.152676048     -5469.574225114
   350 -2737.421612385      2732.155385274     -5469.576997660
   351 -2737.421663617      2732.158245015     -5469.579908632
   352 -2737.421698028      2732.164049271     -5469.585747300
   353 -2737.421741517      2732.162768255     -5469.584509771
   354 -2737.421773023      2732.163612210     -5469.585385233
   355 -2737.421806527      2732.160736750     -5469.582543277
   356 -2737.421838027      2732.155064210     -5469.576902237
   357 -2737.421884339      2732.155086837     -5469.576971175
   358 -2737.421903216      2732.150757581     -5469.572660797
   359 -2737.421930248      2732.151828896     -5469.573759144
   360 -2737.421980776      2732.151767932     -5469.573748708
   361 -2737.422021594      2732.156722722     -5469.578744316
   362 -2737.422072577      2732.159403532     -5469.581476108
   363 -2737.422100025      2732.166266597     -5469.588366622
   364 -2737.422126411      2732.168166951     -5469.590293363
   365 -2737.422159081      2732.167493864     -5469.589652945
   366 -2737.422183096      2732.173892620     -5469.596075716
   367 -2737.422206906      2732.168803689     -5469.591010595
   368 -2737.422232451      2732.175080381     -5469.597312833
   369 -2737.422252563      2732.174476411     -5469.596728975
   370 -2737.422278488      2732.170710647     -5469.592989135
   371 -2737.422294052      2732.166862487     -5469.589156539
   372 -2737.422318149      2732.163069980     -5469.585388128
   373 -2737.422334065      2732.160936460     -5469.583270525
   374 -2737.422355842      2732.162817005     -5469.585172847
   375 -2737.422365981      2732.161476699     -5469.583842680
   376 -2737.422379235      2732.159934505     -5469.582313740
   377 -2737.422400408      2732.163022512     -5469.585422920
   378 -2737.422409064      2732.152572707     -5469.574981770
   379 -2737.422421985      2732.145729861     -5469.568151846
   380 -2737.422438914      2732.147251896     -5469.569690810
   381 -2737.422459141      2732.147020459     -5469.569479600
   382 -2737.422474949      2732.154092898     -5469.576567847
   383 -2737.422486339      2732.157242050     -5469.579728389
   384 -2737.422506804      2732.159894197     -5469.582401001
   385 -2737.422536307      2732.155981798     -5469.578518106
   386 -2737.422545664      2732.152960063     -5469.575505726
   387 -2737.422565081      2732.153571786     -5469.576136867
   388 -2737.422578220      2732.148783663     -5469.571361883
   389 -2737.422585727      2732.143409535     -5469.565995262
   390 -2737.422594524      2732.146186483     -5469.568781007
   391 -2737.422608036      2732.144708160     -5469.567316196
   392 -2737.422615626      2732.146593950     -5469.569209576
   393 -2737.422620664      2732.147121763     -5469.569742427
   394 -2737.422627489      2732.151434112     -5469.574061600
   395 -2737.422636979      2732.149998205     -5469.572635184
   396 -2737.422644276      2732.151308622     -5469.573952899
   397 -2737.422651200      2732.153651641     -5469.576302841
   398 -2737.422658282      2732.154294686     -5469.576952968
   399 -2737.422664536      2732.155449568     -5469.578114104
   400 -2737.422670908      2732.154645873     -5469.577316781
   401 -2737.422676203      2732.153899193     -5469.576575396
   402 -2737.422678952      2732.152784824     -5469.575463776
   403 -2737.422681770      2732.155533523     -5469.578215293
   404 -2737.422686528      2732.152728701     -5469.575415229
   405 -2737.422690723      2732.152795961     -5469.575486684
   406 -2737.422694646      2732.154035394     -5469.576730040
   407 -2737.422698910      2732.155969472     -5469.578668381
   408 -2737.422702172      2732.157394089     -5469.580096261
   409 -2737.422706428      2732.158263259     -5469.580969687
   410 -2737.422713230      2732.158591306     -5469.581304536
   411 -2737.422720544      2732.158856990     -5469.581577533
   412 -2737.422726185      2732.157723288     -5469.580449473
   413 -2737.422730037      2732.158181607     -5469.580911644
   414 -2737.422738232      2732.158930283     -5469.581668515
   415 -2737.422746512      2732.162073392     -5469.584819904
   416 -2737.422758977      2732.164484834     -5469.587243812
   417 -2737.422764792      2732.166857165     -5469.589621957
   418 -2737.422772621      2732.163930077     -5469.586702698
   419 -2737.422780248      2732.161056538     -5469.583836786
   420 -2737.422783210      2732.159664543     -5469.582447754
   421 -2737.422786287      2732.162832743     -5469.585619030
   422 -2737.422790568      2732.161758745     -5469.584549313
   423 -2737.422793570      2732.162357384     -5469.585150954
   424 -2737.422798464      2732.164438184     -5469.587236648
   425 -2737.422803825      2732.164631677     -5469.587435502
   426 -2737.422813759      2732.165743788     -5469.588557547
   427 -2737.422821031      2732.164610548     -5469.587431580
   428 -2737.422840397      2732.161295644     -5469.584136041
   429 -2737.422866050      2732.155778820     -5469.578644870
   430 -2737.422905276      2732.149702143     -5469.572607420
   431 -2737.422916030      2732.136688850     -5469.559604879
   432 -2737.422940674      2732.144617526     -5469.567558200
   433 -2737.422993207      2732.177007143     -5469.600000350
   434 -2737.423025238      2732.150870014     -5469.573895252
   435 -2737.423056168      2732.130639668     -5469.553695836
   436 -2737.423106057      2732.139028063     -5469.562134121
   437 -2737.423142763      2732.138299017     -5469.561441780
   438 -2737.423162691      2732.143057548     -5469.566220238
   439 -2737.423189167      2732.134095120     -5469.557284287
   440 -2737.423206820      2732.147191643     -5469.570398463
   441 -2737.423224053      2732.128366917     -5469.551590970
   442 -2737.423245389      2732.124764366     -5469.548009755
   443 -2737.423273522      2732.114086924     -5469.537360446
   444 -2737.423302639      2732.117523416     -5469.540826055
   445 -2737.423331358      2732.115631314     -5469.538962672
   446 -2737.423371785      2732.120441492     -5469.543813278
   447 -2737.423421152      2732.124058424     -5469.547479576
   448 -2737.423464135      2732.129158226     -5469.552622361
   449 -2737.423489159      2732.130780895     -5469.554270053
   450 -2737.423514690      2732.143872827     -5469.567387517
   451 -2737.423536134      2732.140056613     -5469.563592747
   452 -2737.423548219      2732.174762583     -5469.598310802
   453 -2737.423570727      2732.139528116     -5469.563098843
   454 -2737.423586055      2732.127457076     -5469.551043132
   455 -2737.423602277      2732.122172157     -5469.545774435
   456 -2737.423617336      2732.134287936     -5469.557905272
   457 -2737.423626190      2732.136167856     -5469.559794046
   458 -2737.423634663      2732.140826210     -5469.564460873
   459 -2737.423647636      2732.137386688     -5469.561034323
   460 -2737.423657433      2732.134324970     -5469.557982403
   461 -2737.423666649      2732.135219209     -5469.558885859
   462 -2737.423678673      2732.130720572     -5469.554399245
   463 -2737.423685113      2732.134095702     -5469.557780815
   464 -2737.423689484      2732.135301566     -5469.558991050
   465 -2737.423694947      2732.134203083     -5469.557898029
   466 -2737.423698499      2732.136878752     -5469.560577250
   467 -2737.423701439      2732.136463154     -5469.560164593
   468 -2737.423704243      2732.142516964     -5469.566221207
   469 -2737.423708308      2732.136721845     -5469.560430153
   470 -2737.423712984      2732.134153098     -5469.557866082
   471 -2737.423716366      2732.131807304     -5469.555523669
   472 -2737.423720232      2732.131738338     -5469.555458570
   473 -2737.423724772      2732.131794864     -5469.555519635
   474 -2737.423728442      2732.132463208     -5469.556191651
   475 -2737.423732634      2732.132249397     -5469.555982031
   476 -2737.423736292      2732.133213486     -5469.556949778
   477 -2737.423740527      2732.131905239     -5469.555645766
   478 -2737.423744515      2732.132970881     -5469.556715396
   479 -2737.423747719      2732.133748370     -5469.557496089
   480 -2737.423750730      2732.137556684     -5469.561307414
   481 -2737.423754569      2732.138655134     -5469.562409703
   482 -2737.423758946      2732.141057031     -5469.564815977
   483 -2737.423762370      2732.142031174     -5469.565793544
   484 -2737.423766838      2732.142457923     -5469.566224761
   485 -2737.423771898      2732.142798221     -5469.566570120
   486 -2737.423777486      2732.142667621     -5469.566445106
   487 -2737.423782283      2732.144515335     -5469.568297618
   488 -2737.423784898      2732.142230265     -5469.566015163
   489 -2737.423787500      2732.142283988     -5469.566071488
   490 -2737.423790253      2732.142004039     -5469.565794292
   491 -2737.423792358      2732.142223656     -5469.566016015
   492 -2737.423795065      2732.140810029     -5469.564605094
   493 -2737.423798204      2732.140192209     -5469.563990413
   494 -2737.423802068      2732.136420177     -5469.560222245
   495 -2737.423805540      2732.135179619     -5469.558985159
   496 -2737.423809986      2732.133523346     -5469.557333332
   497 -2737.423813613      2732.132499438     -5469.556313050
   498 -2737.423822990      2732.134254493     -5469.558077483
   499 -2737.423833319      2732.136826749     -5469.560660068
   500 -2737.423836451      2732.138542090     -5469.562378541
   501 -2737.423840907      2732.138295486     -5469.562136392
   502 -2737.423843267      2732.137205425     -5469.561048693
   503 -2737.423846180      2732.135204378     -5469.559050557
   504 -2737.423848257      2732.134000145     -5469.557848402
   505 -2737.423850264      2732.133790725     -5469.557640989
   506 -2737.423852021      2732.134518871     -5469.558370891
   507 -2737.423853322      2732.135477341     -5469.559330664
   508 -2737.423854517      2732.136309377     -5469.560163894
   509 -2737.423855561      2732.136694261     -5469.560549823
   510 -2737.423856451      2732.136836606     -5469.560693057
   511 -2737.423857357      2732.136481606     -5469.560338963
   512 -2737.423858149      2732.136257937     -5469.560116086
   513 -2737.423859147      2732.135833615     -5469.559692762
   514 -2737.423860161      2732.135749976     -5469.559610138
   515 -2737.423860640      2732.135464022     -5469.559324662
   516 -2737.423862486      2732.136307224     -5469.560169709
   517 -2737.423864643      2732.136027366     -5469.559892009
   518 -2737.423866656      2732.135904061     -5469.559770717
   519 -2737.423868953      2732.134823470     -5469.558692422
   520 -2737.423870268      2732.134970337     -5469.558840605
   521 -2737.423873433      2732.136244272     -5469.560117705
   522 -2737.423876398      2732.137142806     -5469.561019204
   523 -2737.423880449      2732.136597805     -5469.560478254
   524 -2737.423882348      2732.136353828     -5469.560236176
   525 -2737.423885708      2732.136497318     -5469.560383026
   526 -2737.423892797      2732.133290874     -5469.557183671
   527 -2737.423894261      2732.121831156     -5469.545725416
   528 -2737.423896355      2732.138688030     -5469.562584385
   529 -2737.423900436      2732.135140775     -5469.559041211
   530 -2737.423902858      2732.134721481     -5469.558624339
   531 -2737.423903911      2732.137178080     -5469.561081991
   532 -2737.423904675      2732.137809239     -5469.561713915
   533 -2737.423905078      2732.138180870     -5469.562085948
   534 -2737.423906505      2732.136872275     -5469.560778780
   535 -2737.423907178      2732.134526124     -5469.558433302
   536 -2737.423907363      2732.136829905     -5469.560737269
   537 -2737.423908334      2732.135908789     -5469.559817123
   538 -2737.423909017      2732.136382069     -5469.560291085
   539 -2737.423911231      2732.135771267     -5469.559682497
   540 -2737.423912377      2732.135126391     -5469.559038769
   541 -2737.423913468      2732.133604967     -5469.557518435
   542 -2737.423915475      2732.130758612     -5469.554674087
   543 -2737.423916022      2732.132374090     -5469.556290112
   544 -2737.423917405      2732.133196350     -5469.557113755
   545 -2737.423917893      2732.134237573     -5469.558155466
   546 -2737.423918170      2732.134499503     -5469.558417673
   547 -2737.423918255      2732.135909615     -5469.559827869
   548 -2737.423918957      2732.136520959     -5469.560439915
   549 -2737.423919325      2732.135365411     -5469.559284736
   550 -2737.423919583      2732.134700161     -5469.558619744
   551 -2737.423919704      2732.134405985     -5469.558325689
   552 -2737.423920185      2732.134350185     -5469.558270370
   553 -2737.423920243      2732.134191739     -5469.558111982
   554 -2737.423920387      2732.133747077     -5469.557667465
   555 -2737.423920680      2732.134770375     -5469.558691055
   556 -2737.423920739      2732.134978843     -5469.558899582
   557 -2737.423920950      2732.134550137     -5469.558471087
   558 -2737.423920979      2732.134158978     -5469.558079957
   559 -2737.423921060      2732.134561470     -5469.558482530
$end
