$coord
   -3.52188186860316      0.87727944340295     -2.12032224058140  c
   -1.92086193282502      0.18588075503544      0.11747461169593  c
   -2.85301373826256     -0.28915722255818      2.40908573495986  c
    0.85321404753072      0.06015751557979     -0.39677681263130  c
    1.76870229523799      0.47662409080546     -2.44798332335835  o
    2.24852727337516     -0.56252705777525      1.64234694255191  o
    4.92661176200936     -0.70536752278114      1.23927531959245  c
   -2.97760457222449      2.71889437077367     -2.87506044318100  h
   -5.51401154937413      0.93043133282352     -1.60190016503589  h
   -3.26599458866276     -0.47709911721754     -3.65584342857105  h
   -4.86720560415994     -0.19324979321739      2.76308539525571  h
   -1.64297329240820     -0.78206282489309      3.97798297290349  h
    5.66311955684483      1.11325841369466      0.61337956585607  h
    5.73212879944913     -1.22227859542948      3.05678215348416  h
    5.37124341207318     -2.13078756769574     -0.17926260967303  h
$user-defined bonds
$end
