$hessian (projected)
 1  1   0.5617499231   0.0089271040  -0.0457920121  -0.1281281318   0.0188763456
 1  2  -0.0569785254   0.0113675607  -0.0018399971   0.0061578938  -0.0241353389
 1  3   0.0082300367  -0.0239025286   0.0001791051   0.0006339308  -0.0033001473
 1  4  -0.0063525760   0.0005159989   0.0007134031   0.0002824901   0.0003263663
 1  5  -0.0011760328  -0.0670678833  -0.0631637308   0.0250846919  -0.2943369751
 1  6   0.0052031234   0.0693938405  -0.0524630432   0.0230421814   0.0245007991
 1  7   0.0005546721  -0.0011711351   0.0015247584  -0.0009919019   0.0003779267
 1  8   0.0036802248  -0.0000772082  -0.0000383884   0.0000157110  -0.0005016537
 1  9   0.0000378509   0.0000415336  -0.0000790389   0.0000423866   0.0000363901
 2  1   0.0089271040   0.5314634351   0.0099886953   0.0175569293  -0.0812729525
 2  2   0.0259397491   0.0039248993   0.0051979002   0.0091014885   0.0038223651
 2  3   0.0016859767   0.0009062788  -0.0007749874  -0.0020002273   0.0002456540
 2  4  -0.0004287981   0.0012330414   0.0000710381  -0.0000326334   0.0005049079
 2  5   0.0000794408  -0.0634576081  -0.2544136594   0.0849083715   0.0062665692
 2  6  -0.0481891365  -0.0018249200   0.0238726168  -0.1588602885  -0.1300946998
 2  7  -0.0003710549  -0.0076540105  -0.0023734721   0.0007426166   0.0123247025
 2  8   0.0030861234   0.0000425442  -0.0000152674  -0.0000161754  -0.0000385004
 2  9   0.0000114932  -0.0000177359  -0.0000520623  -0.0000159148   0.0000001638
 3  1  -0.0457920121   0.0099886953   0.5109369220  -0.0517272594   0.0255037117
 3  2  -0.1583933557  -0.0174387662   0.0112212683  -0.0318424479  -0.0057961097
 3  3  -0.0007383720   0.0073960458   0.0023069225  -0.0002141921  -0.0017988506
 3  4   0.0045113600  -0.0002747084   0.0006235850   0.0001946695  -0.0000558766
 3  5   0.0007002306   0.0239326407   0.0843464662  -0.0754602518   0.0651903100
 3  6  -0.0014562450  -0.0663874885   0.0236853797  -0.1293923075  -0.1858042394
 3  7  -0.0017623897  -0.0020876724   0.0008863237   0.0022098277   0.0032212281
 3  8  -0.0008801096   0.0000826211  -0.0000077844   0.0000002743   0.0003379284
 3  9  -0.0000387601   0.0000239053   0.0000648775  -0.0000154511  -0.0000005431
 4  1  -0.1281281318   0.0175569293  -0.0517272594   0.5389141580  -0.0117403819
 4  2  -0.0923949578  -0.1694216081  -0.0223365728   0.1344683708  -0.1796216851
 4  3   0.0082563917   0.0009741470  -0.0198594691  -0.0031922136   0.0287169246
 4  4  -0.0367121712   0.0068867995  -0.0108692828   0.0043159210   0.0004788298
 4  5  -0.0016873346   0.0062309691  -0.0003266805   0.0063527471  -0.0180798066
 4  6   0.0081633227  -0.0271542350   0.0030720860  -0.0020499104   0.0020526406
 4  7  -0.0098487427  -0.0058307720   0.0304821311   0.0107386875   0.0041684595
 4  8  -0.0196589308  -0.0004814134  -0.0001721738   0.0001880687  -0.0004920224
 4  9   0.0000428569   0.0000820473  -0.0006267713   0.0000951158   0.0001749232
 5  1   0.0188763456  -0.0812729525   0.0255037117  -0.0117403819   0.1944467908
 5  2  -0.1402762080  -0.0236567892  -0.0717601157   0.0847890799   0.0091636035
 5  3  -0.0863395035  -0.0009472337  -0.0082156049   0.0210938286   0.0095324531
 5  4   0.0116952509   0.0082410104   0.0018502663   0.0005098841   0.0044007473
 5  5   0.0025204364   0.0180558303  -0.0047576388   0.0246595958   0.0002152883
 5  6  -0.0015587265   0.0006183892  -0.0138384329   0.0076965656  -0.0150118231
 5  7   0.0015894442   0.0081712473  -0.0003483288  -0.0030805707   0.0023445422
 5  8   0.0074070097   0.0009239320  -0.0005627018   0.0002989969   0.0004624160
 5  9   0.0001680512  -0.0000503059  -0.0009602151  -0.0003111444  -0.0005460395
 6  1  -0.0569785254   0.0259397491  -0.1583933557  -0.0923949578  -0.1402762080
 6  2   0.7676483084   0.1396126837   0.0842899124  -0.4498715661  -0.0028374406
 6  3  -0.0005599131  -0.0821355665   0.0494761202   0.0076521390  -0.0271281681
 6  4  -0.0307420917   0.0036163297   0.0061031351  -0.0018030512   0.0025505209
 6  5  -0.0047029821  -0.0054693523   0.0037498251  -0.0138592027   0.0052721985
 6  6  -0.0023065678   0.0060569771  -0.0130467115   0.0083758186  -0.0231615922
 6  7   0.0002823662   0.0024077549  -0.0017874313   0.0100617989   0.0046908555
 6  8  -0.0190639522   0.0003191246  -0.0003612867   0.0000170852  -0.0016490165
 6  9   0.0001037101   0.0003669248  -0.0001031449   0.0001273603  -0.0000886136
 7  1   0.0113675607   0.0039248993  -0.0174387662  -0.1694216081  -0.0236567892
 7  2   0.1396126837   0.6728094146  -0.0344416791  -0.0661712158  -0.0104727472
 7  3  -0.0071413919   0.0342711167  -0.0091421474   0.0004449136   0.0023452958
 7  4  -0.0058190555   0.0003122577   0.0013395693   0.0008478722  -0.0002806260
 7  5   0.0007076569  -0.0014752245   0.0012662157  -0.0031616296   0.0010884482
 7  6   0.0001241687  -0.0010307810  -0.0014868478   0.0005937977  -0.0033147756
 7  7  -0.3276735448   0.0164549970   0.0405166814  -0.1602514123   0.0423403617
 7  8  -0.1275893733  -0.0001670257   0.0000974420   0.0000200044  -0.0000338226
 7  9   0.0000214174  -0.0000933283  -0.0001698599  -0.0000599846  -0.0000131383
 8  1  -0.0018399971   0.0051979002   0.0112212683  -0.0223365728  -0.0717601157
 8  2   0.0842899124  -0.0344416791   0.1551205523  -0.1549490275  -0.0038998822
 8  3   0.0036752229  -0.0006739032   0.0018093696   0.0016768756  -0.0012790702
 8  4   0.0013502583   0.0010178808   0.0012413979  -0.0002063272  -0.0004623962
 8  5  -0.0001312612   0.0002342526  -0.0000161046   0.0005846206  -0.0006173122
 8  6  -0.0001839025  -0.0003252231   0.0006693411  -0.0003104122   0.0005838896
 8  7   0.0151272431  -0.0392700331   0.0025610675   0.0440369056  -0.0547197861
 8  8   0.0568554753   0.0000034416   0.0000510384  -0.0000237277   0.0000343656
 8  9  -0.0000390689  -0.0000027789   0.0000765932   0.0000223492   0.0000473602
 9  1   0.0061578938   0.0091014885  -0.0318424479   0.1344683708   0.0847890799
 9  2  -0.4498715661  -0.0661712158  -0.1549490275   0.7731634745   0.0210864408
 9  3   0.0005412500  -0.0069497845  -0.0034864780  -0.0008193022   0.0060028056
 9  4  -0.0027893130   0.0016358868  -0.0041734124   0.0003862351  -0.0000811239
 9  5  -0.0003441544  -0.0013823474  -0.0002260838  -0.0012660703   0.0020247001
 9  6  -0.0005739895   0.0013134462  -0.0011502684   0.0010082913  -0.0009529195
 9  7   0.0457541108   0.0020373499  -0.0628701183  -0.1345441440   0.0575092788
 9  8  -0.2222504150  -0.0001242115  -0.0000265110  -0.0000164423  -0.0001340864
 9  9  -0.0000049895   0.0000313442  -0.0000956869   0.0000584022   0.0000262602
10  1  -0.0241353389   0.0038223651  -0.0057961097  -0.1796216851   0.0091636035
10  2  -0.0028374406  -0.0104727472  -0.0038998822   0.0210864408   0.6494438739
10  3  -0.0016015853  -0.1559592887  -0.2234321043  -0.0418522985   0.2260263967
10  4  -0.1654717092   0.0192607150  -0.0416778384  -0.0504177763   0.0138546637
10  5  -0.0377380599   0.0004752417  -0.0014933033   0.0015135644  -0.0002141013
10  6   0.0003385744  -0.0007842864   0.0006209138   0.0005994070   0.0020401613
10  7   0.0017243940   0.0015920219  -0.0019940807   0.0013635394  -0.0002597904
10  8  -0.0024745616   0.0024583600   0.0007988919  -0.0021038664  -0.0049820800
10  9  -0.0002303931   0.0028536791   0.0026612193  -0.0000929896  -0.0021547099
11  1   0.0082300367   0.0016859767  -0.0007383720   0.0082563917  -0.0863395035
11  2  -0.0005599131  -0.0071413919   0.0036752229   0.0005412500  -0.0016015853
11  3   0.2451819739  -0.1362850770  -0.0399619380  -0.0978026147   0.0965824405
11  4   0.0241200951  -0.0745827482   0.0323810750   0.0121533312  -0.0004349864
11  5   0.0017434680   0.0005942340  -0.0001135929   0.0000537979   0.0005479126
11  6   0.0009310297   0.0017400202   0.0001801484   0.0007397002   0.0004608973
11  7   0.0010431685   0.0127188620   0.0046190115  -0.0008797740  -0.0078025867
11  8  -0.0012583417  -0.0035836365   0.0003462013  -0.0006983441  -0.0011223835
11  9   0.0003296939   0.0001284623  -0.0008346090   0.0014673718   0.0012896252
12  1  -0.0239025286   0.0009062788   0.0073960458   0.0009741470  -0.0009472337
12  2  -0.0821355665   0.0342711167  -0.0006739032  -0.0069497845  -0.1559592887
12  3  -0.1362850770   0.8298752940   0.2183658590   0.0973333560  -0.5592432416
12  4  -0.0615798093   0.0341589385  -0.1818260596  -0.0308608295   0.0011186849
12  5   0.0079412362  -0.0013744006   0.0027268788  -0.0008120267  -0.0016449582
12  6   0.0018202837  -0.0054326501  -0.0018728239  -0.0015760702  -0.0018094082
12  7   0.0002532997   0.0044121999  -0.0042250353   0.0000552401  -0.0014940642
12  8  -0.0021174659   0.0083519749   0.0028225420   0.0009738560   0.0065619292
12  9  -0.0002094688  -0.0013315995   0.0083610721  -0.0041133454  -0.0003035940
13  1   0.0001791051  -0.0007749874   0.0023069225  -0.0198594691  -0.0082156049
13  2   0.0494761202  -0.0091421474   0.0018093696  -0.0034864780  -0.2234321043
13  3  -0.0399619380   0.2183658590   0.2205645152   0.0436671168  -0.2494875484
13  4   0.0293403131   0.0040751499  -0.0169217364  -0.0004904545  -0.0000482640
13  5  -0.0018876436  -0.0005680108  -0.0001977019  -0.0002375085  -0.0000386823
13  6  -0.0001197924   0.0006807660  -0.0004672186   0.0004283499  -0.0000218091
13  7  -0.0009724682  -0.0007777808   0.0024853226   0.0001621678   0.0000679823
13  8   0.0001532419   0.0013297384   0.0016010403   0.0007738371   0.0024250248
13  9   0.0003543923  -0.0020877990   0.0009696908  -0.0019073319  -0.0001115465
14  1   0.0006339308  -0.0020002273  -0.0002141921  -0.0031922136   0.0210938286
14  2   0.0076521390   0.0004449136   0.0016768756  -0.0008193022  -0.0418522985
14  3  -0.0978026147   0.0973333560   0.0436671168   0.0612415514  -0.1353108015
14  4   0.0039515929   0.0203691334   0.0334939390  -0.0048510894  -0.0056020901
14  5  -0.0008843768  -0.0003611110   0.0009367741  -0.0005155681   0.0002117271
14  6   0.0004546938  -0.0002731422   0.0001057890  -0.0000703733   0.0000521604
14  7  -0.0004687792  -0.0027300903  -0.0006826363   0.0002500389   0.0012556331
14  8   0.0000237008   0.0007152457   0.0003919944  -0.0000608553   0.0000540848
14  9   0.0006555727   0.0001338065   0.0006910521   0.0001293387   0.0000717729
15  1  -0.0033001473   0.0002456540  -0.0017988506   0.0287169246   0.0095324531
15  2  -0.0271281681   0.0023452958  -0.0012790702   0.0060028056   0.2260263967
15  3   0.0965824405  -0.5592432416  -0.2494875484  -0.1353108015   0.6812484306
15  4  -0.0163895750   0.0334532163  -0.1023970733   0.0177375585  -0.0026540446
15  5  -0.0019064145   0.0006275669  -0.0017298768   0.0008358829  -0.0007192333
15  6  -0.0001469921   0.0012844567   0.0009996297   0.0011203809   0.0017193903
15  7   0.0011529520  -0.0005700727  -0.0009887383  -0.0005902035   0.0001067284
15  8   0.0010709031  -0.0032250013  -0.0007646017  -0.0000732837  -0.0008629139
15  9   0.0000340721   0.0008797140  -0.0030317016   0.0013805145   0.0004941869
16  1  -0.0063525760  -0.0004287981   0.0045113600  -0.0367121712   0.0116952509
16  2  -0.0307420917  -0.0058190555   0.0013502583  -0.0027893130  -0.1654717092
16  3   0.0241200951  -0.0615798093   0.0293403131   0.0039515929  -0.0163895750
16  4   0.4627675636  -0.0476004520   0.0515459485  -0.1818803533   0.0007660902
16  5   0.0403961037   0.0001865177   0.0001900663  -0.0002550343  -0.0015151528
16  6   0.0006065961  -0.0019168847   0.0001917776  -0.0001037190  -0.0003086299
16  7  -0.0005873270  -0.0000056150  -0.0002970958  -0.0036063110   0.0004219257
16  8  -0.0000654586  -0.0324853416  -0.0024220041   0.0058462395  -0.0313768479
16  9   0.0017996520   0.0043180070  -0.0266793265   0.0056590607   0.0077262334
17  1   0.0005159989   0.0012330414  -0.0002747084   0.0068867995   0.0082410104
17  2   0.0036163297   0.0003122577   0.0010178808   0.0016358868   0.0192607150
17  3  -0.0745827482   0.0341589385   0.0040751499   0.0203691334   0.0334532163
17  4  -0.0476004520   0.0966186370  -0.0745451478   0.0069500883  -0.0652860141
17  5   0.0027962225  -0.0002486577   0.0000612683  -0.0000517957   0.0001975537
17  6   0.0000343212   0.0000725205  -0.0000864563  -0.0002451331   0.0000182298
17  7  -0.0001728746  -0.0012664533  -0.0005882482   0.0000488505   0.0009002738
17  8  -0.0001326398  -0.0287199886   0.0099043793   0.0024746862   0.0112462802
17  9  -0.0001306716  -0.0024767093   0.0273347356   0.0031310748  -0.0001567812
18  1   0.0007134031   0.0000710381   0.0006235850  -0.0108692828   0.0018502663
18  2   0.0061031351   0.0013395693   0.0012413979  -0.0041734124  -0.0416778384
18  3   0.0323810750  -0.1818260596  -0.0169217364   0.0334939390  -0.1023970733
18  4   0.0515459485  -0.0745451478   0.3610703044   0.0150098453   0.0050877399
18  5  -0.0905443503   0.0004618947  -0.0006484883  -0.0000666037  -0.0002036917
18  6  -0.0000833983   0.0005014349   0.0005992926   0.0004504257   0.0002336405
18  7   0.0004060313  -0.0006398536   0.0010757536   0.0014219540  -0.0002814400
18  8   0.0015177860   0.0091149513  -0.0021007742  -0.0009496885  -0.0343197812
18  9   0.0010028661   0.0088517100   0.0233794401   0.0027203541  -0.0000201617
19  1   0.0002824901  -0.0000326334   0.0001946695   0.0043159210   0.0005098841
19  2  -0.0018030512   0.0008478722  -0.0002063272   0.0003862351  -0.0504177763
19  3   0.0121533312  -0.0308608295  -0.0004904545  -0.0048510894   0.0177375585
19  4  -0.1818803533   0.0069500883   0.0150098453   0.4346010827   0.0049341417
19  5   0.0336861202  -0.0000437484   0.0000292631   0.0001014612   0.0002931607
19  6  -0.0000037513  -0.0001104576  -0.0000461684  -0.0000671180   0.0000800979
19  7   0.0005017837  -0.0000947864   0.0002188091  -0.0003382067  -0.0001670694
19  8   0.0007027371  -0.0736738189  -0.0780407469   0.0256894448  -0.0784121487
19  9   0.0252930107  -0.0940297774  -0.0555396353   0.0335938029   0.0329971370
20  1   0.0003263663   0.0005049079  -0.0000558766   0.0004788298   0.0044007473
20  2   0.0025505209  -0.0002806260  -0.0004623962  -0.0000811239   0.0138546637
20  3  -0.0004349864   0.0011186849  -0.0000482640  -0.0056020901  -0.0026540446
20  4   0.0007660902  -0.0652860141   0.0050877399   0.0049341417   0.5833899350
20  5  -0.0102377181  -0.0000223682  -0.0000070779  -0.0000098304   0.0000413012
20  6  -0.0000458851   0.0000870749  -0.0000025778  -0.0000034388  -0.0000098678
20  7  -0.0000480535   0.0001050085  -0.0000493275   0.0000020700  -0.0002411491
20  8  -0.0002661553  -0.0702391689  -0.2652512386   0.0716786031   0.0222821694
20  9  -0.0700595981   0.0618828915   0.0279554261  -0.1810067243  -0.1290415708
21  1  -0.0011760328   0.0000794408   0.0007002306  -0.0016873346   0.0025204364
21  2  -0.0047029821   0.0007076569  -0.0001312612  -0.0003441544  -0.0377380599
21  3   0.0017434680   0.0079412362  -0.0018876436  -0.0008843768  -0.0019064145
21  4   0.0403961037   0.0027962225  -0.0905443503   0.0336861202  -0.0102377181
21  5   0.6103655150   0.0000103812   0.0000242611   0.0000018091  -0.0002639766
21  6   0.0001016233  -0.0003038631  -0.0000127040  -0.0000287836  -0.0000204483
21  7   0.0000365677  -0.0000249895   0.0002217522   0.0000046282  -0.0002000476
21  8   0.0005165735   0.0227171920   0.0707177727  -0.0741693527  -0.0817949309
21  9   0.0607980818  -0.2711711889   0.0270020326  -0.1272741298  -0.1765843623
22  1  -0.0670678833  -0.0634576081   0.0239326407   0.0062309691   0.0180558303
22  2  -0.0054693523  -0.0014752245   0.0002342526  -0.0013823474   0.0004752417
22  3   0.0005942340  -0.0013744006  -0.0005680108  -0.0003611110   0.0006275669
22  4   0.0001865177  -0.0002486577   0.0004618947  -0.0000437484  -0.0000223682
22  5   0.0000103812   0.0679024894   0.0698875131  -0.0247061280  -0.0068582990
22  6  -0.0278485614   0.0099499874   0.0007234164   0.0038940381  -0.0013179872
22  7   0.0002079858   0.0003836110  -0.0000925201   0.0002850627  -0.0011054669
22  8  -0.0006426090  -0.0000265731  -0.0000098215  -0.0000141829   0.0000233704
22  9  -0.0000064113   0.0000190722   0.0000046859   0.0000105270  -0.0000020156
23  1  -0.0631637308  -0.2544136594   0.0843464662  -0.0003266805  -0.0047576388
23  2   0.0037498251   0.0012662157  -0.0000161046  -0.0002260838  -0.0014933033
23  3  -0.0001135929   0.0027268788  -0.0001977019   0.0009367741  -0.0017298768
23  4   0.0001900663   0.0000612683  -0.0006484883   0.0000292631  -0.0000070779
23  5   0.0000242611   0.0698875131   0.2763265107  -0.0937658842   0.0001305131
23  6   0.0027721144  -0.0016761625  -0.0062570580  -0.0208650518   0.0071347637
23  7   0.0000097267  -0.0000625622  -0.0000746901  -0.0001282690   0.0001366016
23  8   0.0001278940   0.0000191072   0.0000186604   0.0000132575   0.0000119711
23  9   0.0000016869  -0.0000188590   0.0000223671  -0.0000179287   0.0000166982
24  1   0.0250846919   0.0849083715  -0.0754602518   0.0063527471   0.0246595958
24  2  -0.0138592027  -0.0031616296   0.0005846206  -0.0012660703   0.0015135644
24  3   0.0000537979  -0.0008120267  -0.0002375085  -0.0005155681   0.0008358829
24  4  -0.0002550343  -0.0000517957  -0.0000666037   0.0001014612  -0.0000098304
24  5   0.0000018091  -0.0247061280  -0.0937658842   0.0863483403   0.0017973383
24  6   0.0067263040  -0.0036268339  -0.0064219950  -0.0219059753   0.0088509751
24  7   0.0000365621   0.0012333936   0.0003322892  -0.0000256246  -0.0019218954
24  8  -0.0012969360  -0.0000501443  -0.0000038064   0.0000105311   0.0000014079
24  9   0.0000093489   0.0000022944  -0.0000297084  -0.0000006769   0.0000058031
25  1  -0.2943369751   0.0062665692   0.0651903100  -0.0180798066   0.0002152883
25  2   0.0052721985   0.0010884482  -0.0006173122   0.0020247001  -0.0002141013
25  3   0.0005479126  -0.0016449582  -0.0000386823   0.0002117271  -0.0007192333
25  4  -0.0015151528   0.0001975537  -0.0002036917   0.0002931607   0.0000413012
25  5  -0.0002639766  -0.0068582990   0.0001305131   0.0017973383   0.3209246291
25  6  -0.0073501054  -0.0716674686  -0.0024025206   0.0002940764   0.0009224600
25  7   0.0009075473   0.0001212577  -0.0007618730   0.0004085981  -0.0000649125
25  8   0.0000118615  -0.0000284440  -0.0000077400   0.0000259103  -0.0001225609
25  9   0.0000139546  -0.0000121400  -0.0000258409  -0.0000000839   0.0000285628
26  1   0.0052031234  -0.0481891365  -0.0014562450   0.0081633227  -0.0015587265
26  2  -0.0023065678   0.0001241687  -0.0001839025  -0.0005739895   0.0003385744
26  3   0.0009310297   0.0018202837  -0.0001197924   0.0004546938  -0.0001469921
26  4   0.0006065961   0.0000343212  -0.0000833983  -0.0000037513  -0.0000458851
26  5   0.0001016233  -0.0278485614   0.0027721144   0.0067263040  -0.0073501054
26  6   0.0457230675  -0.0000467702   0.0210717735  -0.0000034331  -0.0041075745
26  7  -0.0001581104   0.0003248737   0.0002281330  -0.0000923920  -0.0002451810
26  8  -0.0001431903   0.0000012054   0.0000044929  -0.0000022457   0.0000434653
26  9  -0.0000115565  -0.0000076495   0.0000204834  -0.0000067719  -0.0000017211
27  1   0.0693938405  -0.0018249200  -0.0663874885  -0.0271542350   0.0006183892
27  2   0.0060569771  -0.0010307810  -0.0003252231   0.0013134462  -0.0007842864
27  3   0.0017400202  -0.0054326501   0.0006807660  -0.0002731422   0.0012844567
27  4  -0.0019168847   0.0000725205   0.0005014349  -0.0001104576   0.0000870749
27  5  -0.0003038631   0.0099499874  -0.0016761625  -0.0036268339  -0.0716674686
27  6  -0.0000467702   0.0718707457   0.0222675640   0.0016359371  -0.0052930131
27  7   0.0004533560   0.0001358625  -0.0003048559   0.0001213289  -0.0001542683
27  8   0.0002949243  -0.0000368404  -0.0000130587  -0.0000042425  -0.0001381063
27  9   0.0000041673   0.0000264232  -0.0000277828   0.0000195733   0.0000045390
28  1  -0.0524630432   0.0238726168   0.0236853797   0.0030720860  -0.0138384329
28  2  -0.0130467115  -0.0014868478   0.0006693411  -0.0011502684   0.0006209138
28  3   0.0001801484  -0.0018728239  -0.0004672186   0.0001057890   0.0009996297
28  4   0.0001917776  -0.0000864563   0.0005992926  -0.0000461684  -0.0000025778
28  5  -0.0000127040   0.0007234164  -0.0062570580  -0.0064219950  -0.0024025206
28  6   0.0210717735   0.0222675640   0.0516092201  -0.0265562065  -0.0247235462
28  7   0.0001471926  -0.0002856153  -0.0002431544   0.0005026985   0.0011273167
28  8  -0.0000750491   0.0000012346  -0.0000117549  -0.0000133832   0.0000221921
28  9  -0.0000102472   0.0000187325  -0.0000249332   0.0000213635  -0.0000109627
29  1   0.0230421814  -0.1588602885  -0.1293923075  -0.0020499104   0.0076965656
29  2   0.0083758186   0.0005937977  -0.0003104122   0.0010082913   0.0005994070
29  3   0.0007397002  -0.0015760702   0.0004283499  -0.0000703733   0.0011203809
29  4  -0.0001037190  -0.0002451331   0.0004504257  -0.0000671180  -0.0000034388
29  5  -0.0000287836   0.0038940381  -0.0208650518  -0.0219059753   0.0002940764
29  6  -0.0000034331   0.0016359371  -0.0265562065   0.1724782387   0.1400425794
29  7   0.0000413823   0.0005440555   0.0002026468  -0.0001104190  -0.0011113080
29  8   0.0000871673  -0.0000061865  -0.0000042324  -0.0000218471  -0.0000147227
29  9  -0.0000001399   0.0000105265   0.0000150493   0.0000152510  -0.0000087900
30  1   0.0245007991  -0.1300946998  -0.1858042394   0.0020526406  -0.0150118231
30  2  -0.0231615922  -0.0033147756   0.0005838896  -0.0009529195   0.0020401613
30  3   0.0004608973  -0.0018094082  -0.0000218091   0.0000521604   0.0017193903
30  4  -0.0003086299   0.0000182298   0.0002336405   0.0000800979  -0.0000098678
30  5  -0.0000204483  -0.0013179872   0.0071347637   0.0088509751   0.0009224600
30  6  -0.0041075745  -0.0052930131  -0.0247235462   0.1400425794   0.2066982659
30  7  -0.0001822234  -0.0011177357  -0.0002069509   0.0003668061   0.0020444611
30  8  -0.0002637541  -0.0000375460  -0.0000002207  -0.0000059267  -0.0000062887
30  9  -0.0000103226   0.0000049339  -0.0000501591   0.0000152629   0.0000110466
31  1   0.0005546721  -0.0003710549  -0.0017623897  -0.0098487427   0.0015894442
31  2   0.0002823662  -0.3276735448   0.0151272431   0.0457541108   0.0017243940
31  3   0.0010431685   0.0002532997  -0.0009724682  -0.0004687792   0.0011529520
31  4  -0.0005873270  -0.0001728746   0.0004060313   0.0005017837  -0.0000480535
31  5   0.0000365677   0.0002079858   0.0000097267   0.0000365621   0.0009075473
31  6  -0.0001581104   0.0004533560   0.0001471926   0.0000413823  -0.0001822234
31  7   0.3465035818  -0.0167082480  -0.0514984970  -0.0113127829   0.0001184454
31  8   0.0049906915  -0.0000586690  -0.0000124178   0.0000436665  -0.0000308436
31  9   0.0000070833  -0.0000246257  -0.0000627790   0.0000030451   0.0000581320
32  1  -0.0011711351  -0.0076540105  -0.0020876724  -0.0058307720   0.0081712473
32  2   0.0024077549   0.0164549970  -0.0392700331   0.0020373499   0.0015920219
32  3   0.0127188620   0.0044121999  -0.0007777808  -0.0027300903  -0.0005700727
32  4  -0.0000056150  -0.0012664533  -0.0006398536  -0.0000947864   0.0001050085
32  5  -0.0000249895   0.0003836110  -0.0000625622   0.0012333936   0.0001212577
32  6   0.0003248737   0.0001358625  -0.0002856153   0.0005440555  -0.0011177357
32  7  -0.0167082480   0.0258745696  -0.0044377520   0.0062917351   0.0032052812
32  8  -0.0013551538   0.0000541723   0.0000457487  -0.0000483067  -0.0000141516
32  9  -0.0000173407   0.0000008226  -0.0000096908   0.0000108436   0.0000541528
33  1   0.0015247584  -0.0023734721   0.0008863237   0.0304821311  -0.0003483288
33  2  -0.0017874313   0.0405166814   0.0025610675  -0.0628701183  -0.0019940807
33  3   0.0046190115  -0.0042250353   0.0024853226  -0.0006826363  -0.0009887383
33  4  -0.0002970958  -0.0005882482   0.0010757536   0.0002188091  -0.0000493275
33  5   0.0002217522  -0.0000925201  -0.0000746901   0.0003322892  -0.0007618730
33  6   0.0002281330  -0.0003048559  -0.0002431544   0.0002026468  -0.0002069509
33  7  -0.0514984970  -0.0044377520   0.0607103552  -0.0202839795   0.0009289497
33  8   0.0071496982  -0.0000539742  -0.0000128008  -0.0000124003   0.0000606545
33  9  -0.0000091913  -0.0000059824  -0.0000631824   0.0000366386   0.0000253405
34  1  -0.0009919019   0.0007426166   0.0022098277   0.0107386875  -0.0030805707
34  2   0.0100617989  -0.1602514123   0.0440369056  -0.1345441440   0.0013635394
34  3  -0.0008797740   0.0000552401   0.0001621678   0.0002500389  -0.0005902035
34  4  -0.0036063110   0.0000488505   0.0014219540  -0.0003382067   0.0000020700
34  5   0.0000046282   0.0002850627  -0.0001282690  -0.0000256246   0.0004085981
34  6  -0.0000923920   0.0001213289   0.0005026985  -0.0001104190   0.0003668061
34  7  -0.0113127829   0.0062917351  -0.0202839795   0.1629053606  -0.0470908540
34  8   0.1412843564   0.0000901230   0.0000177718  -0.0000311099  -0.0000642395
34  9   0.0000119196   0.0000004948   0.0001086165  -0.0000196293  -0.0000513737
35  1   0.0003779267   0.0123247025   0.0032212281   0.0041684595   0.0023445422
35  2   0.0046908555   0.0423403617  -0.0547197861   0.0575092788  -0.0002597904
35  3  -0.0078025867  -0.0014940642   0.0000679823   0.0012556331   0.0001067284
35  4   0.0004219257   0.0009002738  -0.0002814400  -0.0001670694  -0.0002411491
35  5  -0.0002000476  -0.0011054669   0.0001366016  -0.0019218954  -0.0000649125
35  6  -0.0002451810  -0.0001542683   0.0011273167  -0.0011113080   0.0020444611
35  7   0.0001184454   0.0032052812   0.0009289497  -0.0470908540   0.0439297333
35  8  -0.0644585421  -0.0000864593  -0.0000194900   0.0000488350   0.0000070621
35  9   0.0000657266   0.0000316667   0.0001450724  -0.0000229935  -0.0000717458
36  1   0.0036802248   0.0030861234  -0.0008801096  -0.0196589308   0.0074070097
36  2  -0.0190639522  -0.1275893733   0.0568554753  -0.2222504150  -0.0024745616
36  3  -0.0012583417  -0.0021174659   0.0001532419   0.0000237008   0.0010709031
36  4  -0.0000654586  -0.0001326398   0.0015177860   0.0007027371  -0.0002661553
36  5   0.0005165735  -0.0006426090   0.0001278940  -0.0012969360   0.0000118615
36  6  -0.0001431903   0.0002949243  -0.0000750491   0.0000871673  -0.0002637541
36  7   0.0049906915  -0.0013551538   0.0071496982   0.1412843564  -0.0644585421
36  8   0.2352862729  -0.0002002622  -0.0000327597   0.0000497339   0.0000208797
36  9   0.0000288791  -0.0000501715  -0.0001377482   0.0000305330   0.0000369125
37  1  -0.0000772082   0.0000425442   0.0000826211  -0.0004814134   0.0009239320
37  2   0.0003191246  -0.0001670257   0.0000034416  -0.0001242115   0.0024583600
37  3  -0.0035836365   0.0083519749   0.0013297384   0.0007152457  -0.0032250013
37  4  -0.0324853416  -0.0287199886   0.0091149513  -0.0736738189  -0.0702391689
37  5   0.0227171920  -0.0000265731   0.0000191072  -0.0000501443  -0.0000284440
37  6   0.0000012054  -0.0000368404   0.0000012346  -0.0000061865  -0.0000375460
37  7  -0.0000586690   0.0000541723  -0.0000539742   0.0000901230  -0.0000864593
37  8  -0.0002002622   0.0923273023   0.0855601533  -0.0319982989   0.0063056594
37  9   0.0110356535  -0.0022299359   0.0044860761   0.0042799846  -0.0026296494
38  1  -0.0000383884  -0.0000152674  -0.0000077844  -0.0001721738  -0.0005627018
38  2  -0.0003612867   0.0000974420   0.0000510384  -0.0000265110   0.0007988919
38  3   0.0003462013   0.0028225420   0.0016010403   0.0003919944  -0.0007646017
38  4  -0.0024220041   0.0099043793  -0.0021007742  -0.0780407469  -0.2652512386
38  5   0.0707177727  -0.0000098215   0.0000186604  -0.0000038064  -0.0000077400
38  6   0.0000044929  -0.0000130587  -0.0000117549  -0.0000042324  -0.0000002207
38  7  -0.0000124178   0.0000457487  -0.0000128008   0.0000177718  -0.0000194900
38  8  -0.0000327597   0.0855601533   0.2789768665  -0.0784959128  -0.0010392952
38  9  -0.0047204334   0.0007165458  -0.0063209567  -0.0191660180   0.0075626566
39  1   0.0000157110  -0.0000161754   0.0000002743   0.0001880687   0.0002989969
39  2   0.0000170852   0.0000200044  -0.0000237277  -0.0000164423  -0.0021038664
39  3  -0.0006983441   0.0009738560   0.0007738371  -0.0000608553  -0.0000732837
39  4   0.0058462395   0.0024746862  -0.0009496885   0.0256894448   0.0716786031
39  5  -0.0741693527  -0.0000141829   0.0000132575   0.0000105311   0.0000259103
39  6  -0.0000022457  -0.0000042425  -0.0000133832  -0.0000218471  -0.0000059267
39  7   0.0000436665  -0.0000483067  -0.0000124003  -0.0000311099   0.0000488350
39  8   0.0000497339  -0.0319982989  -0.0784959128   0.0730796181   0.0093074781
39  9   0.0252700648  -0.0062633005  -0.0077495190  -0.0204170286   0.0073635386
40  1  -0.0005016537  -0.0000385004   0.0003379284  -0.0004920224   0.0004624160
40  2  -0.0016490165  -0.0000338226   0.0000343656  -0.0001340864  -0.0049820800
40  3  -0.0011223835   0.0065619292   0.0024250248   0.0000540848  -0.0008629139
40  4  -0.0313768479   0.0112462802  -0.0343197812  -0.0784121487   0.0222821694
40  5  -0.0817949309   0.0000233704   0.0000119711   0.0000014079  -0.0001225609
40  6   0.0000434653  -0.0001381063   0.0000221921  -0.0000147227  -0.0000062887
40  7  -0.0000308436  -0.0000141516   0.0000606545  -0.0000642395   0.0000070621
40  8   0.0000208797   0.0063056594  -0.0010392952   0.0093074781   0.1030300042
40  9  -0.0290302791   0.0980943017   0.0042099684  -0.0028824818   0.0045205444
41  1   0.0000378509   0.0000114932  -0.0000387601   0.0000428569   0.0001680512
41  2   0.0001037101   0.0000214174  -0.0000390689  -0.0000049895  -0.0002303931
41  3   0.0003296939  -0.0002094688   0.0003543923   0.0006555727   0.0000340721
41  4   0.0017996520  -0.0001306716   0.0010028661   0.0252930107  -0.0700595981
41  5   0.0607980818  -0.0000064113   0.0000016869   0.0000093489   0.0000139546
41  6  -0.0000115565   0.0000041673  -0.0000102472  -0.0000001399  -0.0000103226
41  7   0.0000070833  -0.0000173407  -0.0000091913   0.0000119196   0.0000657266
41  8   0.0000288791   0.0110356535  -0.0047204334   0.0252700648  -0.0290302791
41  9   0.0660734279  -0.0671018471  -0.0093404603   0.0076731567  -0.0198766107
42  1   0.0000415336  -0.0000177359   0.0000239053   0.0000820473  -0.0000503059
42  2   0.0003669248  -0.0000933283  -0.0000027789   0.0000313442   0.0028536791
42  3   0.0001284623  -0.0013315995  -0.0020877990   0.0001338065   0.0008797140
42  4   0.0043180070  -0.0024767093   0.0088517100  -0.0940297774   0.0618828915
42  5  -0.2711711889   0.0000190722  -0.0000188590   0.0000022944  -0.0000121400
42  6  -0.0000076495   0.0000264232   0.0000187325   0.0000105265   0.0000049339
42  7  -0.0000246257   0.0000008226  -0.0000059824   0.0000004948   0.0000316667
42  8  -0.0000501715  -0.0022299359   0.0007165458  -0.0062633005   0.0980943017
42  9  -0.0671018471   0.2852229313  -0.0069502619   0.0067711636  -0.0165879382
43  1  -0.0000790389  -0.0000520623   0.0000648775  -0.0006267713  -0.0009602151
43  2  -0.0001031449  -0.0001698599   0.0000765932  -0.0000956869   0.0026612193
43  3  -0.0008346090   0.0083610721   0.0009696908   0.0006910521  -0.0030317016
43  4  -0.0266793265   0.0273347356   0.0233794401  -0.0555396353   0.0279554261
43  5   0.0270020326   0.0000046859   0.0000223671  -0.0000297084  -0.0000258409
43  6   0.0000204834  -0.0000277828  -0.0000249332   0.0000150493  -0.0000501591
43  7  -0.0000627790  -0.0000096908  -0.0000631824   0.0001086165   0.0001450724
43  8  -0.0001377482   0.0044860761  -0.0063209567  -0.0077495190   0.0042099684
43  9  -0.0093404603  -0.0069502619   0.0707679282  -0.0387427851  -0.0405685269
44  1   0.0000423866  -0.0000159148  -0.0000154511   0.0000951158  -0.0003111444
44  2   0.0001273603  -0.0000599846   0.0000223492   0.0000584022  -0.0000929896
44  3   0.0014673718  -0.0041133454  -0.0019073319   0.0001293387   0.0013805145
44  4   0.0056590607   0.0031310748   0.0027203541   0.0335938029  -0.1810067243
44  5  -0.1272741298   0.0000105270  -0.0000179287  -0.0000006769  -0.0000000839
44  6  -0.0000067719   0.0000195733   0.0000213635   0.0000152510   0.0000152629
44  7   0.0000030451   0.0000108436   0.0000366386  -0.0000196293  -0.0000229935
44  8   0.0000305330   0.0042799846  -0.0191660180  -0.0204170286  -0.0028824818
44  9   0.0076731567   0.0067711636  -0.0387427851   0.1880981100   0.1406608294
45  1   0.0000363901   0.0000001638  -0.0000005431   0.0001749232  -0.0005460395
45  2  -0.0000886136  -0.0000131383   0.0000473602   0.0000262602  -0.0021547099
45  3   0.0012896252  -0.0003035940  -0.0001115465   0.0000717729   0.0004941869
45  4   0.0077262334  -0.0001567812  -0.0000201617   0.0329971370  -0.1290415708
45  5  -0.1765843623  -0.0000020156   0.0000166982   0.0000058031   0.0000285628
45  6  -0.0000017211   0.0000045390  -0.0000109627  -0.0000087900   0.0000110466
45  7   0.0000581320   0.0000541528   0.0000253405  -0.0000513737  -0.0000717458
45  8   0.0000369125  -0.0026296494   0.0075626566   0.0073635386   0.0045205444
45  9  -0.0198766107  -0.0165879382  -0.0405685269   0.1406608294   0.1856175854
$end
