$coord
    1.85398941799349     -1.68021201729600      1.05637549419138  c
    3.90865481358241      0.18508639338066      0.29503734664571  c
    3.69061351396911      1.88454045905995     -1.19062128872268  o
    6.07530546844392     -0.32839989414649      1.54701286935957  o
   -0.41654444792163     -1.36905100255893     -0.25771173545553  o
   -1.84628841093373      0.75747132341325      0.48100138761159  c
   -4.42300922680403      0.81663453615635     -0.75934549115426  c
   -5.98696934674608      2.37363343862759     -0.20663635574123  o
   -4.78150131788862     -0.97621573641797     -2.51577814942841  o
    2.54017768535554     -3.58222364228421      0.64680002466227  h
    1.59673891310045     -1.55073108847685      3.11386638807404  h
    7.32712974285035      0.89946804801300      1.00856382644675  h
   -0.89542513096424      2.52487463730258     -0.02374876177862  h
   -2.16999344518922      0.76960687305972      2.52987126882566  h
   -6.47288200835322     -0.72448232782689     -3.18242126042647  h
$user-defined bonds
$end
