$dipgrad          cartesian dipole gradients
  0.80136257933814D+00  -.16778241667486D+00  0.18434629137848D+00
  -.16093092279407D+00  0.15262156052341D+00  0.36635737468361D-01
  0.34116911648970D+00  0.15759176059586D-01  0.37859012336771D+00
  0.14953551353228D+01  -.30912620991107D-03  0.40362861778928D+00
  -.73682490552930D-01  0.86084631780690D+00  -.58655189179724D+00
  0.49354841437767D+00  -.51000257697807D+00  0.85350047643355D+00
  -.72366761714341D+00  -.81959912829797D-01  -.24703058620081D-01
  0.10163936310355D+00  -.78515186861265D+00  0.45010342079219D+00
  -.16936995465684D+00  0.31893999817640D+00  -.65041454078280D+00
  -.12381180502533D+01  0.20333292305275D+00  -.43267112192365D+00
  0.12444096791117D-01  -.34606909759667D+00  0.30341186472410D-01
  -.40531907868644D+00  0.91405962854637D-01  -.55186001753124D+00
  -.11266350814822D+01  0.25506960114047D+00  -.11549287458679D+00
  0.41321780790311D+00  -.59673479323781D+00  0.23623032397242D-01
  -.16144185783818D+00  0.11735527747425D-01  -.47036631552648D+00
  0.37172681906748D+00  -.20124329891240D+00  -.14819988946723D+00
  -.50324664534796D+00  0.54513741068277D+00  -.52694376571522D-01
  -.30307928374104D+00  0.43418094270105D-01  0.27810720230407D+00
  0.13068629532584D+01  -.31001387327344D+00  0.22725479461811D+00
  -.27633863902566D+00  0.11832641905962D+01  0.66393181216842D+00
  0.29034396850100D+00  0.63948043716060D+00  0.97131508330028D+00
  -.98610059025002D+00  0.42453297517143D+00  0.59702098948937D-01
  0.30573709370738D+00  -.78128046724962D+00  -.25236561616290D+00
  -.35633854507959D-01  -.19785800079298D+00  -.51544934015640D+00
  -.43608723379739D+00  -.18977417901721D+00  -.20157516166149D+00
  -.54210061162836D-01  -.79927088899266D+00  -.40884111402346D+00
  -.11722171647626D+00  -.47380265028803D+00  -.83085675329003D+00
  -.33946221094679D-01  0.35158523693898D-01  -.31198995538237D-02
  0.63584265493430D-01  -.20821191297816D-01  -.89922001985807D-03
  -.92612674875457D-02  -.40201254941729D-01  0.81219962780299D-01
  -.33184462093118D-01  -.11180962672314D-01  0.49144936061640D-01
  -.22337609613971D-01  0.74960043496457D-01  -.50054777769540D-01
  -.51043834389955D-01  0.25158232439214D-01  -.11679232771338D+00
  0.34162819457819D+00  -.12917996291557D-01  0.13434817602442D-01
  -.39005610911583D-01  0.23517259600199D+00  0.64062616009193D-01
  0.32539237720752D-01  0.71027524327530D-01  0.28473990349160D+00
  0.37931603844822D-01  -.39991888876227D-01  -.21522788776976D-02
  0.65031312227561D-01  -.47117866734229D-01  0.17715086276663D-01
  0.15317980586747D-01  0.31082194518146D-01  0.51299188918781D-01
  0.11121333943652D-02  0.34316711287189D-01  -.79452144676002D-02
  0.74834562737113D-01  0.31245246390105D-01  0.48052819264132D-01
  0.57819429595929D-01  -.29244906903624D-01  -.10484416761103D+00
  0.22175983731099D+00  0.62762920412150D-01  -.16520572406402D-02
  0.93263477445693D-01  0.29319880822560D+00  0.16941285495904D-01
  0.21632700512247D-01  0.31022423507939D-02  0.34181152201688D+00
$end
