$hessian (projected)
 1  1   0.4849014121  -0.0642440648   0.0012048079  -0.1235546162  -0.0427926738
 1  2   0.0270605976   0.0123874393   0.0016453059  -0.0081426480  -0.0312616081
 1  3  -0.0192200099   0.0000713543  -0.1869187530   0.0372786241  -0.0679225389
 1  4  -0.0350854611   0.0148977757  -0.0094347959  -0.0032524490   0.0025222591
 1  5  -0.0003648877   0.0021690332  -0.0008073980   0.0003593355   0.0012954340
 1  6  -0.0000138080   0.0008518224  -0.0678027768   0.0762172973   0.0203649689
 1  7  -0.0581352236   0.0023012759   0.0415310787  -0.0020312646   0.0006891905
 1  8  -0.0027241722   0.0037594999  -0.0041952797  -0.0000854368   0.0035526079
 1  9  -0.0040471578  -0.0025101007  -0.0000232739  -0.0002313364  -0.0002593851
 2  1  -0.0642440648   0.5418009621   0.0312902452  -0.0353580652  -0.1164368332
 2  2   0.0038595666  -0.0195633825  -0.0204972940   0.0307922888   0.0003065430
 2  3   0.0091799717   0.0019934216   0.0087150880  -0.0810616240  -0.0125847820
 2  4   0.0351404312  -0.0124772849   0.0184976492  -0.0001233082  -0.0055325190
 2  5  -0.0026367790   0.0018184132   0.0004115891   0.0004296320  -0.0007714145
 2  6   0.0006207480   0.0000123675   0.0658894958  -0.2737558297  -0.0582336399
 2  7   0.0040401619  -0.0472175748  -0.0173212023   0.0041494426   0.0023944840
 2  8   0.0025804494   0.0004574002   0.0007591301   0.0005809221  -0.0005097502
 2  9   0.0015215748   0.0006296109   0.0000530094   0.0002904998   0.0001102498
 3  1   0.0012048079   0.0312902452   0.5323426200   0.0233207835  -0.0002081201
 3  2  -0.0870534500   0.0097061906   0.0394507343  -0.0026723791  -0.0162567439
 3  3  -0.0050699771   0.0095597772  -0.0885947907   0.0079641354  -0.1190447752
 3  4   0.0068768985   0.0059251725   0.0004465557  -0.0014467731  -0.0027983274
 3  5  -0.0032468930   0.0035447310  -0.0010465844   0.0011680909   0.0003229221
 3  6   0.0004479117   0.0005120786   0.0157995047  -0.0547406488  -0.0580254045
 3  7   0.0460124216  -0.0165941570  -0.2773734181  -0.0055057326   0.0014633868
 3  8   0.0007862144  -0.0000043820  -0.0021280818   0.0003541500   0.0051872907
 3  9  -0.0038077393   0.0022154332  -0.0001671285  -0.0001479500   0.0000314000
 4  1  -0.1235546162  -0.0353580652   0.0233207835   0.5379568778   0.0494883926
 4  2   0.0760224221  -0.1158349872   0.0142975304  -0.0267128929  -0.2263735455
 4  3  -0.0115162444  -0.0523539833  -0.0357985311  -0.0175249317  -0.0041462107
 4  4  -0.0026865956  -0.0012929602   0.0020585478  -0.0037068990   0.0005463855
 4  5  -0.0017925924   0.0023792718  -0.0008727065   0.0004207569   0.0012472476
 4  6   0.0004777793   0.0010978890   0.0117463227   0.0072561809  -0.0015582763
 4  7   0.0005966617  -0.0060181968   0.0029047361  -0.0450853874  -0.0003798272
 4  8  -0.0187259457  -0.0005373806   0.0008855321  -0.0002418039  -0.0002190370
 4  9   0.0001243391  -0.0001208097  -0.0001294020  -0.0001132079  -0.0001726205
 5  1  -0.0427926738  -0.1164368332  -0.0002081201   0.0494883926   0.6884165024
 5  2  -0.3638133544   0.0253685888  -0.4622567426   0.3319563113   0.0077646196
 5  3  -0.1034236868   0.0354717848   0.0082320855  -0.0009015667   0.0023592951
 5  4  -0.0016503362   0.0098877693  -0.0001199279   0.0002543297  -0.0008113767
 5  5   0.0004445709   0.0008498130  -0.0006358776   0.0001906736  -0.0000213636
 5  6  -0.0004458924  -0.0000537922  -0.0206460850  -0.0244744646   0.0129412268
 5  7   0.0057497710   0.0024709441   0.0004895768  -0.0344334516   0.0107072206
 5  8  -0.0182889762   0.0018422668  -0.0016662026  -0.0009442774  -0.0001139085
 5  9  -0.0004923693  -0.0001700651   0.0001079516   0.0000625761  -0.0002549260
 6  1   0.0270605976   0.0038595666  -0.0870534500   0.0760224221  -0.3638133544
 6  2   0.5562507835  -0.0365885032   0.3242455706  -0.3604318717  -0.0677198268
 6  3   0.0290324961  -0.1128708240  -0.0248871645  -0.0076432362  -0.0000969182
 6  4   0.0025168032  -0.0051809636   0.0007043070  -0.0010338923   0.0007561871
 6  5  -0.0003316320  -0.0000228069   0.0001228789  -0.0001673846   0.0002600453
 6  6   0.0002701304   0.0000092230  -0.0075150769  -0.0047157539   0.0035808172
 6  7   0.0240056496   0.0254479661  -0.0126220198   0.0097604589  -0.0054008542
 6  8   0.0124532522  -0.0016447745   0.0021554134   0.0010334645  -0.0000723009
 6  9   0.0009214897  -0.0006116475  -0.0001416308  -0.0000575366   0.0001539006
 7  1   0.0123874393  -0.0195633825   0.0097061906  -0.1158349872   0.0253685888
 7  2  -0.0365885032   0.1066769292  -0.0526059462   0.0711246827  -0.0077742309
 7  3   0.0496207859  -0.0548099919   0.0031630277   0.0014520126   0.0030964859
 7  4  -0.0015255170   0.0009966665  -0.0007832477   0.0025788086  -0.0006726033
 7  5   0.0016503914  -0.0014322809   0.0005584497  -0.0003424917  -0.0008468813
 7  6  -0.0003670508  -0.0008496428  -0.0034464083  -0.0035190649   0.0017280891
 7  7  -0.0017351241  -0.0014416515   0.0012852288   0.0091955441   0.0021331889
 7  8   0.0042256846  -0.0012970814  -0.0016918724   0.0002112718  -0.0002114429
 7  9  -0.0003721188   0.0002715215   0.0001022051   0.0001039979   0.0000743307
 8  1   0.0016453059  -0.0204972940   0.0394507343   0.0142975304  -0.4622567426
 8  2   0.3242455706  -0.0526059462   0.4941912757  -0.4041627885   0.0417901240
 8  3  -0.0045921859   0.0437110215  -0.0021141986   0.0060125256  -0.0037877465
 8  4   0.0031604933  -0.0053149346  -0.0006179481  -0.0002182260   0.0002688236
 8  5  -0.0007834587  -0.0004018009   0.0004416538  -0.0000012131   0.0001422487
 8  6   0.0004317618   0.0002781826  -0.0012320484   0.0003200618   0.0004295619
 8  7  -0.0048389549  -0.0048741457   0.0001765687   0.0017044732  -0.0058684080
 8  8   0.0003704435  -0.0013949675   0.0015283126   0.0004166839   0.0001491243
 8  9   0.0002917705   0.0001096022  -0.0000831574  -0.0000824745   0.0001647857
 9  1  -0.0081426480   0.0307922888  -0.0026723791  -0.0267128929   0.3319563113
 9  2  -0.3604318717   0.0711246827  -0.4041627885   0.3932374897  -0.0481635461
 9  3   0.0456955951  -0.0276273394   0.0023711378  -0.0049579875   0.0040241639
 9  4  -0.0000206127   0.0005014848   0.0004561618   0.0000026043  -0.0002303475
 9  5  -0.0006961360   0.0002700290  -0.0001037775   0.0003045372   0.0000504793
 9  6   0.0000247265   0.0004595659   0.0043826025   0.0016513040  -0.0022089373
 9  7  -0.0008426802  -0.0010502411   0.0012242969   0.0042344735   0.0003998802
 9  8  -0.0050136696   0.0015092515  -0.0004209067  -0.0009988125  -0.0001539387
 9  9  -0.0001709868   0.0000439287   0.0000910581   0.0000754448  -0.0001009985
10  1  -0.0312616081   0.0003065430  -0.0162567439  -0.2263735455   0.0077646196
10  2  -0.0677198268  -0.0077742309   0.0417901240  -0.0481635461   0.5077772455
10  3   0.1728873179   0.0359284022  -0.0101524100  -0.0029523200   0.0005697025
10  4   0.0022364850  -0.0030945306  -0.0017225430   0.0027786173  -0.0003023053
10  5   0.0012085354  -0.0019552175   0.0007468970  -0.0003017711  -0.0009588614
10  6  -0.0003108777  -0.0007034761  -0.0023138633  -0.0004772747  -0.0007169848
10  7  -0.0015052814   0.0003539664  -0.0002218186  -0.2308367927  -0.2171553872
10  8   0.0975425498   0.0005238244   0.0001307993  -0.0000611200  -0.0003373906
10  9   0.0001045995   0.0004624664   0.0001530292   0.0002078288   0.0001561740
11  1  -0.0192200099   0.0091799717  -0.0050699771  -0.0115162444  -0.1034236868
11  2   0.0290324961   0.0496207859  -0.0045921859   0.0456955951   0.1728873179
11  3   0.3356243862  -0.1807498404  -0.0077433102  -0.0006215274  -0.0006510414
11  4   0.0009277374  -0.0028428631  -0.0004292251   0.0001123031   0.0000926400
11  5   0.0000831796  -0.0003869542   0.0002553079  -0.0000752968  -0.0000542315
11  6   0.0001314519  -0.0000513055   0.0007516326   0.0020419297  -0.0007014750
11  7  -0.0012348788  -0.0003198606  -0.0002169587  -0.1836815459  -0.2362604365
11  8   0.1126782445  -0.0003817305   0.0005185589   0.0002801492  -0.0000547579
11  9   0.0002234894   0.0001146231  -0.0000261136  -0.0000071754   0.0000608322
12  1   0.0000713543   0.0019934216   0.0095597772  -0.0523539833   0.0354717848
12  2  -0.1128708240  -0.0548099919   0.0437110215  -0.0276273394   0.0359284022
12  3  -0.1807498404   0.2001000443   0.0025130100   0.0005211314   0.0011665682
12  4  -0.0005200585   0.0011861334  -0.0003820530   0.0010118570  -0.0003327469
12  5   0.0004732179  -0.0005141172   0.0001948878  -0.0000332570  -0.0003116340
12  6  -0.0001490683  -0.0001821478   0.0006691815   0.0004121062  -0.0002695973
12  7  -0.0020919867  -0.0013082588   0.0014072316   0.0697975844   0.0999506422
12  8  -0.0712936150   0.0006364874  -0.0006896922  -0.0002687908  -0.0001017392
12  9  -0.0002747808   0.0002424457   0.0000756339   0.0000632584  -0.0000216606
13  1  -0.1869187530   0.0087150880  -0.0885947907  -0.0357985311   0.0082320855
13  2  -0.0248871645   0.0031630277  -0.0021141986   0.0023711378  -0.0101524100
13  3  -0.0077433102   0.0025130100   0.4052543544  -0.1397080191   0.1000324285
13  4  -0.1090848195   0.0707581489   0.0227643557  -0.0136989169   0.0335721529
13  5   0.0163850912  -0.0135983766   0.0027043158  -0.0050464778  -0.0033350958
13  6  -0.0013669801  -0.0032965848  -0.0236118082   0.0065009135  -0.0123152286
13  7  -0.0086193074   0.0013734099  -0.0141398223  -0.0014178251   0.0007699784
13  8  -0.0011290909   0.0069554173   0.0022750059  -0.0039898345  -0.0098178626
13  9   0.0148334446   0.0077083651   0.0006809068   0.0011979644   0.0016246058
14  1   0.0372786241  -0.0810616240   0.0079641354  -0.0175249317  -0.0009015667
14  2  -0.0076432362   0.0014520126   0.0060125256  -0.0049579875  -0.0029523200
14  3  -0.0006215274   0.0005211314  -0.1397080191   0.2950198627   0.0668178737
14  4   0.0430804896  -0.1701213270  -0.0592473445   0.0062690893  -0.0084360997
14  5  -0.0043213133   0.0024067043   0.0013401354   0.0018354356   0.0000407353
14  6   0.0037194848   0.0024617407   0.0319932157  -0.0004980268   0.0190596456
14  7   0.0020837264   0.0018618010   0.0017204069  -0.0010712628   0.0004057831
14  8  -0.0001226044   0.0259792090  -0.0360163613  -0.0130505792   0.0111931739
14  9  -0.0105092029  -0.0107654604  -0.0005204466  -0.0001938569  -0.0002718439
15  1  -0.0679225389  -0.0125847820  -0.1190447752  -0.0041462107   0.0023592951
15  2  -0.0000969182   0.0030964859  -0.0037877465   0.0040241639   0.0005697025
15  3  -0.0006510414   0.0011665682   0.1000324285   0.0668178737   0.2201858459
15  4  -0.0007404443  -0.0421285552  -0.0930843988  -0.0022626224   0.0126246255
15  5   0.0049189153  -0.0070848364   0.0015655543   0.0007216014  -0.0025622887
15  6   0.0013472621   0.0002746405   0.0023958534   0.0016867672   0.0032509239
15  7  -0.0382127151   0.0038194786  -0.0207805103   0.0000539133   0.0002864903
15  8   0.0002220627  -0.0025829509   0.0005229458   0.0051705142   0.0191984581
15  9  -0.0326340961  -0.0074611240   0.0001677656   0.0007559285   0.0005324907
16  1  -0.0350854611   0.0351404312   0.0068768985  -0.0026865956  -0.0016503362
16  2   0.0025168032  -0.0015255170   0.0031604933  -0.0000206127   0.0022364850
16  3   0.0009277374  -0.0005200585  -0.1090848195   0.0430804896  -0.0007404443
16  4   0.4983784692   0.0231371103  -0.0020939706  -0.1614641772  -0.0230319380
16  5  -0.0545895883  -0.0268388514   0.0193160655  -0.0058981219  -0.0045246273
16  6   0.0002010627  -0.0081848825  -0.0027617351  -0.0009109167  -0.0012690130
16  7   0.0044547461  -0.0009256386   0.0024336800   0.0002648560  -0.0002111389
16  8  -0.0000749572  -0.1107595136  -0.1007326512   0.0308934486  -0.0530047178
16  9   0.0005348801   0.0313018672   0.0024014593   0.0019643494  -0.0006310485
17  1   0.0148977757  -0.0124772849   0.0059251725  -0.0012929602   0.0098877693
17  2  -0.0051809636   0.0009966665  -0.0053149346   0.0005014848  -0.0030945306
17  3  -0.0028428631   0.0011861334   0.0707581489  -0.1701213270  -0.0421285552
17  4   0.0231371103   0.5168228179  -0.0123129378   0.0002465232  -0.0730366915
17  5   0.0145863052   0.0309329311   0.0025004539   0.0011775357  -0.0224567677
17  6  -0.0021890811  -0.0230226545  -0.0004323462   0.0018684660   0.0000626099
17  7  -0.0041826507   0.0005565692  -0.0032620331  -0.0004766012   0.0002096788
17  8  -0.0001959038  -0.1090047827  -0.2179338077   0.0572817769  -0.0012885351
17  9  -0.0469640920   0.0110973448   0.0012600185  -0.0009656733  -0.0057153150
18  1  -0.0094347959   0.0184976492   0.0004465557   0.0020585478  -0.0001199279
18  2   0.0007043070  -0.0007832477  -0.0006179481   0.0004561618  -0.0017225430
18  3  -0.0004292251  -0.0003820530   0.0227643557  -0.0592473445  -0.0930843988
18  4  -0.0020939706  -0.0123129378   0.5470254511  -0.0393815373   0.0007975757
18  5  -0.1071187006   0.0056235658  -0.0049934722   0.0152957676  -0.0283935536
18  6  -0.0108924941  -0.0122188171  -0.0048082826   0.0011851694  -0.0017905357
18  7  -0.0045572875   0.0033839190   0.0018473063   0.0000607806   0.0000629244
18  8   0.0000855468   0.0314998556   0.0564436810  -0.0650699509   0.0306211358
18  9   0.0139892168  -0.2872219647  -0.0014530232  -0.0057467859   0.0010253245
19  1  -0.0032524490  -0.0001233082  -0.0014467731  -0.0037068990   0.0002543297
19  2  -0.0010338923   0.0025788086  -0.0002182260   0.0000026043   0.0027786173
19  3   0.0001123031   0.0010118570  -0.0136989169   0.0062690893  -0.0022626224
19  4  -0.1614641772   0.0002465232  -0.0393815373   0.7497393820  -0.2597606653
19  5   0.0428746689  -0.4215922380   0.3028978802   0.0869872424  -0.1294611103
19  6  -0.0018206912  -0.0354357982   0.0010381736  -0.0004719583  -0.0000077555
19  7   0.0001182268   0.0004531620   0.0001793679  -0.0003981409  -0.0000526793
19  8  -0.0000701833  -0.0159098623  -0.0043385475  -0.0106843533   0.0047744108
19  9  -0.0035545040   0.0025149828  -0.0115438254  -0.0398927078  -0.0432478081
20  1   0.0025222591  -0.0055325190  -0.0027983274   0.0005463855  -0.0008113767
20  2   0.0007561871  -0.0006726033   0.0002688236  -0.0002303475  -0.0003023053
20  3   0.0000926400  -0.0003327469   0.0335721529  -0.0084360997   0.0126246255
20  4  -0.0230319380  -0.0730366915   0.0007975757  -0.2597606653   0.6245116596
20  5   0.2117574349   0.2946348728  -0.3761849239  -0.1066160073  -0.0192218435
20  6  -0.1667098695  -0.1004727444   0.0016791150  -0.0001076454   0.0007406601
20  7  -0.0006028944   0.0001569130  -0.0002075510   0.0000355105   0.0001098472
20  8   0.0001182951  -0.0258266682  -0.0012895494  -0.0154651184   0.0025639423
20  9   0.0007000703   0.0007276012  -0.0061353198   0.0062687215  -0.0013995368
21  1  -0.0003648877  -0.0026367790  -0.0032468930  -0.0017925924   0.0004445709
21  2  -0.0003316320   0.0016503914  -0.0007834587  -0.0006961360   0.0012085354
21  3   0.0000831796   0.0004732179   0.0163850912  -0.0043213133   0.0049189153
21  4  -0.0545895883   0.0145863052  -0.1071187006   0.0428746689   0.2117574349
21  5   0.4330507769   0.0806794061  -0.1030171723  -0.1277195143  -0.0509189222
21  6  -0.0908465171  -0.1701511190   0.0012532599  -0.0002955560   0.0008490313
21  7  -0.0003274135   0.0002536379   0.0003253713  -0.0001703632   0.0000917932
21  8   0.0000561295   0.0090038365  -0.0013285989   0.0059950640  -0.0312362414
21  9  -0.0048263160  -0.0171271887  -0.0136551808  -0.0191612103  -0.0192773225
22  1   0.0021690332   0.0018184132   0.0035447310   0.0023792718   0.0008498130
22  2  -0.0000228069  -0.0014322809  -0.0004018009   0.0002700290  -0.0019552175
22  3  -0.0003869542  -0.0005141172  -0.0135983766   0.0024067043  -0.0070848364
22  4  -0.0268388514   0.0309329311   0.0056235658  -0.4215922380   0.2946348728
22  5   0.0806794061   0.4348113137  -0.3640754340  -0.1103210744   0.0283016893
22  6   0.0266424145   0.0219734025  -0.0012805188   0.0002594813  -0.0004263974
22  7  -0.0001127804  -0.0002454518  -0.0004480000   0.0001798260   0.0000324872
22  8   0.0000362283   0.0014200734   0.0017146516   0.0010709759  -0.0005103037
22  9   0.0017462271  -0.0003327251  -0.0019406403   0.0040716447   0.0059516188
23  1  -0.0008073980   0.0004115891  -0.0010465844  -0.0008727065  -0.0006358776
23  2   0.0001228789   0.0005584497   0.0004416538  -0.0001037775   0.0007468970
23  3   0.0002553079   0.0001948878   0.0027043158   0.0013401354   0.0015655543
23  4   0.0193160655   0.0025004539  -0.0049934722   0.3028978802  -0.3761849239
23  5  -0.1030171723  -0.3640754340   0.4307083400   0.1592836085   0.0331470115
23  6  -0.0566374064  -0.0589176912   0.0001160303  -0.0000825298  -0.0000108169
23  7   0.0001477248   0.0000237694   0.0002428050  -0.0000292093  -0.0000562619
23  8  -0.0000447032   0.0029207035   0.0007265811   0.0011623813  -0.0014278090
23  9  -0.0007690241  -0.0006551966   0.0046574786  -0.0020418071   0.0062172983
24  1   0.0003593355   0.0004296320   0.0011680909   0.0004207569   0.0001906736
24  2  -0.0001673846  -0.0003424917  -0.0000012131   0.0003045372  -0.0003017711
24  3  -0.0000752968  -0.0000332570  -0.0050464778   0.0018354356   0.0007216014
24  4  -0.0058981219   0.0011775357   0.0152957676   0.0869872424  -0.1066160073
24  5  -0.1277195143  -0.1103210744   0.1592836085   0.1158323688   0.0280326655
24  6  -0.0627738814  -0.0097331594  -0.0003334844   0.0000496452  -0.0002339056
24  7   0.0001185919  -0.0001187629  -0.0000208872   0.0000408761  -0.0000286598
24  8  -0.0000474932  -0.0022527072  -0.0001675416  -0.0007581976   0.0021452228
24  9   0.0008276240   0.0032085326   0.0063914374   0.0059872080   0.0021829005
25  1   0.0012954340  -0.0007714145   0.0003229221   0.0012472476  -0.0000213636
25  2   0.0002600453  -0.0008468813   0.0001422487   0.0000504793  -0.0009588614
25  3  -0.0000542315  -0.0003116340  -0.0033350958   0.0000407353  -0.0025622887
25  4  -0.0045246273  -0.0224567677  -0.0283935536  -0.1294611103  -0.0192218435
25  5  -0.0509189222   0.0283016893   0.0331470115   0.0280326655   0.5249557347
25  6  -0.0773584582   0.1863715405  -0.0002423649   0.0001311849   0.0000747843
25  7  -0.0002071138  -0.0001069478   0.0000278516   0.0001328978   0.0000070412
25  8   0.0000077790  -0.0022022246   0.0001858192  -0.0013133764  -0.0042573339
25  9  -0.0003370280  -0.0019632465  -0.4098973902   0.0866740141  -0.1296850462
26  1  -0.0000138080   0.0006207480   0.0004479117   0.0004777793  -0.0004458924
26  2   0.0002701304  -0.0003670508   0.0004317618   0.0000247265  -0.0003108777
26  3   0.0001314519  -0.0001490683  -0.0013669801   0.0037194848   0.0013472621
26  4   0.0002010627  -0.0021890811  -0.0108924941  -0.0018206912  -0.1667098695
26  5  -0.0908465171   0.0266424145  -0.0566374064  -0.0627738814  -0.0773584582
26  6   0.2656142447   0.1573161404  -0.0003992550   0.0000633616  -0.0001110492
26  7   0.0001691164  -0.0001691201   0.0001150786   0.0000821096  -0.0000492723
26  8  -0.0000394722   0.0008127896   0.0009127756   0.0004418962  -0.0008869722
26  9  -0.0000901095   0.0006830113   0.0541388212  -0.0452030771   0.0041663250
27  1   0.0008518224   0.0000123675   0.0005120786   0.0010978890  -0.0000537922
27  2   0.0000092230  -0.0008496428   0.0002781826   0.0004595659  -0.0007034761
27  3  -0.0000513055  -0.0001821478  -0.0032965848   0.0024617407   0.0002746405
27  4  -0.0081848825  -0.0230226545  -0.0122188171  -0.0354357982  -0.1004727444
27  5  -0.1701511190   0.0219734025  -0.0589176912  -0.0097331594   0.1863715405
27  6   0.1573161404   0.2756793590  -0.0003893672   0.0001495608  -0.0000996872
27  7   0.0000184659  -0.0001436522   0.0001234608   0.0001166914  -0.0000499456
27  8  -0.0000501072  -0.0017883357   0.0008649570  -0.0022588514  -0.0015066042
27  9   0.0003528068  -0.0000082196  -0.1582751202   0.0212760297  -0.0823562191
28  1  -0.0678027768   0.0658894958   0.0157995047   0.0117463227  -0.0206460850
28  2  -0.0075150769  -0.0034464083  -0.0012320484   0.0043826025  -0.0023138633
28  3   0.0007516326   0.0006691815  -0.0236118082   0.0319932157   0.0023958534
28  4  -0.0027617351  -0.0004323462  -0.0048082826   0.0010381736   0.0016791150
28  5   0.0012532599  -0.0012805188   0.0001160303  -0.0003334844  -0.0002423649
28  6  -0.0003992550  -0.0003893672   0.0888360500  -0.0843208892  -0.0141701169
28  7  -0.0004129267   0.0059134777   0.0024813550   0.0005650937   0.0003831435
28  8   0.0000378340  -0.0003833775   0.0005046989   0.0000605295   0.0000650731
28  9  -0.0002335136   0.0001036617   0.0000050665   0.0000333278   0.0000325457
29  1   0.0762172973  -0.2737558297  -0.0547406488   0.0072561809  -0.0244744646
29  2  -0.0047157539  -0.0035190649   0.0003200618   0.0016513040  -0.0004772747
29  3   0.0020419297   0.0004121062   0.0065009135  -0.0004980268   0.0016867672
29  4  -0.0009109167   0.0018684660   0.0011851694  -0.0004719583  -0.0001076454
29  5  -0.0002955560   0.0002594813  -0.0000825298   0.0000496452   0.0001311849
29  6   0.0000633616   0.0001495608  -0.0843208892   0.2947281003   0.0551087068
29  7  -0.0000395769  -0.0004962596  -0.0010049054  -0.0004573114   0.0003963910
29  8   0.0005713594  -0.0001362671  -0.0000137438  -0.0000422915  -0.0000301393
29  9   0.0000302889  -0.0000023892  -0.0000016594  -0.0000200996  -0.0000130742
30  1   0.0203649689  -0.0582336399  -0.0580254045  -0.0015582763   0.0129412268
30  2   0.0035808172   0.0017280891   0.0004295619  -0.0022089373  -0.0007169848
30  3  -0.0007014750  -0.0002695973  -0.0123152286   0.0190596456   0.0032509239
30  4  -0.0012690130   0.0000626099  -0.0017905357  -0.0000077555   0.0007406601
30  5   0.0008490313  -0.0004263974  -0.0000108169  -0.0002339056   0.0000747843
30  6  -0.0001110492  -0.0000996872  -0.0141701169   0.0551087068   0.0608958697
30  7   0.0084797236  -0.0292787249  -0.0060730477   0.0001394580  -0.0001642996
30  8  -0.0004488942  -0.0001360180   0.0001174627   0.0000626968  -0.0002030759
30  9   0.0000337352   0.0004963253   0.0000158425   0.0000063964   0.0000143453
31  1  -0.0581352236   0.0040401619   0.0460124216   0.0005966617   0.0057497710
31  2   0.0240056496  -0.0017351241  -0.0048389549  -0.0008426802  -0.0015052814
31  3  -0.0012348788  -0.0020919867  -0.0086193074   0.0020837264  -0.0382127151
31  4   0.0044547461  -0.0041826507  -0.0045572875   0.0001182268  -0.0006028944
31  5  -0.0003274135  -0.0001127804   0.0001477248   0.0001185919  -0.0002071138
31  6   0.0001691164   0.0000184659  -0.0004129267  -0.0000395769   0.0084797236
31  7   0.0651119692  -0.0017515938  -0.0348667412   0.0004999496   0.0001757599
31  8  -0.0002135571  -0.0004215824   0.0004168286   0.0005055137   0.0004094808
31  9  -0.0001970199   0.0018829188  -0.0000416943   0.0000644804   0.0000890959
32  1   0.0023012759  -0.0472175748  -0.0165941570  -0.0060181968   0.0024709441
32  2   0.0254479661  -0.0014416515  -0.0048741457  -0.0010502411   0.0003539664
32  3  -0.0003198606  -0.0013082588   0.0013734099   0.0018618010   0.0038194786
32  4  -0.0009256386   0.0005565692   0.0033839190   0.0004531620   0.0001569130
32  5   0.0002536379  -0.0002454518   0.0000237694  -0.0001187629  -0.0001069478
32  6  -0.0001691201  -0.0001436522   0.0059134777  -0.0004962596  -0.0292787249
32  7  -0.0017515938   0.0480645676   0.0167354125   0.0002828955  -0.0004525780
32  8  -0.0004777904   0.0002096433  -0.0001192391  -0.0000322959  -0.0004189556
32  9   0.0005050914  -0.0006253869   0.0000206052   0.0000091222  -0.0000111441
33  1   0.0415310787  -0.0173212023  -0.2773734181   0.0029047361   0.0004895768
33  2  -0.0126220198   0.0012852288   0.0001765687   0.0012242969  -0.0002218186
33  3  -0.0002169587   0.0014072316  -0.0141398223   0.0017204069  -0.0207805103
33  4   0.0024336800  -0.0032620331   0.0018473063   0.0001793679  -0.0002075510
33  5   0.0003253713  -0.0004480000   0.0002428050  -0.0000208872   0.0000278516
33  6   0.0001150786   0.0001234608   0.0024813550  -0.0010049054  -0.0060730477
33  7  -0.0348667412   0.0167354125   0.3113630704   0.0003192064   0.0005805429
33  8   0.0004741310  -0.0000973786   0.0004437498  -0.0003125133  -0.0014333699
33  9   0.0013896745   0.0003558392   0.0000446261   0.0001188346   0.0000616888
34  1  -0.0020312646   0.0041494426  -0.0055057326  -0.0450853874  -0.0344334516
34  2   0.0097604589   0.0091955441   0.0017044732   0.0042344735  -0.2308367927
34  3  -0.1836815459   0.0697975844  -0.0014178251  -0.0010712628   0.0000539133
34  4   0.0002648560  -0.0004766012   0.0000607806  -0.0003981409   0.0000355105
34  5  -0.0001703632   0.0001798260  -0.0000292093   0.0000408761   0.0001328978
34  6   0.0000821096   0.0001166914   0.0005650937  -0.0004573114   0.0001394580
34  7   0.0004999496   0.0002828955   0.0003192064   0.2691722208   0.2136788875
34  8  -0.0788914295  -0.0001617013   0.0001810551   0.0000562696  -0.0000565113
34  9   0.0000501526  -0.0000046419  -0.0000227648  -0.0000151442  -0.0000075449
35  1   0.0006891905   0.0023944840   0.0014633868  -0.0003798272   0.0107072206
35  2  -0.0054008542   0.0021331889  -0.0058684080   0.0003998802  -0.2171553872
35  3  -0.2362604365   0.0999506422   0.0007699784   0.0004057831   0.0002864903
35  4  -0.0002111389   0.0002096788   0.0000629244  -0.0000526793   0.0001098472
35  5   0.0000917932   0.0000324872  -0.0000562619  -0.0000286598   0.0000070412
35  6  -0.0000492723  -0.0000499456   0.0003831435   0.0003963910  -0.0001642996
35  7   0.0001757599  -0.0004525780   0.0005805429   0.2136788875   0.2284936184
35  8  -0.0972273036  -0.0000734218  -0.0000400646   0.0000454393   0.0000016944
35  9   0.0000046722  -0.0000137532   0.0000010828   0.0000053261   0.0000037166
36  1  -0.0027241722   0.0025804494   0.0007862144  -0.0187259457  -0.0182889762
36  2   0.0124532522   0.0042256846   0.0003704435  -0.0050136696   0.0975425498
36  3   0.1126782445  -0.0712936150  -0.0011290909  -0.0001226044   0.0002220627
36  4  -0.0000749572  -0.0001959038   0.0000855468  -0.0000701833   0.0001182951
36  5   0.0000561295   0.0000362283  -0.0000447032  -0.0000474932   0.0000077790
36  6  -0.0000394722  -0.0000501072   0.0000378340   0.0005713594  -0.0004488942
36  7  -0.0002135571  -0.0004777904   0.0004741310  -0.0788914295  -0.0972273036
36  8   0.0627197517  -0.0000183181   0.0000372485   0.0000604199   0.0000078412
36  9   0.0000449109  -0.0000173317  -0.0000102630  -0.0000041976   0.0000136027
37  1   0.0037594999   0.0004574002  -0.0000043820  -0.0005373806   0.0018422668
37  2  -0.0016447745  -0.0012970814  -0.0013949675   0.0015092515   0.0005238244
37  3  -0.0003817305   0.0006364874   0.0069554173   0.0259792090  -0.0025829509
37  4  -0.1107595136  -0.1090047827   0.0314998556  -0.0159098623  -0.0258266682
37  5   0.0090038365   0.0014200734   0.0029207035  -0.0022527072  -0.0022022246
37  6   0.0008127896  -0.0017883357  -0.0003833775  -0.0001362671  -0.0001360180
37  7  -0.0004215824   0.0002096433  -0.0000973786  -0.0001617013  -0.0000734218
37  8  -0.0000183181   0.1187698047   0.1069276568  -0.0333750690   0.0001364789
37  9  -0.0025118746   0.0003841678   0.0001076251   0.0001800432  -0.0011336647
38  1  -0.0041952797   0.0007591301  -0.0021280818   0.0008855321  -0.0016662026
38  2   0.0021554134  -0.0016918724   0.0015283126  -0.0004209067   0.0001307993
38  3   0.0005185589  -0.0006896922   0.0022750059  -0.0360163613   0.0005229458
38  4  -0.1007326512  -0.2179338077   0.0564436810  -0.0043385475  -0.0012895494
38  5  -0.0013285989   0.0017146516   0.0007265811  -0.0001675416   0.0001858192
38  6   0.0009127756   0.0008649570   0.0005046989  -0.0000137438   0.0001174627
38  7   0.0004168286  -0.0001192391   0.0004437498   0.0001810551  -0.0000400646
38  8   0.0000372485   0.1069276568   0.2520251570  -0.0574032007  -0.0020302850
38  9   0.0007635383   0.0015508540  -0.0002334117  -0.0001550852   0.0000017097
39  1  -0.0000854368   0.0005809221   0.0003541500  -0.0002418039  -0.0009442774
39  2   0.0010334645   0.0002112718   0.0004166839  -0.0009988125  -0.0000611200
39  3   0.0002801492  -0.0002687908  -0.0039898345  -0.0130505792   0.0051705142
39  4   0.0308934486   0.0572817769  -0.0650699509  -0.0106843533  -0.0154651184
39  5   0.0059950640   0.0010709759   0.0011623813  -0.0007581976  -0.0013133764
39  6   0.0004418962  -0.0022588514   0.0000605295  -0.0000422915   0.0000626968
39  7   0.0005055137  -0.0000322959  -0.0003125133   0.0000562696   0.0000454393
39  8   0.0000604199  -0.0333750690  -0.0574032007   0.0665539053   0.0168700296
39  9   0.0264908094  -0.0086315416   0.0000829552   0.0002377050  -0.0009315565
40  1   0.0035526079  -0.0005097502   0.0051872907  -0.0002190370  -0.0001139085
40  2  -0.0000723009  -0.0002114429   0.0001491243  -0.0001539387  -0.0003373906
40  3  -0.0000547579  -0.0001017392  -0.0098178626   0.0111931739   0.0191984581
40  4  -0.0530047178  -0.0012885351   0.0306211358   0.0047744108   0.0025639423
40  5  -0.0312362414  -0.0005103037  -0.0014278090   0.0021452228  -0.0042573339
40  6  -0.0008869722  -0.0015066042   0.0000650731  -0.0000301393  -0.0002030759
40  7   0.0004094808  -0.0004189556  -0.0014333699  -0.0000565113   0.0000016944
40  8   0.0000078412   0.0001364789  -0.0020302850   0.0168700296   0.0601280476
40  9  -0.0058862050  -0.0394439457  -0.0006514993  -0.0012606171   0.0001212377
41  1  -0.0040471578   0.0015215748  -0.0038077393   0.0001243391  -0.0004923693
41  2   0.0009214897  -0.0003721188   0.0002917705  -0.0001709868   0.0001045995
41  3   0.0002234894  -0.0002747808   0.0148334446  -0.0105092029  -0.0326340961
41  4   0.0005348801  -0.0469640920   0.0139892168  -0.0035545040   0.0007000703
41  5  -0.0048263160   0.0017462271  -0.0007690241   0.0008276240  -0.0003370280
41  6  -0.0000901095   0.0003528068  -0.0002335136   0.0000302889   0.0000337352
41  7  -0.0001970199   0.0005050914   0.0013896745   0.0000501526   0.0000046722
41  8   0.0000449109  -0.0025118746   0.0007635383   0.0264908094  -0.0058862050
41  9   0.0549112662  -0.0022073484  -0.0002542214  -0.0001269643  -0.0001290000
42  1  -0.0025101007   0.0006296109   0.0022154332  -0.0001208097  -0.0001700651
42  2  -0.0006116475   0.0002715215   0.0001096022   0.0000439287   0.0004624664
42  3   0.0001146231   0.0002424457   0.0077083651  -0.0107654604  -0.0074611240
42  4   0.0313018672   0.0110973448  -0.2872219647   0.0025149828   0.0007276012
42  5  -0.0171271887  -0.0003327251  -0.0006551966   0.0032085326  -0.0019632465
42  6   0.0006830113  -0.0000082196   0.0001036617  -0.0000023892   0.0004963253
42  7   0.0018829188  -0.0006253869   0.0003558392  -0.0000046419  -0.0000137532
42  8  -0.0000173317   0.0003841678   0.0015508540  -0.0086315416  -0.0394439457
42  9  -0.0022073484   0.3146422385  -0.0002544817  -0.0004730476  -0.0001257254
43  1  -0.0000232739   0.0000530094  -0.0001671285  -0.0001294020   0.0001079516
43  2  -0.0001416308   0.0001022051  -0.0000831574   0.0000910581   0.0001530292
43  3  -0.0000261136   0.0000756339   0.0006809068  -0.0005204466   0.0001677656
43  4   0.0024014593   0.0012600185  -0.0014530232  -0.0115438254  -0.0061353198
43  5  -0.0136551808  -0.0019406403   0.0046574786   0.0063914374  -0.4098973902
43  6   0.0541388212  -0.1582751202   0.0000050665  -0.0000016594   0.0000158425
43  7  -0.0000416943   0.0000206052   0.0000446261  -0.0000227648   0.0000010828
43  8  -0.0000102630   0.0001076251  -0.0002334117   0.0000829552  -0.0006514993
43  9  -0.0002542214  -0.0002544817   0.4208001984  -0.0529846373   0.1670875095
44  1  -0.0002313364   0.0002904998  -0.0001479500  -0.0001132079   0.0000625761
44  2  -0.0000575366   0.0001039979  -0.0000824745   0.0000754448   0.0002078288
44  3  -0.0000071754   0.0000632584   0.0011979644  -0.0001938569   0.0007559285
44  4   0.0019643494  -0.0009656733  -0.0057467859  -0.0398927078   0.0062687215
44  5  -0.0191612103   0.0040716447  -0.0020418071   0.0059872080   0.0866740141
44  6  -0.0452030771   0.0212760297   0.0000333278  -0.0000200996   0.0000063964
44  7   0.0000644804   0.0000091222   0.0001188346  -0.0000151442   0.0000053261
44  8  -0.0000041976   0.0001800432  -0.0001550852   0.0002377050  -0.0012606171
44  9  -0.0001269643  -0.0004730476  -0.0529846373   0.0421599675  -0.0029300774
45  1  -0.0002593851   0.0001102498   0.0000314000  -0.0001726205  -0.0002549260
45  2   0.0001539006   0.0000743307   0.0001647857  -0.0001009985   0.0001561740
45  3   0.0000608322  -0.0000216606   0.0016246058  -0.0002718439   0.0005324907
45  4  -0.0006310485  -0.0057153150   0.0010253245  -0.0432478081  -0.0013995368
45  5  -0.0192773225   0.0059516188   0.0062172983   0.0021829005  -0.1296850462
45  6   0.0041663250  -0.0823562191   0.0000325457  -0.0000130742   0.0000143453
45  7   0.0000890959  -0.0000111441   0.0000616888  -0.0000075449   0.0000037166
45  8   0.0000136027  -0.0011336647   0.0000017097  -0.0009315565   0.0001212377
45  9  -0.0001290000  -0.0001257254   0.1670875095  -0.0029300774   0.0987978296
$end
