$hessian (projected)
 1  1   0.4642968608  -0.0374120007   0.0268113718  -0.1190156136   0.0008807782
 1  2   0.0487577081  -0.0287450353  -0.0054214587   0.0193182243  -0.0036645589
 1  3  -0.0004476270  -0.0050198769  -0.0004860049   0.0005507759   0.0019145663
 1  4   0.0007314786  -0.0002373091   0.0009218196  -0.0001665794   0.0000593488
 1  5   0.0014370873  -0.1500625117  -0.0388424004  -0.0250877572  -0.0165838341
 1  6   0.0017711652  -0.0139784393  -0.0013901024  -0.0006081077  -0.0014617879
 1  7   0.0003009034  -0.0003901660   0.0003382311   0.0005510893  -0.0001057617
 1  8  -0.0002512424  -0.0551872900   0.0423932847   0.0152856034  -0.0760173566
 1  9   0.0474478156  -0.0655957802   0.0076663335  -0.0008239330  -0.0058013987
 1 10  -0.0060808556   0.0000501573   0.0061493081   0.0020556177   0.0014966132
 1 11   0.0009294661   0.0000156821  -0.0000212084   0.0001920189  -0.0005080048
 1 12  -0.0001154792   0.0001609669   0.0005124349  -0.0002653541   0.0003569374
 1 13   0.0030239807   0.0008399290   0.0015103560  -0.0206821796  -0.0111097515
 1 14  -0.0073346759  -0.0000059799   0.0000050604  -0.0000152887  -0.0000746658
 1 15   0.0000669743   0.0000832067  -0.0000332883  -0.0000939733   0.0000656623
 1 16  -0.0004505200   0.0003326279   0.0003137127
 2  1  -0.0374120007   0.5798933354  -0.0180378730   0.0013231973  -0.0777115949
 2  2   0.0012093489  -0.0126227777  -0.0030407224   0.0091856095  -0.0011984350
 2  3  -0.0017731894  -0.0036905061  -0.0005488251   0.0013170268   0.0016736510
 2  4  -0.0003506869  -0.0004238415   0.0007075413  -0.0003306305   0.0003960284
 2  5   0.0007705767  -0.0437616844  -0.0980082283  -0.0182609429   0.0224064546
 2  6   0.0090163880   0.0105771392   0.0012257510  -0.0028500845   0.0037636762
 2  7   0.0017237177  -0.0002743267   0.0005327340  -0.0000377394   0.0004302017
 2  8   0.0005537285   0.0439083428  -0.2612582808  -0.0750477027   0.0471657494
 2  9  -0.1306376167   0.1070156779  -0.0139560249  -0.0006404808   0.0145581879
 2 10   0.0217137614   0.0008995514  -0.0233747767  -0.0007530218   0.0004931780
 2 11   0.0011702894   0.0000890131   0.0000325549  -0.0000610501  -0.0001608226
 2 12  -0.0001910119  -0.0001513667  -0.0000566281   0.0000278673   0.0001795292
 2 13  -0.0276297501  -0.0143493874  -0.0112363936  -0.0011566596  -0.0012358797
 2 14  -0.0014172873  -0.0000648074   0.0002243684   0.0000779920  -0.0000204883
 2 15  -0.0002486062   0.0001614424   0.0000820867   0.0001474093  -0.0002114986
 2 16   0.0004229085  -0.0002346585  -0.0006477267
 3  1   0.0268113718  -0.0180378730   0.5326524745   0.0490095900   0.0018191946
 3  2  -0.1370779063  -0.0064188011  -0.0013285330   0.0123144599  -0.0016913371
 3  3  -0.0010771055  -0.0059800750  -0.0011601834   0.0012877741   0.0023145822
 3  4   0.0004523653  -0.0010227632   0.0016958005   0.0008259191   0.0008420770
 3  5  -0.0009779126  -0.0234673643  -0.0129873488  -0.0859887383  -0.0280201883
 3  6  -0.0060652816  -0.0160255986  -0.0011284505   0.0027835736  -0.0036915712
 3  7  -0.0011575135   0.0000356609  -0.0000646282   0.0002483264  -0.0002122325
 3  8   0.0010059264   0.0154865623  -0.0778498798  -0.0764641095  -0.0667483878
 3  9   0.1083170224  -0.1977623102   0.0192908353   0.0009595056  -0.0202365383
 3 10   0.0085628710   0.0000286644  -0.0099953102  -0.0004244581   0.0001041562
 3 11   0.0004669359   0.0000722844   0.0001081290   0.0001041033  -0.0001015971
 3 12  -0.0000862055   0.0002124836  -0.0005106426   0.0001611682   0.0002107564
 3 13  -0.0115268621  -0.0075991950  -0.0044132345   0.0224069422   0.0106941150
 3 14   0.0080933894   0.0000357377  -0.0001046045  -0.0000008578  -0.0000689024
 3 15   0.0001297456  -0.0000300249  -0.0001835948  -0.0000517232   0.0003322572
 3 16  -0.0005945224  -0.0008480410  -0.0006943539
 4  1  -0.1190156136   0.0013231973   0.0490095900   0.4500336835  -0.0433626385
 4  2   0.0181086918  -0.1274838465  -0.0274725615  -0.0277119588  -0.0304345642
 4  3  -0.0134576009   0.0064908289   0.0034052296  -0.0003881786   0.0000010384
 4  4  -0.0015187326   0.0011500881  -0.0013617358  -0.0166606748  -0.0029753502
 4  5  -0.0147080265  -0.0283030835  -0.0046523424   0.0198411044   0.0002365513
 4  6   0.0001798886   0.0015534963   0.0000447418  -0.0006123874   0.0007414531
 4  7   0.0001442657   0.0001694608   0.0000890203  -0.0000522368   0.0000916235
 4  8  -0.0003509382  -0.0069543836  -0.0003551210   0.0065455985   0.0074276640
 4  9  -0.0005573809  -0.0059132742  -0.0765565320   0.0496459284  -0.0671512827
 4 10  -0.0552441878   0.0407083764   0.0150346223   0.0026953993  -0.0005622388
 4 11  -0.0001498974   0.0003849932   0.0001689231   0.0002298959   0.0006048654
 4 12  -0.0002471526   0.0008875690  -0.0010838650   0.0009875701  -0.0003329390
 4 13   0.0021084307   0.0014416329   0.0007185616  -0.0038734184  -0.0014126565
 4 14  -0.0015668673  -0.0000380762  -0.0000028166  -0.0000235082   0.0000079784
 4 15  -0.0000029951   0.0000350136   0.0000303673  -0.0000169248  -0.0001149138
 4 16   0.0000950448   0.0002116567   0.0000988578
 5  1   0.0008807782  -0.0777115949   0.0018191946  -0.0433626385   0.5690404117
 5  2  -0.0244121562  -0.0334107274  -0.0920891752  -0.0161479536  -0.0069456440
 5  3  -0.0010494520   0.0023469153   0.0020026670  -0.0020491383  -0.0023820034
 5  4   0.0002554494   0.0001331236   0.0009038500   0.0190324865   0.0086187118
 5  5   0.0110256461  -0.0110616869  -0.0021701201   0.0091993057  -0.0005129938
 5  6   0.0003809972   0.0005174472   0.0010425001   0.0001753067   0.0006241360
 5  7  -0.0003984643   0.0003488596  -0.0000289182  -0.0003537407  -0.0006556897
 5  8  -0.0003832365   0.0217962260   0.0009657834  -0.0231938713  -0.0141793105
 5  9  -0.0008977124   0.0143168412   0.0480087242  -0.1339947006   0.1091189135
 5 10   0.0419424440  -0.2551972522  -0.0766831531  -0.0269415915  -0.0125088832
 5 11  -0.0108444046   0.0000687425   0.0000969058  -0.0001340757   0.0017680356
 5 12   0.0014646888   0.0005052856   0.0039326386  -0.0027553021   0.0035978591
 5 13  -0.0008909948   0.0002526723   0.0011250076  -0.0029237322  -0.0005917639
 5 14  -0.0010129893   0.0000967564  -0.0000672550  -0.0000090050   0.0000680387
 5 15  -0.0000096794   0.0000063795   0.0000190837   0.0000150327  -0.0000337968
 5 16   0.0000669536   0.0002552253   0.0001587824
 6  1   0.0487577081   0.0012093489  -0.1370779063   0.0181086918  -0.0244121562
 6  2   0.5286460319  -0.0125861728  -0.0042761041  -0.0840391836   0.0193020547
 6  3   0.0092872474   0.0203639642   0.0018882410  -0.0037901051  -0.0066644677
 6  4  -0.0015217803   0.0018644459  -0.0042353083  -0.0272474829  -0.0092895752
 6  5  -0.0157966969  -0.0027362366   0.0004060634   0.0113610600   0.0004128575
 6  6   0.0008154993  -0.0006177881  -0.0010628834  -0.0004540369  -0.0000425046
 6  7   0.0000974778  -0.0000629061  -0.0001672404  -0.0000587139   0.0004052000
 6  8  -0.0002452420   0.0093185883   0.0000030645  -0.0103621951   0.0197463779
 6  9   0.0005849599  -0.0202779274  -0.0664683201   0.1109527182  -0.1965379333
 6 10   0.0144357387  -0.0775489561  -0.0779103095  -0.0131199834  -0.0071140387
 6 11  -0.0048478277  -0.0006584596  -0.0004357683  -0.0004233306   0.0013625208
 6 12   0.0002036745   0.0010875972  -0.0031548808   0.0032199684  -0.0027305103
 6 13  -0.0009544314  -0.0000606640   0.0003665521  -0.0040428863  -0.0017975977
 6 14   0.0000397983  -0.0000774686   0.0000216187   0.0000126692  -0.0000480823
 6 15   0.0000184756  -0.0000137361   0.0000058062   0.0000388178  -0.0000366629
 6 16   0.0003017194   0.0002108059   0.0001490980
 7  1  -0.0287450353  -0.0126227777  -0.0064188011  -0.1274838465  -0.0334107274
 7  2  -0.0125861728   0.4348018618  -0.0534131680   0.0018000405  -0.1016323588
 7  3  -0.0171812891   0.0269655966  -0.0200424486   0.0163181406   0.0299635605
 7  4   0.0102174794   0.0032890732  -0.0011881455  -0.0904749851   0.0192001932
 7  5  -0.0263906776  -0.0018371533   0.0005741553   0.0046476282   0.0008558897
 7  6  -0.0000680166  -0.0000177369  -0.0003712556  -0.0001210556  -0.0001500568
 7  7   0.0000665297  -0.0000322438  -0.0000499344   0.0001048205   0.0002174746
 7  8  -0.0000261152   0.0013339481   0.0000253094  -0.0010984983   0.0010562957
 7  9   0.0005184218  -0.0011089110  -0.0092405449  -0.0036402157  -0.0027677467
 7 10   0.0009856655   0.0005409051  -0.0002464913  -0.0518944360   0.0435502340
 7 11   0.0223848135   0.0036216752   0.0052788097  -0.0016798493  -0.0067013676
 7 12   0.0105155035  -0.0100183140  -0.0136725210   0.0209547372  -0.0214884742
 7 13   0.0000868478  -0.0000775076   0.0000515911  -0.0010234918  -0.0005052471
 7 14  -0.0006082656  -0.0000479605   0.0000081911  -0.0000031801  -0.0000466330
 7 15   0.0000150388   0.0000133836   0.0000079716   0.0000048091  -0.0000307932
 7 16   0.0000750532   0.0000612521   0.0000515501
 8  1  -0.0054214587  -0.0030407224  -0.0013285330  -0.0274725615  -0.0920891752
 8  2  -0.0042761041  -0.0534131680   0.5889076878   0.0421172936  -0.0140769139
 8  3  -0.0819344075  -0.0026303603   0.0315248173   0.0079306511  -0.0139605045
 8  4  -0.0116887048  -0.0081938618   0.0295226552   0.0449316016  -0.1420758222
 8  5   0.0304786936  -0.0000879581  -0.0007980559   0.0017177518   0.0008829733
 8  6   0.0001306795  -0.0001538386  -0.0002425551   0.0000725033  -0.0003014999
 8  7   0.0001132682  -0.0001116273  -0.0000533668   0.0001011021   0.0001856988
 8  8   0.0001188057   0.0018221862   0.0006227425  -0.0004954217  -0.0006750063
 8  9  -0.0004096766   0.0002289798   0.0171725327   0.0073463045   0.0055359342
 8 10  -0.0286440468  -0.0146389898  -0.0116619292   0.0406365918  -0.2452967560
 8 11  -0.0976581259   0.0023326018  -0.0029541043   0.0038474373   0.0123481760
 8 12  -0.0250232007   0.0293354479  -0.0096927986   0.0106710829  -0.0104298163
 8 13  -0.0000189850   0.0004098768   0.0000894029  -0.0004923458   0.0001719380
 8 14  -0.0000797480  -0.0000278237   0.0000517882   0.0000056599  -0.0000061847
 8 15  -0.0000065390   0.0000040856   0.0000066240   0.0000365479   0.0000098418
 8 16   0.0000880360   0.0000354373   0.0000172590
 9  1   0.0193182243   0.0091856095   0.0123144599  -0.0277119588  -0.0161479536
 9  2  -0.0840391836   0.0018000405   0.0421172936   0.4708444616   0.0355220911
 9  3   0.0025942238  -0.1295167656   0.0173164297   0.0014230442  -0.0000145837
 9  4   0.0123675263   0.0115710198  -0.0125576601  -0.0663315293   0.0475214662
 9  5  -0.1371788965   0.0029956418   0.0004812397  -0.0059020109  -0.0004723048
 9  6  -0.0000600614   0.0002542626  -0.0003866474   0.0000196718  -0.0001550816
 9  7   0.0002152943  -0.0001509233   0.0001635144   0.0002253423   0.0000968936
 9  8   0.0001626643   0.0004771166   0.0001493875   0.0006024948   0.0002938478
 9  9   0.0012655827  -0.0005195026  -0.0187400688  -0.0105833874  -0.0080178837
 9 10  -0.0105780881  -0.0042452772  -0.0048605368   0.0206137724  -0.0931201911
 9 11  -0.0977326740   0.0000553472   0.0014052683   0.0026573450   0.0111328847
 9 12  -0.0082093929   0.0092351879   0.0003445911   0.0141647773  -0.0160846531
 9 13  -0.0002658011   0.0000186496   0.0000320867   0.0020953904   0.0006866476
 9 14   0.0003772196  -0.0000365373   0.0000315685   0.0000054469  -0.0000401861
 9 15   0.0000115341   0.0000265351  -0.0000197970  -0.0000460702  -0.0000006249
 9 16  -0.0001906219  -0.0001806207  -0.0000956219
10  1  -0.0036645589  -0.0011984350  -0.0016913371  -0.0304345642  -0.0069456440
10  2   0.0193020547  -0.1016323588  -0.0140769139   0.0355220911   0.6649595912
10  3  -0.2791853362  -0.2196169540  -0.4439303194   0.2817123894   0.1513167953
10  4  -0.1015537714   0.0378120422   0.0086047698   0.0050959077   0.0052392793
10  5  -0.0114905139  -0.0006406085  -0.0003047896   0.0005476270   0.0014402566
10  6   0.0003085600   0.0002843488  -0.0015464306  -0.0003040717  -0.0006040561
10  7   0.0005841874  -0.0003275793   0.0002369870   0.0005794571   0.0006585608
10  8   0.0001714574   0.0001017888   0.0000967319  -0.0001387683   0.0004176990
10  9   0.0000919173  -0.0004442949  -0.0014613301   0.0003967904  -0.0002637735
10 10   0.0023288504   0.0019740173   0.0006093072  -0.0047349505   0.0016167815
10 11   0.0027066725   0.0111647270  -0.0303354327   0.0203445420   0.0014382757
10 12   0.0020995084  -0.0019833838   0.0017504884   0.0009051722  -0.0033053166
10 13   0.0000267826  -0.0000153541   0.0001195968   0.0000516365  -0.0000960841
10 14  -0.0000624654  -0.0001334382   0.0000467332  -0.0000559059  -0.0001035589
10 15   0.0000339056   0.0000463137  -0.0000169303  -0.0000529012  -0.0001018865
10 16  -0.0000868286  -0.0001498477  -0.0000539072
11  1  -0.0004476270  -0.0017731894  -0.0010771055  -0.0134576009  -0.0010494520
11  2   0.0092872474  -0.0171812891  -0.0819344075   0.0025942238  -0.2791853362
11  3   0.5941982747  -0.0192375061   0.2724749428  -0.3100342576  -0.0918955707
11  4   0.0247514816  -0.1849850895   0.0847450911  -0.0023228154  -0.0094198910
11  5   0.0220691862  -0.0007537134   0.0005201358   0.0002696032   0.0004840209
11  6  -0.0004265342   0.0004785276  -0.0003068210   0.0003869115  -0.0004159421
11  7   0.0002786595  -0.0003115348   0.0002848873   0.0000133782  -0.0002295659
11  8   0.0000565060   0.0001709509   0.0003643875  -0.0002086682  -0.0002265485
11  9  -0.0001688911   0.0004426161   0.0025708419   0.0005712068   0.0008364797
11 10  -0.0013965119  -0.0017387724   0.0005765813   0.0211086148   0.0023282262
11 11  -0.0267056511  -0.0044910110  -0.0041583890   0.0123051818  -0.0019611946
11 12  -0.0027392659   0.0047252457  -0.0001288085   0.0006190751   0.0007896993
11 13   0.0000977079  -0.0001532843   0.0000586238  -0.0000962289  -0.0001210643
11 14   0.0000168626   0.0000936251   0.0001625074  -0.0000306261  -0.0000054592
11 15   0.0000323440   0.0000294360  -0.0000029118   0.0000187122  -0.0000097605
11 16  -0.0000803463   0.0000418077   0.0000148314
12  1  -0.0050198769  -0.0036905061  -0.0059800750   0.0064908289   0.0023469153
12  2   0.0203639642   0.0269655966  -0.0026303603  -0.1295167656  -0.2196169540
12  3  -0.0192375061   0.4964479165   0.1604834443  -0.1022624179  -0.1624936109
12  4   0.0208326333   0.0667791122  -0.1493728909   0.0066912082   0.0167563374
12  5  -0.0315680706  -0.0001783370   0.0001756535   0.0035754741  -0.0018147362
12  6   0.0000777057  -0.0011087193   0.0021021914  -0.0000775067   0.0011746133
12  7  -0.0010230976   0.0007609913  -0.0006840954  -0.0007202049  -0.0004986019
12  8  -0.0004310591   0.0001930704   0.0002588451   0.0001045164   0.0003353580
12  9  -0.0000679558  -0.0000899933  -0.0019702494   0.0006508738  -0.0005486379
12 10  -0.0018618894  -0.0018660546  -0.0003875837   0.0118373585   0.0013451691
12 11  -0.0092950362  -0.0034094269   0.0427691683  -0.0301794366  -0.0003036182
12 12  -0.0018186354   0.0007935131   0.0008644494   0.0003739111  -0.0005266860
12 13   0.0000832350   0.0001050140  -0.0002041640  -0.0013849059  -0.0002936853
12 14  -0.0003707925   0.0000377960  -0.0001922383   0.0001288405   0.0000982232
12 15  -0.0000520900  -0.0000851891   0.0000280675   0.0000670484   0.0001237666
12 16   0.0002598357   0.0002208135   0.0001302014
13  1  -0.0004860049  -0.0005488251  -0.0011601834   0.0034052296   0.0020026670
13  2   0.0018882410  -0.0200424486   0.0315248173   0.0173164297  -0.4439303194
13  3   0.2724749428   0.1604834443   0.4770868898  -0.3596909402  -0.1702915879
13  4  -0.0078251344   0.0603011226  -0.0130728233   0.0028057824  -0.0016055494
13  5  -0.0015713282   0.0002094731   0.0000373437   0.0007358640  -0.0009507420
13  6  -0.0001899805  -0.0003142103   0.0011656823   0.0002262320   0.0004386131
13  7  -0.0004679623   0.0002654102  -0.0002180367  -0.0004504670  -0.0004746362
13  8  -0.0001539685   0.0001397212  -0.0001549000  -0.0001766455  -0.0000216943
13  9  -0.0001046627   0.0001700993   0.0001716920   0.0000308001   0.0000631381
13 10  -0.0002223721  -0.0009746741  -0.0003417390  -0.0037987094  -0.0024100845
13 11   0.0053862232  -0.0059702066   0.0004553375  -0.0012492627  -0.0004125933
13 12  -0.0013819892   0.0003019610  -0.0002768006   0.0002310736   0.0018055865
13 13  -0.0000537039  -0.0000574053  -0.0001261810  -0.0003810196  -0.0000771811
13 14  -0.0000479442   0.0001025686  -0.0000349811   0.0000430131   0.0000856854
13 15  -0.0000285348  -0.0000387266   0.0000186097   0.0000513571   0.0000742403
13 16   0.0000988442   0.0001332405   0.0000557839
14  1   0.0005507759   0.0013170268   0.0012877741  -0.0003881786  -0.0020491383
14  2  -0.0037901051   0.0163181406   0.0079306511   0.0014230442   0.2817123894
14  3  -0.3100342576  -0.1022624179  -0.3596909402   0.3636226813   0.0971780074
14  4   0.0665173708  -0.0678255156   0.0130085818  -0.0043150482   0.0007942873
14  5   0.0030309072   0.0002428920  -0.0002527211  -0.0006471722   0.0000980281
14  6   0.0002076765  -0.0000416064  -0.0002630963  -0.0002334397   0.0000150572
14  7   0.0000406178   0.0000364871   0.0000025671   0.0001522907   0.0002615023
14  8   0.0000221452  -0.0002366492  -0.0000660407   0.0002452186   0.0001865894
14  9   0.0001289813  -0.0002633331  -0.0008084211  -0.0000806041  -0.0002240401
14 10   0.0008432946   0.0013427558   0.0002357429  -0.0018300744   0.0007031708
14 11   0.0020614203   0.0009782685   0.0017807857  -0.0084848124   0.0000981342
14 12   0.0023059629  -0.0020519765  -0.0003665516   0.0000250368  -0.0007457048
14 13   0.0000077347   0.0001161167   0.0000185198   0.0002461588   0.0001315779
14 14   0.0000576986  -0.0000622960  -0.0000496826  -0.0000059855  -0.0000202107
14 15  -0.0000003257  -0.0000056036  -0.0000039950  -0.0000290849  -0.0000218361
14 16  -0.0000072240  -0.0000838901  -0.0000420910
15  1   0.0019145663   0.0016736510   0.0023145822   0.0000010384  -0.0023820034
15  2  -0.0066644677   0.0299635605  -0.0139605045  -0.0000145837   0.1513167953
15  3  -0.0918955707  -0.1624936109  -0.1702915879   0.0971780074   0.1333009493
15  4  -0.0189259606   0.0201168820   0.0323397988   0.0038475865  -0.0024300359
15  5   0.0013476239  -0.0001540600  -0.0001194244  -0.0013742333   0.0009300947
15  6   0.0000468156   0.0005717415  -0.0010556949  -0.0000532898  -0.0005350950
15  7   0.0004680119  -0.0003151732   0.0002956039   0.0003965612   0.0003374750
15  8   0.0001980051  -0.0002497553   0.0000138521   0.0001552939  -0.0002411924
15  9  -0.0000529162   0.0000793837   0.0003502747  -0.0001942651   0.0002421495
15 10   0.0002734177   0.0010403352   0.0001041404   0.0028615117   0.0000942240
15 11  -0.0031441714  -0.0011702013  -0.0080249807   0.0027665914  -0.0003173816
15 12  -0.0013406075  -0.0002918406  -0.0002496543   0.0001769556   0.0007197823
15 13   0.0000291539   0.0000490700   0.0001079939   0.0005240356   0.0001401365
15 14   0.0001352773  -0.0000368667   0.0000560897  -0.0000664391  -0.0000352661
15 15   0.0000158696   0.0000395072  -0.0000111858  -0.0000402449  -0.0000738185
15 16  -0.0001378013  -0.0001303474  -0.0000601641
16  1   0.0007314786  -0.0003506869   0.0004523653  -0.0015187326   0.0002554494
16  2  -0.0015217803   0.0102174794  -0.0116887048   0.0123675263  -0.1015537714
16  3   0.0247514816   0.0208326333  -0.0078251344   0.0665173708  -0.0189259606
16  4   0.3083761541  -0.0897553509  -0.2311255707  -0.0007717891  -0.0024236044
16  5   0.0043870434   0.0001332577   0.0001004455  -0.0001791446  -0.0004062742
16  6  -0.0001484226   0.0000257609   0.0004603771   0.0001469846   0.0001219753
16  7  -0.0001792876   0.0000887027  -0.0000202408  -0.0001754650  -0.0002295953
16  8  -0.0000402231   0.0000275997   0.0000273601  -0.0000651619  -0.0001653441
16  9  -0.0000372573   0.0002374438   0.0005138862  -0.0009156675   0.0012362534
16 10  -0.0001231671  -0.0005622139   0.0001592460   0.0001714515  -0.0012995282
16 11   0.0003257290  -0.2075050641   0.0159528582   0.2107189207  -0.0002607059
16 12  -0.0002579757   0.0007120349  -0.0002337825  -0.0001634573   0.0002584836
16 13  -0.0000136815  -0.0000288131  -0.0000249716  -0.0000430256  -0.0000035826
16 14   0.0000381831   0.0000789819  -0.0000158020   0.0000013050   0.0000497209
16 15  -0.0000119951  -0.0000149889   0.0000089705   0.0000200416   0.0000258648
16 16   0.0000058675   0.0000319630   0.0000172738
17  1  -0.0002373091  -0.0004238415  -0.0010227632   0.0011500881   0.0001331236
17  2   0.0018644459   0.0032890732  -0.0081938618   0.0115710198   0.0378120422
17  3  -0.1849850895   0.0667791122   0.0603011226  -0.0678255156   0.0201168820
17  4  -0.0897553509   0.2977878914  -0.1340424746  -0.0032385277   0.0001666073
17  5   0.0037473247   0.0002909200  -0.0001177094   0.0007038505  -0.0007109151
17  6   0.0002413443  -0.0004680634   0.0006652823  -0.0002438847   0.0005033770
17  7  -0.0003950197   0.0003478586  -0.0002716348  -0.0001625840   0.0000362134
17  8  -0.0001349959  -0.0001031251   0.0000765785   0.0001824864   0.0002117237
17  9   0.0001062494  -0.0001112769  -0.0006258326  -0.0002617941   0.0001032969
17 10   0.0000744928   0.0001594440   0.0000768395  -0.0008638811   0.0002567590
17 11   0.0022502873  -0.0087579633  -0.0381029964   0.0308111805   0.0011533122
17 12   0.0014143780  -0.0016945592   0.0000258470  -0.0005446946  -0.0008321729
17 13   0.0000243133   0.0001340172  -0.0000625382  -0.0002484803   0.0000139352
17 14  -0.0000972182  -0.0000197730  -0.0001481726   0.0000358403   0.0000308119
17 15  -0.0000227401  -0.0000487380   0.0000080178  -0.0000008755   0.0000313180
17 16   0.0000817148  -0.0000032242   0.0000091745
18  1   0.0009218196   0.0007075413   0.0016958005  -0.0013617358   0.0009038500
18  2  -0.0042353083  -0.0011881455   0.0295226552  -0.0125576601   0.0086047698
18  3   0.0847450911  -0.1493728909  -0.0130728233   0.0130085818   0.0323397988
18  4  -0.2311255707  -0.1340424746   0.4320646075   0.0036162737   0.0035443036
18  5  -0.0075805628  -0.0003168396   0.0000542107  -0.0010493531   0.0007557520
18  6  -0.0001549980   0.0006384806  -0.0007560599   0.0001565616  -0.0005291932
18  7   0.0004196965  -0.0003575580   0.0003387981   0.0002745429   0.0001530854
18  8   0.0001487744  -0.0000155863  -0.0000476609  -0.0001000441  -0.0002973284
18  9  -0.0000376730   0.0001524425   0.0007153364  -0.0002648580   0.0000117937
18 10   0.0004415661   0.0003876576  -0.0000848681  -0.0012414236   0.0011582581
18 11   0.0001030123   0.2337363106   0.0011394497  -0.2933451256  -0.0004430866
18 12  -0.0005959996   0.0005816079   0.0000487114   0.0000479245   0.0007066918
18 13   0.0000363760  -0.0000818266   0.0000651157   0.0004105676   0.0000693663
18 14   0.0001503983   0.0000513283   0.0000950661  -0.0000641030  -0.0000216054
18 15   0.0000425757   0.0000146634  -0.0000031761  -0.0000103227  -0.0000498394
18 16  -0.0001896696  -0.0001428071  -0.0000430372
19  1  -0.0001665794  -0.0003306305   0.0008259191  -0.0166606748   0.0190324865
19  2  -0.0272474829  -0.0904749851   0.0449316016  -0.0663315293   0.0050959077
19  3  -0.0023228154   0.0066912082   0.0028057824  -0.0043150482   0.0038475865
19  4  -0.0007717891  -0.0032385277   0.0036162737   0.4698985880  -0.0297943475
19  5   0.1652587003   0.0009757531   0.0007958593  -0.0007298468  -0.0015061441
19  6  -0.0001329617  -0.0004691456   0.0010299956   0.0001098774   0.0004788401
19  7  -0.0004719374   0.0002769393  -0.0002108891  -0.0004106087  -0.0004065880
19  8  -0.0001231565  -0.0001984947   0.0002986431  -0.0000237500  -0.0012448902
19  9   0.0007986838  -0.0012460337  -0.0048985705  -0.0024869408  -0.0016849675
19 10   0.0022486467   0.0004396545   0.0012097126  -0.0035554190   0.0057419073
19 11  -0.0065945913  -0.0002102044  -0.0005380748   0.0000997344  -0.0876126981
19 12   0.0963507927   0.0345224072  -0.2740878826  -0.1252408566  -0.1119571047
19 13  -0.0000305248  -0.0000382855  -0.0000664186   0.0000354770   0.0000581292
19 14   0.0000603837   0.0000637237  -0.0000774480   0.0000335872   0.0000650599
19 15  -0.0000249997  -0.0000435679   0.0000068180   0.0000203471   0.0000629258
19 16   0.0000756508   0.0000926026   0.0000212050
20  1   0.0000593488   0.0003960284   0.0008420770  -0.0029753502   0.0086187118
20  2  -0.0092895752   0.0192001932  -0.1420758222   0.0475214662   0.0052392793
20  3  -0.0094198910   0.0167563374  -0.0016055494   0.0007942873  -0.0024300359
20  4  -0.0024236044   0.0001666073   0.0035443036  -0.0297943475   0.5847320831
20  5   0.1413558015   0.0001499531   0.0004511327  -0.0003229653  -0.0003692093
20  6   0.0001075378  -0.0001556249   0.0000652988  -0.0000428888   0.0000538156
20  7  -0.0000907767   0.0001021415  -0.0000409750  -0.0000597574  -0.0000526162
20  8  -0.0000101704  -0.0004926961   0.0003276414  -0.0001433952   0.0003322908
20  9   0.0000692393  -0.0007437342  -0.0036097349  -0.0003950619  -0.0013343657
20 10   0.0000771478   0.0019121121   0.0001508057   0.0147618423  -0.0213048184
20 11   0.0275084198  -0.0001507620  -0.0006139623   0.0007287529   0.1346020846
20 12  -0.2867990472  -0.1640511566  -0.1331665962  -0.1369873010  -0.0599983482
20 13   0.0000359467   0.0000462225   0.0000576359   0.0001346067  -0.0000273606
20 14   0.0000018787  -0.0000102322  -0.0000290766  -0.0000198976   0.0000174360
20 15  -0.0000218940   0.0000145088  -0.0000011291  -0.0000132600   0.0000009956
20 16   0.0000743172   0.0000592548   0.0000034457
21  1   0.0014370873   0.0007705767  -0.0009779126  -0.0147080265   0.0110256461
21  2  -0.0157966969  -0.0263906776   0.0304786936  -0.1371788965  -0.0114905139
21  3   0.0220691862  -0.0315680706  -0.0015713282   0.0030309072   0.0013476239
21  4   0.0043870434   0.0037473247  -0.0075805628   0.1652587003   0.1413558015
21  5   0.3807541377   0.0000338486  -0.0000574167   0.0003458899  -0.0005697264
21  6  -0.0000414266   0.0002630977   0.0005625990   0.0000849423   0.0002481691
21  7  -0.0002091953   0.0000825532  -0.0000080095  -0.0002531681  -0.0003162358
21  8  -0.0000110631  -0.0004856936   0.0002293016  -0.0000585407   0.0001000151
21  9  -0.0007447314   0.0006301162  -0.0029809195  -0.0012621555  -0.0002510213
21 10   0.0015368998   0.0010537983   0.0006861083   0.0032828434  -0.0040725154
21 11   0.0088974884  -0.0001126058   0.0018656590  -0.0005929599   0.0391232231
21 12  -0.1272644239  -0.1160596563  -0.1568710377  -0.0820222893  -0.0830638422
21 13   0.0000830742   0.0000413046  -0.0000197628  -0.0003258680  -0.0000677089
21 14   0.0000185179   0.0000699604  -0.0000391372  -0.0000156707   0.0000681912
21 15  -0.0000255370  -0.0000184595   0.0000051184   0.0000044106   0.0000084169
21 16   0.0000201564   0.0000734718   0.0000015595
22  1  -0.1500625117  -0.0437616844  -0.0234673643  -0.0283030835  -0.0110616869
22  2  -0.0027362366  -0.0018371533  -0.0000879581   0.0029956418  -0.0006406085
22  3  -0.0007537134  -0.0001783370   0.0002094731   0.0002428920  -0.0001540600
22  4   0.0001332577   0.0002909200  -0.0003168396   0.0009757531   0.0001499531
22  5   0.0000338486   0.5029814905  -0.0019898584  -0.0423093001  -0.0922283019
22  6   0.0140958847  -0.0227882188  -0.0390956798   0.0222354428  -0.0336563769
22  7   0.0043483920  -0.0076677006  -0.0016298469   0.0021854121   0.0073855890
22  8   0.0019954829   0.0023796565   0.0015723093   0.0004449824  -0.0080256653
22  9  -0.0047444983  -0.0017794736   0.0010161737   0.0004706983  -0.0010927576
22 10   0.0013096412  -0.0002940546  -0.0012201122  -0.0000164177  -0.0001337628
22 11   0.0000414121   0.0000505652  -0.0000784862   0.0000965276  -0.0001654520
22 12  -0.0000339075  -0.0000032844   0.0001142639   0.0000686932  -0.0001408643
22 13  -0.0551021118   0.0338583321   0.0171960843  -0.1389287673  -0.0105822320
22 14   0.1127633120  -0.0001100390   0.0009812219  -0.0003314303  -0.0009500521
22 15   0.0010650782  -0.0006910977   0.0005080305   0.0001407655  -0.0010974561
22 16  -0.0007462655  -0.0013682371  -0.0019742352
23  1  -0.0388424004  -0.0980082283  -0.0129873488  -0.0046523424  -0.0021701201
23  2   0.0004060634   0.0005741553  -0.0007980559   0.0004812397  -0.0003047896
23  3   0.0005201358   0.0001756535   0.0000373437  -0.0002527211  -0.0001194244
23  4   0.0001004455  -0.0001177094   0.0000542107   0.0007958593   0.0004511327
23  5  -0.0000574167  -0.0019898584   0.5106175089   0.0319021665   0.0409081321
23  6  -0.1176685497   0.0596023866   0.0016958058  -0.0031256792  -0.0020326929
23  7  -0.0063230580   0.0069626895   0.0028517100  -0.0065337513  -0.0067283246
23  8  -0.0062958177  -0.0292318565  -0.0147886167  -0.0114504520   0.0174452707
23  9   0.0072057508   0.0062266855  -0.0004865428  -0.0002008333   0.0001719080
23 10   0.0020555882   0.0006064565  -0.0003942475  -0.0000782641   0.0003443493
23 11   0.0001253753  -0.0000222775   0.0000186283  -0.0000110781   0.0000586787
23 12   0.0000948660  -0.0000377636   0.0001413929  -0.0000141281  -0.0001269565
23 13   0.0359775440  -0.2338160284  -0.0811467878  -0.0101152865  -0.0502661358
23 14   0.0118196624  -0.0000772367  -0.0006696162  -0.0006284225   0.0010517195
23 15  -0.0000459167   0.0014241012  -0.0001005821   0.0004450557   0.0002606961
23 16  -0.0020836895   0.0014040897  -0.0002134502
24  1  -0.0250877572  -0.0182609429  -0.0859887383   0.0198411044   0.0091993057
24  2   0.0113610600   0.0046476282   0.0017177518  -0.0059020109   0.0005476270
24  3   0.0002696032   0.0035754741   0.0007358640  -0.0006471722  -0.0013742333
24  4  -0.0001791446   0.0007038505  -0.0010493531  -0.0007298468  -0.0003229653
24  5   0.0003458899  -0.0423093001   0.0319021665   0.5028548740  -0.0461678957
24  6   0.0476803731  -0.1317721550  -0.0194366461   0.0041465275  -0.0238481736
24  7  -0.0002467120   0.0027661148   0.0068538103   0.0095934013   0.0056732828
24  8  -0.0026130935  -0.0113415597  -0.0050775451  -0.0046356496  -0.0196014702
24  9  -0.0111713050  -0.0081007592   0.0001065404   0.0012215830  -0.0002854653
24 10   0.0004497985   0.0000935532   0.0007517067  -0.0003602919  -0.0000940221
24 11  -0.0001399447  -0.0000129334  -0.0000851714   0.0000238211  -0.0000307465
24 12   0.0000384667   0.0000248364   0.0000167430  -0.0000131694  -0.0000887217
24 13   0.0171717709  -0.0817026609  -0.0832545295   0.1093596434   0.0100834101
24 14  -0.1807443083  -0.0001587373  -0.0005056050  -0.0004703075  -0.0001887303
24 15   0.0006913697   0.0027736851   0.0010424759   0.0008746233  -0.0018921110
24 16   0.0023391746   0.0008185774   0.0035943967
25  1  -0.0165838341   0.0224064546  -0.0280201883   0.0002365513  -0.0005129938
25  2   0.0004128575   0.0008558897   0.0008829733  -0.0004723048   0.0014402566
25  3   0.0004840209  -0.0018147362  -0.0009507420   0.0000980281   0.0009300947
25  4  -0.0004062742  -0.0007109151   0.0007557520  -0.0015061441  -0.0003692093
25  5  -0.0005697264  -0.0922283019   0.0409081321  -0.0461678957   0.6636228855
25  6   0.0471739503   0.2612229720  -0.4595825020  -0.0932674990  -0.1273582528
25  7  -0.0482125454   0.0181927659  -0.0339176829  -0.0446038173  -0.0421618568
25  8  -0.0123106425   0.0022336714   0.0002253410   0.0013784900  -0.0056507242
25  9  -0.0023731829  -0.0022661824  -0.0004065951   0.0009809788  -0.0011531614
25 10  -0.0001298599   0.0003621546  -0.0000615121   0.0000669010  -0.0000465370
25 11  -0.0000895068   0.0000449856   0.0002215852  -0.0001541521   0.0002530146
25 12  -0.0000281874   0.0000245805  -0.0003571040   0.0000397626   0.0001618209
25 13  -0.0070332200   0.0135727504  -0.0101968230   0.0104133797  -0.0055656895
25 14   0.0013863569  -0.0010601522  -0.0035520408  -0.0001840422   0.0008409804
25 15   0.0017036600  -0.0010652982   0.0018006430  -0.0026474003   0.0003071670
25 16  -0.0030973426   0.0039829541  -0.0007779838
26  1   0.0017711652   0.0090163880  -0.0060652816   0.0001798886   0.0003809972
26  2   0.0008154993  -0.0000680166   0.0001306795  -0.0000600614   0.0003085600
26  3  -0.0004265342   0.0000777057  -0.0001899805   0.0002076765   0.0000468156
26  4  -0.0001484226   0.0002413443  -0.0001549980  -0.0001329617   0.0001075378
26  5  -0.0000414266   0.0140958847  -0.1176685497   0.0476803731   0.0471739503
26  6   0.2403828278  -0.0924459778  -0.0537209809  -0.1145571345   0.0054936419
26  7   0.0300645026   0.0126888524   0.0105157577  -0.0487133252  -0.0004787128
26  8  -0.0036061261   0.0005180955   0.0017285714   0.0003820382  -0.0030773587
26  9  -0.0005536009  -0.0008019271  -0.0002660940  -0.0002204072  -0.0003924705
26 10  -0.0003540317   0.0000674440  -0.0000112987   0.0001108444   0.0000279581
26 11   0.0000477097   0.0000314165  -0.0000109262  -0.0000090241  -0.0000628661
26 12  -0.0000520174   0.0000328145   0.0000070517  -0.0000008600   0.0000087274
26 13   0.0147439893  -0.0203066084   0.0256393737  -0.0005121184  -0.0055703261
26 14   0.0098719265   0.0002112204   0.0019156148  -0.0025627938   0.0015215973
26 15  -0.0023071449   0.0011069774  -0.0036766260  -0.0054747278   0.0045430467
26 16   0.0001846161   0.0007316581  -0.0001110218
27  1  -0.0139784393   0.0105771392  -0.0160255986   0.0015534963   0.0005174472
27  2  -0.0006177881  -0.0000177369  -0.0001538386   0.0002542626   0.0002843488
27  3   0.0004785276  -0.0011087193  -0.0003142103  -0.0000416064   0.0005717415
27  4   0.0000257609  -0.0004680634   0.0006384806  -0.0004691456  -0.0001556249
27  5   0.0002630977  -0.0227882188   0.0596023866  -0.1317721550   0.2612229720
27  6  -0.0924459778   0.3072823621  -0.1616489174  -0.0127803804  -0.1417274516
27  7  -0.0452325867   0.0027275929  -0.0177418229  -0.0024804289   0.0029952613
27  8   0.0199346323   0.0020943126   0.0012011363   0.0012047941  -0.0029171069
27  9  -0.0003990270   0.0002349188   0.0001028949  -0.0007609140   0.0005744763
27 10  -0.0003420612   0.0002810688  -0.0000224933   0.0001119929   0.0000720159
27 11  -0.0000102297  -0.0000827657   0.0000414036  -0.0001056916   0.0001199412
27 12   0.0000243855  -0.0000580010  -0.0000439906  -0.0000733909   0.0000876800
27 13  -0.0005850787   0.0065390360   0.0056007511  -0.0111144546   0.0232276922
27 14  -0.0274491996   0.0009078913  -0.0044782771   0.0009201448  -0.0033807060
27 15   0.0024688925  -0.0030248150   0.0007251744   0.0027500851   0.0036722927
27 16  -0.0017529378  -0.0017469703  -0.0015756689
28  1  -0.0013901024   0.0012257510  -0.0011284505   0.0000447418   0.0010425001
28  2  -0.0010628834  -0.0003712556  -0.0002425551  -0.0003866474  -0.0015464306
28  3  -0.0003068210   0.0021021914   0.0011656823  -0.0002630963  -0.0010556949
28  4   0.0004603771   0.0006652823  -0.0007560599   0.0010299956   0.0000652988
28  5   0.0005625990  -0.0390956798   0.0016958058  -0.0194366461  -0.4595825020
28  6  -0.0537209809  -0.1616489174   0.7926159868   0.1201260938   0.2188076612
28  7  -0.1214886278   0.0241628729  -0.0781630673  -0.1688278295  -0.0544292900
28  8   0.0095168986  -0.0004347467   0.0002537094  -0.0007071533   0.0002963213
28  9  -0.0004839626  -0.0000640148  -0.0008134871  -0.0005712783   0.0005870659
28 10  -0.0000199424  -0.0001176713   0.0000094048  -0.0000964233  -0.0000134728
28 11   0.0000618252  -0.0000815877  -0.0002554314   0.0001644330  -0.0002521624
28 12   0.0000341082  -0.0000418115   0.0002375923  -0.0000376523  -0.0000885054
28 13   0.0042989094  -0.0086747135   0.0025148142   0.0011796311  -0.0058378665
28 14   0.0100873506   0.0135536790  -0.0154461787   0.0240666916  -0.0154563785
28 15   0.0154163948  -0.0068210388  -0.0221549088  -0.0354346190   0.0042061641
28 16   0.0167291478   0.0111477726  -0.0013262090
29  1  -0.0006081077  -0.0028500845   0.0027835736  -0.0006123874   0.0001753067
29  2  -0.0004540369  -0.0001210556   0.0000725033   0.0000196718  -0.0003040717
29  3   0.0003869115  -0.0000775067   0.0002262320  -0.0002334397  -0.0000532898
29  4   0.0001469846  -0.0002438847   0.0001565616   0.0001098774  -0.0000428888
29  5   0.0000849423   0.0222354428  -0.0031256792   0.0041465275  -0.0932674990
29  6  -0.1145571345  -0.0127803804   0.1201260938   0.5196000677  -0.1705319833
29  7   0.0177717784  -0.1753852709   0.1035270388  -0.0823733194  -0.1973493332
29  8   0.0820485524  -0.0002985537   0.0003530152  -0.0001674228   0.0008445596
29  9   0.0009741870   0.0003045934   0.0001793126  -0.0001109327  -0.0001439772
29 10  -0.0000102290   0.0000115425  -0.0000407924  -0.0000180034  -0.0000203622
29 11  -0.0000155444  -0.0000762824   0.0000083393  -0.0000253555   0.0000251682
29 12   0.0000464475  -0.0000375025   0.0000211886  -0.0000000585  -0.0000187326
29 13   0.0037025466  -0.0034828717   0.0041793914  -0.0015427484  -0.0004521288
29 14   0.0049326963   0.0174868387  -0.0236755815   0.0158609696  -0.0019487454
29 15   0.0139102491  -0.0185473770   0.0045584521   0.0060976218  -0.0141285301
29 16  -0.0062534725  -0.0201065407  -0.0010220870
30  1  -0.0014617879   0.0037636762  -0.0036915712   0.0007414531   0.0006241360
30  2  -0.0000425046  -0.0001500568  -0.0003014999  -0.0001550816  -0.0006040561
30  3  -0.0004159421   0.0011746133   0.0004386131   0.0000150572  -0.0005350950
30  4   0.0001219753   0.0005033770  -0.0005291932   0.0004788401   0.0000538156
30  5   0.0002481691  -0.0336563769  -0.0020326929  -0.0238481736  -0.1273582528
30  6   0.0054936419  -0.1417274516   0.2188076612  -0.1705319833   0.4389811975
30  7  -0.0497152530   0.0659951238  -0.1523334708  -0.0020226303   0.0481738834
30  8  -0.0937462528   0.0001259363   0.0001774256  -0.0001719464  -0.0010838503
30  9  -0.0006773886  -0.0001554829  -0.0006164868  -0.0003730117   0.0005939448
30 10   0.0000096987  -0.0001447002   0.0000074395  -0.0000533346  -0.0000009185
30 11   0.0000341916   0.0000337240  -0.0001230685   0.0001196147  -0.0001303738
30 12  -0.0000122589   0.0000069239   0.0001165087  -0.0000374418  -0.0000045077
30 13   0.0002498657  -0.0016072760   0.0030611235  -0.0034993083  -0.0002393873
30 14   0.0015934058  -0.0041682800   0.0125008936  -0.0060470914  -0.0165758026
30 15   0.0191560817  -0.0145824317   0.0006786305  -0.0041743725  -0.0007043939
30 16   0.0192929434   0.0242148302  -0.0075459753
31  1   0.0003009034   0.0017237177  -0.0011575135   0.0001442657  -0.0003984643
31  2   0.0000974778   0.0000665297   0.0001132682   0.0002152943   0.0005841874
31  3   0.0002786595  -0.0010230976  -0.0004679623   0.0000406178   0.0004680119
31  4  -0.0001792876  -0.0003950197   0.0004196965  -0.0004719374  -0.0000907767
31  5  -0.0002091953   0.0043483920  -0.0063230580  -0.0002467120  -0.0482125454
31  6   0.0300645026  -0.0452325867  -0.1214886278   0.0177717784  -0.0497152530
31  7   0.4555028365   0.2547515950   0.1897029991   0.0166849590  -0.0131637063
31  8   0.0171563294   0.0000984040  -0.0002397396   0.0001688028  -0.0006932385
31  9  -0.0002408216  -0.0001269441   0.0002145872   0.0001887488  -0.0001113711
31 10   0.0000068747   0.0000287678   0.0000033625   0.0000427033  -0.0000024084
31 11  -0.0000384374   0.0000316006   0.0001311206  -0.0000664074   0.0001241746
31 12  -0.0000091608   0.0000115424  -0.0001075239   0.0000101626   0.0000607375
31 13  -0.0010539463   0.0015285936  -0.0002287586  -0.0011682788   0.0015383992
31 14  -0.0033660512  -0.1997222827  -0.1702215354   0.0621688560  -0.1043915864
31 15  -0.1130422113  -0.1684022097   0.0019303721   0.0015531107  -0.0011814022
31 16  -0.0021235729  -0.0055961404   0.0006328295
32  1  -0.0003901660  -0.0002743267   0.0000356609   0.0001694608   0.0003488596
32  2  -0.0000629061  -0.0000322438  -0.0001116273  -0.0001509233  -0.0003275793
32  3  -0.0003115348   0.0007609913   0.0002654102   0.0000364871  -0.0003151732
32  4   0.0000887027   0.0003478586  -0.0003575580   0.0002769393   0.0001021415
32  5   0.0000825532  -0.0076677006   0.0069626895   0.0027661148   0.0181927659
32  6   0.0126888524   0.0027275929   0.0241628729  -0.1753852709   0.0659951238
32  7   0.2547515950   0.5569471065  -0.1120720510   0.0094377819  -0.0438819764
32  8   0.0357478278   0.0000272640   0.0001096414  -0.0000139794   0.0002079811
32  9  -0.0000680627  -0.0000448173  -0.0001685918  -0.0001787274   0.0000747493
32 10  -0.0000318254   0.0000081329   0.0000148119  -0.0000247736   0.0000073801
32 11   0.0000343710   0.0000015517  -0.0001022584   0.0000593046  -0.0001002689
32 12  -0.0000039482  -0.0000044186   0.0000787177  -0.0000304373   0.0000031113
32 13  -0.0000455961   0.0003210609  -0.0006077469   0.0013983222  -0.0011919437
32 14   0.0017464222  -0.2057660900  -0.2210391330   0.1123845677  -0.0929205242
32 15  -0.1325707466  -0.1110256745   0.0025314215   0.0003804588   0.0017843581
32 16  -0.0041154272  -0.0031106755   0.0004376878
33  1   0.0003382311   0.0005327340  -0.0000646282   0.0000890203  -0.0000289182
33  2  -0.0001672404  -0.0000499344  -0.0000533668   0.0001635144   0.0002369870
33  3   0.0002848873  -0.0006840954  -0.0002180367   0.0000025671   0.0002956039
33  4  -0.0000202408  -0.0002716348   0.0003387981  -0.0002108891  -0.0000409750
33  5  -0.0000080095  -0.0016298469   0.0028517100   0.0068538103  -0.0339176829
33  6   0.0105157577  -0.0177418229  -0.0781630673   0.1035270388  -0.1523334708
33  7   0.1897029991  -0.1120720510   0.5330671311  -0.0049080244   0.0226597132
33  8  -0.0066366525   0.0000335177  -0.0001781922   0.0001379568  -0.0001870173
33  9  -0.0000666389  -0.0000388842   0.0001132239  -0.0000394042  -0.0000881989
33 10  -0.0000097620   0.0000582801  -0.0000065050   0.0000371988   0.0000184172
33 11  -0.0000209172  -0.0000425612   0.0000393435  -0.0000699048   0.0000676358
33 12   0.0000214605  -0.0000338608  -0.0000341548  -0.0000073901   0.0000155133
33 13  -0.0012566077   0.0015422668  -0.0017327118   0.0004472713  -0.0003220246
33 14  -0.0001874300   0.0614968855   0.0887734019  -0.0944740644  -0.1308017208
33 15  -0.1180358176  -0.2669208634  -0.0013511393  -0.0009846595  -0.0012419589
33 16   0.0002377150   0.0012734947   0.0015788911
34  1   0.0005510893  -0.0000377394   0.0002483264  -0.0000522368  -0.0003537407
34  2  -0.0000587139   0.0001048205   0.0001011021   0.0002253423   0.0005794571
34  3   0.0000133782  -0.0007202049  -0.0004504670   0.0001522907   0.0003965612
34  4  -0.0001754650  -0.0001625840   0.0002745429  -0.0004106087  -0.0000597574
34  5  -0.0002531681   0.0021854121  -0.0065337513   0.0095934013  -0.0446038173
34  6  -0.0487133252  -0.0024804289  -0.1688278295  -0.0823733194  -0.0020226303
34  7   0.0166849590   0.0094377819  -0.0049080244   0.7321523357  -0.0167510990
34  8   0.0840704111   0.0000332163   0.0000209757   0.0002906997  -0.0003097439
34  9   0.0002244263  -0.0001569376   0.0004768277   0.0001591232  -0.0003232493
34 10  -0.0000758506   0.0001191870   0.0000109944   0.0000645859   0.0000201706
34 11  -0.0000045854   0.0000420155   0.0000839121  -0.0000464838   0.0000746653
34 12  -0.0000229458   0.0000224289  -0.0001068611   0.0000122799   0.0000441309
34 13   0.0001229637   0.0024953893  -0.0003884574   0.0009643437   0.0009639119
34 14  -0.0015027547  -0.0015204007   0.0031810132  -0.0034718985  -0.0004139085
34 15  -0.0000933581   0.0016429212  -0.4283359378   0.0803064397   0.0287045598
34 16  -0.1087535650   0.0578102385  -0.1091867829
35  1  -0.0001057617   0.0004302017  -0.0002122325   0.0000916235  -0.0006556897
35  2   0.0004052000   0.0002174746   0.0001856988   0.0000968936   0.0006585608
35  3  -0.0002295659  -0.0004986019  -0.0004746362   0.0002615023   0.0003374750
35  4  -0.0002295953   0.0000362134   0.0001530854  -0.0004065880  -0.0000526162
35  5  -0.0003162358   0.0073855890  -0.0067283246   0.0056732828  -0.0421618568
35  6  -0.0004787128   0.0029952613  -0.0544292900  -0.1973493332   0.0481738834
35  7  -0.0131637063  -0.0438819764   0.0226597132  -0.0167510990   0.4445847263
35  8  -0.3165698126   0.0002546909   0.0000516734   0.0002711502  -0.0002543388
35  9   0.0000071168  -0.0001314282   0.0003239377   0.0003035046  -0.0003386390
35 10  -0.0000808765   0.0001064606   0.0000103652   0.0000368765   0.0000018437
35 11   0.0000013788   0.0000721824   0.0000624006  -0.0000264944   0.0000443075
35 12  -0.0000520307   0.0000376381  -0.0000938780   0.0000081745   0.0000458943
35 13  -0.0011556546   0.0022477543  -0.0009177506   0.0012783557   0.0015637633
35 14  -0.0039402034   0.0015019409  -0.0007188972   0.0035403532  -0.0029804585
35 15  -0.0006898592   0.0005698913   0.0595544706  -0.0541503598   0.0312194272
35 16   0.0608677295  -0.1448636683   0.2067605053
36  1  -0.0002512424   0.0005537285   0.0010059264  -0.0003509382  -0.0003832365
36  2  -0.0002452420  -0.0000261152   0.0001188057   0.0001626643   0.0001714574
36  3   0.0000565060  -0.0004310591  -0.0001539685   0.0000221452   0.0001980051
36  4  -0.0000402231  -0.0001349959   0.0001487744  -0.0001231565  -0.0000101704
36  5  -0.0000110631   0.0019954829  -0.0062958177  -0.0026130935  -0.0123106425
36  6  -0.0036061261   0.0199346323   0.0095168986   0.0820485524  -0.0937462528
36  7   0.0171563294   0.0357478278  -0.0066366525   0.0840704111  -0.3165698126
36  8   0.3759177016   0.0000127558   0.0000865066  -0.0000473483  -0.0000487163
36  9  -0.0000496956  -0.0000947114   0.0001310154   0.0001663475  -0.0000929369
36 10  -0.0000551893   0.0000525460   0.0000142092   0.0000211692  -0.0000011010
36 11  -0.0000163194  -0.0000098029   0.0000262442  -0.0000377697   0.0000302312
36 12  -0.0000112871   0.0000064883  -0.0000369225   0.0000268954  -0.0000286653
36 13   0.0009095545   0.0001035552   0.0011375565   0.0000214811  -0.0006112010
36 14   0.0006028499  -0.0032593488   0.0045055688  -0.0018975735   0.0018335068
36 15  -0.0009134671   0.0020095425  -0.0020114895   0.0320551088  -0.0291291398
36 16  -0.0971925375   0.1730165728  -0.2661105233
37  1  -0.0551872900   0.0439083428   0.0154865623  -0.0069543836   0.0217962260
37  2   0.0093185883   0.0013339481   0.0018221862   0.0004771166   0.0001017888
37  3   0.0001709509   0.0001930704   0.0001397212  -0.0002366492  -0.0002497553
37  4   0.0000275997  -0.0001031251  -0.0000155863  -0.0001984947  -0.0004926961
37  5  -0.0004856936   0.0023796565  -0.0292318565  -0.0113415597   0.0022336714
37  6   0.0005180955   0.0020943126  -0.0004347467  -0.0002985537   0.0001259363
37  7   0.0000984040   0.0000272640   0.0000335177   0.0000332163   0.0002546909
37  8   0.0000127558   0.0638903663  -0.0440411575  -0.0199460819  -0.0020959496
37  9   0.0098215134   0.0039507955   0.0008517998  -0.0005484186  -0.0005891843
37 10  -0.0029237678  -0.0006577638   0.0035855688  -0.0003689925  -0.0007759669
37 11  -0.0003275360   0.0000240443   0.0000261441   0.0000024679   0.0002687346
37 12  -0.0000088664   0.0000063656  -0.0001495351   0.0000141569   0.0000706993
37 13  -0.0047894424  -0.0025526900  -0.0025736643   0.0014155427   0.0005970532
37 14   0.0004316317  -0.0000159923   0.0000047442  -0.0000230175  -0.0000189430
37 15  -0.0000083525   0.0000273490   0.0000309079   0.0000755486  -0.0001054374
37 16   0.0003081360  -0.0000808204  -0.0001592215
38  1   0.0423932847  -0.2612582808  -0.0778498798  -0.0003551210   0.0009657834
38  2   0.0000030645   0.0000253094   0.0006227425   0.0001493875   0.0000967319
38  3   0.0003643875   0.0002588451  -0.0001549000  -0.0000660407   0.0000138521
38  4   0.0000273601   0.0000765785  -0.0000476609   0.0002986431   0.0003276414
38  5   0.0002293016   0.0015723093  -0.0147886167  -0.0050775451   0.0002253410
38  6   0.0017285714   0.0012011363   0.0002537094   0.0003530152   0.0001774256
38  7  -0.0002397396   0.0001096414  -0.0001781922   0.0000209757   0.0000516734
38  8   0.0000865066  -0.0440411575   0.2851985263   0.0868632486   0.0025346126
38  9  -0.0162270584  -0.0056773710   0.0003183566   0.0006448776  -0.0003012046
38 10  -0.0006654490   0.0013522078   0.0003797767   0.0005737200   0.0003361086
38 11   0.0000666017  -0.0000174591  -0.0000083016  -0.0000031444  -0.0002194049
38 12  -0.0000631898   0.0000953294   0.0001634179  -0.0000016011  -0.0001650862
38 13  -0.0027931675   0.0000591797  -0.0004397840  -0.0003086249   0.0002836873
38 14   0.0004235308   0.0000217325  -0.0000584613  -0.0000210366   0.0000070753
38 15  -0.0000010516  -0.0000559071   0.0000509725   0.0000093397  -0.0000758411
38 16   0.0002114713  -0.0000113597  -0.0000553536
39  1   0.0152856034  -0.0750477027  -0.0764641095   0.0065455985  -0.0231938713
39  2  -0.0103621951  -0.0010984983  -0.0004954217   0.0006024948  -0.0001387683
39  3  -0.0002086682   0.0001045164  -0.0001766455   0.0002452186   0.0001552939
39  4  -0.0000651619   0.0001824864  -0.0001000441  -0.0000237500  -0.0001433952
39  5  -0.0000585407   0.0004449824  -0.0114504520  -0.0046356496   0.0013784900
39  6   0.0003820382   0.0012047941  -0.0007071533  -0.0001674228  -0.0001719464
39  7   0.0001688028  -0.0000139794   0.0001379568   0.0002906997   0.0002711502
39  8  -0.0000473483  -0.0199460819   0.0868632486   0.0817926893  -0.0033739100
39  9   0.0227961174   0.0095183098  -0.0007488364  -0.0002442094   0.0006656408
39 10   0.0037155276   0.0001584115  -0.0029885346   0.0003103323   0.0005520125
39 11   0.0005305110  -0.0000168462  -0.0000285817  -0.0000006565  -0.0000385619
39 12   0.0000744419  -0.0001794220  -0.0000113624  -0.0000347787   0.0000608213
39 13  -0.0018790497  -0.0011204422   0.0000492087  -0.0000649219   0.0006145671
39 14   0.0003328687  -0.0000397955  -0.0000099874  -0.0000639360  -0.0000118139
39 15   0.0000081290   0.0000410865   0.0000550563   0.0000398099  -0.0000894925
39 16   0.0001460642  -0.0000287186  -0.0000343167
40  1  -0.0760173566   0.0471657494  -0.0667483878   0.0074276640  -0.0141793105
40  2   0.0197463779   0.0010562957  -0.0006750063   0.0002938478   0.0004176990
40  3  -0.0002265485   0.0003353580  -0.0000216943   0.0001865894  -0.0002411924
40  4  -0.0001653441   0.0002117237  -0.0002973284  -0.0012448902   0.0003322908
40  5   0.0001000151  -0.0080256653   0.0174452707  -0.0196014702  -0.0056507242
40  6  -0.0030773587  -0.0029171069   0.0002963213   0.0008445596  -0.0010838503
40  7  -0.0006932385   0.0002079811  -0.0001870173  -0.0003097439  -0.0002543388
40  8  -0.0000487163  -0.0020959496   0.0025346126  -0.0033739100   0.0863863171
40  9  -0.0511304464   0.0708625226  -0.0036613349  -0.0002651701   0.0034761370
40 10   0.0008952472   0.0003153175  -0.0008700420  -0.0001095156  -0.0000229685
40 11  -0.0001099670   0.0000385295   0.0000555259  -0.0000526497  -0.0002841180
40 12  -0.0000137848   0.0002036715   0.0002806996   0.0001276545  -0.0003513585
40 13   0.0010235215  -0.0002759328   0.0001725720   0.0005184564   0.0007224567
40 14   0.0006519590   0.0000445783  -0.0000865110   0.0000089714  -0.0000084520
40 15   0.0000560893  -0.0000295808  -0.0000332998  -0.0000170683   0.0000972400
40 16  -0.0000640027   0.0000186234  -0.0000360949
41  1   0.0474478156  -0.1306376167   0.1083170224  -0.0005573809  -0.0008977124
41  2   0.0005849599   0.0005184218  -0.0004096766   0.0012655827   0.0000919173
41  3  -0.0001688911  -0.0000679558  -0.0001046627   0.0001289813  -0.0000529162
41  4  -0.0000372573   0.0001062494  -0.0000376730   0.0007986838   0.0000692393
41  5  -0.0007447314  -0.0047444983   0.0072057508  -0.0111713050  -0.0023731829
41  6  -0.0005536009  -0.0003990270  -0.0004839626   0.0009741870  -0.0006773886
41  7  -0.0002408216  -0.0000680627  -0.0000666389   0.0002244263   0.0000071168
41  8  -0.0000496956   0.0098215134  -0.0162270584   0.0227961174  -0.0511304464
41  9   0.1373112313  -0.1195468546  -0.0002747830   0.0013732354  -0.0000928915
41 10  -0.0006286954   0.0006996577  -0.0000954735   0.0000149260  -0.0000524199
41 11   0.0000447841   0.0000135194   0.0000248482  -0.0000020571   0.0001981978
41 12   0.0000579860  -0.0001116590  -0.0000380466   0.0000054383  -0.0000639962
41 13   0.0008124098   0.0004142857   0.0001607878   0.0007661376   0.0006208913
41 14   0.0000450389  -0.0000172700  -0.0000393956  -0.0000202071  -0.0000613841
41 15   0.0000645187  -0.0000128785   0.0000233365  -0.0000111766  -0.0000254621
41 16  -0.0000389136   0.0000019937   0.0000245180
42  1  -0.0655957802   0.1070156779  -0.1977623102  -0.0059132742   0.0143168412
42  2  -0.0202779274  -0.0011089110   0.0002289798  -0.0005195026  -0.0004442949
42  3   0.0004426161  -0.0000899933   0.0001700993  -0.0002633331   0.0000793837
42  4   0.0002374438  -0.0001112769   0.0001524425  -0.0012460337  -0.0007437342
42  5   0.0006301162  -0.0017794736   0.0062266855  -0.0081007592  -0.0022661824
42  6  -0.0008019271   0.0002349188  -0.0000640148   0.0003045934  -0.0001554829
42  7  -0.0001269441  -0.0000448173  -0.0000388842  -0.0001569376  -0.0001314282
42  8  -0.0000947114   0.0039507955  -0.0056773710   0.0095183098   0.0708625226
42  9  -0.1195468546   0.2173269127   0.0035475191  -0.0002494825  -0.0025991993
42 10  -0.0004368458  -0.0003902621   0.0006574265   0.0000932800  -0.0000011124
42 11   0.0000522226  -0.0000367697  -0.0000392534   0.0000345816   0.0001928331
42 12   0.0000693958  -0.0001737570  -0.0001111874  -0.0001972722   0.0003343549
42 13   0.0003244987  -0.0002802025  -0.0000908366  -0.0001410930  -0.0001539241
42 14   0.0008823742   0.0000529378  -0.0000215329   0.0000045838   0.0000068426
42 15   0.0000196685  -0.0000189093   0.0000005630  -0.0000305615   0.0000073532
42 16  -0.0000115931   0.0000598878   0.0000072930
43  1   0.0076663335  -0.0139560249   0.0192908353  -0.0765565320   0.0480087242
43  2  -0.0664683201  -0.0092405449   0.0171725327  -0.0187400688  -0.0014613301
43  3   0.0025708419  -0.0019702494   0.0001716920  -0.0008084211   0.0003502747
43  4   0.0005138862  -0.0006258326   0.0007153364  -0.0048985705  -0.0036097349
43  5  -0.0029809195   0.0010161737  -0.0004865428   0.0001065404  -0.0004065951
43  6  -0.0002660940   0.0001028949  -0.0008134871   0.0001793126  -0.0006164868
43  7   0.0002145872  -0.0001685918   0.0001132239   0.0004768277   0.0003239377
43  8   0.0001310154   0.0008517998   0.0003183566  -0.0007488364  -0.0036613349
43  9  -0.0002747830   0.0035475191   0.0879489030  -0.0519560925   0.0711623387
43 10  -0.0019821945   0.0026818473  -0.0031726231   0.0009364111  -0.0001800724
43 11   0.0001423308  -0.0000560931  -0.0002086373   0.0002937741   0.0002596898
43 12  -0.0001373598   0.0001196770  -0.0010548231   0.0010394106  -0.0010096374
43 13  -0.0000752387   0.0000359962  -0.0000542250   0.0002488792   0.0002929287
43 14  -0.0002389868  -0.0001158552   0.0000654027  -0.0000532275  -0.0000398257
43 15   0.0000182999   0.0000336815   0.0000312357   0.0000312113  -0.0000553730
43 16   0.0000260060  -0.0000606154  -0.0000004883
44  1  -0.0008239330  -0.0006404808   0.0009595056   0.0496459284  -0.1339947006
44  2   0.1109527182  -0.0036402157   0.0073463045  -0.0105833874   0.0003967904
44  3   0.0005712068   0.0006508738   0.0000308001  -0.0000806041  -0.0001942651
44  4  -0.0009156675  -0.0002617941  -0.0002648580  -0.0024869408  -0.0003950619
44  5  -0.0012621555   0.0004706983  -0.0002008333   0.0012215830   0.0009809788
44  6  -0.0002204072  -0.0007609140  -0.0005712783  -0.0001109327  -0.0003730117
44  7   0.0001887488  -0.0001787274  -0.0000394042   0.0001591232   0.0003035046
44  8   0.0001663475  -0.0005484186   0.0006448776  -0.0002442094  -0.0002651701
44  9   0.0013732354  -0.0002494825  -0.0519560925   0.1412809628  -0.1216497374
44 10   0.0101019542  -0.0166358824   0.0222175712   0.0006579766   0.0004877388
44 11   0.0000316804   0.0000505661  -0.0000189325   0.0000152513  -0.0006552639
44 12   0.0000239838  -0.0001410039  -0.0006683932   0.0007046143  -0.0004431800
44 13  -0.0000430193  -0.0000509225   0.0000014612  -0.0000598931  -0.0000041363
44 14  -0.0000808093  -0.0000074902   0.0000772492   0.0000327046  -0.0000533710
44 15   0.0000057967   0.0000132968  -0.0000171625   0.0000074712   0.0000113361
44 16   0.0000287451  -0.0000335300   0.0000120885
45  1  -0.0058013987   0.0145581879  -0.0202365383  -0.0671512827   0.1091189135
45  2  -0.1965379333  -0.0027677467   0.0055359342  -0.0080178837  -0.0002637735
45  3   0.0008364797  -0.0005486379   0.0000631381  -0.0002240401   0.0002421495
45  4   0.0012362534   0.0001032969   0.0000117937  -0.0016849675  -0.0013343657
45  5  -0.0002510213  -0.0010927576   0.0001719080  -0.0002854653  -0.0011531614
45  6  -0.0003924705   0.0005744763   0.0005870659  -0.0001439772   0.0005939448
45  7  -0.0001113711   0.0000747493  -0.0000881989  -0.0003232493  -0.0003386390
45  8  -0.0000929369  -0.0005891843  -0.0003012046   0.0006656408   0.0034761370
45  9  -0.0000928915  -0.0025991993   0.0711623387  -0.1216497374   0.2163021769
45 10   0.0044726081  -0.0064623832   0.0099641116   0.0002796119  -0.0000416440
45 11   0.0000131263   0.0001388759  -0.0000169450   0.0002307549  -0.0001614738
45 12   0.0000649482  -0.0001694032  -0.0003776616   0.0005849071   0.0001322487
45 13   0.0001584242   0.0000047406   0.0000411786  -0.0000474649  -0.0000619187
45 14   0.0000321326   0.0000108787   0.0000125443   0.0000414656   0.0000180711
45 15  -0.0000177860  -0.0000131736  -0.0000156432  -0.0000350003   0.0000155177
45 16  -0.0000622666   0.0000463937  -0.0000203263
46  1  -0.0060808556   0.0217137614   0.0085628710  -0.0552441878   0.0419424440
46  2   0.0144357387   0.0009856655  -0.0286440468  -0.0105780881   0.0023288504
46  3  -0.0013965119  -0.0018618894  -0.0002223721   0.0008432946   0.0002734177
46  4  -0.0001231671   0.0000744928   0.0004415661   0.0022486467   0.0000771478
46  5   0.0015368998   0.0013096412   0.0020555882   0.0004497985  -0.0001298599
46  6  -0.0003540317  -0.0003420612  -0.0000199424  -0.0000102290   0.0000096987
46  7   0.0000068747  -0.0000318254  -0.0000097620  -0.0000758506  -0.0000808765
46  8  -0.0000551893  -0.0029237678  -0.0006654490   0.0037155276   0.0008952472
46  9  -0.0006286954  -0.0004368458  -0.0019821945   0.0101019542   0.0044726081
46 10   0.0636577711  -0.0421450437  -0.0184337650  -0.0047438537  -0.0021304944
46 11  -0.0019816475  -0.0000170658  -0.0000616513  -0.0000541124  -0.0003096362
46 12   0.0005316811  -0.0000350022   0.0003507134   0.0000085306   0.0003379157
46 13  -0.0001842152  -0.0009558783  -0.0004117031   0.0003058846  -0.0002951929
46 14  -0.0001130024   0.0000147196   0.0000216228   0.0000282960  -0.0000161023
46 15   0.0000053798   0.0000097242  -0.0000131374  -0.0000080849   0.0000125332
46 16  -0.0000178063   0.0000321139   0.0000264731
47  1   0.0000501573   0.0008995514   0.0000286644   0.0407083764  -0.2551972522
47  2  -0.0775489561   0.0005409051  -0.0146389898  -0.0042452772   0.0019740173
47  3  -0.0017387724  -0.0018660546  -0.0009746741   0.0013427558   0.0010403352
47  4  -0.0005622139   0.0001594440   0.0003876576   0.0004396545   0.0019121121
47  5   0.0010537983  -0.0002940546   0.0006064565   0.0000935532   0.0003621546
47  6   0.0000674440   0.0002810688  -0.0001176713   0.0000115425  -0.0001447002
47  7   0.0000287678   0.0000081329   0.0000582801   0.0001191870   0.0001064606
47  8   0.0000525460  -0.0006577638   0.0013522078   0.0001584115   0.0003153175
47  9   0.0006996577  -0.0003902621   0.0026818473  -0.0166358824  -0.0064623832
47 10  -0.0421450437   0.2796058163   0.0883129502  -0.0022834399   0.0003841106
47 11  -0.0003085807  -0.0001068743  -0.0000835807  -0.0000703055  -0.0008196080
47 12   0.0002762429  -0.0007664867   0.0000463106   0.0003065941   0.0001762993
47 13   0.0005854420   0.0003495894   0.0001298354   0.0001076677   0.0002762380
47 14   0.0001202904  -0.0000215417  -0.0000265294  -0.0000357325   0.0000190847
47 15  -0.0000041128  -0.0000045832   0.0000112177   0.0000046507  -0.0000159435
47 16  -0.0000072221  -0.0000438878  -0.0000344249
48  1   0.0061493081  -0.0233747767  -0.0099953102   0.0150346223  -0.0766831531
48  2  -0.0779103095  -0.0002464913  -0.0116619292  -0.0048605368   0.0006093072
48  3   0.0005765813  -0.0003875837  -0.0003417390   0.0002357429   0.0001041404
48  4   0.0001592460   0.0000768395  -0.0000848681   0.0012097126   0.0001508057
48  5   0.0006861083  -0.0012201122  -0.0003942475   0.0007517067  -0.0000615121
48  6  -0.0000112987  -0.0000224933   0.0000094048  -0.0000407924   0.0000074395
48  7   0.0000033625   0.0000148119  -0.0000065050   0.0000109944   0.0000103652
48  8   0.0000142092   0.0035855688   0.0003797767  -0.0029885346  -0.0008700420
48  9  -0.0000954735   0.0006574265  -0.0031726231   0.0222175712   0.0099641116
48 10  -0.0184337650   0.0883129502   0.0835262457  -0.0018347449  -0.0009182008
48 11  -0.0000656554   0.0001149699   0.0000479966   0.0000517032  -0.0008971278
48 12  -0.0000373092  -0.0000811367   0.0002287062   0.0002894972   0.0001077716
48 13   0.0003309101   0.0006691638   0.0004704337  -0.0003707196   0.0002432173
48 14   0.0000542404   0.0000084606   0.0000101169   0.0000021789  -0.0000050601
48 15   0.0000007591   0.0000007885  -0.0000024788  -0.0000086199  -0.0000043369
48 16   0.0000018423  -0.0000103946   0.0000087660
49  1   0.0020556177  -0.0007530218  -0.0004244581   0.0026953993  -0.0269415915
49  2  -0.0131199834  -0.0518944360   0.0406365918   0.0206137724  -0.0047349505
49  3   0.0211086148   0.0118373585  -0.0037987094  -0.0018300744   0.0028615117
49  4   0.0001714515  -0.0008638811  -0.0012414236  -0.0035554190   0.0147618423
49  5   0.0032828434  -0.0000164177  -0.0000782641  -0.0003602919   0.0000669010
49  6   0.0001108444   0.0001119929  -0.0000964233  -0.0000180034  -0.0000533346
49  7   0.0000427033  -0.0000247736   0.0000371988   0.0000645859   0.0000368765
49  8   0.0000211692  -0.0003689925   0.0005737200   0.0003103323  -0.0001095156
49  9   0.0000149260   0.0000932800   0.0009364111   0.0006579766   0.0002796119
49 10  -0.0047438537  -0.0022834399  -0.0018347449   0.0642662747  -0.0474397850
49 11  -0.0206280311  -0.0003027003  -0.0001465799  -0.0005049214  -0.0008742793
49 12   0.0018918270  -0.0020111842   0.0001231337   0.0002748960   0.0005529979
49 13   0.0000294540   0.0002570223   0.0001489737   0.0000670119   0.0000887109
49 14   0.0000649506  -0.0000086024  -0.0000040811  -0.0000159245  -0.0000011177
49 15   0.0000016088   0.0000013098   0.0000016114  -0.0000054204  -0.0000091686
49 16  -0.0000151380  -0.0000265411  -0.0000138369
50  1   0.0014966132   0.0004931780   0.0001041562  -0.0005622388  -0.0125088832
50  2  -0.0071140387   0.0435502340  -0.2452967560  -0.0931201911   0.0016167815
50  3   0.0023282262   0.0013451691  -0.0024100845   0.0007031708   0.0000942240
50  4  -0.0012995282   0.0002567590   0.0011582581   0.0057419073  -0.0213048184
50  5  -0.0040725154  -0.0001337628   0.0003443493  -0.0000940221  -0.0000465370
50  6   0.0000279581   0.0000720159  -0.0000134728  -0.0000203622  -0.0000009185
50  7  -0.0000024084   0.0000073801   0.0000184172   0.0000201706   0.0000018437
50  8  -0.0000011010  -0.0007759669   0.0003361086   0.0005520125  -0.0000229685
50  9  -0.0000524199  -0.0000011124  -0.0001800724   0.0004877388  -0.0000416440
50 10  -0.0021304944   0.0003841106  -0.0009182008  -0.0474397850   0.2731208298
50 11   0.0988359713   0.0004695082   0.0005012852  -0.0002298907   0.0017131985
50 12  -0.0005440214   0.0033422704   0.0002157283   0.0005911151   0.0000166148
50 13   0.0002163668   0.0001494673   0.0000644434  -0.0000242722   0.0000233572
50 14   0.0000115491  -0.0000009309  -0.0000097254  -0.0000102969   0.0000059910
50 15  -0.0000025340   0.0000002139   0.0000013288  -0.0000063178  -0.0000054691
50 16  -0.0000053053  -0.0000110396  -0.0000059152
51  1   0.0009294661   0.0011702894   0.0004669359  -0.0001498974  -0.0108444046
51  2  -0.0048478277   0.0223848135  -0.0976581259  -0.0977326740   0.0027066725
51  3  -0.0267056511  -0.0092950362   0.0053862232   0.0020614203  -0.0031441714
51  4   0.0003257290   0.0022502873   0.0001030123  -0.0065945913   0.0275084198
51  5   0.0088974884   0.0000414121   0.0001253753  -0.0001399447  -0.0000895068
51  6   0.0000477097  -0.0000102297   0.0000618252  -0.0000155444   0.0000341916
51  7  -0.0000384374   0.0000343710  -0.0000209172  -0.0000045854   0.0000013788
51  8  -0.0000163194  -0.0003275360   0.0000666017   0.0005305110  -0.0001099670
51  9   0.0000447841   0.0000522226   0.0001423308   0.0000316804   0.0000131263
51 10  -0.0019816475  -0.0003085807  -0.0000656554  -0.0206280311   0.0988359713
51 11   0.1066086365  -0.0001499021   0.0000086177   0.0005221255  -0.0025185996
51 12   0.0038187481  -0.0031869202   0.0004841737  -0.0005521592   0.0012516004
51 13   0.0001141913   0.0000655236  -0.0000142190   0.0000024851   0.0000381181
51 14   0.0000086156  -0.0000032900  -0.0000220440  -0.0000078130   0.0000078012
51 15  -0.0000012616  -0.0000073801   0.0000030274   0.0000015044   0.0000009456
51 16   0.0000058406  -0.0000030297  -0.0000003035
52  1   0.0000156821   0.0000890131   0.0000722844   0.0003849932   0.0000687425
52  2  -0.0006584596   0.0036216752   0.0023326018   0.0000553472   0.0111647270
52  3  -0.0044910110  -0.0034094269  -0.0059702066   0.0009782685  -0.0011702013
52  4  -0.2075050641  -0.0087579633   0.2337363106  -0.0002102044  -0.0001507620
52  5  -0.0001126058   0.0000505652  -0.0000222775  -0.0000129334   0.0000449856
52  6   0.0000314165  -0.0000827657  -0.0000815877  -0.0000762824   0.0000337240
52  7   0.0000316006   0.0000015517  -0.0000425612   0.0000420155   0.0000721824
52  8  -0.0000098029   0.0000240443  -0.0000174591  -0.0000168462   0.0000385295
52  9   0.0000135194  -0.0000367697  -0.0000560931   0.0000505661   0.0001388759
52 10  -0.0000170658  -0.0001068743   0.0001149699  -0.0003027003   0.0004695082
52 11  -0.0001499021   0.1987699449   0.0094673771  -0.2284530586   0.0000196833
52 12   0.0000284351   0.0000422047  -0.0000127783   0.0000171777  -0.0000589850
52 13  -0.0000122016   0.0000009088   0.0000020757   0.0000316488   0.0000136910
52 14  -0.0000126814  -0.0000358601   0.0000032937   0.0000241696  -0.0000257505
52 15   0.0000025583   0.0000068986  -0.0000063102  -0.0000076605  -0.0000009230
52 16  -0.0000042724  -0.0000105219   0.0000010622
53  1  -0.0000212084   0.0000325549   0.0001081290   0.0001689231   0.0000969058
53  2  -0.0004357683   0.0052788097  -0.0029541043   0.0014052683  -0.0303354327
53  3  -0.0041583890   0.0427691683   0.0004553375   0.0017807857  -0.0080249807
53  4   0.0159528582  -0.0381029964   0.0011394497  -0.0005380748  -0.0006139623
53  5   0.0018656590  -0.0000784862   0.0000186283  -0.0000851714   0.0002215852
53  6  -0.0000109262   0.0000414036  -0.0002554314   0.0000083393  -0.0001230685
53  7   0.0001311206  -0.0001022584   0.0000393435   0.0000839121   0.0000624006
53  8   0.0000262442   0.0000261441  -0.0000083016  -0.0000285817   0.0000555259
53  9   0.0000248482  -0.0000392534  -0.0002086373  -0.0000189325  -0.0000169450
53 10  -0.0000616513  -0.0000835807   0.0000479966  -0.0001465799   0.0005012852
53 11   0.0000086177   0.0094673771   0.0434770625  -0.0389005461  -0.0001004471
53 12   0.0000606042   0.0001164916  -0.0000814557  -0.0000338014   0.0000641773
53 13   0.0000023854  -0.0000214465   0.0000187526   0.0000678217   0.0000088913
53 14   0.0000053769  -0.0000235641   0.0000410854  -0.0000027272  -0.0000289762
53 15   0.0000146120   0.0000120326  -0.0000051979  -0.0000032994  -0.0000102562
53 16  -0.0000266577  -0.0000160046  -0.0000008126
54  1   0.0001920189  -0.0000610501   0.0001041033   0.0002298959  -0.0001340757
54  2  -0.0004233306  -0.0016798493   0.0038474373   0.0026573450   0.0203445420
54  3   0.0123051818  -0.0301794366  -0.0012492627  -0.0084848124   0.0027665914
54  4   0.2107189207   0.0308111805  -0.2933451256   0.0000997344   0.0007287529
54  5  -0.0005929599   0.0000965276  -0.0000110781   0.0000238211  -0.0001541521
54  6  -0.0000090241  -0.0001056916   0.0001644330  -0.0000253555   0.0001196147
54  7  -0.0000664074   0.0000593046  -0.0000699048  -0.0000464838  -0.0000264944
54  8  -0.0000377697   0.0000024679  -0.0000031444  -0.0000006565  -0.0000526497
54  9  -0.0000020571   0.0000345816   0.0002937741   0.0000152513   0.0002307549
54 10  -0.0000541124  -0.0000703055   0.0000517032  -0.0005049214  -0.0002298907
54 11   0.0005221255  -0.2284530586  -0.0389005461   0.3184876668   0.0001624680
54 12   0.0001771276  -0.0003002721  -0.0000269201  -0.0000014727   0.0000307639
54 13  -0.0000057344   0.0000047664  -0.0000143208  -0.0000141337   0.0000123618
54 14  -0.0000116235  -0.0000010864  -0.0000045546   0.0000302872  -0.0000029777
54 15  -0.0000055070  -0.0000006975  -0.0000012816   0.0000024063   0.0000147950
54 16   0.0000082489   0.0000055979   0.0000076357
55  1  -0.0005080048  -0.0001608226  -0.0001015971   0.0006048654   0.0017680356
55  2   0.0013625208  -0.0067013676   0.0123481760   0.0111328847   0.0014382757
55  3  -0.0019611946  -0.0003036182  -0.0004125933   0.0000981342  -0.0003173816
55  4  -0.0002607059   0.0011533122  -0.0004430866  -0.0876126981   0.1346020846
55  5   0.0391232231  -0.0001654520   0.0000586787  -0.0000307465   0.0002530146
55  6  -0.0000628661   0.0001199412  -0.0002521624   0.0000251682  -0.0001303738
55  7   0.0001241746  -0.0001002689   0.0000676358   0.0000746653   0.0000443075
55  8   0.0000302312   0.0002687346  -0.0002194049  -0.0000385619  -0.0002841180
55  9   0.0001981978   0.0001928331   0.0002596898  -0.0006552639  -0.0001614738
55 10  -0.0003096362  -0.0008196080  -0.0008971278  -0.0008742793   0.0017131985
55 11  -0.0025185996   0.0000196833  -0.0001004471   0.0001624680   0.0857945139
55 12  -0.1171559987  -0.0330137572   0.0086430261  -0.0306735102  -0.0141780809
55 13  -0.0000543425  -0.0001065288  -0.0000477911   0.0000177643  -0.0000239651
55 14   0.0000020411  -0.0000100710   0.0000280327  -0.0000062350  -0.0000188187
55 15   0.0000095841   0.0000116527  -0.0000048131  -0.0000055782  -0.0000136345
55 16  -0.0000293447  -0.0000014531  -0.0000033664
56  1  -0.0001154792  -0.0001910119  -0.0000862055  -0.0002471526   0.0014646888
56  2   0.0002036745   0.0105155035  -0.0250232007  -0.0082093929   0.0020995084
56  3  -0.0027392659  -0.0018186354  -0.0013819892   0.0023059629  -0.0013406075
56  4  -0.0002579757   0.0014143780  -0.0005959996   0.0963507927  -0.2867990472
56  5  -0.1272644239  -0.0000339075   0.0000948660   0.0000384667  -0.0000281874
56  6  -0.0000520174   0.0000243855   0.0000341082   0.0000464475  -0.0000122589
56  7  -0.0000091608  -0.0000039482   0.0000214605  -0.0000229458  -0.0000520307
56  8  -0.0000112871  -0.0000088664  -0.0000631898   0.0000744419  -0.0000137848
56  9   0.0000579860   0.0000693958  -0.0001373598   0.0000239838   0.0000649482
56 10   0.0005316811   0.0002762429  -0.0000373092   0.0018918270  -0.0005440214
56 11   0.0038187481   0.0000284351   0.0000606042   0.0001771276  -0.1171559987
56 12   0.3253626491   0.1442168149   0.0079958787  -0.0156089470  -0.0092970986
56 13  -0.0000072942  -0.0000442795  -0.0000374543  -0.0000383379  -0.0000186463
56 14  -0.0000021749   0.0000061298   0.0000040438  -0.0000019589   0.0000031669
56 15   0.0000022152   0.0000004275  -0.0000001261   0.0000024839   0.0000008834
56 16   0.0000015346   0.0000230538   0.0000040320
57  1   0.0001609669  -0.0001513667   0.0002124836   0.0008875690   0.0005052856
57  2   0.0010875972  -0.0100183140   0.0293354479   0.0092351879  -0.0019833838
57  3   0.0047252457   0.0007935131   0.0003019610  -0.0020519765  -0.0002918406
57  4   0.0007120349  -0.0016945592   0.0005816079   0.0345224072  -0.1640511566
57  5  -0.1160596563  -0.0000032844  -0.0000377636   0.0000248364   0.0000245805
57  6   0.0000328145  -0.0000580010  -0.0000418115  -0.0000375025   0.0000069239
57  7   0.0000115424  -0.0000044186  -0.0000338608   0.0000224289   0.0000376381
57  8   0.0000064883   0.0000063656   0.0000953294  -0.0001794220   0.0002036715
57  9  -0.0001116590  -0.0001737570   0.0001196770  -0.0001410039  -0.0001694032
57 10  -0.0000350022  -0.0007664867  -0.0000811367  -0.0020111842   0.0033422704
57 11  -0.0031869202   0.0000422047   0.0001164916  -0.0003002721  -0.0330137572
57 12   0.1442168149   0.1173637584   0.0100776860  -0.0133763469  -0.0088188454
57 13  -0.0000075153   0.0000261356   0.0000409405   0.0000343860   0.0000064299
57 14  -0.0000127557  -0.0000086758  -0.0000005364   0.0000025162  -0.0000062786
57 15  -0.0000025905   0.0000033183  -0.0000014255  -0.0000028679   0.0000008621
57 16   0.0000031506  -0.0000096686   0.0000058373
58  1   0.0005124349  -0.0000566281  -0.0005106426  -0.0010838650   0.0039326386
58  2  -0.0031548808  -0.0136725210  -0.0096927986   0.0003445911   0.0017504884
58  3  -0.0001288085   0.0008644494  -0.0002768006  -0.0003665516  -0.0002496543
58  4  -0.0002337825   0.0000258470   0.0000487114  -0.2740878826  -0.1331665962
58  5  -0.1568710377   0.0001142639   0.0001413929   0.0000167430  -0.0003571040
58  6   0.0000070517  -0.0000439906   0.0002375923   0.0000211886   0.0001165087
58  7  -0.0001075239   0.0000787177  -0.0000341548  -0.0001068611  -0.0000938780
58  8  -0.0000369225  -0.0001495351   0.0001634179  -0.0000113624   0.0002806996
58  9  -0.0000380466  -0.0001111874  -0.0010548231  -0.0006683932  -0.0003776616
58 10   0.0003507134   0.0000463106   0.0002287062   0.0001231337   0.0002157283
58 11   0.0004841737  -0.0000127783  -0.0000814557  -0.0000269201   0.0086430261
58 12   0.0079958787   0.0100776860   0.2791352122   0.1316690900   0.1492472105
58 13   0.0000253923   0.0000152419  -0.0000028043  -0.0000883976  -0.0000165534
58 14   0.0000073300   0.0000206591  -0.0000219977   0.0000005112   0.0000201351
58 15  -0.0000048879  -0.0000129287   0.0000013563   0.0000019781   0.0000069499
58 16   0.0000167673   0.0000221134   0.0000005766
59  1  -0.0002653541   0.0000278673   0.0001611682   0.0009875701  -0.0027553021
59  2   0.0032199684   0.0209547372   0.0106710829   0.0141647773   0.0009051722
59  3   0.0006190751   0.0003739111   0.0002310736   0.0000250368   0.0001769556
59  4  -0.0001634573  -0.0005446946   0.0000479245  -0.1252408566  -0.1369873010
59  5  -0.0820222893   0.0000686932  -0.0000141281  -0.0000131694   0.0000397626
59  6  -0.0000008600  -0.0000733909  -0.0000376523  -0.0000000585  -0.0000374418
59  7   0.0000101626  -0.0000304373  -0.0000073901   0.0000122799   0.0000081745
59  8   0.0000268954   0.0000141569  -0.0000016011  -0.0000347787   0.0001276545
59  9   0.0000054383  -0.0001972722   0.0010394106   0.0007046143   0.0005849071
59 10   0.0000085306   0.0003065941   0.0002894972   0.0002748960   0.0005911151
59 11  -0.0005521592   0.0000171777  -0.0000338014  -0.0000014727  -0.0306735102
59 12  -0.0156089470  -0.0133763469   0.1316690900   0.1429879908   0.0772561545
59 13  -0.0000109160   0.0000087634   0.0000067333   0.0000283225   0.0000120717
59 14  -0.0000006376  -0.0000056991   0.0000062230   0.0000007066  -0.0000020570
59 15  -0.0000023853   0.0000022969   0.0000001299   0.0000024219   0.0000026775
59 16   0.0000106827   0.0000030470   0.0000017751
60  1   0.0003569374   0.0001795292   0.0002107564  -0.0003329390   0.0035978591
60  2  -0.0027305103  -0.0214884742  -0.0104298163  -0.0160846531  -0.0033053166
60  3   0.0007896993  -0.0005266860   0.0018055865  -0.0007457048   0.0007197823
60  4   0.0002584836  -0.0008321729   0.0007066918  -0.1119571047  -0.0599983482
60  5  -0.0830638422  -0.0001408643  -0.0001269565  -0.0000887217   0.0001618209
60  6   0.0000087274   0.0000876800  -0.0000885054  -0.0000187326  -0.0000045077
60  7   0.0000607375   0.0000031113   0.0000155133   0.0000441309   0.0000458943
60  8  -0.0000286653   0.0000706993  -0.0001650862   0.0000608213  -0.0003513585
60  9  -0.0000639962   0.0003343549  -0.0010096374  -0.0004431800   0.0001322487
60 10   0.0003379157   0.0001762993   0.0001077716   0.0005529979   0.0000166148
60 11   0.0012516004  -0.0000589850   0.0000641773   0.0000307639  -0.0141780809
60 12  -0.0092970986  -0.0088188454   0.1492472105   0.0772561545   0.1076901221
60 13  -0.0000103947  -0.0000198460  -0.0000050995   0.0000711305   0.0000008297
60 14  -0.0000059410  -0.0000114354   0.0000106882   0.0000049374  -0.0000116740
60 15   0.0000050333   0.0000092073  -0.0000021453  -0.0000045372  -0.0000043171
60 16  -0.0000207353  -0.0000091423  -0.0000004622
61  1   0.0030239807  -0.0276297501  -0.0115268621   0.0021084307  -0.0008909948
61  2  -0.0009544314   0.0000868478  -0.0000189850  -0.0002658011   0.0000267826
61  3   0.0000977079   0.0000832350  -0.0000537039   0.0000077347   0.0000291539
61  4  -0.0000136815   0.0000243133   0.0000363760  -0.0000305248   0.0000359467
61  5   0.0000830742  -0.0551021118   0.0359775440   0.0171717709  -0.0070332200
61  6   0.0147439893  -0.0005850787   0.0042989094   0.0037025466   0.0002498657
61  7  -0.0010539463  -0.0000455961  -0.0012566077   0.0001229637  -0.0011556546
61  8   0.0009095545  -0.0047894424  -0.0027931675  -0.0018790497   0.0010235215
61  9   0.0008124098   0.0003244987  -0.0000752387  -0.0000430193   0.0001584242
61 10  -0.0001842152   0.0005854420   0.0003309101   0.0000294540   0.0002163668
61 11   0.0001141913  -0.0000122016   0.0000023854  -0.0000057344  -0.0000543425
61 12  -0.0000072942  -0.0000075153   0.0000253923  -0.0000109160  -0.0000103947
61 13   0.0628081686  -0.0423133258  -0.0127169758  -0.0035916032   0.0184032068
61 14   0.0093371492   0.0000137640  -0.0000323339   0.0001557563   0.0001099533
61 15  -0.0000030529  -0.0005692656   0.0000764244  -0.0003551093   0.0001624268
61 16  -0.0017603609   0.0006896060   0.0006313296
62  1   0.0008399290  -0.0143493874  -0.0075991950   0.0014416329   0.0002526723
62  2  -0.0000606640  -0.0000775076   0.0004098768   0.0000186496  -0.0000153541
62  3  -0.0001532843   0.0001050140  -0.0000574053   0.0001161167   0.0000490700
62  4  -0.0000288131   0.0001340172  -0.0000818266  -0.0000382855   0.0000462225
62  5   0.0000413046   0.0338583321  -0.2338160284  -0.0817026609   0.0135727504
62  6  -0.0203066084   0.0065390360  -0.0086747135  -0.0034828717  -0.0016072760
62  7   0.0015285936   0.0003210609   0.0015422668   0.0024953893   0.0022477543
62  8   0.0001035552  -0.0025526900   0.0000591797  -0.0011204422  -0.0002759328
62  9   0.0004142857  -0.0002802025   0.0000359962  -0.0000509225   0.0000047406
62 10  -0.0009558783   0.0003495894   0.0006691638   0.0002570223   0.0001494673
62 11   0.0000655236   0.0000009088  -0.0000214465   0.0000047664  -0.0001065288
62 12  -0.0000442795   0.0000261356   0.0000152419   0.0000087634  -0.0000198460
62 13  -0.0423133258   0.2646016048   0.0853984896   0.0000694899   0.0032249258
62 14  -0.0006671168  -0.0000746408   0.0000362983  -0.0003259325  -0.0001118581
62 15   0.0000205486   0.0004602569   0.0003579193  -0.0000301955  -0.0008333745
62 16   0.0008097278  -0.0001373596  -0.0007294357
63  1   0.0015103560  -0.0112363936  -0.0044132345   0.0007185616   0.0011250076
63  2   0.0003665521   0.0000515911   0.0000894029   0.0000320867   0.0001195968
63  3   0.0000586238  -0.0002041640  -0.0001261810   0.0000185198   0.0001079939
63  4  -0.0000249716  -0.0000625382   0.0000651157  -0.0000664186   0.0000576359
63  5  -0.0000197628   0.0171960843  -0.0811467878  -0.0832545295  -0.0101968230
63  6   0.0256393737   0.0056007511   0.0025148142   0.0041793914   0.0030611235
63  7  -0.0002287586  -0.0006077469  -0.0017327118  -0.0003884574  -0.0009177506
63  8   0.0011375565  -0.0025736643  -0.0004397840   0.0000492087   0.0001725720
63  9   0.0001607878  -0.0000908366  -0.0000542250   0.0000014612   0.0000411786
63 10  -0.0004117031   0.0001298354   0.0004704337   0.0001489737   0.0000644434
63 11  -0.0000142190   0.0000020757   0.0000187526  -0.0000143208  -0.0000477911
63 12  -0.0000374543   0.0000409405  -0.0000028043   0.0000067333  -0.0000050995
63 13  -0.0127169758   0.0853984896   0.0892648059   0.0044529619  -0.0221774081
63 14  -0.0096223199   0.0000533708   0.0000841226   0.0001450870  -0.0000708861
63 15  -0.0001355380  -0.0006837796   0.0001329440  -0.0001962706  -0.0001391986
63 16  -0.0001642423  -0.0000749091  -0.0001886571
64  1  -0.0206821796  -0.0011566596   0.0224069422  -0.0038734184  -0.0029237322
64  2  -0.0040428863  -0.0010234918  -0.0004923458   0.0020953904   0.0000516365
64  3  -0.0000962289  -0.0013849059  -0.0003810196   0.0002461588   0.0005240356
64  4  -0.0000430256  -0.0002484803   0.0004105676   0.0000354770   0.0001346067
64  5  -0.0003258680  -0.1389287673  -0.0101152865   0.1093596434   0.0104133797
64  6  -0.0005121184  -0.0111144546   0.0011796311  -0.0015427484  -0.0034993083
64  7  -0.0011682788   0.0013983222   0.0004472713   0.0009643437   0.0012783557
64  8   0.0000214811   0.0014155427  -0.0003086249  -0.0000649219   0.0005184564
64  9   0.0007661376  -0.0001410930   0.0002488792  -0.0000598931  -0.0000474649
64 10   0.0003058846   0.0001076677  -0.0003707196   0.0000670119  -0.0000242722
64 11   0.0000024851   0.0000316488   0.0000678217  -0.0000141337   0.0000177643
64 12  -0.0000383379   0.0000343860  -0.0000883976   0.0000283225   0.0000711305
64 13  -0.0035916032   0.0000694899   0.0044529619   0.1543944497   0.0136198586
64 14  -0.1189699920  -0.0000904098  -0.0000476865   0.0000082023   0.0002948885
64 15   0.0000367541   0.0001352893  -0.0001618030   0.0003659786  -0.0001936378
64 16   0.0000934006  -0.0005530594   0.0001995992
65  1  -0.0111097515  -0.0012358797   0.0106941150  -0.0014126565  -0.0005917639
65  2  -0.0017975977  -0.0005052471   0.0001719380   0.0006866476  -0.0000960841
65  3  -0.0001210643  -0.0002936853  -0.0000771811   0.0001315779   0.0001401365
65  4  -0.0000035826   0.0000139352   0.0000693663   0.0000581292  -0.0000273606
65  5  -0.0000677089  -0.0105822320  -0.0502661358   0.0100834101  -0.0055656895
65  6  -0.0055703261   0.0232276922  -0.0058378665  -0.0004521288  -0.0002393873
65  7   0.0015383992  -0.0011919437  -0.0003220246   0.0009639119   0.0015637633
65  8  -0.0006112010   0.0005970532   0.0002836873   0.0006145671   0.0007224567
65  9   0.0006208913  -0.0001539241   0.0002929287  -0.0000041363  -0.0000619187
65 10  -0.0002951929   0.0002762380   0.0002432173   0.0000887109   0.0000233572
65 11   0.0000381181   0.0000136910   0.0000088913   0.0000123618  -0.0000239651
65 12  -0.0000186463   0.0000064299  -0.0000165534   0.0000120717   0.0000008297
65 13   0.0184032068   0.0032249258  -0.0221774081   0.0136198586   0.0527748484
65 14  -0.0198932616  -0.0001414416   0.0003614508   0.0000160654  -0.0000372481
65 15   0.0000436052  -0.0001832848  -0.0001224253   0.0000444965   0.0000993935
65 16  -0.0004712287  -0.0000762925  -0.0001309485
66  1  -0.0073346759  -0.0014172873   0.0080933894  -0.0015668673  -0.0010129893
66  2   0.0000397983  -0.0006082656  -0.0000797480   0.0003772196  -0.0000624654
66  3   0.0000168626  -0.0003707925  -0.0000479442   0.0000576986   0.0001352773
66  4   0.0000381831  -0.0000972182   0.0001503983   0.0000603837   0.0000018787
66  5   0.0000185179   0.1127633120   0.0118196624  -0.1807443083   0.0013863569
66  6   0.0098719265  -0.0274491996   0.0100873506   0.0049326963   0.0015934058
66  7  -0.0033660512   0.0017464222  -0.0001874300  -0.0015027547  -0.0039402034
66  8   0.0006028499   0.0004316317   0.0004235308   0.0003328687   0.0006519590
66  9   0.0000450389   0.0008823742  -0.0002389868  -0.0000808093   0.0000321326
66 10  -0.0001130024   0.0001202904   0.0000542404   0.0000649506   0.0000115491
66 11   0.0000086156  -0.0000126814   0.0000053769  -0.0000116235   0.0000020411
66 12  -0.0000021749  -0.0000127557   0.0000073300  -0.0000006376  -0.0000059410
66 13   0.0093371492  -0.0006671168  -0.0096223199  -0.1189699920  -0.0198932616
66 14   0.2072134483   0.0001710208  -0.0005941607   0.0000397887   0.0003216646
66 15  -0.0000501241  -0.0001187479   0.0000502993  -0.0000438346   0.0004828230
66 16  -0.0015499459  -0.0011733675  -0.0015340295
67  1  -0.0000059799  -0.0000648074   0.0000357377  -0.0000380762   0.0000967564
67  2  -0.0000774686  -0.0000479605  -0.0000278237  -0.0000365373  -0.0001334382
67  3   0.0000936251   0.0000377960   0.0001025686  -0.0000622960  -0.0000368667
67  4   0.0000789819  -0.0000197730   0.0000513283   0.0000637237  -0.0000102322
67  5   0.0000699604  -0.0001100390  -0.0000772367  -0.0001587373  -0.0010601522
67  6   0.0002112204   0.0009078913   0.0135536790   0.0174868387  -0.0041682800
67  7  -0.1997222827  -0.2057660900   0.0614968855  -0.0015204007   0.0015019409
67  8  -0.0032593488  -0.0000159923   0.0000217325  -0.0000397955   0.0000445783
67  9  -0.0000172700   0.0000529378  -0.0001158552  -0.0000074902   0.0000108787
67 10   0.0000147196  -0.0000215417   0.0000084606  -0.0000086024  -0.0000009309
67 11  -0.0000032900  -0.0000358601  -0.0000235641  -0.0000010864  -0.0000100710
67 12   0.0000061298  -0.0000086758   0.0000206591  -0.0000056991  -0.0000114354
67 13   0.0000137640  -0.0000746408   0.0000533708  -0.0000904098  -0.0001414416
67 14   0.0001710208   0.1979856051   0.1931056532  -0.0642268816  -0.0100188252
67 15  -0.0071369092   0.0101560405   0.0001809074   0.0005275202  -0.0001329358
67 16   0.0008747585   0.0004063294  -0.0008909692
68  1   0.0000050604   0.0002243684  -0.0001046045  -0.0000028166  -0.0000672550
68  2   0.0000216187   0.0000081911   0.0000517882   0.0000315685   0.0000467332
68  3   0.0001625074  -0.0001922383  -0.0000349811  -0.0000496826   0.0000560897
68  4  -0.0000158020  -0.0001481726   0.0000950661  -0.0000774480  -0.0000290766
68  5  -0.0000391372   0.0009812219  -0.0006696162  -0.0005056050  -0.0035520408
68  6   0.0019156148  -0.0044782771  -0.0154461787  -0.0236755815   0.0125008936
68  7  -0.1702215354  -0.2210391330   0.0887734019   0.0031810132  -0.0007188972
68  8   0.0045055688   0.0000047442  -0.0000584613  -0.0000099874  -0.0000865110
68  9  -0.0000393956  -0.0000215329   0.0000654027   0.0000772492   0.0000125443
68 10   0.0000216228  -0.0000265294   0.0000101169  -0.0000040811  -0.0000097254
68 11  -0.0000220440   0.0000032937   0.0000410854  -0.0000045546   0.0000280327
68 12   0.0000040438  -0.0000005364  -0.0000219977   0.0000062230   0.0000106882
68 13  -0.0000323339   0.0000362983   0.0000841226  -0.0000476865   0.0003614508
68 14  -0.0005941607   0.1931056532   0.2531853176  -0.1057555571  -0.0063395551
68 15  -0.0090855324   0.0056050774  -0.0003787564  -0.0002792457  -0.0005135931
68 16  -0.0011892450  -0.0001696427   0.0005350716
69  1  -0.0000152887   0.0000779920  -0.0000008578  -0.0000235082  -0.0000090050
69  2   0.0000126692  -0.0000031801   0.0000056599   0.0000054469  -0.0000559059
69  3  -0.0000306261   0.0001288405   0.0000430131  -0.0000059855  -0.0000664391
69  4   0.0000013050   0.0000358403  -0.0000641030   0.0000335872  -0.0000198976
69  5  -0.0000156707  -0.0003314303  -0.0006284225  -0.0004703075  -0.0001840422
69  6  -0.0025627938   0.0009201448   0.0240666916   0.0158609696  -0.0060470914
69  7   0.0621688560   0.1123845677  -0.0944740644  -0.0034718985   0.0035403532
69  8  -0.0018975735  -0.0000230175  -0.0000210366  -0.0000639360   0.0000089714
69  9  -0.0000202071   0.0000045838  -0.0000532275   0.0000327046   0.0000414656
69 10   0.0000282960  -0.0000357325   0.0000021789  -0.0000159245  -0.0000102969
69 11  -0.0000078130   0.0000241696  -0.0000027272   0.0000302872  -0.0000062350
69 12  -0.0000019589   0.0000025162   0.0000005112   0.0000007066   0.0000049374
69 13   0.0001557563  -0.0003259325   0.0001450870   0.0000082023   0.0000160654
69 14   0.0000397887  -0.0642268816  -0.1057555571   0.0902394448  -0.0176971161
69 15  -0.0235117551   0.0110465603  -0.0007854118  -0.0007155011  -0.0003953531
69 16   0.0003537082   0.0017025763   0.0008792586
70  1  -0.0000746658  -0.0000204883  -0.0000689024   0.0000079784   0.0000680387
70  2  -0.0000480823  -0.0000466330  -0.0000061847  -0.0000401861  -0.0001035589
70  3  -0.0000054592   0.0000982232   0.0000856854  -0.0000202107  -0.0000352661
70  4   0.0000497209   0.0000308119  -0.0000216054   0.0000650599   0.0000174360
70  5   0.0000681912  -0.0009500521   0.0010517195  -0.0001887303   0.0008409804
70  6   0.0015215973  -0.0033807060  -0.0154563785  -0.0019487454  -0.0165758026
70  7  -0.1043915864  -0.0929205242  -0.1308017208  -0.0004139085  -0.0029804585
70  8   0.0018335068  -0.0000189430   0.0000070753  -0.0000118139  -0.0000084520
70  9  -0.0000613841   0.0000068426  -0.0000398257  -0.0000533710   0.0000180711
70 10  -0.0000161023   0.0000190847  -0.0000050601  -0.0000011177   0.0000059910
70 11   0.0000078012  -0.0000257505  -0.0000289762  -0.0000029777  -0.0000188187
70 12   0.0000031669  -0.0000062786   0.0000201351  -0.0000020570  -0.0000116740
70 13   0.0001099533  -0.0001118581  -0.0000708861   0.0002948885  -0.0000372481
70 14   0.0003216646  -0.0100188252  -0.0063395551  -0.0176971161   0.1305237340
70 15   0.1019416431   0.1649198775   0.0002609032  -0.0007846269   0.0012401266
70 16  -0.0006744209   0.0006545831   0.0004525036
71  1   0.0000669743  -0.0002486062   0.0001297456  -0.0000029951  -0.0000096794
71  2   0.0000184756   0.0000150388  -0.0000065390   0.0000115341   0.0000339056
71  3   0.0000323440  -0.0000520900  -0.0000285348  -0.0000003257   0.0000158696
71  4  -0.0000119951  -0.0000227401   0.0000425757  -0.0000249997  -0.0000218940
71  5  -0.0000255370   0.0010650782  -0.0000459167   0.0006913697   0.0017036600
71  6  -0.0023071449   0.0024688925   0.0154163948   0.0139102491   0.0191560817
71  7  -0.1130422113  -0.1325707466  -0.1180358176  -0.0000933581  -0.0006898592
71  8  -0.0009134671  -0.0000083525  -0.0000010516   0.0000081290   0.0000560893
71  9   0.0000645187   0.0000196685   0.0000182999   0.0000057967  -0.0000177860
71 10   0.0000053798  -0.0000041128   0.0000007591   0.0000016088  -0.0000025340
71 11  -0.0000012616   0.0000025583   0.0000146120  -0.0000055070   0.0000095841
71 12   0.0000022152  -0.0000025905  -0.0000048879  -0.0000023853   0.0000050333
71 13  -0.0000030529   0.0000205486  -0.0001355380   0.0000367541   0.0000436052
71 14  -0.0000501241  -0.0071369092  -0.0090855324  -0.0235117551   0.1019416431
71 15   0.1305619171   0.1196481139  -0.0001430748   0.0004774333   0.0009557908
71 16   0.0001274020  -0.0001141719  -0.0004205651
72  1   0.0000832067   0.0001614424  -0.0000300249   0.0000350136   0.0000063795
72  2  -0.0000137361   0.0000133836   0.0000040856   0.0000265351   0.0000463137
72  3   0.0000294360  -0.0000851891  -0.0000387266  -0.0000056036   0.0000395072
72  4  -0.0000149889  -0.0000487380   0.0000146634  -0.0000435679   0.0000145088
72  5  -0.0000184595  -0.0006910977   0.0014241012   0.0027736851  -0.0010652982
72  6   0.0011069774  -0.0030248150  -0.0068210388  -0.0185473770  -0.0145824317
72  7  -0.1684022097  -0.1110256745  -0.2669208634   0.0016429212   0.0005698913
72  8   0.0020095425   0.0000273490  -0.0000559071   0.0000410865  -0.0000295808
72  9  -0.0000128785  -0.0000189093   0.0000336815   0.0000132968  -0.0000131736
72 10   0.0000097242  -0.0000045832   0.0000007885   0.0000013098   0.0000002139
72 11  -0.0000073801   0.0000068986   0.0000120326  -0.0000006975   0.0000116527
72 12   0.0000004275   0.0000033183  -0.0000129287   0.0000022969   0.0000092073
72 13  -0.0005692656   0.0004602569  -0.0006837796   0.0001352893  -0.0001832848
72 14  -0.0001187479   0.0101560405   0.0056050774   0.0110465603   0.1649198775
72 15   0.1196481139   0.2709678567   0.0006000998   0.0007378039  -0.0018732867
72 16  -0.0000340589   0.0000877048   0.0004587435
73  1  -0.0000332883   0.0000820867  -0.0001835948   0.0000303673   0.0000190837
73  2   0.0000058062   0.0000079716   0.0000066240  -0.0000197970  -0.0000169303
73  3  -0.0000029118   0.0000280675   0.0000186097  -0.0000039950  -0.0000111858
73  4   0.0000089705   0.0000080178  -0.0000031761   0.0000068180  -0.0000011291
73  5   0.0000051184   0.0005080305  -0.0001005821   0.0010424759   0.0018006430
73  6  -0.0036766260   0.0007251744  -0.0221549088   0.0045584521   0.0006786305
73  7   0.0019303721   0.0025314215  -0.0013511393  -0.4283359378   0.0595544706
73  8  -0.0020114895   0.0000309079   0.0000509725   0.0000550563  -0.0000332998
73  9   0.0000233365   0.0000005630   0.0000312357  -0.0000171625  -0.0000156432
73 10  -0.0000131374   0.0000112177  -0.0000024788   0.0000016114   0.0000013288
73 11   0.0000030274  -0.0000063102  -0.0000051979  -0.0000012816  -0.0000048131
73 12  -0.0000001261  -0.0000014255   0.0000013563   0.0000001299  -0.0000021453
73 13   0.0000764244   0.0003579193   0.0001329440  -0.0001618030  -0.0001224253
73 14   0.0000502993   0.0001809074  -0.0003787564  -0.0007854118   0.0002609032
73 15  -0.0001430748   0.0006000998   0.4523558473  -0.0631769754  -0.0030916002
73 16  -0.0064905478   0.0004239012   0.0041531065
74  1  -0.0000939733   0.0001474093  -0.0000517232  -0.0000169248   0.0000150327
74  2   0.0000388178   0.0000048091   0.0000365479  -0.0000460702  -0.0000529012
74  3   0.0000187122   0.0000670484   0.0000513571  -0.0000290849  -0.0000402449
74  4   0.0000200416  -0.0000008755  -0.0000103227   0.0000203471  -0.0000132600
74  5   0.0000044106   0.0001407655   0.0004450557   0.0008746233  -0.0026474003
74  6  -0.0054747278   0.0027500851  -0.0354346190   0.0060976218  -0.0041743725
74  7   0.0015531107   0.0003804588  -0.0009846595   0.0803064397  -0.0541503598
74  8   0.0320551088   0.0000755486   0.0000093397   0.0000398099  -0.0000170683
74  9  -0.0000111766  -0.0000305615   0.0000312113   0.0000074712  -0.0000350003
74 10  -0.0000080849   0.0000046507  -0.0000086199  -0.0000054204  -0.0000063178
74 11   0.0000015044  -0.0000076605  -0.0000032994   0.0000024063  -0.0000055782
74 12   0.0000024839  -0.0000028679   0.0000019781   0.0000024219  -0.0000045372
74 13  -0.0003551093  -0.0000301955  -0.0001962706   0.0003659786   0.0000444965
74 14  -0.0000438346   0.0005275202  -0.0002792457  -0.0007155011  -0.0007846269
74 15   0.0004774333   0.0007378039  -0.0631769754   0.0550049481  -0.0241378527
74 16   0.0195072349  -0.0026955408  -0.0060891795
75  1   0.0000656623  -0.0002114986   0.0003322572  -0.0001149138  -0.0000337968
75  2  -0.0000366629  -0.0000307932   0.0000098418  -0.0000006249  -0.0001018865
75  3  -0.0000097605   0.0001237666   0.0000742403  -0.0000218361  -0.0000738185
75  4   0.0000258648   0.0000313180  -0.0000498394   0.0000629258   0.0000009956
75  5   0.0000084169  -0.0010974561   0.0002606961  -0.0018921110   0.0003071670
75  6   0.0045430467   0.0036722927   0.0042061641  -0.0141285301  -0.0007043939
75  7  -0.0011814022   0.0017843581  -0.0012419589   0.0287045598   0.0312194272
75  8  -0.0291291398  -0.0001054374  -0.0000758411  -0.0000894925   0.0000972400
75  9  -0.0000254621   0.0000073532  -0.0000553730   0.0000113361   0.0000155177
75 10   0.0000125332  -0.0000159435  -0.0000043369  -0.0000091686  -0.0000054691
75 11   0.0000009456  -0.0000009230  -0.0000102562   0.0000147950  -0.0000136345
75 12   0.0000008834   0.0000008621   0.0000069499   0.0000026775  -0.0000043171
75 13   0.0001624268  -0.0008333745  -0.0001391986  -0.0001936378   0.0000993935
75 14   0.0004828230  -0.0001329358  -0.0005135931  -0.0003953531   0.0012401266
75 15   0.0009557908  -0.0018732867  -0.0030916002  -0.0241378527   0.0297495850
75 16  -0.0288366983   0.0011034495   0.0012259189
76  1  -0.0004505200   0.0004229085  -0.0005945224   0.0000950448   0.0000669536
76  2   0.0003017194   0.0000750532   0.0000880360  -0.0001906219  -0.0000868286
76  3  -0.0000803463   0.0002598357   0.0000988442  -0.0000072240  -0.0001378013
76  4   0.0000058675   0.0000817148  -0.0001896696   0.0000756508   0.0000743172
76  5   0.0000201564  -0.0007462655  -0.0020836895   0.0023391746  -0.0030973426
76  6   0.0001846161  -0.0017529378   0.0167291478  -0.0062534725   0.0192929434
76  7  -0.0021235729  -0.0041154272   0.0002377150  -0.1087535650   0.0608677295
76  8  -0.0971925375   0.0003081360   0.0002114713   0.0001460642  -0.0000640027
76  9  -0.0000389136  -0.0000115931   0.0000260060   0.0000287451  -0.0000622666
76 10  -0.0000178063  -0.0000072221   0.0000018423  -0.0000151380  -0.0000053053
76 11   0.0000058406  -0.0000042724  -0.0000266577   0.0000082489  -0.0000293447
76 12   0.0000015346   0.0000031506   0.0000167673   0.0000106827  -0.0000207353
76 13  -0.0017603609   0.0008097278  -0.0001642423   0.0000934006  -0.0004712287
76 14  -0.0015499459   0.0008747585  -0.0011892450   0.0003537082  -0.0006744209
76 15   0.0001274020  -0.0000340589  -0.0064905478   0.0195072349  -0.0288366983
76 16   0.1059153117  -0.0682043421   0.1077672318
77  1   0.0003326279  -0.0002346585  -0.0008480410   0.0002116567   0.0002552253
77  2   0.0002108059   0.0000612521   0.0000354373  -0.0001806207  -0.0001498477
77  3   0.0000418077   0.0002208135   0.0001332405  -0.0000838901  -0.0001303474
77  4   0.0000319630  -0.0000032242  -0.0001428071   0.0000926026   0.0000592548
77  5   0.0000734718  -0.0013682371   0.0014040897   0.0008185774   0.0039829541
77  6   0.0007316581  -0.0017469703   0.0111477726  -0.0201065407   0.0242148302
77  7  -0.0055961404  -0.0031106755   0.0012734947   0.0578102385  -0.1448636683
77  8   0.1730165728  -0.0000808204  -0.0000113597  -0.0000287186   0.0000186234
77  9   0.0000019937   0.0000598878  -0.0000606154  -0.0000335300   0.0000463937
77 10   0.0000321139  -0.0000438878  -0.0000103946  -0.0000265411  -0.0000110396
77 11  -0.0000030297  -0.0000105219  -0.0000160046   0.0000055979  -0.0000014531
77 12   0.0000230538  -0.0000096686   0.0000221134   0.0000030470  -0.0000091423
77 13   0.0006896060  -0.0001373596  -0.0000749091  -0.0005530594  -0.0000762925
77 14  -0.0011733675   0.0004063294  -0.0001696427   0.0017025763   0.0006545831
77 15  -0.0001141719   0.0000877048   0.0004239012  -0.0026955408   0.0011034495
77 16  -0.0682043421   0.1691559190  -0.1984761596
78  1   0.0003137127  -0.0006477267  -0.0006943539   0.0000988578   0.0001587824
78  2   0.0001490980   0.0000515501   0.0000172590  -0.0000956219  -0.0000539072
78  3   0.0000148314   0.0001302014   0.0000557839  -0.0000420910  -0.0000601641
78  4   0.0000172738   0.0000091745  -0.0000430372   0.0000212050   0.0000034457
78  5   0.0000015595  -0.0019742352  -0.0002134502   0.0035943967  -0.0007779838
78  6  -0.0001110218  -0.0015756689  -0.0013262090  -0.0010220870  -0.0075459753
78  7   0.0006328295   0.0004376878   0.0015788911  -0.1091867829   0.2067605053
78  8  -0.2661105233  -0.0001592215  -0.0000553536  -0.0000343167  -0.0000360949
78  9   0.0000245180   0.0000072930  -0.0000004883   0.0000120885  -0.0000203263
78 10   0.0000264731  -0.0000344249   0.0000087660  -0.0000138369  -0.0000059152
78 11  -0.0000003035   0.0000010622  -0.0000008126   0.0000076357  -0.0000033664
78 12   0.0000040320   0.0000058373   0.0000005766   0.0000017751  -0.0000004622
78 13   0.0006313296  -0.0007294357  -0.0001886571   0.0001995992  -0.0001309485
78 14  -0.0015340295  -0.0008909692   0.0005350716   0.0008792586   0.0004525036
78 15  -0.0004205651   0.0004587435   0.0041531065  -0.0060891795   0.0012259189
78 16   0.1077672318  -0.1984761596   0.2698558403
$end
