$vibrational normal modes
 1  1  -0.0338550928   0.0733426080  -0.0037137614   0.1722288262  -0.0013772367
 1  2   0.0778462377  -0.0194954104   0.0007044790   0.0010497069  -0.0125500194
 1  3  -0.0056961822  -0.0347098607  -0.0527254765  -0.0027399929   0.0102433753
 1  4   0.0916978870   0.0492600020  -0.1278861000  -0.0110507031  -0.0388447123
 1  5   0.0341053784   0.1114337875  -0.0562216936   0.0445884216  -0.0197921733
 1  6  -0.1163521585   0.0169669169  -0.0396814872  -0.0155893614   0.0547612980
 1  7  -0.0370485629  -0.0447650943   0.0348004162   0.0564942161   0.0081868625
 1  8  -0.0206393725  -0.0573778912  -0.1403920832   0.0323150011  -0.1192712945
 1  9   0.1101821578  -0.0440828199  -0.0066240004   0.0020628481   0.0058103608
 1 10   0.0061333022   0.0398192176   0.0088121735  -0.0509302589   0.0471847374
 1 11   0.0029358861  -0.0523529529  -0.0934775072  -0.1110255739  -0.0935665999
 1 12   0.0120005512   0.0028279915  -0.0065208103  -0.0090885768   0.0002216185
 1 13   0.0020617858   0.0003161688  -0.0050109622   0.0020963866   0.0013670163
 1 14   0.0004330684   0.0028164340   0.0024211157  -0.0000574425  -0.0265799535
 1 15   0.0150821339   0.0000219461   0.0000007436  -0.0000612454   0.0000031523
 1 16   0.0000016910  -0.0000116642  -0.0000293996
 2  1  -0.1107557247   0.1957745314   0.0562607163  -0.1278682059   0.0610029830
 2  2  -0.0069292868   0.1702134231  -0.0369276049   0.0322407234   0.1519095585
 2  3   0.0430398497   0.1380787474   0.1733909124   0.0086980587   0.0770952454
 2  4   0.0729292739  -0.0739506066   0.0329178013   0.0076238120   0.0381369905
 2  5   0.0130357480   0.0252040392  -0.0001544796   0.0389233975  -0.0078548197
 2  6  -0.0289509820   0.0186722423  -0.0107372657  -0.0051892402  -0.0437407966
 2  7   0.0423611793   0.0518023588  -0.0258715823  -0.0279654210  -0.0137004974
 2  8  -0.0166318153   0.0517360214  -0.0224233832  -0.0747464565  -0.0912466163
 2  9   0.0190095620  -0.0035902563  -0.0219252158  -0.0288552977  -0.0969804808
 2 10   0.0046904232   0.0655565922  -0.0540097369  -0.0092484133  -0.0341504411
 2 11  -0.0416299468  -0.0092315546  -0.0017859012  -0.0395748263  -0.0324704391
 2 12   0.0039582691   0.0223006956   0.0038296480  -0.0200211592  -0.0018180455
 2 13  -0.0019258810  -0.0004392418   0.0056740356   0.0040636937  -0.0018005530
 2 14  -0.0069803136  -0.0162587168  -0.0486152108  -0.0046439308   0.0598303561
 2 15  -0.0358435787   0.0000904783   0.0000201459   0.0000241614  -0.0000284107
 2 16  -0.0000116126  -0.0000452982   0.0000268015
 3  1  -0.1131903610  -0.0307209553   0.0585636734   0.0401338702  -0.0212409618
 3  2  -0.1298725001   0.0241150443  -0.0911017946  -0.1208432437  -0.0374431559
 3  3  -0.0524070649   0.0095520297   0.0268069142  -0.0037423293  -0.0512082760
 3  4  -0.1398154054   0.0166889657   0.1371317425  -0.0217299005  -0.0772223701
 3  5   0.0166630192   0.1008469012  -0.0711112213   0.0087179877  -0.0115711101
 3  6  -0.0624276679   0.0447727839   0.0116181601  -0.0059052068  -0.0647150900
 3  7  -0.0353966834  -0.0592876214  -0.0360218636   0.0741991418  -0.0966305284
 3  8  -0.0460935612  -0.0142360389  -0.0642982234   0.0045925346  -0.0762996647
 3  9  -0.1446783957   0.0782146897   0.0416332369  -0.0223037523   0.0212467339
 3 10  -0.0088966763  -0.0047732274  -0.0326445946  -0.0094469632  -0.0344904813
 3 11   0.0366910738   0.0291641064  -0.0158211496   0.0330775884   0.0196619780
 3 12  -0.0081107352   0.0519765044   0.0333460071  -0.0505830815   0.0017004614
 3 13   0.0024980039   0.0006264023  -0.0089111221   0.0017504547   0.0028049564
 3 14  -0.0030665597  -0.0093439346  -0.0487414406  -0.0068259641  -0.0418558366
 3 15   0.0220880341  -0.0000685461  -0.0000071124   0.0000826694   0.0000227240
 3 16   0.0000021719  -0.0000688834   0.0000114827
 4  1  -0.0058661228   0.0839354576   0.0039651938   0.1577927599   0.0416712456
 4  2   0.0365039539  -0.0262042765   0.0346354285   0.0238199257  -0.0193867705
 4  3   0.0843334395   0.0610227753  -0.0157117850   0.0012062860  -0.0492690802
 4  4   0.0919924669   0.0018642959  -0.1286914141  -0.0138931310  -0.0855249486
 4  5  -0.0096647522  -0.0020935241  -0.0282701667  -0.0559703471   0.0019538350
 4  6  -0.0300834898  -0.0478368085   0.0377629774  -0.0039876639   0.1132150550
 4  7  -0.0308519727  -0.0273527431  -0.0501436526  -0.0835514254  -0.0782730186
 4  8  -0.1057244645   0.1768864182  -0.0148500240  -0.0144523019  -0.0034483524
 4  9  -0.0916194606   0.0467866987  -0.0573199225   0.0565614728  -0.0071209825
 4 10  -0.0127112982   0.0442844522   0.0014358499  -0.0034804191   0.0613235573
 4 11  -0.0295988828  -0.0891844795   0.0478305818   0.1079429858   0.0603593188
 4 12   0.0031727394  -0.0032223893   0.0070512140  -0.0114310696   0.0000524045
 4 13   0.0001593771   0.0068560351  -0.0009779494  -0.0134655516  -0.0004040709
 4 14   0.0002499520  -0.0076835010   0.0010642198  -0.0018905736   0.0140404064
 4 15   0.0263798580   0.0000974440  -0.0000049081  -0.0001545293   0.0000044209
 4 16   0.0000024354   0.0000119755   0.0000377075
 5  1  -0.0165519332   0.1681493534   0.0332853815  -0.0623013352  -0.0687250779
 5  2  -0.0276511294   0.0993656567  -0.0348232954   0.0888212623   0.0912512471
 5  3  -0.2370808663   0.1195856650  -0.0070281284  -0.0599784546  -0.0485723831
 5  4   0.0440871255   0.0652043049   0.0250172901   0.0171402471   0.0580850894
 5  5  -0.0031189358  -0.0157846248   0.0162957232  -0.0276616881   0.0042371049
 5  6  -0.0004235401  -0.0298734892   0.0048295840   0.0008534317   0.0543783996
 5  7   0.0341084691   0.0614435241  -0.0043304332   0.0699834403   0.0424987271
 5  8  -0.0657648401   0.0377643854  -0.0657953300   0.0809032752   0.0152556956
 5  9  -0.0203529988   0.0126610733  -0.0298571610   0.0623066675   0.0353533457
 5 10   0.0035588908  -0.0181267211   0.0778678110  -0.0851524038   0.0086318742
 5 11   0.0121322888   0.0007008833   0.0300251558   0.0244221641   0.0164133733
 5 12  -0.0041741029  -0.0142607022  -0.0031245813  -0.0256454214   0.0001730525
 5 13  -0.0001765731   0.0048061475  -0.0007878908  -0.0012492431  -0.0009493005
 5 14  -0.0017680664   0.0590705685  -0.0132271331  -0.0058476101  -0.0260249932
 5 15  -0.0560499936   0.0001778227  -0.0000063911  -0.0002956038  -0.0000192906
 5 16  -0.0000091568  -0.0000032439  -0.0000115276
 6  1  -0.0791957470  -0.0219584859   0.0647245008   0.0300026910   0.0132366964
 6  2  -0.1724062691   0.0128729751  -0.0572214545  -0.0952651444  -0.0501294954
 6  3   0.0175196202   0.1187310850   0.0364612003  -0.0023230988  -0.0975495314
 6  4  -0.1286201301  -0.0292568753   0.1113267269  -0.0224416778  -0.1065242420
 6  5  -0.0173875157   0.0179081273  -0.0608339219  -0.0373990968  -0.0011061909
 6  6  -0.0017796012  -0.0311748107   0.0263502204   0.0111119697   0.1325494901
 6  7  -0.0248119015  -0.0304413920   0.0195902472  -0.0901945625   0.1222985704
 6  8  -0.0388330221   0.0431726029  -0.0002887685  -0.0043538737   0.0191199429
 6  9   0.1532278575  -0.0771951929  -0.0662766289   0.0509858481  -0.0211008023
 6 10   0.0150448563  -0.0267381511   0.0154258872   0.0462332958  -0.0130197852
 6 11  -0.0112089930   0.0336828520  -0.0031302909  -0.0169009439  -0.0048226204
 6 12   0.0198869219  -0.0384066710  -0.0236725272  -0.0621214296   0.0000264732
 6 13  -0.0007303807   0.0006077260   0.0004449562  -0.0000281351  -0.0004098757
 6 14  -0.0011843517   0.0396215064  -0.0100914716  -0.0144574109   0.0284178449
 6 15   0.0452993993  -0.0001705881   0.0000048328  -0.0000067456   0.0000318005
 6 16   0.0000026529   0.0000300240   0.0000121940
 7  1  -0.0231550840   0.0689249976   0.0299690632   0.1590327166   0.0369963482
 7  2   0.0721668905   0.0316587437   0.0072182034   0.0086113285   0.0455312348
 7  3   0.0263021632   0.0912591727   0.0134095600  -0.0232216877  -0.0951236554
 7  4   0.0621894956   0.0460264147  -0.0122798944  -0.0030388891  -0.0446562029
 7  5  -0.0160278606  -0.0269745736  -0.0007064656  -0.0479072866   0.0055560171
 7  6  -0.0127278952  -0.0184145366   0.1434827656   0.0033798007  -0.0055826687
 7  7   0.0017577461   0.0050750561  -0.1591259639   0.0602930452  -0.0499204748
 7  8  -0.0457766068  -0.0987864432   0.1195914154  -0.0642128529   0.0177922999
 7  9   0.0461860138  -0.0324957178   0.1319203163  -0.1406824163   0.0532525102
 7 10  -0.0101039082   0.0342028064   0.0702428292  -0.0043179282   0.0091251984
 7 11  -0.0346052949   0.1108405806   0.0065858139  -0.0264238367  -0.0120633275
 7 12  -0.0273465960  -0.0029509384  -0.0045125877  -0.0029777507  -0.0001047433
 7 13  -0.0002450590  -0.0210607276   0.0010412428  -0.0320645734  -0.0000033878
 7 14   0.0000431683   0.0023158529  -0.0026086890   0.0157468792   0.0007746216
 7 15   0.0016114379  -0.0014806732  -0.0000033098   0.0000950936   0.0000040540
 7 16   0.0000041686   0.0000067156   0.0006567395
 8  1  -0.0489921275   0.2112702840  -0.0449195122  -0.0765254161  -0.0545115918
 8  2  -0.0662184996  -0.0379604631  -0.0178599001   0.0700430259  -0.0886053531
 8  3  -0.0770909112   0.0265270744  -0.0035881095  -0.0110280083  -0.0286668778
 8  4  -0.0128812649  -0.0228220822  -0.0828675411  -0.0100197824  -0.0648991135
 8  5  -0.0099659143   0.0029364701  -0.0538862734  -0.1844080420   0.0197380016
 8  6   0.0405961559  -0.0448230748  -0.0768902592  -0.0045853230  -0.0258271098
 8  7   0.0005257595   0.0016848445   0.0703771212   0.0325140954  -0.0750299851
 8  8   0.0759789065  -0.1338124708   0.0611006975  -0.0253345509  -0.0215131106
 8  9  -0.0141181407   0.0122250973  -0.0780877853   0.0305380173  -0.0463683036
 8 10  -0.0066364432   0.0678207470  -0.0098931479   0.1103049278   0.0792156996
 8 11   0.0594381448   0.0418360289  -0.0003366459  -0.0105332142  -0.0020098364
 8 12   0.0128868545  -0.0017433979   0.0011988141   0.0004319933  -0.0000275897
 8 13  -0.0001894717  -0.0032523002   0.0001391131   0.0188442962   0.0000836523
 8 14   0.0001402762  -0.0105092784   0.0118955814  -0.0715027016  -0.0037511025
 8 15  -0.0075234038   0.0006047031   0.0000046518   0.0023486679   0.0000062956
 8 16  -0.0000049262   0.0000015726  -0.0000872196
 9  1   0.0026306907  -0.0317281828   0.0856203952   0.0428965952   0.0093054635
 9  2  -0.2216142324   0.0194932216  -0.0029636601  -0.0271178290  -0.0109327688
 9  3  -0.0000942643   0.1381519119  -0.0285295109  -0.0261704973  -0.0510461774
 9  4   0.0168586267   0.0014674045  -0.0715710664  -0.0058766628  -0.0675252363
 9  5  -0.0284748647  -0.0678263674   0.0490545476   0.0230819233   0.0036607808
 9  6   0.0232228607  -0.0238892150  -0.1094746598  -0.0039487069  -0.0130140837
 9  7   0.0028581015   0.0047904994   0.1077177735  -0.0626074279   0.0039248033
 9  8   0.1714009803   0.0580374356  -0.0911474531  -0.0085429343  -0.0201385042
 9  9  -0.0204204496   0.0058402493   0.1301745239  -0.1342249263   0.0358544046
 9 10  -0.0062662433   0.0053458977  -0.0085178619  -0.0461671840   0.0095293763
 9 11  -0.0199893559  -0.0248020727   0.0124142704  -0.0007930009  -0.0194473142
 9 12  -0.1385345303  -0.0068042357  -0.0035210776  -0.0125597435   0.0000304998
 9 13   0.0003829234   0.0187241037  -0.0001961713   0.0383926693  -0.0000929774
 9 14   0.0001315272  -0.0055246911   0.0053007474  -0.0336269357  -0.0017687680
 9 15  -0.0026793220   0.0021493890   0.0000040772   0.0003433190   0.0000003892
 9 16  -0.0000008357  -0.0000107684  -0.0006395109
10  1   0.0067275607   0.0781270593   0.0458205184   0.1417090642   0.0884123808
10  2   0.0305477172  -0.0001190262   0.0457475181   0.0992292165   0.0897104300
10  3   0.0095197136  -0.0362697776   0.0296401568  -0.0055346168  -0.0478274812
10  4   0.0484475092   0.0475373365   0.0500513655  -0.0045853436  -0.0411001723
10  5  -0.0133022108  -0.0208549222  -0.0112373775  -0.1125014523   0.0158983626
10  6   0.0482039823   0.0418033446   0.0491407541   0.0020405251  -0.2794930592
10  7  -0.0109550353  -0.0624395432   0.0250782414  -0.0240641127   0.0718426294
10  8  -0.0255792949   0.0300438806  -0.0179859967   0.0199256210   0.0123243378
10  9   0.0198148317  -0.0093146848  -0.0260610388   0.0237472225  -0.0076899631
10 10   0.0059827701  -0.0234708691  -0.0148626207  -0.0005658264  -0.0153252774
10 11   0.0085088036  -0.0292890627  -0.0000660694  -0.0000860644  -0.0025290509
10 12  -0.0156948828  -0.0001579704  -0.0001144956  -0.0002257418   0.0001300133
10 13  -0.0001564957  -0.0016134912  -0.0096806842   0.5411270322  -0.0000607143
10 14   0.0000169466  -0.0002569406  -0.0000698314   0.0007275040   0.0002153437
10 15   0.0005530861  -0.0000861294  -0.0000005466  -0.0001239826   0.0000105215
10 16   0.0000099527  -0.0000017318  -0.0013212615
11  1   0.0532355504   0.1764904265  -0.0575479730  -0.0065674926  -0.1909374270
11  2  -0.0821755583   0.0047210350   0.0447283101  -0.0203139528  -0.0009544193
11  3  -0.0071145719  -0.0228438040   0.0052575786  -0.0110841952  -0.0002385508
11  4  -0.0345702516  -0.0377079173  -0.0905894119  -0.0151452277  -0.0941314810
11  5  -0.0194643059  -0.0373668778   0.0307466881   0.0246557929   0.0006533029
11  6   0.0091926653   0.0384890655   0.0266654972  -0.0007850392  -0.1821829216
11  7  -0.0112678428  -0.0463226076  -0.0575595758   0.0034523626   0.0453480307
11  8  -0.0678506631   0.0036672176   0.0231632390   0.0073205237   0.0193934455
11  9   0.0256454495  -0.0108911098  -0.1569627088  -0.0693175539   0.0223504954
11 10   0.0050994607  -0.0203241863   0.0228882862   0.0158923736  -0.0971733917
11 11   0.0333724208  -0.0901599575  -0.0081184196  -0.0096868517  -0.0169056864
11 12  -0.0725163293   0.0013991809  -0.0001492353  -0.0006976650  -0.0001716528
11 13   0.0001311260   0.0053142694   0.0091410546  -0.3906330026   0.0000417445
11 14   0.0000547514   0.0000902980   0.0004223135  -0.0021524325  -0.0002034805
11 15  -0.0005505636   0.0000661762   0.0000230670  -0.0000702442  -0.0000049733
11 16  -0.0000321102  -0.0000098860  -0.0015397266
12  1   0.0455151085  -0.0312959329   0.0954802580   0.0429468746   0.0228835238
12  2  -0.2569702388   0.0050145074   0.0390623935   0.0266928937   0.0366776019
12  3   0.0033497893   0.0362985632  -0.0261334957  -0.0149092997   0.0135657531
12  4   0.0179844335  -0.0135409089  -0.0947083046   0.0052456742   0.0148357644
12  5   0.0011689231  -0.0109978054   0.0148483334  -0.0193590325   0.0046162204
12  6   0.0342584849   0.0416632046  -0.1687156598  -0.0118716985  -0.1585306806
12  7  -0.0148116698  -0.0477394828  -0.0990228314   0.0129522925   0.0493567418
12  8  -0.0598465933   0.0055277922   0.0020981110   0.0158313175   0.0086983125
12  9   0.0182697387  -0.0115586097   0.1567962993   0.1216778606  -0.0378297283
12 10   0.0046156760  -0.0218165198  -0.0581477637  -0.0285952414   0.0946391033
12 11  -0.0374958620   0.0788345375   0.0062360046   0.0088067231   0.0155439188
12 12   0.0734310818  -0.0012808591  -0.0004275649   0.0007421870  -0.0000217009
12 13  -0.0000520119   0.0006557534   0.0025653437  -0.2522197093   0.0001117554
12 14  -0.0000295278   0.0008456250   0.0000313180  -0.0001864715   0.0003675235
12 15   0.0004187819   0.0002236462  -0.0000233692   0.0000204490  -0.0000024768
12 16   0.0000215535   0.0000195182   0.0029334445
13  1   0.0204232482   0.0937027061   0.0118400708   0.1440679582   0.0825776812
13  2  -0.0021097866  -0.1366510767   0.0996944137   0.0168321974   0.2898506714
13  3   0.0213998884  -0.0964825433   0.0527054176   0.0146604933  -0.0410504020
13  4   0.0189647593   0.0596467327   0.1575209677   0.0031590336   0.0191925497
13  5  -0.0002428784   0.0061369866  -0.0226934125  -0.0693691740   0.0077454715
13  6   0.0253663011   0.0012323576   0.0079795300   0.0035082959   0.0194958272
13  7   0.0046883123   0.0095152399   0.0927111356  -0.0239763093  -0.0024837784
13  8   0.0568311448   0.0159341195  -0.0337598578   0.0030149415  -0.0112530007
13  9  -0.0140433883   0.0071593868   0.0527318234   0.0282205401  -0.0124135775
13 10  -0.0049483059   0.0283513133   0.0278136981   0.0224418285  -0.0173864088
13 11   0.0080807717  -0.0062889073  -0.0018084166  -0.0016839289  -0.0011550971
13 12   0.0009770861  -0.0000139138  -0.0001048580  -0.0003179692  -0.0000917575
13 13   0.0000803458   0.0028906934   0.0060923761  -0.3368411946   0.0000560565
13 14  -0.0000048514   0.0002242274   0.0000489833  -0.0007103071  -0.0000011001
13 15  -0.0001894167   0.0001765462   0.0000001930   0.0000069932  -0.0000053815
13 16  -0.0000058966   0.0000024054  -0.0003596064
14  1   0.0863325731   0.1770120835  -0.0918264777   0.0190108304  -0.2457847065
14  2  -0.1033639479  -0.0860377172   0.0978229891  -0.1364647238   0.1788587239
14  3   0.0318783320  -0.0520533592   0.0223458892   0.0188898587  -0.0021806713
14  4  -0.0021553798   0.0123466215   0.0616747705  -0.0082425927  -0.0473851044
14  5  -0.0136062663  -0.0285618795   0.0363300309   0.0765196732  -0.0062069565
14  6   0.0037646553   0.0066189359  -0.1638838870  -0.0073762476   0.1130590499
14  7  -0.0012434120   0.0177960352  -0.0619666696   0.0217959926  -0.0236184169
14  8  -0.0198062487  -0.0214570819   0.0246803752  -0.0071796210   0.0022595755
14  9   0.0020169655  -0.0008956643  -0.0357106231  -0.0263426504   0.0099252794
14 10   0.0024678815  -0.0173315178  -0.0264188930  -0.0216042862   0.0328234485
14 11  -0.0133372244   0.0238975780   0.0025755029   0.0026163500   0.0036597705
14 12   0.0121088239  -0.0002469812   0.0001254313   0.0003247723   0.0000974710
14 13  -0.0000570516  -0.0033684178  -0.0053378806   0.2662374356  -0.0000354413
14 14  -0.0000156455  -0.0002692720  -0.0000500704   0.0005160369   0.0000273938
14 15   0.0001981809  -0.0001647314  -0.0000053241  -0.0000175727   0.0000031143
14 16   0.0000103594   0.0000017257   0.0007210377
15  1   0.0102411537   0.0089852315   0.0793820576  -0.0061830858   0.1261676614
15  2  -0.2979037563  -0.1617987723   0.0677772110   0.0579815381   0.1805032157
15  3  -0.0493034727  -0.0575904518  -0.0038727134  -0.0210534867   0.0368518862
15  4  -0.1238989614  -0.0916161781  -0.1515584236   0.0100815287   0.0724183627
15  5   0.0242385647   0.0437295400  -0.0231694474   0.0147810284  -0.0055470123
15  6  -0.0345694099   0.0031397685   0.1716910295   0.0083953056   0.0582452219
15  7   0.0059453132   0.0175615063  -0.0177789313   0.0107113150  -0.0148887815
15  8  -0.0064753933  -0.0130749031   0.0159439982  -0.0059967773   0.0023558300
15  9   0.0019314454  -0.0011707840  -0.0228268932  -0.0238855822   0.0084152587
15 10   0.0004077434  -0.0037889634   0.0012537562  -0.0018814272  -0.0087552783
15 11   0.0026437440  -0.0084502523  -0.0006044093  -0.0010865671  -0.0020280628
15 12  -0.0108142645   0.0002253129   0.0001174444   0.0000420281   0.0000229080
15 13  -0.0000067612  -0.0019508693  -0.0019319341   0.1338951704  -0.0000450221
15 14   0.0000015978  -0.0003207300   0.0000392024   0.0001087348  -0.0000661112
15 15  -0.0000233341   0.0000941469   0.0000041994   0.0000720280   0.0000019822
15 16  -0.0000034368  -0.0000047232  -0.0002061103
16  1   0.0171206834   0.0670503405   0.1031788376   0.1227386660   0.1432497187
16  2   0.0331461174   0.1388915607   0.0177052352   0.2896020717  -0.1024432627
16  3  -0.0248806799  -0.1627208054   0.0635183516  -0.0051074442  -0.0350584135
16  4  -0.1157585844  -0.0305448202   0.0300706488  -0.0119995708  -0.0699562836
16  5  -0.0196780940  -0.0384807483   0.0382390950   0.0593047511  -0.0024316808
16  6   0.0219465231   0.0452698512  -0.0946867895  -0.0012262655   0.0943314556
16  7   0.0004895774   0.0166383534  -0.0114842497   0.0035268443  -0.0127727554
16  8   0.0063964812  -0.0048714540   0.0033741998  -0.0025121191  -0.0008740548
16  9  -0.0032845784   0.0029182804  -0.0751650008  -0.0517469228   0.0168900729
16 10   0.0020964768  -0.0175285204  -0.0241124500  -0.0255992549   0.0274326829
16 11  -0.0145516149   0.0236994520   0.0010635342   0.0011505881   0.0023120044
16 12   0.0090535820  -0.0000446726  -0.0001163170   0.0000030951   0.0000032841
16 13   0.0000059464  -0.0000644431   0.0008459849  -0.0448890629   0.0000109650
16 14   0.0000013946   0.0000317402  -0.0000100676   0.0000747549  -0.0001123261
16 15  -0.0002234064  -0.0000577177   0.0000047398  -0.0000588212   0.0000021456
16 16  -0.0000016098  -0.0000119243  -0.0374333512
17  1   0.1058480884   0.1431262076  -0.0244213955   0.0255927529  -0.2471345087
17  2  -0.0693580573   0.1589943002   0.0403651040   0.0363818024  -0.1253011175
17  3   0.0262904949  -0.0797147224   0.0221858966   0.0177093113   0.0038964123
17  4  -0.0351498840  -0.0197353710  -0.0084855518  -0.0083641868  -0.0415933902
17  5  -0.0061516987  -0.0073595776   0.0107300264   0.0418768546  -0.0044765705
17  6  -0.0172350520   0.0317902323   0.2209138940   0.0129489910   0.0179809971
17  7   0.0132002380   0.0202529361   0.0731435450  -0.0126602462   0.0024822170
17  8   0.0282321095   0.0190504521  -0.0269251291   0.0024552336  -0.0062106576
17  9  -0.0033002436  -0.0016914174   0.1866263355   0.0891579663  -0.0273459822
17 10  -0.0036762373   0.0215186752   0.0136806885   0.0133986504   0.0061376793
17 11  -0.0018544330   0.0077617038   0.0018398924   0.0020112388   0.0027829708
17 12   0.0131572622  -0.0005679478  -0.0000415707   0.0000723963   0.0000428067
17 13   0.0000181603  -0.0000356330  -0.0016096800   0.0365264414   0.0000010542
17 14  -0.0000182224   0.0000531409  -0.0000275266   0.0003638380   0.0000307716
17 15   0.0000984318  -0.0000476569  -0.0000117775   0.0000580997   0.0000020591
17 16   0.0000166896   0.0000057459  -0.0043631427
18  1   0.1285460199  -0.0819129446   0.1246849820   0.1051998738  -0.0957462937
18  2  -0.2367723548   0.1994249509   0.0442432789   0.0367643723  -0.0837038214
18  3   0.0735114453  -0.0012737514  -0.0138693142   0.0238152418   0.0159417165
18  4   0.0801124614   0.0477523513   0.0446687430   0.0242140619   0.1437535184
18  5   0.0330218007   0.0602631031  -0.0592179550  -0.1219226187   0.0102914143
18  6   0.0308200458   0.0231703401  -0.0551053102  -0.0007602557   0.0700430704
18  7  -0.0028549165   0.0079891162  -0.0279116264   0.0106345969  -0.0181805969
18  8  -0.0042950455  -0.0212954534   0.0203348765  -0.0052612630   0.0012192069
18  9  -0.0010913511   0.0021888200  -0.0795457453  -0.0344506163   0.0090972304
18 10  -0.0009521541   0.0083587708   0.0219871600   0.0187883570  -0.0370978271
18 11   0.0184476047  -0.0305872861  -0.0032059305  -0.0039240089  -0.0053316227
18 12  -0.0221296147   0.0004908097   0.0002001887  -0.0000512731  -0.0000015084
18 13   0.0000416317   0.0000967330   0.0003774143   0.0180593295  -0.0000051801
18 14   0.0000128511  -0.0001658049   0.0000575201  -0.0002650136  -0.0001296880
18 15  -0.0002225055   0.0000664787   0.0000089121   0.0000518726  -0.0000052310
18 16  -0.0000184085   0.0000111204   0.0481600960
19  1  -0.0442336871   0.0719197870  -0.0156581087   0.1798532805  -0.0238242738
19  2   0.0901806165   0.0060188172  -0.0068548993  -0.0841961490  -0.0332181267
19  3   0.1154036910   0.0959478437   0.0369716390  -0.0745275240  -0.1662634013
19  4  -0.1373918616  -0.0090000728  -0.0616800702   0.0359092964   0.1588413568
19  5   0.0068463636  -0.0346010552   0.0511946214   0.0650574194  -0.0019714900
19  6   0.0039710860   0.0115997190  -0.0002562616  -0.0000459883  -0.0313848045
19  7   0.0166275707   0.0224432741  -0.0171134376   0.0337751172   0.0086360797
19  8   0.0898145115  -0.0616941888  -0.0178497098   0.0063455616  -0.0224419744
19  9  -0.0251079257   0.0180872461  -0.0757738052   0.0903945270  -0.0166599148
19 10   0.0029863463  -0.0096711823  -0.0097847477  -0.0068011031  -0.0016010141
19 11   0.0042115126  -0.0186731372   0.0006607058   0.0052347493   0.0025430593
19 12   0.0041579738  -0.0009946412  -0.0000638112  -0.0018937465   0.0000611376
19 13   0.0001485774  -0.0537900166  -0.0013070955  -0.0036012702   0.0000520572
19 14  -0.0000060789  -0.0001177730  -0.0000107513   0.0000066274  -0.0004616064
19 15  -0.0002376093  -0.0495149332  -0.0000208293   0.0284774689   0.0000200054
19 16  -0.0000006045   0.0000014051  -0.0000104335
20  1  -0.1270055456   0.2633625673  -0.1007530707  -0.1235610135   0.0264422684
20  2  -0.0887872501  -0.1854775173  -0.0316992149   0.0857840784  -0.2495819621
20  3   0.0394177313  -0.0514582077  -0.0055146823   0.0400602389  -0.0530812988
20  4   0.0065742944   0.0363703065   0.0337729971   0.0193953387   0.1062200083
20  5   0.0184849188   0.0264087339  -0.0226071957  -0.0432050625   0.0040203881
20  6   0.0099939698   0.0037037143  -0.0255887885  -0.0000127302   0.0087468345
20  7  -0.0170607374  -0.0253252587  -0.0821193205  -0.0427794348   0.0329620470
20  8   0.0507048970   0.0491982500  -0.0284755124  -0.0203698861  -0.0036792319
20  9   0.0105891762  -0.0099287398   0.0777552300  -0.0504977845   0.0350153281
20 10   0.0004262014  -0.0204628637   0.0131342656  -0.0450244603  -0.0429618439
20 11  -0.0212512048  -0.0233393707  -0.0059286584   0.0110462966   0.0109510234
20 12   0.0505830303   0.0028788820   0.0012018943   0.0044589121   0.0000359606
20 13  -0.0000386479   0.0373870002  -0.0002701031   0.0059259088  -0.0000007126
20 14   0.0000131496   0.0000239049  -0.0001510840   0.0017181177   0.0001061026
20 15   0.0004678569   0.0272352098  -0.0000352942   0.0615762500   0.0000502792
20 16  -0.0000024905  -0.0000039045  -0.0001612493
21  1  -0.0511953962   0.0106392553   0.0648098765  -0.0090011948   0.1131182479
21  2  -0.2511691993  -0.0888975675  -0.0066356412   0.0425358620  -0.1054117227
21  3   0.0496294209   0.0666102508  -0.0431100169   0.0378406453  -0.0278788360
21  4   0.1420518857   0.0822178478   0.0520910000  -0.0030663664  -0.0451893020
21  5  -0.0224579361  -0.0646554066   0.0831349475   0.1504441601  -0.0117237199
21  6  -0.0256682025   0.0067866666   0.0443333867   0.0002768052  -0.0340139809
21  7   0.0281056651   0.0395031419   0.1421885361   0.0638661461  -0.0620928902
21  8  -0.0879344101  -0.0760382556   0.0641505818  -0.0207456260  -0.0091264567
21  9   0.0032732966   0.0005326577  -0.0638423142   0.0417412133   0.0009956554
21 10   0.0026254683  -0.0091256501   0.0058185628  -0.0038466455  -0.0205965363
21 11   0.0027790892  -0.0150205292  -0.0049081505   0.0041686237   0.0065790429
21 12   0.0386205571   0.0007982584   0.0005818394   0.0016156819   0.0000460257
21 13   0.0000284214  -0.0345895557  -0.0006625798  -0.0067236152   0.0000404305
21 14  -0.0000157710   0.0000365239   0.0000252981   0.0014564478   0.0000802613
21 15  -0.0002355866   0.0010164875  -0.0000219678   0.0430007956   0.0000296260
21 16  -0.0000075185  -0.0000050822  -0.0000667658
22  1  -0.0165405483   0.0884653658  -0.0300832429   0.1710687167   0.0030714000
22  2   0.0420227988  -0.0222051358   0.0226628734   0.0326416256  -0.0301148798
22  3  -0.0404246203   0.0941146211  -0.0039526710   0.0035739705   0.0355151414
22  4   0.0919476325  -0.0682405000  -0.0025322163  -0.0200507442  -0.0157468481
22  5   0.0448402349   0.1344617981  -0.0409294983   0.0752160041  -0.0192664555
22  6  -0.0853495822   0.0275536335  -0.0502678064   0.0003735824   0.0296639473
22  7  -0.0090205854  -0.0165914039   0.0631289084   0.0171384171   0.1521385385
22  8   0.0315322226  -0.0518927971   0.0754792909  -0.0441805513   0.1079922542
22  9  -0.0993342965   0.0466488086   0.0233690820  -0.0165525723   0.0121357230
22 10  -0.0302645013  -0.0403039963  -0.0037893635   0.0363003443  -0.0116096715
22 11  -0.0067848666  -0.0057173210   0.1315485796  -0.0560091127   0.0424558804
22 12   0.0127829396   0.0190934958  -0.0305841771  -0.0005430168   0.0043839063
22 13  -0.0047182740  -0.0005002074   0.0015846639  -0.0002653004   0.0367707799
22 14  -0.0380250490   0.0013775224   0.0056504714   0.0005442339   0.0007490814
22 15  -0.0000157679  -0.0000060982   0.0002278649  -0.0000049853  -0.0003464684
22 16  -0.0000599102  -0.0002000543  -0.0000174124
23  1  -0.0782695131   0.1529853026   0.1335698567  -0.1135262834   0.0464132638
23  2   0.0311585302   0.1311812723  -0.0785023462  -0.0251211046   0.1432768027
23  3   0.0824589446  -0.0145565508  -0.0455490094   0.0126812270   0.0262854655
23  4  -0.0293626923   0.0868591078  -0.0731830549   0.0006161172  -0.0166095987
23  5  -0.0023888162   0.0397674782  -0.1485385254   0.1050324723  -0.0256985070
23  6   0.0696921611   0.0046584928  -0.0183895299   0.0072731677  -0.0176572272
23  7   0.0181255527   0.0050026228   0.0084541029  -0.1271535252  -0.0156788828
23  8   0.0285888488  -0.0509903116   0.0926227996   0.1002349892   0.0228826213
23  9  -0.0150721737   0.0076954669   0.0176243963   0.0328172769   0.1172246986
23 10   0.0327645269  -0.0103025153   0.0008940460   0.0386805312   0.0108460168
23 11  -0.0158972670  -0.0043887315  -0.0260865276   0.0192390586   0.0210684603
23 12  -0.0042154490   0.0306554311  -0.0641039078   0.0025940378  -0.0032515765
23 13  -0.0047881013  -0.0000551144   0.0167128519   0.0001398205   0.0430910064
23 14   0.0587799470  -0.0000545956  -0.0062307942  -0.0006005286   0.0041976774
23 15  -0.0023412160  -0.0000118774  -0.0003269166  -0.0000057160  -0.0001806215
23 16  -0.0001007905  -0.0001968467  -0.0000006921
24  1  -0.1951458123  -0.0204424560   0.0375378436   0.0266236173  -0.0159138816
24  2  -0.0814370541   0.0784736171  -0.1017365475  -0.1341348582   0.0235714802
24  3  -0.0124786143  -0.1542658724   0.1084014638  -0.0018618110   0.0305051160
24  4  -0.0108676712   0.0928166449  -0.0668519550   0.0095254864  -0.0182971166
24  5   0.0157995968   0.0104736058   0.0917281962  -0.0530042234   0.0116727953
24  6  -0.0907751491   0.0126901098  -0.0122493616  -0.0196443432  -0.0287159719
24  7  -0.0100845018   0.0175283439   0.0005810479   0.0569782583  -0.0727693230
24  8   0.0609148113   0.0811241245  -0.0022674809  -0.0207846394   0.1838658311
24  9   0.0415556326  -0.0381298995  -0.0266065143   0.0365667615   0.0319818981
24 10  -0.0585570776   0.0109478403   0.0023090090   0.0050515155   0.0184082845
24 11  -0.0190875092  -0.0324223631   0.0793738882  -0.0724794007  -0.0131606782
24 12   0.0186008375  -0.0046557229   0.0241393576  -0.0052287673   0.0036148142
24 13  -0.0009001310  -0.0002742321  -0.0121448357  -0.0028498469  -0.0354613720
24 14   0.0584778725  -0.0009370041  -0.0071567913  -0.0008844003   0.0000153160
24 15   0.0000173094  -0.0000119062  -0.0003540199  -0.0000023005   0.0006364732
24 16  -0.0002327909   0.0006735484  -0.0000073552
25  1   0.0048344206   0.0858239189   0.0147494396   0.1503139731   0.0637235837
25  2   0.0232828984  -0.0128725098   0.0425618059  -0.0812225618  -0.0852608285
25  3  -0.0491320493   0.0723552123  -0.0188296321   0.0388028865   0.1231193700
25  4  -0.0771183440   0.0288282433   0.0109701737  -0.0026757543  -0.0024394529
25  5   0.0016111691   0.0707427407   0.0887656294  -0.0000314620  -0.0058458542
25  6   0.0804464691  -0.0124806851   0.0029050805   0.0401706342  -0.0054283690
25  7   0.0224957595  -0.0169687099   0.0042665458   0.0856324459  -0.0093057825
25  8   0.0444344040   0.0907273859   0.0765382896   0.0054278807   0.0181604364
25  9   0.0035387644  -0.0304902105  -0.0081236574   0.0102171832   0.0035804927
25 10   0.1428719881   0.0415467430  -0.0075594145  -0.0172513553  -0.0053052636
25 11   0.0041285872   0.0088907671  -0.0314206262   0.0291090783  -0.0227989535
25 12  -0.0034420787   0.0043214483  -0.0064218851  -0.0006977394  -0.0456412991
25 13  -0.0350263188  -0.0005624910   0.2841063549   0.0102489446  -0.0031414364
25 14  -0.0008400570  -0.0001075365  -0.0000878680  -0.0000749603   0.0003033401
25 15   0.0002450397   0.0000055547  -0.0006672422   0.0000253466  -0.0011114716
25 16  -0.0000828365   0.0000399303   0.0000367022
26  1   0.0003149073   0.1006175993   0.1895408263  -0.0661201038  -0.0352290632
26  2   0.0537485119   0.0200640680  -0.1477644488   0.0131662785   0.1088553675
26  3   0.0674479989  -0.0499147099  -0.1904204596  -0.0005361983  -0.0419820402
26  4   0.0197219419  -0.0637835779   0.0265201359  -0.0143325962  -0.0020727526
26  5   0.0310048846  -0.0043253215  -0.0366502094   0.0513661776   0.0225328177
26  6   0.1427469084  -0.0208477549   0.0238180027  -0.0223997729   0.0149362138
26  7  -0.0850514082  -0.0258247362   0.0161267459   0.1698657943   0.0115259571
26  8   0.0155767887   0.0554163234  -0.0516446820  -0.0749311924   0.0727515428
26  9  -0.0152227999  -0.0278115054  -0.0126060859  -0.0112627046  -0.0579139412
26 10  -0.0319915634  -0.0113597579   0.0151322068  -0.0117179912   0.0079867441
26 11   0.0049541382  -0.0007927497  -0.0079918572   0.0180327474  -0.0591942935
26 12   0.0031737256   0.0035516924  -0.0064002876  -0.0008278401  -0.0038018423
26 13   0.0046739208  -0.0000235265   0.0184394347   0.0009964914   0.0015312362
26 14   0.0002365827   0.0000942580   0.0001863734   0.0000116746  -0.0001143721
26 15   0.0001571296   0.0000040610   0.0002284795   0.0000003690   0.0000116329
26 16   0.0000323715   0.0001454109   0.0000037850
27  1  -0.1426628275  -0.0620873807   0.0578948718   0.0776306925  -0.1180788436
27  2  -0.0520429491  -0.0188865952  -0.1680035959  -0.0378826404   0.0250655327
27  3  -0.0257944310  -0.1747260332   0.0074612056  -0.0323465463  -0.0696367327
27  4   0.1453877815  -0.1003406516   0.0060459577  -0.0031175578   0.0041580830
27  5   0.0537248646  -0.0360693678   0.0626129685  -0.0252892594   0.0359133525
27  6  -0.0189779963  -0.0051840145   0.0061428325  -0.0628645971   0.0025223055
27  7  -0.0356016713   0.0548429367   0.0002257302  -0.0815992856   0.0507605492
27  8  -0.0119891145  -0.0153156446   0.0854173080   0.0352729216  -0.0892048945
27  9  -0.0335257902   0.0173342189   0.0144640585  -0.0148541487  -0.0059446754
27 10   0.1127390131  -0.0083289726   0.0129482382   0.0074588451   0.0070374800
27 11  -0.0058983742  -0.0030415877  -0.0160816189  -0.0017580456   0.0342525324
27 12  -0.0037105225  -0.0033574751   0.0001408187   0.0019691920  -0.0209941379
27 13  -0.0171282181  -0.0001939483   0.1342902068   0.0045215153  -0.0032062079
27 14  -0.0004291088  -0.0001330002   0.0002322618   0.0000778726   0.0000019018
27 15  -0.0001822117   0.0000064975  -0.0001237334   0.0000083198  -0.0002670870
27 16   0.0001891801  -0.0001216133   0.0000118957
28  1   0.0174483492   0.0944006897   0.0044007711   0.1472560731   0.0732812164
28  2   0.0001033139   0.0031598905  -0.0482687847  -0.0999993873  -0.0575165159
28  3  -0.0450422139   0.0175522013  -0.0332300504   0.0279723862   0.0955185299
28  4  -0.0354320084  -0.0025297367   0.0142173030   0.0012285245   0.0004252700
28  5   0.0137190456   0.0498490497   0.0868427089   0.0107637100   0.0485361774
28  6   0.1007565027  -0.0187315994   0.0195529868  -0.0476456253  -0.0196090348
28  7  -0.0831803759   0.0631449138  -0.0031497596  -0.0032942321   0.0096841462
28  8   0.0178582235   0.0487196823   0.0921265371   0.0358502994  -0.0649755184
28  9  -0.0061016155  -0.0299278769  -0.0020641039   0.0005090242   0.0033900719
28 10   0.0391672903   0.0145061484  -0.0058274534  -0.0048981964  -0.0045758090
28 11   0.0008338090   0.0026591051  -0.0075176362  -0.0029720060   0.0230666004
28 12  -0.0033222153  -0.0075075681   0.0068162767   0.0024034605   0.0423931959
28 13   0.0469708454   0.0009658500  -0.4506268828  -0.0159329638   0.0040341284
28 14   0.0011087814   0.0000841064   0.0000101573   0.0000482023   0.0001285252
28 15  -0.0003230198  -0.0000098742  -0.0011984626  -0.0000277025   0.0006843797
28 16   0.0011221455  -0.0007053882  -0.0000504028
29  1   0.0261579355   0.0639806446   0.2576974256  -0.0553567873  -0.0444808266
29  2   0.0875803926  -0.0525455695  -0.0122558409  -0.0269284016  -0.0050888572
29  3   0.0211607212  -0.0116622579  -0.0768810122   0.0028460131  -0.0085235343
29  4  -0.0083158569  -0.0291453518   0.0243432827  -0.0058293164  -0.0067892263
29  5   0.0340175713  -0.0086163656   0.0833866895  -0.0590918051  -0.0231397804
29  6  -0.0760865933   0.0057567963  -0.0170995413   0.0928908863   0.0185588326
29  7   0.1466427911  -0.0681388671  -0.0031738559   0.0124653578  -0.0099567393
29  8   0.0065836985   0.0194613841   0.0103880836   0.0020829838  -0.0094257702
29  9  -0.0062679184  -0.0315921936  -0.0051372288   0.0012216695  -0.0106287598
29 10   0.0044706274   0.0106084343  -0.0000653491  -0.0132466988   0.0038196606
29 11   0.0020385730  -0.0054058473  -0.0445367944  -0.0785754052   0.3081020796
29 12  -0.0218619692  -0.0035531618   0.0030247427   0.0019086380   0.0401595342
29 13  -0.0333665810   0.0001527200  -0.0789745475  -0.0031218823   0.0019635298
29 14  -0.0003128766   0.0000587606   0.0001465083   0.0000110686  -0.0000590506
29 15   0.0000107459  -0.0000036072   0.0013520332  -0.0000009016  -0.0012044932
29 16   0.0012155074   0.0005711326  -0.0000055542
30  1  -0.1936783476  -0.0644949646   0.0465377176   0.0798580546  -0.1395640367
30  2  -0.0067210676  -0.0217225806   0.0074632212   0.0361201425   0.0118698135
30  3  -0.0165563162  -0.0489978518  -0.0056779441  -0.0048774851  -0.0003005347
30  4   0.0628463787  -0.0486484573   0.0014153320  -0.0148075819   0.0139555712
30  5   0.0151190051  -0.0043649526   0.0162291023   0.0025865198  -0.0659221142
30  6   0.0769156574  -0.0147354436  -0.0099281497   0.1547673998   0.0199686471
30  7   0.1556512999  -0.0788983051  -0.0027175802   0.0158542266  -0.0073760304
30  8   0.0093206431   0.0207446535   0.0262039946   0.0059900584  -0.0023300933
30  9   0.0572943867   0.0908678591   0.0054061837  -0.0010115481   0.0088706634
30 10   0.0389783378   0.0012989643  -0.0010724889   0.0064259706  -0.0037055275
30 11  -0.0017542362   0.0046240155   0.0251298915   0.0559180758  -0.2114197394
30 12   0.0137787315  -0.0018514113   0.0019236124   0.0002471756   0.0165407167
30 13   0.0226136822   0.0003750278  -0.1750176578  -0.0060493014   0.0011025781
30 14  -0.0003131217   0.0000443633   0.0000566509   0.0000364533   0.0000323921
30 15  -0.0001780244  -0.0000013857   0.0008655020  -0.0000116043  -0.0008436154
30 16  -0.0001711130  -0.0007230224  -0.0000220394
31  1   0.0346330778   0.0895201746   0.0504558525   0.1280702881   0.1291793539
31  2  -0.0116660722   0.0056647769   0.0022742937  -0.2326855275  -0.1410846182
31  3  -0.1024053947  -0.0803010175   0.0712394232  -0.0013843849   0.0527548155
31  4   0.0766798062  -0.0531506657   0.0017720751   0.0371366305   0.0274498633
31  5   0.0070834083  -0.1199170465  -0.1244887845   0.0525554327  -0.0050831477
31  6   0.1151774511  -0.0155737542   0.0207846357  -0.0427193588   0.0211571945
31  7   0.0984682020  -0.0544632484  -0.0067829111  -0.0159898343  -0.0103893650
31  8  -0.0160362072  -0.0232111735  -0.0320399871   0.0021680702  -0.0221198074
31  9  -0.0281987144  -0.0517465016  -0.0032839943  -0.0024852286  -0.0065508424
31 10  -0.0926348775  -0.0162833680   0.0021800905   0.0034461617   0.0019340750
31 11  -0.0001054220  -0.0027668675   0.0084175278  -0.0060426848  -0.0027676778
31 12   0.0015070765   0.0012809525  -0.0002672085  -0.0005411077   0.0194063011
31 13  -0.0068594261  -0.0001009803   0.0556129638   0.0021159376  -0.0007443662
31 14  -0.0001513442  -0.0000274613  -0.0000632706  -0.0000257762  -0.0000007496
31 15   0.0000389237   0.0000027523   0.0030634646   0.0000144342  -0.0004308167
31 16   0.0560183323   0.0016774222   0.0000208960
32  1   0.0923465405   0.0170686886   0.3120262873  -0.0161256230  -0.1107030205
32  2   0.1104211186  -0.1680983634  -0.0419174023   0.0076122760  -0.0666639152
32  3  -0.0051036451   0.0360100271   0.0841583639   0.0073540329   0.0407238916
32  4  -0.0094435630   0.0079224277  -0.0017642770   0.0406101008   0.0079921076
32  5  -0.0437645005  -0.0601952215  -0.0662361617  -0.0235592340  -0.0107182171
32  6  -0.1490429217   0.0246826082  -0.0248569484   0.0462691596  -0.0154520297
32  7  -0.0892021484   0.0358890253   0.0122264375   0.0501366700   0.0170979245
32  8   0.0349859700   0.0657628439   0.1039552301   0.0351773358  -0.0542630075
32  9   0.0083888798  -0.0001165869   0.0021317373   0.0012046467   0.0066419270
32 10  -0.0462687221  -0.0081575683  -0.0006472655   0.0048301509  -0.0016836342
32 11   0.0001111172   0.0025054754   0.0116565766   0.0255527006  -0.0910785440
32 12   0.0061565128   0.0012351288  -0.0012584288  -0.0007391888  -0.0542967483
32 13   0.0110058968   0.0000218299  -0.0111961721  -0.0004995397  -0.0000487514
32 14   0.0001627809   0.0000052517  -0.0000115973   0.0000031016   0.0000207232
32 15  -0.0000330697  -0.0000009207  -0.0099309941  -0.0000053001  -0.0015479276
32 16   0.0590415415   0.0013742427  -0.0000062241
33  1  -0.1394664328  -0.1082474645   0.0677099762   0.1334341310  -0.2471666156
33  2   0.0249088990  -0.1400013010  -0.0592685700   0.1685113759   0.0111303731
33  3  -0.0015417350   0.0736105808   0.0782276996   0.0260989329   0.0920863231
33  4  -0.0293334271   0.0271996329  -0.0131722340   0.0346916741  -0.0018155258
33  5  -0.0281339163   0.0328100539  -0.0042088524   0.0431518978   0.0080865006
33  6   0.1461719785  -0.0235519787   0.0157750190   0.0354387786  -0.0173497989
33  7  -0.0464857004   0.0392535991  -0.0161566028  -0.0632369892  -0.0238967374
33  8  -0.0324858365  -0.0589999466  -0.0808795813  -0.0108222900   0.0132632286
33  9  -0.0418500858  -0.0728362860  -0.0055590551   0.0018488249  -0.0033112195
33 10  -0.0391983024  -0.0016531695  -0.0006834329  -0.0023361817   0.0009702321
33 11   0.0003732361  -0.0023247862  -0.0045169462  -0.0185687481   0.0599770413
33 12  -0.0035032320   0.0005782340   0.0000549892  -0.0001544253   0.0720018229
33 13  -0.0141512854  -0.0001386260   0.0663468833   0.0021544205  -0.0002778507
33 14   0.0000873822  -0.0000348916  -0.0000459682   0.0000008416  -0.0000149336
33 15   0.0000068950  -0.0000009243   0.0541420028   0.0000322797   0.0024108470
33 16   0.0150743572   0.0002986802   0.0000127116
34  1   0.0162501790   0.1088551509  -0.0500636341   0.1613912366   0.0328507933
34  2  -0.0159546286   0.0209575099  -0.2040760176  -0.0022301482   0.0528120782
34  3   0.0088172100   0.0322825475  -0.1651850506   0.0484753969   0.1215660508
34  4  -0.0745209781  -0.0386035308   0.0515170467   0.0267899657   0.0323360836
34  5  -0.0419253007  -0.0648376095   0.0574596305  -0.0653630617   0.0016259502
34  6  -0.0830716919   0.0069921744  -0.0037496570   0.0109910914  -0.0098489409
34  7   0.0190544293   0.0246334985  -0.0149403827  -0.0863283082  -0.0170925932
34  8  -0.0280659510  -0.0530908036  -0.0496699615  -0.0015720368   0.0055987557
34  9   0.0694422198   0.1033340981   0.0062817913  -0.0000023623   0.0067584759
34 10  -0.0644226027  -0.0121565024  -0.0001587466   0.0050491197   0.0003807871
34 11  -0.0001493146  -0.0014384083   0.0105999502  -0.0040031269  -0.0062461880
34 12   0.0020336786   0.0010743234  -0.0012460822  -0.0005301441  -0.0044348675
34 13   0.0495899398  -0.0001152094   0.0898728077   0.0034021242  -0.0009443353
34 14  -0.0002463653  -0.0000320832   0.0000300384   0.0000016453  -0.0001022859
34 15   0.0001093055   0.0000004680  -0.0021234729  -0.0000325001   0.0411036153
34 16   0.0019291963  -0.0609252512   0.0000361689
35  1  -0.0048908091   0.0646036409   0.2870042013  -0.0790756165   0.0059639382
35  2   0.1059447889  -0.0344338498   0.1750224130  -0.1061335816  -0.0872355964
35  3  -0.0160858239  -0.0060259880  -0.0225953781  -0.0018902585  -0.0069264960
35  4  -0.0116239086  -0.0023571543   0.0102937739  -0.0385101246   0.0002626020
35  5   0.0227667146   0.0514759182   0.1321456202  -0.0557756242  -0.0647650478
35  6   0.0244389329  -0.0060596665   0.0138701891  -0.0760253427  -0.0089195275
35  7  -0.0159547420   0.0455485137  -0.0141734261  -0.1224585745  -0.0059651835
35  8  -0.0481214665  -0.1046475020  -0.1047643278  -0.0234633419   0.0452626789
35  9  -0.0135681064   0.0136581034   0.0035125294  -0.0015165058   0.0072506865
35 10   0.0203184921  -0.0035195891  -0.0005892149   0.0070982855  -0.0016104161
35 11  -0.0015236830   0.0004742276   0.0226571627   0.0159836339  -0.0838505443
35 12   0.0073901297   0.0003899847  -0.0012595288  -0.0002611681  -0.0031963689
35 13   0.0662346526   0.0000150340   0.0355489958   0.0017801825  -0.0007228624
35 14  -0.0002379768  -0.0000357711  -0.0000043577  -0.0000077692  -0.0000138045
35 15   0.0000700726   0.0000057604  -0.0002008261  -0.0000084982   0.0182996274
35 16  -0.0011554007   0.0388673334   0.0000027806
36  1  -0.3030138507  -0.0270208797   0.0138165542   0.0331304175  -0.0655328534
36  2   0.0169556527   0.0852144851   0.2712140070   0.0048998405   0.0019471192
36  3  -0.0115939677   0.0043709836  -0.1312512354   0.0201729577   0.0454651041
36  4  -0.0253472336  -0.0341269759   0.0298458783  -0.0203728366   0.0535710188
36  5  -0.0663136146  -0.0739136080  -0.0503153395  -0.0211737792  -0.0531266405
36  6  -0.0274769529   0.0081147609   0.0088788826  -0.0866706342  -0.0013705723
36  7  -0.0529461288   0.0129765032   0.0067492245   0.0447546655   0.0100734230
36  8   0.0183402377   0.0451931889   0.0534732584   0.0139255759  -0.0363319011
36  9   0.0154205759   0.0079921302  -0.0002394907  -0.0016403032  -0.0063019168
36 10  -0.0424750409  -0.0048987082   0.0011168540  -0.0022696967   0.0014960434
36 11   0.0012746604  -0.0010655269  -0.0104904670  -0.0136123329   0.0559119907
36 12  -0.0043256476  -0.0001043175   0.0012982069  -0.0000335166  -0.0011142685
36 13  -0.0427613776  -0.0000513216  -0.0059150543  -0.0000757431  -0.0004894405
36 14   0.0001023924  -0.0000105824  -0.0000097414  -0.0000122755  -0.0000334749
36 15   0.0000813885  -0.0000022444   0.0009554896   0.0000315252  -0.0314875971
36 16   0.0008807535  -0.0420198753   0.0000138125
37  1  -0.0505368760   0.0527749253   0.0434712951   0.1679084636   0.0098608159
37  2   0.1195327636  -0.0140438769  -0.0296933447  -0.0497837185   0.0109083911
37  3   0.0581789001  -0.1689091603  -0.1532050298   0.0117300437   0.0090268191
37  4   0.0487821830   0.1781238174  -0.2387864523  -0.0152219413  -0.0712904463
37  5   0.0416517602   0.1795403232  -0.2213246126   0.1747060252  -0.0548240992
37  6  -0.1333496171   0.0623904732  -0.0990799896  -0.0299040155  -0.0889951643
37  7   0.0449325064   0.0362604687   0.0102975152  -0.2302961337  -0.2709005636
37  8   0.1396695745  -0.0063802633  -0.0258539238   0.0907919422  -0.0950813144
37  9   0.3215748804  -0.1412248467  -0.0299734081  -0.1209416245  -0.4716489070
37 10   0.1220450111  -0.1757813518   0.1320904697  -0.2585717589  -0.1790463926
37 11   0.3910099466   0.2993868837   0.4653061968   0.2828630032   0.2313611690
37 12  -0.0297235532  -0.1286499580  -0.0129656038   0.0951224836  -0.0040637207
37 13  -0.0136507419   0.0024079656   0.0199554307  -0.0063544312   0.0010789950
37 14  -0.0230259890  -0.0450393430  -0.1597797997  -0.0215457882   0.0518488760
37 15  -0.0374685452   0.0001132033   0.0000062986   0.0002854888   0.0000602008
37 16  -0.0000161513   0.0000438031   0.0000428901
38  1  -0.1427933678   0.2085144017   0.0555035072  -0.1493352508   0.1020904722
38  2  -0.0044306815   0.1954880206  -0.0316744428   0.0167560955   0.1709944360
38  3   0.1276609589   0.1465432442   0.2515359886   0.0315400876   0.1291628635
38  4   0.0988236803  -0.1279919508   0.0200981322   0.0098973578   0.0423610151
38  5   0.0139889931   0.0091354729   0.0635461837   0.0280499117  -0.0004449406
38  6  -0.0335371697   0.0191774341   0.0019645515  -0.0052642205   0.0083881282
38  7  -0.0740671415  -0.1070548922   0.0114243033  -0.0376638352  -0.1138030529
38  8   0.0257391801  -0.0368611939  -0.0258373169   0.0452149644  -0.0663165868
38  9   0.0517695686  -0.0171520146   0.0052670831  -0.0429406718  -0.1307951730
38 10   0.0433836202  -0.0413659674   0.0259047560  -0.0785024186  -0.0653393312
38 11   0.1057388327   0.0926102965   0.1083480109   0.0783753919   0.0637946202
38 12  -0.0070716233   0.1632556059   0.0957630900  -0.1497553584  -0.0007677563
38 13  -0.0007514272   0.0013920778  -0.0005701510   0.0026949494  -0.0066879846
38 14   0.1084752260   0.2315724140   0.8054379185   0.0935208020  -0.2843190414
38 15   0.1856519303  -0.0002702371   0.0000106023  -0.0005130640  -0.0000761835
38 16   0.0001784393   0.0003837194  -0.0001129246
39  1  -0.0371795238  -0.0749699062   0.0848886585   0.0946006302  -0.1239586524
39  2  -0.1149806997  -0.0393386325  -0.1195570811  -0.1065896011  -0.0753420875
39  3  -0.2441423528  -0.0837316185  -0.2332048357  -0.0592006324  -0.1870150096
39  4  -0.2305374661   0.2305631658   0.1106632934  -0.0298165853  -0.1060090507
39  5   0.0170968062   0.1774500945  -0.3243712113   0.1036575319  -0.0488484677
39  6  -0.0560914697   0.0639569027  -0.0516270167  -0.0129923038  -0.2660164787
39  7   0.3071960459   0.3910581854  -0.1426719847  -0.0478745523   0.0231339885
39  8  -0.0766232324   0.2404959015  -0.0010927185  -0.2651841308  -0.1278967799
39  9  -0.1209239253   0.0639277316  -0.0476112166  -0.0382012963  -0.1193024971
39 10  -0.0538396936   0.1745813438  -0.1744982948   0.0574565506  -0.0740991688
39 11  -0.1544417498  -0.0499184813  -0.0193849371  -0.0658102420  -0.0645774760
39 12  -0.0062162146  -0.4292269724  -0.2350240190   0.3774554538  -0.0045061381
39 13  -0.0078042961  -0.0020384289   0.0255070603   0.0062917788  -0.0002959930
39 14   0.0401470036   0.0849473309   0.2907887067   0.0356070156  -0.1163004857
39 15   0.0748935050  -0.0001078807  -0.0000454600  -0.0001782735  -0.0000048579
39 16   0.0000433047   0.0002229538  -0.0000627776
40  1  -0.0520104366   0.0739657070  -0.0359089810   0.1883880625  -0.0486991942
40  2   0.0957012823  -0.0111965403  -0.0091918074   0.0184758439  -0.0055441383
40  3  -0.1116061107  -0.0969690568  -0.0312633323  -0.0284326860   0.0591972382
40  4   0.1594777812   0.0614085051  -0.1475350579   0.0023352086   0.0267248019
40  5   0.0575624402   0.1148470672   0.0534238029   0.0179482310  -0.0081256819
40  6  -0.1712309348   0.0319206692  -0.0821371845  -0.0395427086  -0.0379614566
40  7   0.0377832182   0.0957145152   0.0367959745   0.4039612343  -0.0419421803
40  8   0.0372879749   0.0427224220  -0.4766138492  -0.0647484591  -0.2371237968
40  9   0.2364626952  -0.1291882054   0.0117127106  -0.0085128310   0.2362790002
40 10   0.0513184936  -0.2673249239  -0.0855102036   0.5801894603  -0.1583588780
40 11  -0.2649929765   0.1697633333   0.0102201549   0.4670802593   0.3013339912
40 12  -0.0778976465   0.0441677674   0.0240029399  -0.0302487127   0.0054408658
40 13   0.0068239483  -0.0001504916  -0.0276503521   0.0044993181  -0.0121603000
40 14   0.0079970110   0.0118936095   0.1290389528   0.0206579472   0.2703480494
40 15  -0.1428123900   0.0002521154  -0.0000631805  -0.0006902596  -0.0001705437
40 16  -0.0000097223  -0.0001893542   0.0001138758
41  1  -0.1759974603   0.2367761077   0.0161341669  -0.1678405859   0.1310263528
41  2  -0.0223183975   0.2197315660  -0.0086762508   0.0369893119   0.1782731275
41  3   0.1583838873   0.2111104609   0.4021382272   0.0482880880   0.1924914168
41  4   0.1787667382  -0.2503042917   0.0473575843   0.0193239010   0.0855547251
41  5   0.0138646475  -0.0587398828   0.2674212024  -0.0744436114   0.0335440651
41  6  -0.0434665685  -0.0100941056   0.0426901503  -0.0027271782   0.1402540515
41  7  -0.2298560026  -0.2831118207   0.0658032519   0.2073782219  -0.0733403228
41  8  -0.0053464507  -0.1064037018  -0.1919296083   0.1132785902  -0.0574226920
41  9   0.0293188061  -0.0154071575   0.0275323223   0.0302615872   0.1637718635
41 10   0.0076218012  -0.0954490443  -0.0003240737   0.1163399828  -0.0388063699
41 11  -0.0091611614   0.0608857898   0.0305027451   0.1512359483   0.0945700414
41 12  -0.0368709425  -0.4146389957  -0.2126330778   0.3668518470  -0.0004182518
41 13  -0.0037344388   0.0006948763   0.0065110037  -0.0033139763   0.0295468543
41 14  -0.0120635275  -0.0260887204  -0.2242739971  -0.0356693599  -0.4417817470
41 15   0.2406718147  -0.0004487069  -0.0000582758   0.0004925765   0.0001127254
41 16   0.0000819780   0.0000654190   0.0000591303
42  1  -0.1517549656  -0.0018197076   0.0439393702   0.0047067745   0.0490433699
42  2  -0.1485431434   0.0564256719  -0.0663852691  -0.1255474857  -0.0213779059
42  3   0.0771016000   0.0901875132   0.1809836605   0.0347253295   0.0074229688
42  4  -0.0955026938  -0.1131322229   0.1549438628  -0.0185274852  -0.0702030736
42  5   0.0067498324   0.0384808638   0.0717557655  -0.0596298487   0.0124792683
42  6  -0.0499587446   0.0177948260   0.0673059080   0.0059090044   0.1048911871
42  7  -0.2573339176  -0.3532713575   0.0264624790   0.0878816380  -0.1157620127
42  8  -0.0616997160  -0.1626311926  -0.0411844479   0.1722946243  -0.0012575547
42  9  -0.1896147757   0.1054828000   0.0679934110   0.0221834714   0.1031780777
42 10  -0.0297685512   0.0152989713   0.0436094052  -0.1927923157   0.0512770186
42 11   0.1785811144  -0.0164274422  -0.0376912372  -0.0796431218  -0.0606731931
42 12   0.0001164138  -0.2944592746  -0.1376216716   0.2467600456   0.0008373677
42 13  -0.0003805661   0.0012957888   0.0014250892  -0.0020152960  -0.0355172257
42 14   0.0119695812   0.0273524402   0.2863219327   0.0467092898   0.6190928532
42 15  -0.3379820973   0.0007449495   0.0000659837  -0.0003501034  -0.0002686927
42 16  -0.0001096510  -0.0001246381  -0.0001702115
43  1   0.0120188656   0.0830871865   0.0365323569   0.1416615753   0.0888953721
43  2   0.0191951627   0.0166120994   0.0581869340   0.0493830542   0.0446742812
43  3   0.1456578190   0.1388982732   0.0185822346  -0.0030153118  -0.0464925665
43  4   0.1712058658  -0.0124442300  -0.1641088527   0.0013047006  -0.0360430397
43  5  -0.0259527528  -0.0867783432   0.0440153156   0.0049340426   0.0050850111
43  6   0.0023588904  -0.0716977087   0.0318195158  -0.0011064217   0.1116001478
43  7   0.0740991689   0.1384953463  -0.0973343167  -0.1614972634  -0.0335844167
43  8  -0.0581488516   0.5547248543  -0.1212398314  -0.2302961175  -0.0403729561
43  9  -0.1146932597   0.0282656554   0.0558538316   0.0771418579   0.2655385527
43 10   0.0642414981  -0.3269398467  -0.1504502049   0.2251227903  -0.0524194251
43 11   0.5723283695   0.2617067924  -0.1817722846  -0.3540327076  -0.1695257508
43 12   0.1206666782  -0.0317651137  -0.0134540257  -0.0305027240   0.0014089887
43 13  -0.0014071803  -0.0182387384   0.0108228514  -0.0143072764   0.0016261278
43 14   0.0020382325  -0.0732800161   0.0234392236   0.0464839394  -0.1651460745
43 15  -0.2762602253  -0.0002350147  -0.0000466314   0.0004886838  -0.0000298855
43 16   0.0000124605   0.0000099591  -0.0008257138
44  1   0.0480158625   0.1274523163   0.0733023600  -0.0227714486  -0.1379172581
44  2  -0.0122591555   0.1461645689  -0.0442076734   0.1223786035   0.1701423664
44  3  -0.4441039660   0.1351159462  -0.1131646649  -0.1236970803  -0.1124620199
44  4   0.0837303367   0.2285227592   0.0445390347   0.0608953316   0.2357781764
44  5   0.0030546691  -0.0680926704   0.1586196552   0.2138433025  -0.0132778164
44  6  -0.0423568497   0.0295646396   0.0765239229   0.0118183860   0.1320965259
44  7  -0.1843583140  -0.2574660746  -0.0027177913  -0.2921738428  -0.0732527291
44  8   0.0158888067   0.1860116868   0.0575660628  -0.1720676322  -0.0419260003
44  9   0.0315615839  -0.0240191282  -0.0176821343   0.0190803504   0.0148523280
44 10   0.0189983424  -0.0552911384  -0.0878239130   0.1281289938   0.0075676799
44 11   0.1254026896   0.0736787582  -0.0479343625  -0.1053458259  -0.0602982877
44 12  -0.0090055760   0.3219421723   0.1603898547   0.4681399304  -0.0013490587
44 13   0.0015025660  -0.0420840253   0.0011858595  -0.0081230616  -0.0047208998
44 14  -0.0022945056   0.1348687660  -0.0390300191  -0.0855114184   0.2708592474
44 15   0.4654180677  -0.0012967692   0.0001492126   0.0004031716   0.0002883744
44 16  -0.0000824715   0.0001260563   0.0005206425
45  1  -0.0400170826  -0.0512342453   0.0795648227   0.0658903885  -0.0579254498
45  2  -0.1535859569   0.0278362636  -0.0738095222  -0.0836358349  -0.0187530638
45  3  -0.1632991503   0.0967348131  -0.0564037466  -0.0457366307  -0.1438484406
45  4  -0.1325598526   0.0974639103   0.1403399339   0.0027733994   0.0011677436
45  5  -0.0054648637   0.0176045336   0.0119651736   0.1081761032  -0.0149085951
45  6  -0.0461420327   0.0232790311   0.0791754681   0.0173235661   0.1853478379
45  7  -0.2277341570  -0.3325185254   0.0398644238  -0.3119616756   0.0202890070
45  8  -0.0008152505  -0.0111281015   0.1287831141  -0.0909730455  -0.0044078765
45  9   0.2003902086  -0.0960886989  -0.0992546760   0.0108973916  -0.1503647705
45 10  -0.0071507935   0.1056634548  -0.0392341421   0.1002546443   0.0379400940
45 11  -0.1945128377  -0.0660849632   0.0409205363   0.0909780444   0.0398985981
45 12  -0.0370443085   0.2313053107   0.1097909325   0.3214428251  -0.0021182479
45 13   0.0008057259  -0.0234457784  -0.0001298190  -0.0026613836   0.0058278474
45 14   0.0030052012  -0.1531334364   0.0472174901   0.1104955007  -0.3681484134
45 15  -0.6345665947   0.0009383289  -0.0000666599  -0.0008307726  -0.0003496615
45 16   0.0000374005  -0.0002276827  -0.0008727819
46  1   0.0112036661   0.1046200832  -0.0430048204   0.1618858841   0.0311073683
46  2  -0.0057199315  -0.1152072913   0.0612745334   0.0396728501  -0.1324714598
46  3   0.1385711493   0.0309851125  -0.0485299672   0.0159104476  -0.0501630619
46  4   0.0895919670  -0.0523093493  -0.2690373750  -0.0370613337  -0.2139606578
46  5  -0.0316707969  -0.0300788988  -0.0742007006  -0.2782456184   0.0282709794
46  6   0.0274946080  -0.1438785339  -0.0673460538  -0.0121700404   0.1895159486
46  7  -0.0016483506   0.0467680411   0.0526396498   0.0448732793  -0.1920743477
46  8  -0.0164797339   0.0626788735  -0.0645061852   0.4039698304   0.2264725330
46  9  -0.2304561501   0.1265095627  -0.0595277134   0.1089072206  -0.3000227203
46 10   0.0095738268  -0.1631920629  -0.0873737961  -0.0365093006  -0.5662295430
46 11  -0.3670736456   0.3537731352  -0.1663375223  -0.3113228450  -0.1769879730
46 12  -0.0383566273   0.1284440939   0.0181923510   0.1720760218  -0.0012354997
46 13  -0.0001146904  -0.0269278215   0.0001292024   0.0513147191  -0.0012881783
46 14  -0.0001407335   0.1645612486  -0.0387065859  -0.0257906034  -0.0054692187
46 15  -0.0389216376  -0.0007631617   0.0000286802  -0.0012509094   0.0000180994
46 16  -0.0000475503  -0.0000163338   0.0001056199
47  1   0.0167189352   0.1547137703   0.0345978413  -0.0400589993  -0.1112080626
47  2  -0.0299667040   0.0922906799  -0.0346992599   0.1058547119   0.0879252162
47  3  -0.3321859802   0.1126198253  -0.0700749793  -0.0849827139  -0.0862197394
47  4   0.0470311497   0.1320619327   0.0055259205   0.0299615321   0.1017128722
47  5  -0.0059518867  -0.0404247098   0.0631526063   0.0199745893   0.0028599069
47  6  -0.0084582592  -0.0288443459   0.0200475502   0.0047642294   0.1243722547
47  7  -0.0803764373  -0.0998095769   0.0248862125  -0.0702136796  -0.0467339351
47  8  -0.0149548512   0.0315075494   0.0095181007   0.1014542910   0.0693876764
47  9  -0.0259535139   0.0169442783  -0.0568749203   0.0629465040  -0.0995986860
47 10   0.0072946287  -0.0517647258  -0.0133357503  -0.0021660309  -0.1683133612
47 11  -0.0994355550   0.1087728521  -0.0397202430  -0.0856366224  -0.0424264364
47 12   0.0148571880  -0.1198893901  -0.0769151262  -0.1839375362   0.0001254595
47 13  -0.0014327789   0.0131076475   0.0001197538   0.0050771473   0.0141299820
47 14   0.0203682664  -0.8523600638   0.1927683618   0.1500888841   0.0513526728
47 15   0.2088656642   0.0003551564  -0.0000792158  -0.0007747215  -0.0000321142
47 16   0.0001025052  -0.0000025458   0.0001005599
48  1  -0.1550256440   0.0221270023   0.0384736079  -0.0242641930   0.1155461497
48  2  -0.1871624647  -0.0112356716  -0.0440288230  -0.1301868527  -0.0989091216
48  3   0.2894652947   0.1194643165   0.1805057752   0.0641217475   0.0010153727
48  4  -0.1377144379  -0.2253732544   0.0900931635  -0.0657590217  -0.2787139736
48  5  -0.0209912226   0.0666005695  -0.2000132679  -0.2606742283   0.0153490322
48  6   0.0455683327  -0.0763009776  -0.0680743972  -0.0028782429  -0.0182215964
48  7   0.2734655737   0.4025108034  -0.0027232075   0.3165140445   0.2851292190
48  8  -0.1200301065   0.0015706653  -0.2098352881   0.1336973515  -0.0176690339
48  9   0.1007486769  -0.0488157345  -0.0070052373   0.0787441656   0.1669079294
48 10   0.0162931279  -0.0267409512   0.1974848021  -0.1740199944   0.1407734272
48 11   0.1120022863  -0.0205061570   0.0801232359   0.0501345218   0.0245971718
48 12  -0.0546381633   0.3332136334   0.1802618578   0.4760612277  -0.0008887686
48 13   0.0018062771  -0.0252330701  -0.0038581294  -0.0158976371   0.0044529802
48 14   0.0055312325  -0.3230032188   0.0739764120   0.0549535542   0.0253038693
48 15   0.0909056172   0.0000674453   0.0000114507  -0.0010211746   0.0000162808
48 16   0.0000051033   0.0000187420   0.0000771331
49  1  -0.0413865807   0.0481316791   0.0754184816   0.1558388712   0.0449167708
49  2   0.1157109287   0.1198632315  -0.0307102698   0.0112702930   0.1313011502
49  3  -0.0894738839   0.1752227017   0.0379343795  -0.0415516994  -0.1475625717
49  4   0.0444870139   0.0738472409   0.0930831714  -0.0020383743  -0.0449907396
49  5  -0.0236554392  -0.0239920679  -0.0350918186  -0.1333685362   0.0135063074
49  6  -0.0134471648  -0.1081845685   0.1966459140   0.0112803624   0.2376189215
49  7   0.0598661393   0.1336132076  -0.1263828767   0.2072556253  -0.0450498643
49  8  -0.0685328353  -0.2330647817   0.1248466479   0.2643343578   0.2458949380
49  9   0.1628529285  -0.0987090205   0.4578903188  -0.3302681673  -0.2077999725
49 10   0.0536874478  -0.2496455510  -0.5748644400   0.0364402831  -0.0235673888
49 11   0.1602240769  -0.5534696146  -0.0681816792   0.1131503968   0.0546957731
49 12   0.1808137723   0.0094845611   0.0161696350   0.0308106997   0.0002777890
49 13   0.0010841018   0.0018355359   0.0045774066  -0.1494694591  -0.0001449661
49 14   0.0001535487  -0.0314339962   0.0339431631  -0.1835277002  -0.0089400451
49 15  -0.0150323062   0.0020902191   0.0000085781   0.0021550409   0.0000025637
49 16  -0.0000006467  -0.0000085848  -0.0000596951
50  1  -0.0864261049   0.2266975875  -0.0471919651  -0.1014736838  -0.0069942736
50  2  -0.0640355059  -0.0680537203  -0.0349364767   0.0917061262  -0.1183062803
50  3  -0.0809832308   0.0243584577   0.0010083533   0.0093406562  -0.0444931743
50  4   0.0071516149   0.0041812128  -0.0155364976  -0.0063785724  -0.0399445714
50  5  -0.0051387190   0.0187685992  -0.0767565120  -0.2177642064   0.0218157960
50  6   0.0399584408  -0.0670286489  -0.0657567300  -0.0018174759   0.0791664351
50  7   0.0090945936   0.0312048595   0.0864973673   0.0495334050  -0.1102426038
50  8   0.0526053308  -0.1782852598   0.1248778383  -0.0691651801  -0.0130800195
50  9   0.0412960220  -0.0230080693   0.0687180688   0.1757834722  -0.0622231504
50 10   0.0303868530  -0.1305663855  -0.2352572995  -0.0028807143   0.1187516977
50 11   0.0576215351  -0.1045601693   0.0256197255  -0.0183963904  -0.0588181525
50 12  -0.3540754876  -0.0077504611  -0.0018866141  -0.0196784973  -0.0001065271
50 13   0.0003469833   0.0333196505   0.0037307431  -0.0732230697  -0.0018480290
50 14  -0.0034875562   0.1393585043  -0.1422877991   0.8577566725   0.0399051687
50 15   0.0816825852  -0.0105165246  -0.0000429422  -0.0151552638  -0.0000272343
50 16   0.0000394923   0.0000157319   0.0027127093
51  1   0.0760389534  -0.0747660210   0.1111037741   0.0958656073  -0.0907512929
51  2  -0.2067086289   0.1232960746   0.0179102550  -0.0751485304   0.0984688318
51  3  -0.0465917920   0.1802236764  -0.0257973222  -0.0743643611  -0.0439442174
51  4  -0.0372075093  -0.0444230891  -0.1679415421  -0.0128495031  -0.1193489754
51  5  -0.0423610440  -0.1012741687   0.0852606482   0.0616802586   0.0024348657
51  6   0.0243719286  -0.0121031612  -0.1067819951  -0.0058548575  -0.1248817373
51  7   0.0099771536  -0.0018948899   0.0779451145  -0.0344292103   0.0931652991
51  8   0.2034245407   0.1034860592  -0.2327965234   0.2452582601   0.0711198224
51  9  -0.0809079587   0.0487112150  -0.0440717981  -0.5386932668  -0.0514822157
51 10  -0.0551430100   0.3008079552   0.1820770460   0.2237487513  -0.0892905587
51 11   0.0910166399  -0.0184088849  -0.0713763617   0.0814899434   0.1334215448
51 12   0.7287987055   0.0113121506   0.0126423540   0.0418200685   0.0002740059
51 13  -0.0003643473  -0.0477662408  -0.0044767024   0.1316501539  -0.0007774272
51 14  -0.0016117258   0.0639854771  -0.0664268499   0.4010465083   0.0186221530
51 15   0.0381307212  -0.0055919358  -0.0000424264  -0.0056989060  -0.0000107093
51 16   0.0000462970   0.0000198940  -0.0003737856
52  1   0.0367665975   0.0744603084   0.1086607879   0.1125827927   0.1735317030
52  2   0.0041575810   0.0977700521   0.0497283454   0.3322758734  -0.0298159715
52  3  -0.0445182246  -0.2908607559   0.1021024925   0.0102520717  -0.0167636344
52  4  -0.2539817033  -0.0838717010   0.0966941481  -0.0113503550  -0.0359553488
52  5  -0.0097061177  -0.0184707796   0.0710965445   0.3942477334  -0.0566287344
52  6  -0.2842210891  -0.5982040432  -0.3702577353  -0.0487384081  -0.2353346856
52  7  -0.0184789206  -0.0632704330  -0.1658770350   0.0402464895   0.0010226849
52  8  -0.0714423051  -0.0316532147   0.0441025701  -0.0134853910   0.0055273128
52  9   0.0195736844  -0.0160216863   0.3052204201   0.1691001385  -0.0531431339
52 10  -0.0130261511   0.0956781019   0.1438457357   0.1285888048  -0.1583482848
52 11   0.0781475772  -0.1286516712  -0.0047145020  -0.0100857688  -0.0175871705
52 12  -0.0718785518   0.0021025338   0.0014217938   0.0020358274  -0.0001551227
52 13   0.0002381293  -0.0000230912  -0.0052373052   0.1942690466   0.0000333571
52 14  -0.0000242775  -0.0003950041   0.0003464896  -0.0012718647  -0.0007287860
52 15  -0.0012703557   0.0003536158  -0.0000719753   0.0009459269  -0.0000529271
52 16  -0.0000073692   0.0002009442   0.6084677519
53  1   0.1709997125   0.1212199568  -0.0331349686   0.0702427913  -0.3343165531
53  2  -0.0798808301   0.1787325577   0.0847640209  -0.0310276705  -0.0403936891
53  3   0.0805579876  -0.1287698958   0.0374807783   0.0563472136   0.0158275708
53  4   0.0143597684   0.0362861972   0.1534655853   0.0179218847   0.1505078035
53  5   0.0461140377   0.1165819984  -0.1154870565  -0.0177616340  -0.0190234710
53  6  -0.2385158832  -0.4922003460   0.4931150386   0.0058085663  -0.4367827819
53  7   0.0064971112  -0.0626627095   0.2737136665  -0.0842431619   0.0426778458
53  8   0.1108481056   0.0651106597  -0.0795726922   0.0065076924  -0.0161136944
53  9  -0.0270684729   0.0244696673  -0.5401577891  -0.3450723446   0.1172706718
53 10   0.0251016102  -0.1973127543  -0.3053199492  -0.2845167039   0.3691012087
53 11  -0.1803573174   0.3070751086   0.0170117625   0.0234176894   0.0380803085
53 12   0.1511146850  -0.0016726885  -0.0014625007  -0.0004788923  -0.0001694824
53 13  -0.0000505608  -0.0008504462   0.0102388814  -0.4061980529  -0.0000523166
53 14   0.0000689681   0.0005936655  -0.0004607779   0.0018200751   0.0000872685
53 15   0.0001933541  -0.0002305468   0.0000251071   0.0000571018   0.0000064170
53 16  -0.0000331972   0.0000112369   0.0748793324
54  1   0.1485277954  -0.0775025998   0.1284517672   0.1001389570  -0.0775652591
54  2  -0.2604981067   0.1679353141   0.0727341513   0.0657591408  -0.0196346011
54  3   0.0614939791  -0.1058324798   0.0176338525   0.0391855398   0.0312330738
54  4  -0.0249075457   0.0097898976   0.1086603152   0.0267846593   0.1852317606
54  5   0.0449147807   0.0855637399  -0.0428865061   0.1374574032  -0.0336030230
54  6  -0.2272882059  -0.5232483158  -0.2502142221  -0.0388137405  -0.2237237445
54  7  -0.0179967034  -0.0608385096  -0.1348678142   0.0349973862  -0.0046457483
54  8  -0.0592708650  -0.0400965379   0.0487668506  -0.0135635256   0.0053463037
54  9   0.0148397979  -0.0104562084   0.1579002637   0.1024201470  -0.0336003417
54 10  -0.0098179046   0.0740839634   0.1169573585   0.1068093114  -0.1365887120
54 11   0.0690094364  -0.1107412098  -0.0054234775  -0.0097015906  -0.0159474694
54 12  -0.0661073033   0.0020310911   0.0012184677   0.0014826522  -0.0001511227
54 13   0.0001946111  -0.0003274708  -0.0024830439   0.1514563368  -0.0001593973
54 14   0.0000424169   0.0002816495  -0.0005914784   0.0019485802   0.0003111321
54 15   0.0007014574  -0.0005194710   0.0000334233  -0.0011571675   0.0001030744
54 16   0.0001077385  -0.0002403237  -0.7876509461
55  1  -0.0271723784   0.0904714322  -0.0548965371   0.1820196926  -0.0288885094
55  2   0.0505161589  -0.0468557779   0.0287461886  -0.0593334858  -0.1244745969
55  3   0.3253168157   0.0032129075  -0.0246316189  -0.6709281254   0.2799485754
55  4  -0.1452975319   0.0412823049   0.1579036241   0.0257813328   0.1153068035
55  5   0.0078748569  -0.0026350244   0.0269985186   0.0687236682  -0.0061755062
55  6  -0.0005313300   0.0099660198  -0.0363269591  -0.0021210009  -0.0100882519
55  7   0.0259766813   0.0341411853   0.2555734719   0.0562315554  -0.0673458300
55  8  -0.3285357384   0.0251524324   0.0788003827   0.0840101036   0.0797175759
55  9   0.0210581906  -0.0125142125   0.0234896300  -0.1008109898  -0.0530003473
55 10  -0.0082653743   0.0666965803  -0.0044201089   0.1077594663   0.0769234563
55 11   0.0332372056   0.1012126543   0.0028459160  -0.0407778992  -0.0241036435
55 12  -0.0553794856   0.0122535276   0.0046404632   0.0228086545  -0.0001663218
55 13  -0.0013001267   0.5890932337   0.0065832269   0.0525187719   0.0001157456
55 14   0.0001308625   0.0048334464  -0.0024937771   0.0058377749  -0.0002128940
55 15  -0.0009150078   0.2345675512  -0.0000776351   0.2197657998   0.0001814892
55 16  -0.0000394767  -0.0000484064  -0.0006853450
56  1  -0.0895613683   0.2508619732  -0.1059901622  -0.0978773463  -0.0237443794
56  2  -0.0949565728  -0.1529773734  -0.0109325119   0.0714176224  -0.2420528645
56  3   0.1107856403  -0.0630100704  -0.0284780368  -0.2908458796   0.1651134187
56  4  -0.0662854644   0.0074638061   0.0565507695   0.0092237304   0.0535353193
56  5   0.0144406151   0.0424569470  -0.0614472597  -0.1386792298   0.0129044341
56  6   0.0452052758  -0.0170833386  -0.1817699867  -0.0075911870  -0.0128676756
56  7  -0.0120354869  -0.0224882479   0.3164967256  -0.0536496323  -0.1255896906
56  8  -0.2298868555   0.0494866648   0.1352014295  -0.1667252375  -0.0223580031
56  9   0.0720988013  -0.0526808470   0.2023958822  -0.0955158743   0.1223203478
56 10   0.0060398514  -0.0756145778   0.0468449006  -0.1309837231  -0.1314322080
56 11  -0.0550540030  -0.0580118069  -0.0174527825   0.0244620813   0.0297776758
56 12   0.1505157601   0.0013340458  -0.0002111374   0.0101485468   0.0000624719
56 13  -0.0002473005   0.0448224556   0.0000146875   0.0284502379   0.0001008687
56 14   0.0001270596  -0.0028672019   0.0018999245  -0.0138013070  -0.0005066425
56 15  -0.0023015741  -0.6684941220   0.0002529215  -0.5164660127  -0.0004417058
56 16   0.0000131284   0.0000255976   0.0007488595
57  1  -0.1102567728   0.0498787058   0.0434001825  -0.0571902989   0.2066121346
57  2  -0.2711094836  -0.1947475009  -0.0182317068   0.0900638217  -0.1927957878
57  3   0.0800843564   0.0146419158  -0.0477009981   0.2022198324  -0.0937037800
57  4   0.2786576165   0.1796751613   0.1860831643   0.0084158739   0.0209763587
57  5  -0.0142240026  -0.0710392040   0.1399303428   0.3406947745  -0.0325829346
57  6  -0.0995475945   0.0453045278   0.3355226203   0.0141445575   0.0317080825
57  7   0.0227800363   0.0395546699  -0.4831136789   0.0953679314   0.2139885101
57  8   0.2006197930  -0.0071539486  -0.2127978380   0.3427364033   0.1033027449
57  9  -0.0942321940   0.0689417798  -0.2468417460  -0.0054847266  -0.2101206919
57 10  -0.0179387582   0.1657584196  -0.0629684198   0.2610610968   0.2283083515
57 11   0.0976802655   0.1436505520   0.0224698130  -0.0569157402  -0.0531526201
57 12  -0.2230483199   0.0109145936   0.0058002067   0.0049883725  -0.0002379049
57 13  -0.0005871047   0.4077931503   0.0054746622  -0.0150020800  -0.0002518485
57 14  -0.0000982851   0.0006427933   0.0014107769  -0.0142271832  -0.0007833174
57 15  -0.0021869132  -0.3262411184   0.0001162475  -0.2600017182  -0.0001939016
57 16   0.0000250160   0.0000372832   0.0010607564
58  1  -0.0584654666   0.0599303094   0.0044159068   0.1812064725  -0.0286216918
58  2   0.1190988017   0.0347596761  -0.0320314729  -0.1150716173   0.0248632342
58  3  -0.0189393917   0.1566178808   0.0840170100   0.3206885456  -0.4837763811
58  4  -0.1890734786  -0.0656300314  -0.2442040693   0.0551962072   0.2577897640
58  5   0.0179234861  -0.0470348344   0.0716489020   0.0713566029   0.0005322751
58  6   0.0239265623   0.0300196453  -0.1084503584  -0.0046449199  -0.0993909699
58  7   0.0301289514   0.0366967809   0.2532223966   0.0572998512  -0.0980513221
58  8  -0.1418164928  -0.0751597830   0.1067704138  -0.0855915980  -0.0247337343
58  9   0.0247558902  -0.0155571136   0.0048888053   0.0289773063   0.0463860769
58 10   0.0048256592  -0.0376421158   0.0280776811  -0.0472836593  -0.0700595183
58 11  -0.0212135832  -0.0157320243  -0.0151725922   0.0041679655   0.0152605729
58 12   0.1106035552   0.0150439491   0.0068444139   0.0234994394   0.0002256643
58 13  -0.0005953515   0.3439313600   0.0000162163   0.0328901127   0.0001867934
58 14   0.0000053252   0.0012187528  -0.0000032859  -0.0038163735  -0.0005778866
58 15   0.0007018011   0.4670769075   0.0003328719  -0.6139057258  -0.0005490996
58 16   0.0000587976   0.0000050550   0.0005437410
59  1  -0.1562064396   0.2943120305  -0.1509939382  -0.1383200928   0.0463653664
59  2  -0.1128070382  -0.2767351631  -0.0247253221   0.0873472909  -0.3795825459
59  3   0.2059316801  -0.1260357832  -0.0318852578  -0.2277252895   0.1256336948
59  4  -0.0244410273   0.0842726373   0.1848318034   0.0428368146   0.2380714521
59  5   0.0396032851   0.0438898872   0.0158933436   0.1019602188  -0.0118161552
59  6  -0.0121391291   0.0466466734  -0.0423976839   0.0001022712   0.0109987833
59  7   0.0023391267  -0.0008660142   0.0601036134  -0.0136620515   0.0906413447
59  8  -0.2840163634   0.2326179038  -0.1166058550   0.2754412230   0.1556242115
59  9  -0.0103196661   0.0041547646   0.1006266973  -0.2508105703  -0.1179486953
59 10  -0.0201101273   0.1369523172  -0.0473562655   0.1755162491   0.1942657999
59 11   0.0563737387   0.1034031278   0.0338758111  -0.0308005949  -0.0439161631
59 12  -0.2635274282  -0.0261431813  -0.0127292981  -0.0460759524  -0.0001018998
59 13   0.0008314304  -0.5919040844  -0.0027669565  -0.0302088097  -0.0000310044
59 14   0.0000341535  -0.0024385612   0.0006143714  -0.0052927036  -0.0006144508
59 15   0.0010386637   0.2946802179   0.0001950210  -0.3481292749  -0.0002928184
59 16   0.0000293966   0.0000077996   0.0003525658
60  1   0.0061905726   0.0005097297   0.0801087960   0.0040011404   0.1011290533
60  2  -0.2800317219  -0.0466406506   0.0331811234   0.0985166895  -0.0774208657
60  3   0.1255193680   0.0315932147  -0.1029354355  -0.4174495331   0.3757052079
60  4   0.2683770425   0.1359257597   0.2302757309  -0.0630309054  -0.3650294038
60  5  -0.0648528017  -0.0601502712   0.0059846896  -0.0118202040   0.0001162519
60  6  -0.0381668965  -0.0708875206   0.2519100257   0.0079987070   0.0808845464
60  7  -0.0139586521  -0.0088102662  -0.4470010754  -0.0004308869   0.0483437224
60  8   0.6200000338  -0.2475146831  -0.0399140969  -0.1695603144  -0.1636567459
60  9  -0.0563713304   0.0410495779  -0.2241991165   0.3429306518   0.0484672778
60 10   0.0196882142  -0.1159120307   0.0058588570  -0.1493038953  -0.1413794224
60 11  -0.0282569575  -0.1374022112  -0.0195147634   0.0444695072   0.0400161304
60 12   0.1835408232   0.0030704884   0.0029083737   0.0112356688  -0.0001377348
60 13   0.0002623779  -0.0447574980   0.0005017322  -0.0269874789  -0.0001418407
60 14   0.0000556922   0.0004482928  -0.0009736217   0.0014831148  -0.0000173276
60 15  -0.0001316715   0.2886351981   0.0001818983  -0.3354960214  -0.0002828701
60 16   0.0000365057   0.0000002577   0.0002102606
61  1   0.0003879420   0.1091991545  -0.0774647422   0.1753277839  -0.0079754736
61  2  -0.0001151178  -0.0270913890   0.0394564667   0.1005893070  -0.0400223460
61  3  -0.0946339067   0.2816648764   0.0977973386  -0.0070810931   0.0225768315
61  4   0.1316440983  -0.2480566658   0.1970441009  -0.0584491654  -0.0017415740
61  5   0.1144958235   0.2213763083  -0.1342284434   0.1735403574  -0.0628471352
61  6  -0.1932812961   0.1171767269  -0.0919373199  -0.0675994039  -0.2108533060
61  7   0.0845307923   0.0873055519  -0.0182501186  -0.2103306188  -0.2548372893
61  8   0.1889142707   0.0821626647   0.1609774589   0.0114814494   0.3795603645
61  9  -0.0124538892  -0.0215615281  -0.0157722348  -0.0221541758  -0.1752943312
61 10  -0.0679296863  -0.3139744232   0.3314615495   0.0566557568   0.2436183953
61 11  -0.0686310505  -0.0681342788  -0.5460709751   0.1563471451  -0.0623001360
61 12  -0.0447075566  -0.2236983480   0.3696385029   0.0329478403   0.0080750501
61 13   0.0434662112   0.0001199897  -0.0224996229  -0.0019372133   0.1079288617
61 14   0.1427197631  -0.0020666478  -0.0130595427  -0.0003134829   0.0056657903
61 15  -0.0026477415  -0.0000089835   0.0003220257  -0.0000346838  -0.0010163090
61 16   0.0005180101  -0.0009347363  -0.0000014591
62  1  -0.0455859357   0.1398690769   0.1346485328  -0.0916561320   0.0046056845
62  2   0.0287720530   0.0869385164  -0.0944310274   0.0237743425   0.1310143523
62  3   0.0559009529   0.0345306446  -0.0780572055  -0.0035981018  -0.0264163601
62  4   0.0289608937  -0.0505500617   0.0370065429  -0.0289991894  -0.0070234380
62  5   0.0395293364   0.0693697247  -0.1845351740   0.1496402841  -0.0216412693
62  6   0.0563920673   0.0341133770  -0.0236278990  -0.0351605804  -0.1051897432
62  7   0.0150939380   0.0308555609  -0.0209314969  -0.1389032700  -0.2073631511
62  8   0.0981742177   0.0259708566   0.0837775211   0.1686274658   0.1301386082
62  9   0.0907285401  -0.0666887165  -0.0121340177   0.1005413141   0.2301399115
62 10   0.0135742073   0.0592962553  -0.0452679464   0.0423597311  -0.0101129636
62 11  -0.0461712043  -0.0132791576   0.0315781777  -0.0490905467  -0.0063869760
62 12   0.0079222331  -0.1091418889   0.2245595043  -0.0020058164  -0.0058388025
62 13   0.0034059829  -0.0002435346   0.0306968307  -0.0016696541  -0.4706692663
62 14  -0.7757604007  -0.0030625222   0.0775025945   0.0096990372  -0.0373264885
62 15   0.0224400940   0.0000419783   0.0006134649  -0.0000411653  -0.0014476898
62 16  -0.0003045365   0.0000204660  -0.0000115912
63  1  -0.2715934285   0.0239817453   0.0110771205  -0.0280606732   0.0871715053
63  2  -0.0962782858   0.1908804467  -0.0483085995  -0.2272816238   0.0484496609
63  3   0.0286123340  -0.1858224162   0.2452745222   0.0330699960   0.1583930673
63  4  -0.1402844324   0.3555041349  -0.2501236417   0.0669575208  -0.0374639671
63  5  -0.0589994499  -0.0134390676   0.1451844822  -0.1184631809  -0.0046750223
63  6  -0.1159918673  -0.0186292398  -0.0200964878   0.0624746805   0.0811941256
63  7   0.0306526409  -0.0034598070   0.0405060390   0.0100419435   0.2295524896
63  8  -0.0412017491  -0.0402328380   0.0527365713  -0.1860302089   0.0487220887
63  9  -0.1962083328   0.1193087670   0.0273482119  -0.1402565405  -0.3544955815
63 10  -0.0497492614  -0.2935540824   0.2674087257   0.0105152744   0.1733645676
63 11   0.0169308408  -0.0281031752  -0.3829153369   0.1918219320   0.0160391592
63 12  -0.0408688154   0.2023753839  -0.4533271240   0.0211046000   0.0215450721
63 13   0.0230154627   0.0008478458  -0.1378869792  -0.0032734511  -0.2053846951
63 14  -0.3077464478  -0.0010375047   0.0318314478   0.0039523348  -0.0160877428
63 15   0.0094670621   0.0000257231   0.0013857921  -0.0000102758  -0.0009368388
63 16   0.0006336070  -0.0001174500   0.0000394170
64  1  -0.0383893029   0.0811109097  -0.0393985768   0.1831670206  -0.0329002922
64  2   0.0732017652  -0.0285550969   0.0089681127   0.0738994177   0.0017499231
64  3  -0.0269263303   0.0227519366  -0.0163523086  -0.0159383492  -0.0061673671
64  4   0.2176517242  -0.0939621560  -0.0807419376  -0.0080830010  -0.0047359793
64  5   0.0535857837   0.0909424965  -0.0360328353   0.0602422040  -0.0033756805
64  6  -0.1407573241   0.0120035869  -0.0660145585  -0.0336203232   0.1163378514
64  7   0.0115560397   0.0094404571   0.1040007899  -0.0918692697   0.3465495752
64  8  -0.0037076217  -0.1436756228   0.1077233094  -0.0758260727   0.2476154006
64  9  -0.0147054016  -0.0140655460  -0.0204939480   0.0906912125   0.1103303374
64 10  -0.2372044815   0.2998220664  -0.2491645757  -0.1898904318  -0.2361789429
64 11   0.1799433964   0.2485577032  -0.3224891186   0.3901172968   0.1048050773
64 12  -0.0959847184   0.0046463665   0.0133727987  -0.0005366478   0.0063955499
64 13   0.0221758477   0.0008587658  -0.0624247063   0.0075278632  -0.5258779770
64 14   0.3198766281  -0.0144646462  -0.0491709808  -0.0056238227  -0.0141864567
64 15   0.0030592883   0.0000296813  -0.0009731069   0.0001250120   0.0038968455
64 16  -0.0005721117   0.0023983544   0.0001621021
65  1  -0.1520950951   0.1779022202   0.1432021858  -0.1640973899   0.1451169271
65  2   0.0429541777   0.2298842728  -0.0452670207  -0.1542399174   0.1661657803
65  3   0.1497949139  -0.1555595994   0.0089573600   0.0528641566   0.1564201448
65  4  -0.1832249159   0.4296367153  -0.3479620320   0.0711483356  -0.0376119676
65  5  -0.1063304074  -0.0429094916  -0.0136245120  -0.0282212579  -0.0103871327
65  6   0.1289277098  -0.0832927734   0.0071893454   0.1340294460   0.2317490285
65  7  -0.0239447133  -0.0893933222   0.0978608403   0.0657727564   0.5000201055
65  8  -0.1478275719  -0.2017498598   0.0590279896  -0.1031345140  -0.2585005884
65  9  -0.2613375859   0.1603272205   0.0781944848  -0.1236549963  -0.1159539791
65 10   0.0715292507  -0.1175746599   0.0229756836   0.0755276204  -0.0258991739
65 11  -0.0445757566   0.0118539339   0.0648796467  -0.0532000714   0.0138344437
65 12  -0.0003763921  -0.3148258241   0.6147090817   0.0077111739  -0.0072578967
65 13   0.0121398293  -0.0006739802   0.0934827620   0.0040699873  -0.0668082699
65 14   0.0616419511  -0.0035855006  -0.0081612739  -0.0007036582  -0.0031820767
65 15   0.0009604149  -0.0000043003   0.0004648187   0.0000233977   0.0005483119
65 16  -0.0001299209  -0.0002112926   0.0000097420
66  1  -0.2228335412  -0.0227056176   0.0315619794   0.0289879041  -0.0302685097
66  2  -0.0551914559   0.0877883575  -0.1064272226  -0.1197993626   0.0519024973
66  3   0.0071705611  -0.2312204733   0.1044041013  -0.0120439641   0.0150786764
66  4   0.0688787157   0.1187082998  -0.1668121765   0.0319623204  -0.0118759103
66  5   0.0035868957  -0.0384899915   0.1121123001  -0.0836998349   0.0295760515
66  6  -0.1261195918  -0.0128315232  -0.0193808339  -0.0333751925   0.0754990361
66  7   0.0027133353   0.0282138921   0.0428083630  -0.0201952957   0.1568764846
66  8   0.0013249150  -0.0215577600   0.0200464826  -0.0712042435   0.2445720018
66  9   0.0640014152  -0.0614483577  -0.0504257315   0.0988558711   0.0808593587
66 10  -0.2086043849   0.2724564177  -0.1953091475  -0.1733185414  -0.1698194320
66 11   0.1306891734   0.1761665977  -0.2727218243   0.2837427340   0.0283691121
66 12  -0.0688671109  -0.0416895927   0.1189357941  -0.0075267735  -0.0016430212
66 13   0.0135734268   0.0007135092  -0.0139502820   0.0073616024   0.6605908935
66 14  -0.3921841044   0.0145801738   0.0547438166   0.0061883963   0.0161560167
66 15  -0.0041734595   0.0000131757  -0.0003120682  -0.0000369116  -0.0052737578
66 16   0.0009282834  -0.0042146528  -0.0000454057
67  1   0.0383668237   0.0813158156   0.0864044205   0.1174242629   0.1598157937
67  2  -0.0056800606  -0.0010292072   0.0864887986  -0.3113521482  -0.2115871930
67  3  -0.1464868432  -0.1276358067   0.1437089545  -0.0213816590   0.0318105059
67  4   0.1651533505  -0.1081980451   0.0022446418   0.1517264032   0.0287688806
67  5  -0.0441617759  -0.2736041556  -0.3830069671   0.0798619411  -0.1635561068
67  6   0.0437802627   0.0009010038  -0.0319011150   0.3487473237  -0.0717936180
67  7  -0.3765733123   0.1523607601  -0.0065889461   0.0120935008  -0.0411925817
67  8  -0.0440758884  -0.0969739971  -0.2509538404  -0.1307818620   0.2550918331
67  9   0.1018504323   0.1871929635  -0.0007854626   0.0060055575  -0.0079761236
67 10   0.3107463297   0.0615439808  -0.0037385816  -0.0260450348   0.0009210890
67 11   0.0013584971  -0.0027408850  -0.0550162961  -0.0741172994   0.3178930373
67 12  -0.0235316513  -0.0059180115   0.0029803653   0.0017422187  -0.3033790196
67 13   0.0206663151   0.0006379156  -0.2852522403  -0.0097581810   0.0019860610
67 14   0.0002267159   0.0000627477   0.0002069512   0.0001201156   0.0000375661
67 15  -0.0000957391  -0.0000131247   0.3819531449   0.0001278964   0.0210275706
67 16  -0.4804941711  -0.0154943996  -0.0000671481
68  1   0.1224318665   0.0139666652   0.2900306646   0.0062361571  -0.1573181794
68  2   0.0960240606  -0.1942984121  -0.1998393907   0.0840144818  -0.0023514627
68  3   0.0319026453   0.0670238363   0.0864561686   0.0221420168   0.0688757219
68  4  -0.0716286949   0.0796154579  -0.0338594253  -0.2487130237   0.1321480664
68  5  -0.1326332576   0.0700853245   0.0911003257  -0.0134103092   0.1883233909
68  6  -0.0846303371   0.0134333355   0.0348504669  -0.4200318980   0.0954277513
68  7   0.4190190647  -0.2130533260   0.0177303103   0.0532159997   0.0443305093
68  8   0.0526712332   0.1116125565   0.2283506848   0.1020571705  -0.2051774480
68  9  -0.0560807337  -0.1091913278   0.0022074071  -0.0071705192   0.0032559580
68 10  -0.2613865866  -0.0543317418   0.0045922833   0.0222985398   0.0002886678
68 11  -0.0007740058   0.0013055435   0.0462052164   0.0542742704  -0.2441094127
68 12   0.0187247762   0.0041583554  -0.0022132694  -0.0018533297  -0.0555027268
68 13   0.0198240021  -0.0001394457   0.0663776066   0.0030483490  -0.0005355635
68 14   0.0006194900  -0.0001170168  -0.0001737549   0.0000239579  -0.0001656765
68 15  -0.0000089939  -0.0000038290   0.4593634353   0.0001887973   0.0266674443
68 16  -0.5584823800  -0.0187940038   0.0000107042
69  1  -0.0649767800  -0.1313479899   0.0895249735   0.1623335670  -0.2907585868
69  2   0.0045907016  -0.2117528142  -0.2453564674   0.1838405681   0.0153208782
69  3  -0.0061115347   0.0500644828   0.2266405514   0.0200386180   0.1139481845
69  4   0.0044384908   0.0801963624  -0.0836014608  -0.3755057206   0.2694463735
69  5  -0.3123917967   0.0192998867  -0.1581127298   0.1230009968   0.1486694665
69  6   0.1682050104  -0.0184778474   0.0542718448  -0.2925470864   0.0638088373
69  7   0.2272960711  -0.1479843932  -0.0032233000  -0.0040848282  -0.0220835319
69  8  -0.0508607573  -0.1060334285  -0.2344160187  -0.1203945124   0.2104095149
69  9   0.0658288157   0.1503280945  -0.0005842758  -0.0026890815  -0.0149444319
69 10   0.2380977442   0.0387995594   0.0011064451  -0.0175366563   0.0041892121
69 11   0.0007152415  -0.0064144947  -0.0429617955  -0.0867039909   0.3244861531
69 12  -0.0223164638  -0.0062032617   0.0042217644   0.0017466097  -0.5848356395
69 13   0.0595759039   0.0009494650  -0.4100683017  -0.0131065429   0.0005109459
69 14   0.0005301948   0.0001539073  -0.0002043195  -0.0001254006   0.0002336742
69 15  -0.0001194334  -0.0000013314  -0.1827381912  -0.0000786924  -0.0099189432
69 16   0.2553285801   0.0077251519  -0.0000215658
70  1   0.0575873213   0.1050398657   0.0319430899   0.1224259456   0.1467994621
70  2  -0.0537420682   0.0329697931  -0.1608522710  -0.2639361719  -0.0917137212
70  3  -0.0898574045  -0.1745954046   0.0754392534  -0.0294229003  -0.0069600514
70  4   0.1657424241  -0.0685662498  -0.0465185634  -0.5739339954   0.3717202522
70  5  -0.3276591490   0.0271209169  -0.0166803203   0.0118766572  -0.0147296498
70  6   0.0076010011  -0.0123180917  -0.0508367243   0.4812422858  -0.0710160459
70  7  -0.2406586546   0.1527422268  -0.0201620942  -0.0765510975  -0.0191067885
70  8  -0.0244720596  -0.0373727757  -0.0110324750   0.0345762546  -0.0814978088
70  9  -0.1269404108  -0.2242149045  -0.0095544888   0.0019142162  -0.0115665771
70 10  -0.1735684829  -0.0238488662   0.0035530986   0.0012723459   0.0024412189
70 11   0.0014141524  -0.0004641217  -0.0016356019   0.0063147031  -0.0144987121
70 12   0.0011439986   0.0043300516  -0.0033014591  -0.0013190203   0.1933632829
70 13  -0.0185653548  -0.0005377945   0.2099700735   0.0056783540   0.0004154528
70 14  -0.0005309290  -0.0000330207   0.0001922328   0.0000507609   0.0000233843
70 15  -0.0000148720   0.0000189647  -0.4029411598  -0.0002395555  -0.0150881718
70 16  -0.3062462349  -0.0060536399  -0.0000808795
71  1   0.1503737604  -0.0227858136   0.3563942598   0.0185845947  -0.1699134269
71  2   0.1287143558  -0.2692754475  -0.0788582351   0.0433311545  -0.1150442060
71  3  -0.0260966020   0.0859997086   0.2361177002   0.0199726392   0.1063377659
71  4  -0.0295792508   0.0565190598  -0.0298535392   0.1386378730   0.0121191180
71  5  -0.1181882641  -0.1732217679  -0.3218335441   0.0732127324   0.0689007432
71  6  -0.1006529341   0.0344615781   0.0322333477  -0.4264105494   0.0521414859
71  7   0.0587935804  -0.1062063907   0.0332290083   0.1497916749   0.0214770349
71  8   0.0290539112   0.0374067654  -0.0582960001  -0.1024825014   0.2188672153
71  9   0.2091345047   0.3772499135   0.0129107838   0.0012161229   0.0081010105
71 10   0.4421246117   0.0725092688  -0.0062313284  -0.0172636470  -0.0058287723
71 11  -0.0021081216   0.0064348567  -0.0263294512   0.0109712662   0.0137049525
71 12  -0.0055100042  -0.0069892846   0.0067559157   0.0043514373   0.5687639740
71 13  -0.0390821290  -0.0000807492   0.0404232505   0.0006930795   0.0005405602
71 14  -0.0007806697   0.0000578753   0.0001931994  -0.0000031620  -0.0000965361
71 15   0.0001344629   0.0000197680  -0.3407142595  -0.0001945170  -0.0114489346
71 16  -0.2699639320  -0.0058783920  -0.0000244049
72  1  -0.1883798522  -0.0949969947   0.0537623321   0.1167748301  -0.2239452812
72  2   0.0415561393  -0.0984748821   0.0685658007   0.1678739679   0.0073185837
72  3   0.0024740684   0.1057705864  -0.0140412661   0.0372062860   0.0927044321
72  4  -0.0761553203   0.0085939304   0.0354071611   0.3809735517  -0.2323866828
72  5   0.2414568203  -0.0019487223   0.0729181224   0.0152399860  -0.0284988221
72  6   0.1964989547  -0.0323879983   0.0335860528  -0.0587722915   0.0116682157
72  7   0.1225660569  -0.0322765489  -0.0193496143  -0.0798638028  -0.0198310990
72  8  -0.0250226297  -0.0352386343  -0.0049099313   0.0447901315  -0.1051927703
72  9  -0.0926934673  -0.1743086469  -0.0074654608  -0.0025124562  -0.0036095459
72 10  -0.2698979592  -0.0453323912   0.0029819790   0.0120077706   0.0039895421
72 11   0.0006101246  -0.0068310135   0.0228195826  -0.0220735749   0.0188172395
72 12   0.0027554937   0.0031227698  -0.0025425443  -0.0024371565  -0.4253853862
72 13   0.0254662583   0.0002550882  -0.0832147138  -0.0012732912  -0.0009296145
72 14  -0.0010879839   0.0000086165   0.0000058716  -0.0000511300  -0.0000319399
72 15   0.0001336386   0.0000344702  -0.5711943840  -0.0003184900  -0.0195187894
72 16  -0.4665083491  -0.0083608795  -0.0000623427
73  1   0.0146803068   0.1059858119  -0.0422323351   0.1601379952   0.0363253536
73  2  -0.0109149723   0.0162914233  -0.1716928945  -0.0107947567   0.0351984501
73  3   0.0012026765   0.0411013267  -0.1416791648   0.0473679912   0.1239103617
73  4  -0.0786533922  -0.0223565475   0.0437655550   0.0052058475   0.0245014156
73  5   0.0023046180  -0.0584342497   0.0538519725  -0.0307130440   0.0814813725
73  6  -0.0443787919  -0.0015228392  -0.0011867536   0.0359778272  -0.0153041131
73  7  -0.0037985107   0.0388822742  -0.0176608491  -0.0866930209  -0.0197665619
73  8  -0.0276969339  -0.0442645128  -0.0379997435   0.0045160599  -0.0103867140
73  9   0.1312246234   0.1852069109   0.0102763773  -0.0007217156   0.0065046488
73 10  -0.1215771841  -0.0206595409   0.0005128074   0.0057979590   0.0011833194
73 11   0.0006704542  -0.0015861527   0.0054548070  -0.0051174712   0.0038076153
73 12   0.0007016661   0.0009633852   0.0019032941  -0.0010659370  -0.0113709708
73 13  -0.0504266204  -0.0002409522   0.0772572676   0.0028396963  -0.0024268277
73 14   0.0021058236  -0.0001148125  -0.0006335719  -0.0001373168  -0.0000585672
73 15   0.0002686829   0.0000068522   0.0374488375   0.0007375515  -0.7760123230
73 16  -0.0255729820   0.6001735089  -0.0002622130
74  1  -0.0129556827   0.0491611527   0.3346010447  -0.0891156609   0.0332096006
74  2   0.1319351448  -0.0570502648   0.3610227474  -0.1704378181  -0.1928866039
74  3  -0.0644415193   0.0267485544   0.1146694910  -0.0148171655  -0.0109469865
74  4  -0.0095972373   0.0732103007  -0.0335651742  -0.1260623673  -0.0594228655
74  5   0.2509466688   0.1414810145   0.1079303330   0.1829892719   0.4893415057
74  6   0.2601862537  -0.0590351237   0.0203689052   0.1466754100  -0.0431856219
74  7  -0.1242153820   0.1145845150  -0.0313463293  -0.1019302489  -0.0324998245
74  8  -0.0332623327  -0.0236481565  -0.0110793116   0.0198407004  -0.0567961104
74  9   0.3930362469   0.5404211282   0.0275479536  -0.0039955492   0.0032904166
74 10  -0.3449010732  -0.0570454950   0.0066018252   0.0093121549   0.0067891097
74 11   0.0030450148  -0.0025976229  -0.0203709070  -0.0031416707   0.0307716759
74 12  -0.0043206580   0.0006964985   0.0146091327  -0.0032871858  -0.0492723324
74 13  -0.5227034811  -0.0009123337   0.0401727647   0.0000760333  -0.0015108370
74 14  -0.0001881644   0.0000085290   0.0000980207  -0.0000096887  -0.0000605208
74 15   0.0000876160  -0.0000084428  -0.0063043390  -0.0001202636   0.1234568781
74 16   0.0029963305  -0.0952717291   0.0000278467
75  1  -0.3160259779  -0.0446609033   0.0142666288   0.0542656443  -0.1189661768
75  2   0.0578504235   0.0346485912   0.3837927924   0.1122696961  -0.0163259509
75  3  -0.0025768603   0.1931698489  -0.0394854252   0.0610711068   0.1776335505
75  4  -0.2164892017   0.1582711953  -0.0018300275  -0.2689359576   0.0207974513
75  5   0.5338104466  -0.5313621398  -0.2779615836   0.0928074812   0.4558693530
75  6  -0.2341613154   0.0187179370  -0.0406293951   0.1841042155   0.0059927797
75  7   0.0021047764  -0.0128156693   0.0031961913   0.0165533652   0.0076554313
75  8  -0.0052901048  -0.0108356432  -0.0231248403  -0.0137720657   0.0212417295
75  9  -0.0794297791  -0.1024446778  -0.0036614249   0.0023321732  -0.0004380246
75 10   0.1331902311   0.0251528169  -0.0055534449  -0.0048580678  -0.0052711085
75 11  -0.0002197109   0.0027198144   0.0133025420  -0.0081352055   0.0229992539
75 12   0.0011938687   0.0046758953  -0.0173693332   0.0010345835   0.0421283971
75 13   0.5025050500   0.0002180711   0.1913776364   0.0057734628   0.0032828703
75 14   0.0016348167   0.0000124961  -0.0003535583  -0.0000585399   0.0002698163
75 15  -0.0001337488  -0.0000086739   0.0001716367  -0.0000023104  -0.0085932701
75 16   0.0013080166  -0.0123353843  -0.0000250391
76  1  -0.0003013858   0.1096582943  -0.0802685208   0.1763361788  -0.0108994065
76  2   0.0000420340   0.0111258109  -0.2012452314   0.1049821878   0.0984765657
76  3   0.0428768523   0.1518991566  -0.1897660027   0.0872507987   0.2237036284
76  4  -0.2202157501   0.0574641565   0.0548248162  -0.1328431824   0.0720116892
76  5   0.2107071359  -0.4435455285  -0.0786361167  -0.1584434334  -0.0781607338
76  6  -0.3555349614   0.0488151265  -0.0266922718  -0.0587027998   0.0088724073
76  7   0.0307463069   0.0123493747  -0.0037466373  -0.1518673435   0.0152617627
76  8  -0.0697252089  -0.1847731032  -0.1908854183  -0.0586731505   0.1217584158
76  9  -0.2697340685  -0.2918367212  -0.0063125048  -0.0034035152   0.0109023275
76 10   0.2274282006   0.0130705097   0.0027141672   0.0151419847  -0.0027943087
76 11  -0.0064599008   0.0056392343   0.0408309679   0.1016937696  -0.3869745109
76 12   0.0245108187  -0.0057467583   0.0172580300  -0.0009551937  -0.0290455835
76 13  -0.6440578586  -0.0001667036  -0.4626252833  -0.0171827349  -0.0030903336
76 14  -0.0031472140   0.0001984923   0.0008278163   0.0000909874  -0.0000031415
76 15  -0.0000255711  -0.0000019589  -0.0078443223  -0.0002052714   0.2134731271
76 16  -0.0044153593   0.2535216728  -0.0001002919
77  1  -0.0647493152   0.1020883051   0.2505313935  -0.1157830520   0.0703307924
77  2   0.0920074027   0.0707800167   0.2295319777  -0.1601663877  -0.0469117825
77  3  -0.0060834675  -0.0889559602  -0.1997278381  -0.0113778091  -0.0623052565
77  4   0.0654529920  -0.1442629209   0.0693412357   0.2412704629  -0.0301095788
77  5  -0.2799759153   0.1829232637   0.0263589198   0.0523437824   0.4904976896
77  6  -0.3111504678   0.0348090888  -0.0516056961   0.1543703924  -0.0058044741
77  7   0.1617963616  -0.0245578320  -0.0218382273  -0.2018994426  -0.0377226865
77  8  -0.0760726091  -0.2079203204  -0.2351489682  -0.0602820258   0.1620567291
77  9  -0.2485163878  -0.2773187847  -0.0086101771   0.0027018263   0.0155252503
77 10   0.2550707954   0.0107614203   0.0115574946   0.0178437831   0.0056403927
77 11  -0.0126221941  -0.0019595062   0.0461265098   0.0767243321  -0.3353666308
77 12   0.0252034884  -0.0040008208   0.0040808943   0.0006913442  -0.0169674014
77 13  -0.1267671735   0.0001001278  -0.1971117150  -0.0088031555  -0.0070584265
77 14   0.0065711922   0.0002237163  -0.0005201612  -0.0001256632  -0.0000794823
77 15   0.0002601273  -0.0000421257   0.0117929875   0.0002754334  -0.3539787504
77 16   0.0077333791  -0.4455604824   0.0000529436
78  1  -0.3396891899   0.0000000000   0.0000000000   0.0000000000   0.0000000000
78  2   0.0000000000   0.1661714519   0.3100913075  -0.0801902513   0.0118014370
78  3  -0.0192101928  -0.1074552415  -0.2486814373  -0.0039203946  -0.0396217946
78  4   0.0957596705  -0.1801063606   0.0714200411   0.2559630253   0.0122633400
78  5  -0.3936794840   0.1842640509  -0.0773147213   0.1058596964   0.4119320810
78  6  -0.1653425207   0.0209789075  -0.0327259997   0.1300443534  -0.0066475362
78  7   0.0803791640  -0.0375350388  -0.0031966826   0.0163296645  -0.0270943777
78  8   0.0172620758   0.0275799845   0.0218632014   0.0122105429   0.0000638798
78  9  -0.0152747190  -0.0399953501  -0.0037506944   0.0029687000  -0.0016804570
78 10   0.0148214204  -0.0041794404   0.0092189969   0.0011844099   0.0082223200
78 11  -0.0044292182  -0.0054643384  -0.0086467406  -0.0113405027   0.0305696608
78 12  -0.0010858546  -0.0006488800  -0.0025719540   0.0009636356  -0.0000367138
78 13   0.1261020578   0.0000743649   0.0627306160   0.0009628279   0.0049046196
78 14  -0.0005343621   0.0000567463   0.0000453606   0.0000439568   0.0002770432
78 15  -0.0006055239   0.0000206593  -0.0172205229  -0.0003987150   0.4544767924
78 16  -0.0112622507   0.5999596825  -0.0001440884
$end
