$grad          cartesian gradients
  cycle =      1    SCF energy =     -306.4262202087   |dE/dxyz| =  0.041243
    4.08039491405044     -1.25363297271999      0.19434699356101      c
    1.42876523104581     -1.53069138902975      0.60871102035995      o
    0.03257698866242      0.39666107246345     -0.34273017859275      c
    0.82345193825793      2.24811835333942     -1.46420704451316      o
   -2.65358365981750     -0.12974481626456      0.21567255287741      c
   -4.46867694087730      1.47541878961057     -0.51324583599611      c
    5.03257121646563     -2.88910589590798      1.02434116366240      h
    4.78521551538274      0.45469456175070      1.12355934410975      h
    4.49765589099844     -1.21223852196006     -1.83118051955874      h
   -3.09015763775917     -1.85272906655785      1.23020414822688      h
   -6.43945719844052      1.08884885465262     -0.10335290120803      h
   -4.02875436824279      3.20440669980179     -1.53148885345434      h
  -.13428054204359D-01  0.43542677676748D-02  -.11026820884263D-02
  -.73495886331419D-02  -.10454997003828D-01  0.66391073527917D-02
  0.77881706574250D-02  -.84394788182566D-02  0.39975406797073D-02
  -.62881155510000D-03  0.21941124081623D-01  -.12301533793618D-01
  0.13130293631550D-01  -.12178771266940D-01  0.55883366405236D-02
  -.42331589280703D-02  0.62633673205209D-02  -.31128195638138D-02
  0.58891542042709D-02  -.79270477744275D-03  -.12965891494488D-03
  0.13328019292132D-02  0.76841121310523D-03  0.43414947390176D-02
  0.63176118232076D-03  -.33994388640675D-02  -.31158844534727D-02
  -.97021890201983D-03  -.45734808152948D-03  0.34783615670071D-03
  -.12824869055923D-02  -.50978833468439D-03  0.40695843928906D-03
  -.86458934874342D-03  0.29282657565999D-02  -.15578664522533D-02
  cycle =      2    SCF energy =     -306.4267388703   |dE/dxyz| =  0.054553
    4.10725344571761     -1.26233891000882      0.19654917319768      c
    1.44346675043432     -1.50977995010769      0.59542833074257      o
    0.01700325171236      0.41354456345391     -0.35072386338019      c
    0.82471245011934      2.20424413560752     -1.43959660644248      o
   -2.67984176105713     -0.10538434680504      0.20449519251607      c
   -4.46020792852585      1.46289739185508     -0.50701609605461      c
    5.02079510524441     -2.88752056668834      1.02459227825617      h
    4.78255228985317      0.45315736003238      1.11487867828191      h
    4.49639511128726     -1.20543067035432     -1.82495173910142      h
   -3.08821497402676     -1.85181462346401      1.22950227630717      h
   -6.43688961701158      1.08987258895845     -0.10416424713274      h
   -4.02702223402101      3.19855869669924     -1.52836348771585      h
  0.32928259829448D-03  -.51112313533226D-02  0.28084691801983D-02
  -.83496299864899D-03  -.31393161957042D-02  0.18871130751392D-02
  0.11726710023134D-01  0.26091730091680D-01  -.15858663314173D-01
  -.12862818670440D-01  -.18801408803496D-01  0.11863854432684D-01
  -.10391944595704D-01  0.16245043262493D-01  -.81592550132537D-02
  0.18345991638033D-01  -.15346319690185D-01  0.68779362440832D-02
  0.13486170987588D-02  0.56079118914218D-02  -.32959813722421D-02
  -.20022138331649D-02  -.80481604702584D-03  0.26196065380363D-02
  -.22896967564709D-02  -.24790023828082D-02  -.33452383936297D-03
  -.11288858654315D-02  -.59356128877480D-02  0.34516435962299D-02
  -.17279635497589D-02  -.35662284579196D-03  0.36319890557871D-03
  -.51228830078878D-03  0.40500667454956D-02  -.22222637416736D-02
  cycle =      3    SCF energy =     -306.4277288857   |dE/dxyz| =  0.012412
    4.11093790018868     -1.25990032172765      0.19483166341664      c
    1.44622016489156     -1.50444642481132      0.59211744062916      o
    0.00621840978975      0.39707796947692     -0.34038279570134      c
    0.83423088625501      2.21148132981949     -1.44460925634279      o
   -2.67613625489165     -0.11361376577768      0.20878361960107      c
   -4.47228415495355      1.47220626639511     -0.51109588631249      c
    5.01809637546327     -2.89135808472539      1.02701837877856      h
    4.78361623915314      0.45351725786346      1.11170991326224      h
    4.49787248215759     -1.20263452817152     -1.82380017331114      h
   -3.08711189648045     -1.84737362547071      1.22689367253037      h
   -6.43526066084330      1.09028195474929     -0.10454514972472      h
   -4.02639760100391      3.19476764155834     -1.52629153735129      h
  0.78986168241074D-03  -.38727745565694D-02  0.20737490232668D-02
  -.12022753021543D-03  0.23548973716653D-03  -.88080120541179D-04
  -.29624926884353D-02  0.27100824404708D-02  -.12358523928112D-02
  -.16492233927076D-02  0.12266117381057D-02  -.52968358031896D-03
  0.17671987437753D-02  0.35551607199626D-02  -.21837007691574D-02
  0.39686257415164D-02  -.28262555881158D-02  0.12136655716638D-02
  0.18688601697161D-02  0.43872420804124D-02  -.26586451970275D-02
  -.23758614325556D-02  -.15704581533952D-02  0.21349490964240D-02
  -.25265138828914D-02  -.24354720912003D-02  0.61244848191128D-03
  0.79786379202543D-04  -.21058173682451D-02  0.11740654881947D-02
  0.19146360083453D-02  -.14210302425850D-03  -.11126598955728D-03
  -.76080656089228D-03  0.86408300472392D-03  -.40172223810888D-03
  cycle =      4    SCF energy =     -306.4278789571   |dE/dxyz| =  0.012502
    4.11081917994999     -1.25174432483106      0.19031189628280      c
    1.44738999771690     -1.50373427647507      0.59152294121379      o
    0.01217646991434      0.39245028291010     -0.33835811706762      c
    0.83781739211995      2.20564992194242     -1.44166606320526      o
   -2.68195903244955     -0.11987079747473      0.21289727264452      c
   -4.48043270430976      1.47756851435169     -0.51333413492363      c
    5.01315226552625     -2.90110337689777      1.03299623054260      h
    4.78880178468574      0.45697285351110      1.10637540498229      h
    4.50348080130064     -1.19672417754770     -1.82481250916183      h
   -3.08719222002296     -1.84264626230790      1.22424741242342      h
   -6.43947501951748      1.09066389395632     -0.10433184196294      h
   -4.02457702518793      3.19252341804096     -1.52521860229388      h
  -.17842892435546D-02  0.27210211448884D-02  -.13452665023781D-02
  -.15442947036962D-02  0.95927138706178D-03  -.36811734800518D-03
  0.29389228228059D-02  0.29443781070683D-02  -.19406665174139D-02
  -.22176253503612D-02  -.49524148382435D-03  0.49599857184351D-03
  0.16507166150940D-02  -.54254533225928D-02  0.28955132269697D-02
  -.15213287096457D-02  0.37035333008985D-02  -.19371320074789D-02
  0.34780791505145D-02  -.50735407253105D-03  -.56769595705542D-04
  -.22383221668146D-02  -.21842603483171D-02  0.15138077070949D-02
  -.22494850118148D-02  -.22406961980212D-02  0.13906853825137D-02
  0.14468396693414D-02  0.18871992563442D-02  -.12113844220578D-02
  0.28551303441389D-02  -.49096481921077D-03  -.46962032603792D-05
  -.82046266993192D-03  -.84247353534297D-03  0.56609566659641D-03
  cycle =      5    SCF energy =     -306.4280285035   |dE/dxyz| =  0.011239
    4.11522699857593     -1.25011964822618      0.18899137977675      c
    1.45192095041896     -1.50370345710850      0.59095268025166      o
    0.01009152303405      0.38223843066492     -0.33240753719173      c
    0.84576872537762      2.20107828486378     -1.43985542964744      o
   -2.69022881784228     -0.11503724206598      0.21100100458502      c
   -4.48519064369136      1.47565783737145     -0.51180088923857      c
    5.00210369093089     -2.90843728623285      1.03821213913639      h
    4.79714531380842      0.46378001465136      1.09865902841831      h
    4.51227479058145     -1.18729816845264     -1.82787316899402      h
   -3.08973633383145     -1.84178434237160      1.22403014099375      h
   -6.44789915063450      1.09195005302730     -0.10420872785342      h
   -4.02147515700161      3.19168119305729     -1.52507073076242      h
  -.22489411197420D-02  0.26555258906619D-02  -.12545136055561D-02
  -.18977220905747D-03  0.21175059267956D-02  -.11617508009084D-02
  -.16988050449392D-03  -.51461355583297D-02  0.29291718051374D-02
  0.11494419551999D-02  0.46048512072828D-02  -.27118346209645D-02
  -.27063978343497D-02  0.15281577845658D-03  0.17608945383057D-03
  0.12233906232424D-02  -.35305317290456D-03  0.81440629164459D-04
  0.29742407416703D-02  -.19152093947210D-02  0.78543910859459D-03
  -.16946461785894D-02  -.10529386190806D-02  0.12343787632264D-02
  -.17730229933426D-02  -.14601104775742D-02  0.49159682965863D-03
  0.17633424939469D-02  0.10874270211313D-02  -.79202608849877D-03
  0.18063758311302D-02  -.62479606400158D-03  0.17345546273188D-03
  -.14505976248825D-03  -.37106844650116D-04  0.46557243649333D-04
  cycle =      6    SCF energy =     -306.4281461011   |dE/dxyz| =  0.007739
    4.12466106159201     -1.25369152963293      0.19006192068064      c
    1.45692453799208     -1.50754835257793      0.59248967433766      o
    0.00609929508811      0.37950434413456     -0.33050689052963      c
    0.85307158470723      2.18950244917297     -1.43401961349580      o
   -2.69027095111569     -0.11360996677216      0.21023077879019      c
   -4.49573212519032      1.47740604489909     -0.51176541484773      c
    4.98471492903052     -2.91203541538956      1.04194471140307      h
    4.80907595090756      0.47263218640840      1.08808000992038      h
    4.52487288980238     -1.17465987726995     -1.83169399019733      h
   -3.09582452510813     -1.84227825056302      1.22493744259816      h
   -6.45945535102862      1.09463752494114     -0.10455779603345      h
   -4.01813540695102      3.19014651182774     -1.52457094315190      h
  0.60372261873860D-03  -.23800363477436D-02  0.12736394070818D-02
  0.11252156145632D-02  0.13004788549096D-02  -.83384301822800D-03
  -.32479366347124D-02  -.17192265665597D-02  0.12959717672253D-02
  0.10646398503608D-02  0.72803485645057D-03  -.51895035529848D-03
  0.25128079336847D-02  -.42918525707758D-04  -.21741929727909D-03
  -.32854347056290D-02  0.18238272461273D-02  -.71085374678370D-03
  0.16788714471731D-03  0.91022905943011D-04  -.72010571427035D-04
  -.93219283089444D-03  0.11816798999548D-02  0.93414347183500D-03
  -.11743061890667D-02  -.10458212574082D-03  -.13283197181892D-02
  0.11830819809571D-02  0.86633941406539D-04  -.17173562356567D-03
  0.12903944059793D-02  -.66273069042788D-03  0.24562055907065D-03
  0.68002323033443D-03  -.27134845305907D-03  0.98506236950319D-04
  cycle =      7    SCF energy =     -306.4281895274   |dE/dxyz| =  0.002744
    4.12529649735743     -1.25062653233156      0.18827910342483      c
    1.45569136194183     -1.51145216557334      0.59476289877936      o
    0.00953708849770      0.37952549910725     -0.33087763083406      c
    0.85383526186367      2.18892353581652     -1.43374986166296      o
   -2.69225439907733     -0.11467370630341      0.21102740589558      c
   -4.49358803246449      1.47573774207449     -0.51102513965210      c
    4.98050755701285     -2.91247378785342      1.04260861417498      h
    4.81366166529855      0.47256923753600      1.08417734941021      h
    4.53001374857617     -1.17174057392319     -1.83033842008081      h
   -3.09962216911302     -1.84265129807181      1.22554038877380      h
   -6.46436083948610      1.09655312319981     -0.10514164322119      h
   -4.01871585068116      3.19031459550101     -1.52463317553338      h
  0.74440324977601D-03  -.15908835976732D-03  0.14863384600593D-04
  -.94302962470587D-04  -.50020012287970D-03  0.29946408813297D-03
  -.50256728105819D-03  -.97767816181205D-04  0.11151569902160D-03
  0.31654766019151D-03  0.27847544527426D-03  -.19110979873713D-03
  0.63526932815500D-04  0.48124824230199D-03  -.27420607321028D-03
  0.21359219613670D-03  0.46683531331159D-03  -.28475990846485D-03
  -.64972393037835D-04  -.55422092484146D-03  0.31462461162944D-03
  -.71645950560528D-03  0.56220786895900D-03  0.35760754532850D-03
  -.82549044002018D-03  0.45145892755364D-04  -.54832199311569D-03
  0.10501868457551D-02  0.20259344965422D-03  -.22423238228873D-03
  -.73827268921494D-03  -.85205256742559D-03  0.54967350041973D-03
  0.54481466647953D-03  0.15886529382288D-03  -.13137545263749D-03
  cycle =      8    SCF energy =     -306.4282041857   |dE/dxyz| =  0.002311
    4.12405772588464     -1.24975994287876      0.18791527876520      c
    1.45587246506832     -1.51136253894560      0.59465627347141      o
    0.01108319753046      0.37915304887554     -0.33083997107905      c
    0.85378238184674      2.18811469661039     -1.43326992492204      o
   -2.69288251786911     -0.11578343581023      0.21171142196202      c
   -4.49393161199289      1.47414350274777     -0.51008264468360      c
    4.97888976655978     -2.91135516758267      1.04214250791672      h
    4.81699919399150      0.47163510304853      1.08194914201922      h
    4.53376590006147     -1.17059366907833     -1.82891714359147      h
   -3.10331839177568     -1.84332816139452      1.22630724224698      h
   -6.46431401566777      1.09916969107076     -0.10660252716724      h
   -4.02000220391135      3.18997254251547     -1.52433976546389      h
  0.86275596505869D-04  0.20052415782175D-03  -.11503947979724D-03
  -.29229734376768D-03  -.48757720116449D-03  0.31207461861621D-03
  0.91798313601989D-03  0.41462791141220D-03  -.31843313900470D-03
  -.46018385715219D-04  -.33820730798967D-03  0.19349645828437D-03
  -.34369316714863D-03  0.59643153487897D-03  -.29964929126555D-03
  -.15690402706334D-03  -.47583157464910D-03  0.28470945152831D-03
  -.16421994393825D-03  -.41148241993556D-03  0.24373194424306D-03
  -.51547854320062D-03  0.26858004984966D-03  0.63544569519219D-04
  -.55745562426155D-03  0.12602905667537D-03  -.18882238394302D-03
  0.81914247800890D-03  0.16348375907404D-03  -.17934304584435D-03
  -.23281267379231D-03  -.52301600165164D-03  0.31428806755391D-03
  0.47703492989090D-03  0.49851739690641D-03  -.31689559710485D-03
  cycle =      9    SCF energy =     -306.4282164497   |dE/dxyz| =  0.002120
    4.12316618107999     -1.24894969427329      0.18752835755353      c
    1.45681667104407     -1.51043158355549      0.59396891237657      o
    0.01070776239319      0.37852823688219     -0.33048389726644      c
    0.85367382124009      2.18711318074177     -1.43266291678906      o
   -2.69375508577003     -0.11802796335289      0.21305444885829      c
   -4.49263248932358      1.47351360434958     -0.50983953486600      c
    4.97712461648704     -2.90952232807238      1.04129436327317      h
    4.82218868632037      0.47015241758943      1.07907937982228      h
    4.53953224019652     -1.16932735561809     -1.82696406278840      h
   -3.10949238971955     -1.84445410111022      1.22759018617179      h
   -6.46478651506112      1.10320074779913     -0.10879173290656      h
   -4.02254160916086      3.18821050779861     -1.52314361396491      h
  -.54093533858926D-03  0.20905623352267D-03  -.62937265512542D-04
  -.12526177583216D-03  -.25950749105006D-03  0.16947206543865D-03
  0.10462698496575D-02  0.63199956699263D-03  -.45656146164588D-03
  0.12923405305859D-03  -.61572922863615D-03  0.33462367442844D-03
  -.42281831765231D-03  0.26786244065695D-03  -.10792051956858D-03
  0.67957469720780D-03  -.12052460341095D-03  0.54330618848020D-05
  -.35945598190259D-03  0.29529177894838D-04  0.14921320582548D-04
  -.26669658361199D-03  -.10525310211729D-03  -.30730896103006D-03
  -.22469210650055D-03  0.22710078092687D-03  0.28081200397523D-03
  0.52253942464099D-03  0.15869314338701D-03  -.14702312206463D-03
  -.38611713090279D-03  -.27692710023646D-03  0.18986026884656D-03
  -.59911203926780D-04  -.11461517865057D-03  0.80389620987102D-04
  cycle =     10    SCF energy =     -306.4282214012   |dE/dxyz| =  0.001318
    4.12386589546994     -1.24859306478787      0.18724966486191      c
    1.45718955395681     -1.50970830348060      0.59347343149602      o
    0.00946277282975      0.37806144728872     -0.33011347446973      c
    0.85272054226457      2.18720330721833     -1.43260256473602      o
   -2.69398788584721     -0.11919919714452      0.21373262091643      c
   -4.49286895502050      1.47297767382653     -0.50951035450776      c
    4.97738770946367     -2.90902507027634      1.04099596027153      h
    4.82467966011018      0.46962178378339      1.07864009244660      h
    4.54217038486290     -1.16941849238338     -1.82665430121926      h
   -3.11296499323016     -1.84520876857627      1.22838543763404      h
   -6.46424129232546      1.10532553850862     -0.11001451270540      h
   -4.02341150280835      3.18796881520175     -1.52295211051410      h
  -.51039187940577D-03  0.18098168425755D-03  -.51281153607544D-04
  -.19203684288799D-03  -.83045648189894D-04  0.76808300496427D-04
  0.38558948353494D-03  0.22808912899286D-03  -.16434772668255D-03
  0.46617926448622D-03  -.27356379319769D-03  0.10920716253432D-03
  0.15818788048932D-03  0.10025625290304D-03  -.71211141039917D-04
  0.69978254480421D-04  -.27126361285616D-03  0.15079037467264D-03
  -.35674098096967D-03  0.14108696854733D-03  -.47881354776087D-04
  -.17302635317129D-03  -.20160538792102D-03  -.36457440071034D-03
  -.11459175836908D-03  0.21834025139015D-03  0.37775652747854D-03
  0.31862219032219D-03  0.75946388753970D-04  -.79929721484823D-04
  0.11206467011477D-03  -.40828345407045D-04  0.81632113874096D-05
  -.17207070131351D-03  -.43367335097896D-04  0.50663356254676D-04
  cycle =     11    SCF energy =     -306.4282269987   |dE/dxyz| =  0.001402
    4.12579240637869     -1.24865703288568      0.18708563322970      c
    1.45814730239642     -1.50870190153506      0.59272439830102      o
    0.00783533175033      0.37738116412517     -0.32958853290320      c
    0.84989506968718      2.18779486540877     -1.43263430406262      o
   -2.69516244112143     -0.12068282147865      0.21467995173609      c
   -4.49290241905344      1.47320484435278     -0.50963680753278      c
    4.97890519635235     -2.90887294390271      1.04077246968876      h
    4.82768344514821      0.46955403537496      1.07934740210298      h
    4.54515266277021     -1.17027627311658     -1.82738897694934      h
   -3.11744540346691     -1.84616239849925      1.22940921697644      h
   -6.46406823208627      1.10759758973009     -0.11126328262421      h
   -4.02383102902918      3.18782654160454     -1.52287727848859      h
  -.34147532833797D-03  -.23532847990176D-03  0.16643872996031D-03
  -.26688180056968D-03  0.15176540605077D-03  -.48248697597730D-04
  -.24478666475469D-03  -.22952415026934D-03  0.15673228649829D-03
  0.74348434844430D-03  0.17318427649285D-03  -.17009214353146D-03
  0.46415825652234D-03  -.16789217875221D-03  0.48696232049977D-04
  -.18450792377994D-03  -.20559161279854D-04  0.34300458982589D-04
  -.31930676404811D-03  0.27328361079042D-03  -.12587196433297D-03
  -.42962510013678D-04  -.25009826133685D-04  -.21475316416789D-03
  -.21037756682833D-04  0.17255342154950D-03  0.13224120687079D-03
  0.16238277666482D-03  0.46954127678189D-05  -.23872006505771D-04
  0.38663285234607D-03  0.84865230918379D-04  -.88993980507351D-04
  -.34344115751857D-03  -.15250150803599D-03  0.12860874769467D-03
  cycle =     12    SCF energy =     -306.4282321036   |dE/dxyz| =  0.001657
    4.12880257692127     -1.24815994377408      0.18649300097157      c
    1.46008527510728     -1.50786143046654      0.59193244354261      o
    0.00596573434658      0.37660321794773     -0.32899330796715      c
    0.84518626495821      2.18845442329191     -1.43251053106924      o
   -2.69698114538460     -0.12204931024127      0.21562899629553      c
   -4.49319198476971      1.47368565672402     -0.50988651545027      c
    4.98135198713180     -2.90933570624593      1.04080812847904      h
    4.83110716490764      0.46947555659521      1.08059341259180      h
    4.54851426482058     -1.17162246713627     -1.82843776174810      h
   -3.12285617527730     -1.84721719673048      1.23059937587282      h
   -6.46464384669688      1.10996793137994     -0.11247319934933      h
   -4.02333822633870      3.18806493783417     -1.52312415269509      h
  -.13092347617352D-03  -.17435694462961D-03  0.10735819421497D-03
  -.12663110319899D-03  0.19244598980511D-03  -.85478772380299D-04
  -.74527248541734D-03  -.35149815878435D-03  0.27580664788376D-03
  0.76054446623569D-03  0.37662143038666D-03  -.28635122626608D-03
  0.62034086421492D-03  -.17684307896421D-03  0.37480971402770D-04
  -.29562207004342D-03  0.11184042845455D-03  -.30336732657232D-04
  -.16545195633776D-03  0.66958912997642D-04  -.24103760714753D-04
  0.21310280164173D-04  0.68340701990514D-04  -.34822044654929D-04
  0.97510171467793D-05  0.63074056724487D-04  -.44386727941575D-04
  -.97280380330703D-05  -.15939170242273D-03  0.86199289977558D-04
  0.47681170910762D-03  0.13922488557529D-03  -.12741525384663D-03
  -.42191458781700D-03  -.12898739387364D-03  0.12272354847404D-03
  cycle =     13    SCF energy =     -306.4282357391   |dE/dxyz| =  0.000845
    4.13170382692486     -1.24790521573880      0.18606073253514      c
    1.46196050432564     -1.50750898388712      0.59141856831540      o
    0.00539413706763      0.37573585763786     -0.32847811801470      c
    0.84004149892971      2.18897191092599     -1.43226558766984      o
   -2.69912680682482     -0.12296141048012      0.21636219295794      c
   -4.49363627571096      1.47419175619118     -0.51013732933132      c
    4.98365468667864     -2.90960966795104      1.04074882147414      h
    4.83362166745525      0.46940389520222      1.08173993676815      h
    4.55098538808246     -1.17280650986284     -1.82931194918925      h
   -3.12689624065794     -1.84749052772451      1.23121172126345      h
   -6.46607677713025      1.11140526839380     -0.11307502625042      h
   -4.02162371941403      3.18857929647181     -1.52364407338441      h
  0.14342357673895D-03  -.17803604436917D-03  0.87120040005446D-04
  -.85913885515099D-04  0.16979468582801D-03  -.78666886763890D-04
  -.24428464030668D-03  -.15979467568771D-03  0.11916795400135D-03
  0.33485817139529D-03  0.20973655871065D-03  -.15002268741729D-03
  0.15911253050685D-03  -.17702009996531D-03  0.83174898755312D-04
  -.91164083361406D-04  0.27565493920537D-04  -.42546373625885D-05
  -.10030970163524D-03  -.24720153403116D-04  0.20911085661580D-04
  0.31446865806743D-04  0.13084916103812D-03  0.10934530652535D-03
  -.49400264278739D-05  -.28030865530401D-04  -.17503113693345D-03
  -.31330117731120D-04  -.82555349494133D-04  0.45338071821218D-04
  0.22391602970960D-03  0.56786121861968D-04  -.55090085324173D-04
  -.34022609178629D-03  0.80922619366985D-04  -.38193048644240D-05
  cycle =     14    SCF energy =     -306.4282367842   |dE/dxyz| =  0.000383
    4.13213076686082     -1.24766254168082      0.18587755035546      c
    1.46265997210021     -1.50781884967033      0.59146691584397      o
    0.00543789859255      0.37542862890653     -0.32832655124377      c
    0.83812086404474      2.18898771774453     -1.43207347962365      o
   -2.69971907361316     -0.12278725141858      0.21633087485813      c
   -4.49390232308339      1.47446654853570     -0.51026767232501      c
    4.98446967594166     -2.90951903544652      1.04062217407743      h
    4.83408083887797      0.46917135676202      1.08178952389362      h
    4.55151092290938     -1.17299097430819     -1.82919433503306      h
   -3.12767338016332     -1.84727836267133      1.23119375686715      h
   -6.46696081272798      1.11153648845806     -0.11303526956716      h
   -4.02015346001330      3.18847194396736     -1.52375359862882      h
  0.84609820825414D-04  0.24989262352101D-04  -.23139819949697D-04
  0.68808403885567D-04  0.32206739329257D-04  -.16383450732398D-04
  0.93378458305884D-04  0.51181061494890D-04  -.33655146896600D-04
  0.35484772939687D-04  0.36197252513692D-05  -.42046139044349D-05
  -.13962415913338D-04  0.46354269370164D-04  -.25011468399269D-04
  0.49063854089967D-04  0.31558060472336D-04  -.20630815299572D-04
  -.61861800759952D-04  -.10207944621365D-03  0.60751257233432D-04
  0.96734260056491D-05  0.34701215015944D-04  0.86969306278037D-04
  -.15531957436934D-04  -.57479883199858D-04  -.76797933788987D-04
  -.16583756188060D-04  -.82866970210982D-04  0.43993037675341D-04
  0.86960007599363D-05  -.27102498211685D-04  0.13479000620150D-04
  -.24676605181594D-03  0.69939307480275D-04  -.67423856850036D-05
  cycle =     15    SCF energy =     -306.4282371606   |dE/dxyz| =  0.000372
    4.13215868594570     -1.24760797074927      0.18584244792994      c
    1.46278115472890     -1.50801211388024      0.59150885956023      o
    0.00515695283190      0.37519633995210     -0.32818490378435      c
    0.83707808368403      2.18894494180013     -1.43193571014066      o
   -2.70006660058841     -0.12287866936129      0.21642414862362      c
   -4.49406818532888      1.47445502892863     -0.51024292386307      c
    4.98503842271187     -2.90919223748623      1.04038639849926      h
    4.83437871731345      0.46898357086375      1.08156705147225      h
    4.55191034458927     -1.17290684309473     -1.82895729241233      h
   -3.12814135887864     -1.84698394022222      1.23109809141657      h
   -6.46739887544949      1.11177161068360     -0.11310054686253      h
   -4.01882545183353      3.18823595174420     -1.52377573096456      h
  0.61648595145486D-04  0.48449970913050D-04  -.32798420033828D-04
  0.10653638829367D-03  -.16725811371694D-04  0.68127062605450D-05
  0.14800331616804D-03  0.99660010177499D-04  -.67134991805759D-04
  -.62814509267678D-04  -.43225524380019D-04  0.32181249911264D-04
  -.59069030606432D-04  0.32558329553872D-04  -.12050130441407D-04
  0.48112876261885D-04  -.31231611477278D-04  0.14820424085522D-04
  -.45603243934426D-04  -.65022058857903D-04  0.38136993165343D-04
  0.17644837411101D-04  -.32299821313971D-04  0.45917432625999D-04
  0.39297635719485D-05  -.58270184832430D-04  -.75967549303946D-06
  0.10670638383634D-04  0.44167850799276D-04  -.30351539200172D-04
  -.68871799578579D-04  -.61439154872743D-04  0.40529396925531D-04
  -.16511325133772D-03  0.10814225357225D-03  -.36460177139519D-04
  cycle =     16    SCF energy =     -306.4282374889   |dE/dxyz| =  0.000301
    4.13188766307091     -1.24760215217672      0.18586029249401      c
    1.46247284460321     -1.50816931134025      0.59154958064649      o
    0.00470170748272      0.37490606708974     -0.32799931918213      c
    0.83624638408038      2.18885169552627     -1.43178667589661      o
   -2.70035957993540     -0.12297932069568      0.21651851970759      c
   -4.49417043951539      1.47448684354012     -0.51024544456422      c
    4.98570689792135     -2.90869843306880      1.04004901047308      h
    4.83456398480765      0.46889263741046      1.08118270201087      h
    4.55223991471462     -1.17261577100220     -1.82869974953628      h
   -3.12859051756806     -1.84690990565432      1.23113617950884      h
   -6.46760357552718      1.11219885830641     -0.11328728682946      h
   -4.01709339440865      3.18764446124340     -1.52364791935773      h
  0.19786154683787D-04  0.26461800045063D-05  -.29527851743497D-05
  0.25553196978528D-04  0.33362707870799D-05  0.22023530705795D-05
  0.12494507549535D-03  0.25707233929112D-04  -.23965429581330D-04
  -.95145154471787D-04  -.18477258487470D-04  0.21913358532688D-04
  -.55249205477073D-05  0.77689364018058D-04  -.42153408138915D-04
  -.22217961809096D-04  0.73363397966181D-05  0.26409986711440D-06
  -.76259443959163D-05  0.10235705478409D-05  -.27673891173641D-05
  0.54348551980678D-04  -.74215699488622D-04  0.14714478761054D-05
  0.50128176537679D-04  -.45332866524233D-04  0.52761153369670D-04
  0.19592862090505D-04  0.93320811228141D-04  -.58821629860470D-04
  -.71823480939266D-04  -.83904459242667D-04  0.53563939114288D-04
  -.97042094343382D-04  0.35548346356561D-04  -.25856202464022D-05
  cycle =     17    SCF energy =     -306.4282377184   |dE/dxyz| =  0.000288
    4.13152821366309     -1.24754137906942      0.18585503293544      c
    1.46214438974728     -1.50832459229146      0.59159705770765      o
    0.00415576040622      0.37478384366569     -0.32789625941329      c
    0.83600976299032      2.18872609413613     -1.43168040152593      o
   -2.70057949766944     -0.12324223619425      0.21669460597248      c
   -4.49409804432754      1.47442778044247     -0.51021326312827      c
    4.98614147657790     -2.90835873117569      1.03982116255570      h
    4.83445110563863      0.46901761060027      1.08085903388349      h
    4.55224638389663     -1.17223855323898     -1.82861498137577      h
   -3.12883710207503     -1.84708665174548      1.23129464136393      h
   -6.46753260049647      1.11270106399990     -0.11354510232277      h
   -4.01562795862543      3.18714142004924     -1.52354163717814      h
  -.35530413624862D-04  -.22547987549332D-04  0.16456971419637D-04
  0.89295075412776D-05  -.86192606476576D-05  0.92001933672814D-05
  -.54019353519064D-04  0.54197158974711D-05  0.48041957404071D-05
  -.22315257047184D-04  0.39339383803627D-04  -.17420866477103D-04
  0.39354102374156D-04  0.72629402623814D-04  -.43612715860841D-04
  -.87729012936077D-04  0.16096854651163D-04  0.22592458667481D-05
  0.33839268442616D-04  0.13009698922668D-04  -.13398344029809D-04
  0.83080770465004D-04  -.80840870887791D-04  -.23344471261132D-04
  0.83075583921042D-04  -.29930424609007D-04  0.67269259038133D-04
  0.20740830346297D-04  0.11216693562274D-03  -.69321506463715D-04
  -.20270049581161D-04  -.84810573611729D-04  0.49121908874229D-04
  -.54468448644819D-04  -.71905376887241D-05  0.16865352317642D-04
  cycle =     18    SCF energy =     -306.4282379950   |dE/dxyz| =  0.000369
    4.13124298308843     -1.24742942647930      0.18581038390692      c
    1.46174141885187     -1.50844939088069      0.59160756094319      o
    0.00367408425228      0.37455070094694     -0.32774347194213      c
    0.83573907925716      2.18852678459184     -1.43152566961311      o
   -2.70088279940363     -0.12374620106609      0.21701586488724      c
   -4.49383673897214      1.47435697102383     -0.51019198609656      c
    4.98656669830839     -2.90796697658189      1.03956701650451      h
    4.83409900288269      0.46936309526718      1.08056022963772      h
    4.55203126097809     -1.17173470654235     -1.82869254571338      h
   -3.12919323830635     -1.84757139014504      1.23165239707009      h
   -6.46740685033761      1.11351463628803     -0.11396950501956      h
   -4.01377301087303      3.18659157275595     -1.52346038509036      h
  -.35482384858926D-04  -.80027950353834D-04  0.48217997020341D-04
  -.90838973191482D-04  0.40153513472717D-04  -.88613396166670D-05
  -.14665557842128D-03  -.28705238471705D-04  0.33765218279053D-04
  0.42571691034166D-04  0.84335317126392D-04  -.49671487027392D-04
  0.46585987170902D-04  0.51813942313600D-04  -.33030531346977D-04
  -.10777378233567D-03  0.19307111320199D-04  0.30650142995303D-05
  0.65605191188089D-04  0.25935279520085D-04  -.23538037588384D-04
  0.10492441078375D-03  -.61932501015547D-04  -.33181423899624D-04
  0.10502868989392D-03  -.13354964704157D-04  0.53266694365173D-04
  0.18671076605990D-04  0.10634264206064D-03  -.65574936490159D-04
  0.12402898225183D-04  -.86515715084787D-04  0.46934133615711D-04
  -.20647549166152D-04  -.32534409816765D-04  0.27422541972279D-04
  cycle =     19    SCF energy =     -306.4282385464   |dE/dxyz| =  0.000444
    4.13078186393434     -1.24694328247677      0.18556164806189      c
    1.46138161050078     -1.50889178261803      0.59166260803397      o
    0.00294350419219      0.37393808435753     -0.32738895373185      c
    0.83507536919137      2.18801366558001     -1.43113343079650      o
   -2.70148969141977     -0.12499420295322      0.21779717459163      c
   -4.49309603547946      1.47423503271132     -0.51018411605943      c
    4.98720159983313     -2.90720570645813      1.03909415400932      h
    4.83298834312862      0.47033145913506      1.08007780446738      h
    4.55120123923087     -1.17063258566449     -1.82908052309234      h
   -3.13002959991244     -1.84896426871726      1.23263643392975      h
   -6.46713543068114      1.11556592927534     -0.11504215232169      h
   -4.00982088279237      3.18555332700703     -1.52337075761762      h
  -.64376396999789D-04  -.89280152082470D-04  0.56992609424246D-04
  -.13003591582016D-03  0.49769407241711D-04  -.12538586765781D-04
  -.22675981464654D-03  0.40622321621275D-04  0.26760367420886D-05
  0.11940591945303D-03  0.11336175532806D-03  -.73222380430948D-04
  0.26002859121133D-04  0.28987911033784D-04  -.18312208657445D-04
  -.13340312492743D-03  0.50801550941906D-04  -.11436817891286D-04
  0.10093906589129D-03  -.12995221919734D-04  -.45202119481943D-05
  0.10758634484227D-03  -.30376742566045D-04  -.37537293180921D-04
  0.10783888671930D-03  0.70807100078230D-05  0.27220455909131D-04
  -.85638640976923D-06  0.10953377490207D-04  -.90992230151084D-05
  0.54071882359785D-04  -.77990452006491D-04  0.38547347859305D-04
  0.33427462847856D-04  -.65967590981729D-04  0.39983851413537D-04
  cycle =     20    SCF energy =     -306.4282391923   |dE/dxyz| =  0.000314
    4.13064881136454     -1.24618522524168      0.18511999502421      c
    1.46155786084300     -1.50950475170083      0.59173037608401      o
    0.00268676647845      0.37283423380909     -0.32681597186689      c
    0.83415293154680      2.18722128909818     -1.43055362443924      o
   -2.70197433562548     -0.12656517033800      0.21875173512455      c
   -4.49195858241004      1.47402644428201     -0.51017105883043      c
    4.98739164370962     -2.90633648808558      1.03860421068799      h
    4.83130004631234      0.47165146900344      1.07977554017180      h
    4.54979175145901     -1.16943477170347     -1.82976582206795      h
   -3.13090462868132     -1.85056787179098      1.23376293863274      h
   -6.46691301853698      1.11815281317422     -0.11639151724249      h
   -4.00577735673387      3.18471369867198     -1.52341691180474      h
  -.22588531788326D-04  -.65268137401098D-04  0.36147116007440D-04
  -.97164092744462D-04  0.95346380136446D-04  -.41790796600327D-04
  -.86753818308472D-04  0.63804526734768D-04  -.24153742546763D-04
  0.11185676095754D-03  0.10898286004574D-03  -.69989318379537D-04
  -.60539274606142D-04  -.14697696928634D-04  0.15049344875284D-04
  -.51232266831847D-04  0.10382388716798D-04  0.31913528215216D-05
  0.48677090578826D-04  -.46960006912414D-04  0.20383113712798D-04
  0.49787445160834D-04  -.62203810009837D-05  -.21081195730639D-04
  0.48612478021692D-04  0.10944756608586D-04  0.85303423545680D-05
  -.54915995886494D-05  -.62554248181218D-04  0.33510786344018D-04
  -.37927512107627D-05  -.55174786001113D-04  0.32030603955632D-04
  0.62059637240819D-04  -.13571109003699D-04  0.70197220819806D-05
  cycle =     21    SCF energy =     -306.4282394992   |dE/dxyz| =  0.000204
    4.13069681811337     -1.24554155429333      0.18474483833404      c
    1.46196683972996     -1.51017775465025      0.59189780920349      o
    0.00265501509541      0.37179661765297     -0.32628031672624      c
    0.83317973188386      2.18648471374639     -1.43001512982723      o
   -2.70203205552706     -0.12748229187916      0.21928833634512      c
   -4.49111276310315      1.47390080804896     -0.51018287138059      c
    4.98741684216433     -2.90560649888871      1.03819875717970      h
    4.83016914279849      0.47250327419848      1.07970058157315      h
    4.54882856869001     -1.16875729688744     -1.83026692966050      h
   -3.13151183089523     -1.85132657007604      1.23434209465490      h
   -6.46671640024828      1.11997694409249     -0.11735018329531      h
   -4.00353801897566      3.18423527811401     -1.52344709692819      h
  0.24848871868016D-04  -.87737389369014D-06  0.53302744881106D-06
  -.12868324315539D-04  0.72971877125627D-04  -.38387338339961D-04
  0.43361337207282D-04  0.93742934413971D-04  -.54483116819382D-04
  0.74969887012277D-05  0.44343251896728D-04  -.22912639161654D-04
  -.32868481718101D-04  -.15355506816445D-04  0.13457534757122D-04
  0.50286279109357D-05  -.19847118781863D-04  0.14024775207649D-04
  -.31139654904198D-04  -.42946622811402D-04  0.25671116497112D-04
  -.51061350003906D-05  -.21856346071325D-04  -.64117024895227D-05
  -.41231541674652D-05  -.51091757246541D-05  0.17621623245853D-04
  -.26130543024066D-06  -.64760322254276D-04  0.34708645401685D-04
  -.53384745041186D-04  -.16413221881097D-04  0.15660761976239D-04
  0.52354919224805D-04  0.10391070982274D-05  -.44445701167725D-06
$end
