$hessapprox
  0.512650695739D+00 -0.450555591242D-01  0.532477083358D+00 -0.310236343354D-01
  0.225674002842D-01  0.494616028888D+00 -0.116159566232D+00 -0.641162436745D-02
  0.187137388348D-02  0.462565119207D+00 -0.268119606407D-01 -0.919668277426D-01
  0.697214242539D-02 -0.210107099299D-02  0.475796652967D+00 -0.820727547688D-02
  0.688054060179D-02 -0.882112836475D-01  0.239172525363D-01 -0.258848499072D-01
  0.541302653290D+00 -0.255341239833D-01  0.114756354140D-01  0.629164530438D-02
 -0.637804525038D-01  0.269224841948D-01  0.350718351942D-01  0.464764189264D+00
  0.117861467456D-01 -0.210587603435D-01  0.260072016765D-01  0.338868482808D-01
 -0.573436258286D-01  0.987252185103D-04 -0.404363839459D-01  0.377609825613D+00
 -0.272508610139D-02  0.589611434572D-02  0.139335816363D-01  0.150363469995D-01
 -0.353998660621D-01 -0.129698689062D+00  0.385820827771D-01 -0.814207329832D-01
  0.597058253542D+00 -0.150206651919D-01  0.243164441176D-02  0.204616924459D-01
 -0.435679962275D-01  0.534062966021D-02  0.226868633927D-02 -0.126077143798D+00
  0.645074504771D-02 -0.320869146354D-01  0.465361159533D+00  0.133172080474D-01
 -0.127930239465D-01 -0.124940467651D-01 -0.527117012174D-02 -0.160185390303D-01
  0.214046169868D-01  0.214197850704D-02 -0.350569242805D-01  0.682509894076D-02
 -0.143442372473D-01  0.439565106253D+00 -0.139514303034D-01  0.383524656238D-02
 -0.380603354744D-01  0.157909417232D-01 -0.141160173778D-01  0.577655255921D-01
 -0.134076124907D-01  0.187290164491D-01 -0.112635874558D+00 -0.225439674391D-01
  0.248738967656D-01  0.550316525880D+00 -0.809980306439D-02 -0.647616048858D-02
  0.155742091059D-01 -0.184691210397D-01  0.577993135137D-02 -0.430093532260D-02
 -0.345897452259D-01 -0.802874286082D-02 -0.578119447706D-02 -0.510580246685D-01
 -0.115940133249D-01  0.191063128506D-01  0.464485994755D+00 -0.132893155269D-01
  0.925742557333D-02 -0.516970928863D-02  0.130732838234D-01 -0.391724852041D-02
  0.361771907242D-01  0.567354176519D-02 -0.882122998403D-02 -0.128257973974D-02
 -0.101531791966D-01 -0.869323049429D-01 -0.166645630009D-01 -0.182585874738D-01
  0.487077686753D+00  0.161136162472D-01 -0.840035082805D-02 -0.893625962068D-02
 -0.574063872721D-02  0.641076842680D-03  0.414390013518D-02 -0.980718505342D-02
 -0.775729359765D-02  0.139672033766D-01  0.291587069760D-01 -0.100657498940D-01
 -0.790161420675D-01 -0.379001310779D-01  0.393635789844D-01  0.517588095102D+00
  0.161141869485D-01 -0.289300565360D-01 -0.160540762484D-02 -0.449145164063D-02
  0.120553781989D-01  0.419687410442D-02 -0.116876782057D-01  0.515932798372D-02
 -0.868753686478D-02 -0.187050907680D-01 -0.212585286407D-01 -0.829173520284D-02
 -0.142237343175D+00  0.186924062090D-01 -0.183850590039D-01  0.524752377942D+00
  0.195647925175D-01  0.306147560954D-02  0.328108629769D-02  0.111072846902D-01
 -0.166169405208D-02  0.578720302373D-03  0.186906034996D-01 -0.278992011906D-01
  0.176965823159D-02 -0.118959152426D-01 -0.764865797655D-02 -0.409253805956D-01
  0.186166551065D-01 -0.792679370213D-01 -0.297987592442D-01  0.523231551303D-01
  0.571777055060D+00  0.112619006454D-01 -0.249230070738D-02 -0.147134485329D-01
  0.238149950663D-01 -0.208961862117D-01  0.445675533369D-02 -0.740332568137D-02
  0.123756243444D-01 -0.232570139605D-01 -0.203048536247D-01  0.188297171867D-01
 -0.497486844370D-02  0.166143454829D-02 -0.118023109893D-01 -0.911288733103D-01
 -0.621081452368D-01  0.130217986007D+00  0.384228311376D+00 -0.709502322437D-01
  0.417740292718D-01 -0.578416124545D-02 -0.176544551401D-01  0.950694724870D-02
 -0.442640787894D-01  0.133896638347D-02  0.416620287167D-01  0.122608152058D-01
  0.239395823133D-03 -0.376296407562D-02 -0.195570739348D-01  0.646514673463D-02
 -0.812659669900D-02 -0.153240687958D-02 -0.983856451642D-02 -0.830842356816D-02
  0.136245765985D-01  0.627443470232D+00  0.206625393346D-01 -0.519559042108D-01
  0.311832217237D-02 -0.158030865341D-02 -0.640621904398D-02  0.789614969940D-02
  0.113099590669D-01  0.299535907310D-01 -0.100264463750D-01 -0.454868327639D-02
  0.113397713298D-01  0.349810080582D-01  0.179308324577D-01  0.712254950547D-02
 -0.277720353161D-01 -0.753361010744D-02 -0.131280231719D-01  0.133136750308D-01
 -0.112475419954D+00  0.365103372522D+00  0.553171334678D-03  0.341456678118D-01
 -0.137445363203D+00 -0.161424240405D-01 -0.263709863740D-02 -0.118673755879D-01
  0.112712811798D-01  0.200192364352D-01  0.443819081494D-02 -0.836867065308D-02
  0.607888347665D-03  0.129485889283D-01  0.989412545957D-03 -0.370024950441D-02
 -0.219175220162D-02 -0.253708975171D-01  0.698425554621D-02 -0.134480882755D-01
  0.792060758752D-01  0.897820321070D-01  0.524682277854D+00 -0.685124565291D-01
 -0.303706810523D-01  0.626158447546D-02 -0.251909784086D-01 -0.513915840925D-01
  0.182224206625D-01 -0.117831689283D-01 -0.478344982455D-01  0.230281271601D-01
 -0.137132689227D-01 -0.197681291727D-02  0.117019916483D-01 -0.154821760669D-02
 -0.110095680124D-02 -0.116230497434D-01  0.912845487638D-04 -0.168907624094D-01
 -0.134610904465D-01 -0.203793617790D-01  0.130607406185D-01 -0.257081438277D-02
  0.149812517984D+00 -0.117148466911D-01 -0.194704698355D+00  0.710126844289D-02
 -0.131888087561D-01 -0.163242594391D-01 -0.179739884561D-01  0.148178153993D-01
 -0.553730445116D-01  0.117271617517D-01 -0.670181774150D-02 -0.774152633360D-02
 -0.134438049873D-01 -0.164425332832D-01  0.142594613518D-01  0.769761617074D-02
 -0.749669127613D-02  0.258071972286D-01 -0.783644137815D-02 -0.888671694010D-02
 -0.339618349216D-01 -0.596500901016D-02  0.157205127044D-01  0.357257271537D+00
  0.129492413414D-01  0.171580625589D-01 -0.604349904575D-01  0.717110272868D-02
 -0.266508048292D-01  0.975510833520D-02 -0.408734382200D-02 -0.347839760850D-01
 -0.202268995175D-01 -0.236108236831D-02 -0.396954204232D-02 -0.916940953466D-02
 -0.839530984651D-03  0.230904977072D-02  0.176675506325D-02 -0.297565109457D-02
 -0.101833420088D-01  0.313688317101D-01 -0.131505308856D-01  0.174808519805D-01
 -0.447223897344D-01  0.114352923255D-01 -0.328266940125D-01  0.223181310137D+00
 -0.102101818867D+00  0.586652970057D-01  0.479841100458D-01 -0.303975364018D-01
  0.130964750193D-01  0.116706392718D-01 -0.244737532315D-01  0.434162957775D-02
 -0.159294690740D-02 -0.949124069651D-02  0.757229845682D-02  0.220234088311D-01
 -0.106944733018D-02  0.964072757148D-02  0.875239630252D-02 -0.133916322298D-01
 -0.195948880709D-01  0.146944950969D-01  0.288235281281D-01 -0.996266718157D-02
 -0.241983811352D-01 -0.130959979764D-01  0.153847984502D-01 -0.352769737297D-01
  0.225380145366D+00  0.827824731417D-01 -0.108364045495D+00 -0.549570880370D-01
  0.936961132823D-02 -0.879857254048D-02  0.935968968519D-02  0.638788728394D-02
 -0.199767467819D-01  0.170937834721D-01  0.588336702089D-02 -0.952169214520D-02
 -0.274371190712D-02 -0.217163161571D-01 -0.138475600833D-01  0.266632438247D-01
  0.632370644849D-02  0.718225208508D-02 -0.819722264300D-02  0.213310067241D-01
 -0.351099493424D-02  0.880153141798D-02  0.499051444771D-01 -0.386772665251D-01
 -0.162256856189D-01 -0.392997016885D-01  0.255025563305D+00  0.478426350115D-01
 -0.412036176661D-01 -0.118657220685D+00 -0.276487129223D-02  0.175201040362D-01
 -0.530188292665D-02  0.524413061057D-02  0.155836759858D-01 -0.160859563412D-01
  0.409107844267D-02  0.437328146451D-02 -0.695743445982D-02 -0.492561527921D-02
 -0.149924791657D-01 -0.182980234138D-01  0.665574179576D-02  0.156845384392D-01
  0.606987875389D-03  0.116749754669D-01  0.912600019000D-03 -0.439561510683D-01
 -0.331192076959D-01  0.103985303166D-01 -0.362222976881D-01 -0.998110135448D-01
  0.189111890485D-01  0.245692237968D+00 -0.358201126349D-01 -0.363489335969D-01
  0.191777651054D-01 -0.440320840144D-01 -0.667881369812D-02 -0.625954737726D-02
 -0.388906770080D-02  0.270457321605D-01 -0.281342078183D-02  0.197683135932D-01
  0.389531516231D-02 -0.133590371120D-01 -0.540553733090D-02 -0.119943797184D-01
  0.208937730743D-01 -0.151338088119D-01 -0.190045848903D-01  0.100564153246D-01
 -0.118097884297D-01 -0.416116401003D-01  0.107380281627D-01 -0.441876812445D-01
 -0.139036280095D-01  0.878503704878D-01 -0.390498657434D-01 -0.217127599868D-01
  0.801932085841D-02  0.229933207320D+00 -0.189940825503D-01 -0.165612907220D-01
 -0.263710410970D-02 -0.335967724856D-01 -0.194385620965D+00 -0.103388418047D-01
 -0.376336179207D-03 -0.569039137082D-02 -0.442323238798D-01  0.242458693449D-01
  0.488579705683D-02 -0.443855665927D-02  0.150553259488D-01 -0.746994797888D-02
  0.341934957197D-02  0.965574677158D-02  0.370049423827D-02 -0.584373364804D-02
  0.224673231590D-02  0.665891159454D-02  0.801548698707D-02 -0.322311671173D-01
 -0.218962687337D-01 -0.156112201149D-01  0.455606070043D-02 -0.184856516848D-01
  0.139602416767D-01  0.264581189192D-01  0.317015393211D+00 -0.215577262656D-02
  0.105483979264D-02 -0.811297752338D-02 -0.924582563868D-02  0.108865618715D-01
 -0.782620894933D-01 -0.208168631597D-01 -0.415686858957D-01 -0.380214234883D-01
 -0.336384930408D-03 -0.224564636326D-01 -0.171938701582D-01  0.944157497910D-03
 -0.144290030029D-01 -0.155649113241D-01  0.300359005727D-02  0.291845226558D-01
  0.955657455303D-02 -0.142579152024D-01 -0.780212090888D-03 -0.126404347193D-02
 -0.170380554995D-01  0.158300789053D-01 -0.413110892670D-01  0.213327672182D-02
 -0.418478991571D-01  0.399830377145D-01 -0.467597559700D-01  0.867856851022D-02
  0.143569408032D+00 -0.253928638326D-01  0.162891700798D-01 -0.229196034878D-01
 -0.605610920675D-01  0.643757411178D-02 -0.392319558279D-01 -0.283005335689D-01
 -0.217025152044D-01  0.205779872059D-01 -0.508044292960D-02 -0.689964011438D-03
 -0.970038866460D-02  0.874205466814D-02 -0.209066311364D-01 -0.128487553612D-02
  0.133956926649D-02  0.874070939588D-02  0.128582693799D-01 -0.218621084855D-01
  0.744851405219D-02 -0.129802725213D-01  0.299481785234D-01  0.845807142519D-02
 -0.210066730994D-01  0.260776808266D-01  0.204112885325D-01  0.175287369396D-01
 -0.258303875881D-01 -0.838548169819D-03  0.229425149841D-01  0.161221067598D+00
  0.897293839348D-03  0.135167880713D-01 -0.200857787684D-01  0.118358925180D-01
 -0.674778841570D-01  0.458518659482D-01 -0.104473404915D-01 -0.201613801839D-01
 -0.288966695979D-01  0.375640281333D-03 -0.215966849780D-01  0.122455297042D-01
 -0.108093474338D-01 -0.769409011072D-02  0.668949815627D-02  0.585347822992D-02
  0.118768835689D-01 -0.169631090265D-01 -0.161520234136D-01 -0.156952512537D-01
 -0.468846919753D-02 -0.204645001918D-01  0.221216277844D-01  0.332312012339D-02
 -0.147720068641D-01 -0.239609442180D-01  0.154387017839D-01  0.200186673168D-01
 -0.222009267146D-01  0.660326490179D-01 -0.413522967616D-01  0.135602660913D+00
 -0.221405265527D-01 -0.159155579056D-01  0.343603172198D-03 -0.366180767024D-01
  0.553018012462D-01 -0.180785990700D+00 -0.840259280490D-03  0.350884289577D-02
 -0.222238920732D-01  0.104010592806D-01  0.189113549293D-01 -0.391893526131D-01
  0.129874037753D-01  0.124445463215D-01 -0.132102602896D-01 -0.260091747288D-02
 -0.202339971704D-01  0.633456983442D-02 -0.218806840849D-01  0.221061808086D-01
 -0.169621587803D-01  0.278033690117D-01 -0.136690227247D-01  0.342882227745D-01
 -0.926162727814D-02  0.127256965238D-01 -0.336103956645D-01  0.909553468700D-02
  0.243112160805D-01 -0.423259240113D-01  0.358493621602D-01 -0.101774802430D+00
  0.348519106294D+00 -0.721348610578D-02  0.159360862424D-01  0.791894568470D-02
 -0.523304633080D-02 -0.167660428357D-01  0.327586181086D-01 -0.576453443070D-01
 -0.622813717016D-02 -0.155715516885D-02 -0.208414817259D-01  0.139433157612D-01
 -0.193987151049D-01 -0.269569174022D-01  0.223771640579D-01 -0.247373992416D-01
 -0.372292328442D-01 -0.232061466481D-01 -0.316137188289D-01 -0.140331843505D-02
  0.288336990694D-01 -0.268186406062D-02  0.354442004594D-01 -0.490614568735D-02
 -0.473681837867D-01  0.564711354239D-02  0.164075246358D-01 -0.243302056942D-02
 -0.341555463949D-01 -0.863993882927D-02 -0.108023745336D-01 -0.197690492448D-01
 -0.381955880513D-02  0.378046523717D-01  0.218736219342D+00 -0.236747754811D-01
 -0.149735282221D-01 -0.334527203677D-02 -0.141610527041D-01  0.407528379561D-02
 -0.247612552297D-01  0.220995617625D-01 -0.101686347825D+00  0.157711253027D+00
 -0.274673832924D-02  0.103323387783D-01  0.833244515902D-02  0.957755911302D-02
 -0.635602862194D-03 -0.965303595575D-02  0.358440800344D-02 -0.182922087426D-01
 -0.161949948588D-02 -0.306731248150D-01 -0.517669230887D-02  0.917646003717D-02
  0.288387267505D-01 -0.209530477531D-01  0.851552296122D-02 -0.400669290534D-01
 -0.584376709755D-01  0.923328969269D-02  0.255813477825D-01 -0.696239977357D-02
 -0.634016076756D-02 -0.233229136060D-01  0.806132593659D-02  0.248359785470D-02
 -0.191551269067D-01  0.170366581310D+00  0.758650412768D-02  0.789645545675D-03
 -0.195236474667D-02  0.314098993769D-02 -0.185080610269D-01 -0.235450139540D-01
 -0.349900489556D-01  0.691384698428D-01 -0.270080464957D+00 -0.968414921028D-02
 -0.119080205092D-01  0.205896912005D-01 -0.171870758770D-01  0.495669456506D-02
 -0.640499774615D-02 -0.234470523537D-02 -0.905712782631D-02 -0.304638108151D-01
 -0.383692969957D-01 -0.156367749777D-01 -0.573107036565D-02  0.465281991570D-01
  0.178780394897D-02  0.134945498640D-01 -0.227088940082D-01  0.220989661016D-01
 -0.151814990028D-01 -0.703245952013D-02 -0.176606959308D-01 -0.145261010670D-01
 -0.486341649827D-02  0.655083505665D-02 -0.348309506693D-01  0.673906560553D-01
 -0.986095545161D-01  0.426886968979D+00  0.818056716114D-02  0.357511947556D-02
 -0.193452636255D-01  0.300283758978D-02  0.809871695855D-02 -0.293229534746D-01
 -0.141750062040D-01  0.841808381815D-02 -0.355877067505D-01 -0.505893293497D-01
  0.113528385844D-01  0.135417938685D-01 -0.266212814168D-01 -0.392152597048D-02
  0.339332126904D-01 -0.182661190984D-01 -0.301284555198D-01  0.236222648106D-01
  0.577802434891D-02 -0.113005183302D-01 -0.106134151380D-01 -0.524348768750D-01
  0.130858151601D-01 -0.328575751697D-02  0.336415453404D-01 -0.359533579177D-02
  0.213468088863D-01  0.655124176241D-01 -0.378516891842D-02 -0.178938186329D-01
 -0.303809092383D-01  0.965975470120D-02 -0.202171889236D-01  0.140557600741D-01
  0.224364805833D-01 -0.150653925522D-01  0.206601414591D+00 -0.247549934852D-02
 -0.109792953178D-01  0.210492829078D-02 -0.167747372598D-02  0.221954186993D-02
  0.106131718637D-01 -0.907317345465D-02  0.287221779892D-01 -0.100490745953D-01
 -0.181154233342D-01 -0.445161313741D-01  0.663971163303D-01  0.861350436588D-02
 -0.440524440454D-01  0.397176772577D-01  0.200310978212D-01 -0.197554759050D-01
  0.167957631668D-03 -0.337447848092D-01 -0.133560919764D-01  0.653896589667D-02
  0.112624528325D-01 -0.212760160991D-01 -0.236960045803D-01  0.875193292954D-02
 -0.383987401712D-01  0.314382605663D-01 -0.720839753310D-02 -0.234413471289D-03
  0.643954154268D-02  0.469167598022D-01 -0.151077090140D-01 -0.416548961583D-01
 -0.397113906391D-01  0.173079718253D-01  0.295373242387D-01 -0.134307495394D-01
  0.221964440851D+00  0.260152866046D-03 -0.117906278459D-01  0.251759002297D-02
 -0.182179753034D-01  0.912503638037D-02 -0.421344401144D-01 -0.257670739675D-01
 -0.709444690587D-02  0.175110311052D-01 -0.660203500900D-02  0.234740233602D-01
 -0.150104584489D+00  0.248126604416D-01 -0.681694781674D-02 -0.731788444378D-02
  0.274851847321D-01 -0.803558679903D-02  0.122295663179D-02  0.149646386924D-01
  0.176356689010D-01 -0.777491212641D-02  0.208711381854D-01 -0.153615415430D-01
 -0.179790414182D-01  0.610364393177D-02 -0.447114422184D-02  0.638949215198D-02
 -0.283222011648D-01 -0.319369433056D-02  0.131682793226D-02  0.223365887244D-01
 -0.553782868153D-02 -0.113735000589D-01 -0.337906699241D-01  0.530104388083D-01
 -0.998312545862D-02  0.261628635285D-01 -0.392336958153D-01  0.356928856586D+00
 -0.294513280430D-01  0.180017834198D-01  0.739188647159D-02 -0.176827899864D-01
  0.104089566970D-01  0.782332293859D-02 -0.293881131792D-01  0.274188836574D-02
  0.156658298212D-01 -0.518907800183D-01  0.223050760365D-01  0.360773583185D-01
  0.741631342728D-02  0.424581700998D-02 -0.190184551012D-01 -0.138449152814D-02
  0.237313633161D-01 -0.269631247947D-01 -0.311293912545D-01 -0.106255591553D-01
  0.982338043881D-02 -0.131464800981D-02  0.144274964496D-01  0.279304287141D-01
 -0.695287075422D-01 -0.232972358488D-01  0.628237850971D-02  0.541245627757D-01
 -0.360870869930D-02  0.680792418064D-02 -0.353247324970D-01  0.270510846244D-01
  0.949388310005D-02 -0.134734334206D-01  0.166275864779D-01  0.199966709787D-01
 -0.154655156703D-01 -0.533143749032D-01 -0.320220282314D-01  0.252090977343D+00
 -0.101301791147D-02  0.110699295480D-01 -0.238379602570D-02  0.104407736195D-01
 -0.265226500876D-01 -0.218998147005D-01  0.196205803964D-01 -0.399765714141D-01
  0.265162337475D-01  0.408486948313D-01 -0.970074755768D-01 -0.445121058090D-01
 -0.675938160329D-02 -0.186465519096D-01  0.499922392183D-02  0.696579965572D-02
 -0.111245603570D-01  0.288009699441D-01 -0.189379307061D-01  0.747640197566D-02
 -0.213879690570D-01  0.242538703665D-01  0.945070517904D-02  0.535474233611D-02
  0.114064364347D-01  0.287167546972D-01 -0.130159208331D-01  0.222225532388D-01
 -0.247644826270D-01 -0.431447228986D-01  0.949024648330D-02 -0.255431634857D-01
  0.720940445722D-02  0.890083491462D-02  0.326086181178D-01  0.484043214844D-01
  0.636172826826D-01  0.215858931667D-01  0.559672057900D-01 -0.649724742206D-01
  0.286658520046D+00  0.252201955020D-03 -0.148418763705D-01  0.121239136239D-01
  0.441109159452D-03  0.106948344725D-01 -0.927964154991D-02 -0.144932777441D-02
  0.345429279443D-01 -0.531100047955D-02  0.363814191206D-01 -0.523999836648D-01
 -0.141241078808D+00 -0.167550661851D-02 -0.136024101120D-03 -0.508246638273D-02
  0.194461520441D-01 -0.129563560675D-01  0.395788753022D-02  0.313064011960D-02
  0.870102632115D-02  0.615138350566D-02 -0.926236786593D-02 -0.217797766997D-01
 -0.745758906316D-02 -0.334763707530D-01 -0.485227139207D-01  0.638237339236D-02
 -0.853369103548D-02  0.300296523468D-01  0.180542614783D-01 -0.285109057387D-01
  0.125750142796D-01  0.397038756866D-01  0.420389744492D-02  0.216145377803D-01
 -0.306016857605D-01 -0.172303268578D-01 -0.367428903215D-01 -0.607735641108D-01
 -0.654958685884D-01  0.261033962893D-01  0.257398105224D+00 -0.102211610029D-03
 -0.194326516588D-01  0.868890289521D-02  0.148769807977D-02 -0.101431194702D-01
  0.136738005133D-01 -0.105769586980D-01 -0.713082359416D-02  0.348346823377D-02
 -0.176432802807D-01 -0.381646532261D-02 -0.162316177587D-01 -0.416834134964D-01
  0.349010212318D-02 -0.321193165492D-01 -0.266676878961D-01  0.348035110749D-01
 -0.238171779848D-01 -0.117941924456D-02 -0.211474525329D-01  0.234102656535D-01
  0.459507572503D-01 -0.192178902175D-01  0.329350322867D-01 -0.818542649054D-02
 -0.807452097642D-02 -0.208130397668D-01 -0.355953045926D-01 -0.176741338793D-01
  0.216700076314D-01  0.302346493865D-01 -0.170268596152D-01 -0.110230712359D-01
 -0.414333413374D-01  0.642825539091D-02  0.811287439112D-02 -0.872175024590D-01
  0.453215087591D-01  0.598250606973D-04 -0.132474118362D-01 -0.421191137825D-01
  0.123172258615D-02  0.189839368394D+00  0.130060502996D-01 -0.298196836506D-02
 -0.689490872125D-03  0.372589274475D-02 -0.134276691033D-01  0.355571482587D-03
 -0.132462574592D-01 -0.296515415772D-01 -0.464681997729D-03  0.241269845033D-02
 -0.615355762129D-01  0.200638562309D-01 -0.429787799578D-02 -0.801492735501D-01
  0.337983758338D-01  0.313341468149D-03  0.332358325208D-02  0.198706873497D-01
  0.312941837850D-01  0.789971328031D-02  0.411341854550D-02  0.277540547310D-01
 -0.656767615904D-02  0.386139547018D-01 -0.472150633304D-02  0.475619376699D-01
 -0.418480297761D-01 -0.222031509848D-01 -0.151433914790D-01  0.151444493431D-01
 -0.158309861049D-01  0.111151212915D-01  0.199425176790D-01  0.330405921944D-01
 -0.145866984058D-01 -0.127885513975D-01 -0.381754221061D-01 -0.982730069844D-01
 -0.128046625133D-01  0.136492326818D-01 -0.364926440277D-01  0.120335608872D-01
  0.859375621981D-02  0.216340553520D+00 -0.108534055259D-01 -0.121536084377D-02
  0.169575880315D-01  0.793697940705D-02  0.561715677027D-02 -0.215947946608D-01
 -0.204261999460D-02 -0.988221710162D-02 -0.717261060778D-02 -0.935718858555D-02
 -0.664515814502D-03 -0.220321243639D-02 -0.154391671611D-01  0.122767769326D-01
 -0.148351589971D+00 -0.220619141194D-01  0.157643308511D-01 -0.422827564263D-01
 -0.145928645123D-02 -0.367377687387D-01  0.227592261132D-01 -0.147142249517D-01
 -0.891487415074D-02 -0.279375385015D-02  0.292809830071D-01  0.476212113104D-01
 -0.376610465957D-01  0.242168470515D-01  0.773034113864D-02 -0.982019727548D-02
 -0.805337157312D-02  0.201774677451D-01 -0.224279746665D-01 -0.222857198150D-01
 -0.226503178579D-01  0.127168459913D-01  0.181878795469D-01 -0.295068909360D-02
  0.282609481213D-02  0.502515693943D-02 -0.142537915364D-01 -0.241895200556D-01
  0.116217209550D-01 -0.740281776201D-01  0.333898337263D+00 -0.539143680871D-02
  0.943716402502D-02 -0.827769996127D-02 -0.166228712104D-02 -0.272680092310D-03
 -0.109107080936D-01  0.199681897664D-02 -0.120876723412D-01  0.470876906681D-02
 -0.152095610486D-01 -0.153017216939D-01 -0.202697798296D-02 -0.761811061872D-01
  0.317619303136D-01  0.172028839490D-01 -0.580199106694D-01  0.414266989856D-02
 -0.169543935007D-03  0.775684078415D-02  0.134902063518D-01 -0.446219745913D-02
  0.895107762489D-03  0.983102994174D-02  0.151143902333D-01 -0.727313610107D-02
 -0.560531514869D-01  0.398044377609D-01 -0.171325306245D-02  0.630462835870D-02
  0.656331649153D-02 -0.765399036694D-02  0.132290095009D-01 -0.378349096741D-02
  0.614026387551D-01  0.291658603588D-01  0.472875746500D-02  0.109166127646D-01
  0.141845070042D-01  0.259439276689D-01 -0.565460836155D-01 -0.441281876289D-01
  0.107218037129D-01  0.626200385386D-02  0.115070694259D-01 -0.377645187631D-01
  0.289664099023D+00  0.725326940312D-02 -0.272764023099D-01  0.904925223443D-04
 -0.144835248997D-01  0.105260862528D-01 -0.174200594877D-01 -0.628814589493D-02
  0.160931711263D-02  0.828038295819D-02  0.788763646207D-02 -0.165082617895D-01
 -0.163408166395D-01  0.245444384330D-01 -0.106532301876D+00 -0.807708535187D-01
 -0.286790600276D-01 -0.247992378202D-01 -0.138866543517D-01 -0.168605046599D-01
 -0.305320780928D-01  0.124633526659D-01  0.221261372147D-02 -0.237007322172D-01
 -0.335738748900D-01  0.808587458503D-02 -0.107076411454D-01 -0.908477130695D-02
  0.100492118701D-02 -0.405037650192D-02  0.103835508468D-01 -0.523264639004D-01
  0.829467768772D-02  0.490318003803D-02  0.750955065417D-01  0.404278915195D-01
  0.167326479827D-01  0.522149809058D-01 -0.126523349416D-01 -0.319840578740D-01
 -0.100255372580D-02 -0.221078583265D-01  0.846929457142D-02 -0.153071375747D-01
  0.232487968467D-01  0.234154281060D-01 -0.403813309990D-01  0.278073394478D+00
  0.187503511102D-01  0.191631617874D-01 -0.843814300872D-02  0.473153455917D-02
  0.832477359867D-02  0.426041627836D-02  0.498399672985D-02 -0.170032661628D-01
  0.118422249319D-01 -0.993226877225D-02  0.918894051026D-02 -0.880215914248D-02
  0.436196446745D-01 -0.601982298987D-01 -0.137291279062D+00 -0.109067212627D-01
  0.731962423697D-02  0.723309206322D-03  0.108894519051D-02 -0.119414780454D-01
 -0.265182206091D-01 -0.139591661385D-01  0.486419373718D-01  0.342155117171D-01
  0.119667771689D-01  0.131914093063D-01  0.981074948944D-02  0.145108379558D-01
 -0.122423780523D-01 -0.329716788396D-01  0.167828405865D-01 -0.792494956585D-02
  0.860559928142D-02 -0.712488629285D-02 -0.415619644117D-01  0.496259423052D-02
  0.485030735169D-02  0.179599231116D-01 -0.249387213016D-01 -0.201879580883D-01
 -0.840086775949D-02 -0.188425844519D-01  0.590461152981D-02 -0.547983341258D-01
 -0.630760417387D-01 -0.437380300710D-01  0.576733629880D-01  0.301245674015D+00
 -0.854890802349D-02  0.227249017018D-01 -0.206577168093D-01 -0.104748331891D-01
  0.135626086006D-02 -0.216018456038D-02  0.122623971004D-01  0.875429761029D-02
 -0.976552084476D-04 -0.306882313556D-02  0.236615641072D-02  0.183118577565D-01
 -0.181850835154D-01 -0.506383459942D-02 -0.449527293951D-02 -0.845990429751D-01
 -0.965116923384D-01  0.462393479066D-02  0.114736160702D-02  0.368033699161D-01
 -0.287152158808D-02  0.314949025834D-02  0.146868918407D-01 -0.286846159011D-01
 -0.293760349284D-01 -0.271468479207D-01 -0.919654985009D-02 -0.435170945219D-01
 -0.646711489516D-02  0.134430006417D-01 -0.346998081849D-01 -0.377367674140D-03
  0.844704192251D-03 -0.380673299405D-01  0.134785363022D-01  0.134553823459D-01
 -0.203834914211D-01 -0.184923563138D-01  0.122803226975D-01  0.820792691382D-01
  0.425938153919D-01  0.135379804323D-01 -0.108406451691D-01 -0.257317912848D-01
 -0.245628336317D-01 -0.105473591487D+00 -0.289542016671D-01 -0.254455907152D-01
  0.338449605756D+00 -0.232586074517D-01  0.145022012436D-01  0.116822125900D-01
  0.115828993961D-01  0.296766066002D-02 -0.955726264391D-02 -0.170542838854D-01
  0.192918568985D-01 -0.224335137936D-01  0.135893370632D-02 -0.317954735727D-01
 -0.114169215092D-01  0.143383230096D-01 -0.250650647047D-01 -0.135213986021D-01
 -0.124138246265D+00 -0.268888521680D+00 -0.131703874060D-01  0.256445964277D-01
  0.154155158028D-01  0.470750740455D-02 -0.209639779003D-02 -0.194134183655D-02
  0.289706194264D-01  0.183142229389D-02 -0.124418009717D-02  0.282668267861D-02
  0.136076665597D-01  0.422904272042D-02  0.200823448257D-01  0.301844353095D-01
 -0.155800615561D-01 -0.622276054950D-02 -0.294473248351D-01 -0.380201347206D-01
 -0.139557683971D-01 -0.299619914299D-01  0.130290620503D-01 -0.847850178343D-03
  0.979523085752D-02 -0.301758188029D-01 -0.355536319006D-01  0.409864232266D-01
  0.281130709492D-01 -0.302368202654D-02  0.321826819673D-01 -0.437033688796D-01
 -0.410727286253D-02  0.965188277955D-01  0.404443347992D+00 -0.834513677847D-02
  0.178592431889D-01  0.607254746946D-02 -0.225073399889D-02  0.184757069950D-01
 -0.610860979739D-02  0.880755793138D-02 -0.604488996542D-02  0.886926678479D-02
  0.154214562204D-01 -0.301185761967D-01  0.783276127504D-02 -0.268998525620D-02
 -0.186094212761D-01 -0.323225244412D-02  0.216694271468D-01  0.205754950232D-01
 -0.818478077827D-01  0.526388380895D-02  0.849350089640D-02 -0.278948370839D-02
 -0.113187700117D-01  0.184914287525D-01 -0.186621269835D-01 -0.165637192186D-01
  0.746125460071D-02  0.124034488455D-01 -0.643877902993D-03  0.121110013779D-01
 -0.379814549658D-02 -0.152652603329D-01  0.259813827735D-01 -0.754509870187D-02
  0.282045525897D-01 -0.160309654182D-01  0.122344281496D-01 -0.587774539319D-02
 -0.266613319289D-01  0.168930821361D-01  0.206464249195D-01 -0.241794305104D-01
 -0.652922953916D-02 -0.449271349782D-01 -0.910310474860D-04  0.170685855841D-01
  0.480780988934D-01 -0.178401478691D-01  0.219893749872D-01 -0.406248619204D-02
  0.585919778015D-01  0.124104838511D+00 -0.211403091769D-01  0.213682446554D-02
  0.970796682890D-02  0.496571093672D-03 -0.107852629484D-02  0.687279893053D-02
 -0.390400897184D-01  0.841596721062D-03 -0.143509264038D-01 -0.304488300726D-01
  0.107988945526D-01 -0.158062886906D-01 -0.390180854022D-01 -0.151842950647D-01
  0.269625825308D-01 -0.118487065114D+00  0.249760825674D-01  0.920664721286D-01
 -0.224307699493D-01 -0.709290169611D-02  0.401476756949D-01  0.198621784631D-01
 -0.249642072508D-01 -0.403215085118D-01 -0.156842353404D-02  0.463088700519D-02
  0.100723443713D-01  0.266092228567D-02  0.104426794214D-01  0.249214876631D-01
  0.531610981396D-01  0.546134833833D-02 -0.884458592703D-03  0.873996230773D-02
 -0.234887179261D-02 -0.117036693122D-01 -0.188008428530D-01  0.279739828835D-01
 -0.261184648223D-01 -0.144929987191D-01 -0.237196384347D-01  0.513156869408D-01
  0.158178408740D-01 -0.901080046768D-02  0.276405293829D-01 -0.570500160324D-01
  0.155362242863D-01 -0.100366200733D-01 -0.258829272888D-01 -0.387166278728D-01
 -0.525589342517D-01  0.291248141206D+00  0.433369138738D-02  0.168110012581D-01
 -0.473746462102D-02 -0.785963822164D-02  0.762680767660D-02 -0.990817435025D-02
 -0.207775904506D-01 -0.141875164121D-01 -0.149827975119D-02 -0.271937294918D-01
 -0.119012497752D-01  0.101995747675D-01 -0.908860300949D-02 -0.204095962627D-01
  0.186297200591D-01  0.567711949207D-01 -0.156737137055D+00 -0.119905307397D+00
  0.289971583000D-01 -0.302007843632D-02 -0.162719022266D-01 -0.379898926865D-02
  0.226310308176D-01  0.267487681167D-01  0.898824453943D-02  0.233019365676D-01
 -0.777592131424D-02  0.277948023753D-02  0.790935550655D-02 -0.165777664153D-01
  0.196852806128D-01  0.210028514748D-01  0.101483276132D-01 -0.307402081564D-01
 -0.338741468629D-01 -0.197565889617D-01 -0.248187999057D-01 -0.118227088402D-01
 -0.123864998119D-02 -0.201926233093D-01 -0.409705072733D-01  0.423119233783D-01
 -0.226931971191D-01  0.710624533026D-02  0.290398988853D-01  0.115744649695D-02
 -0.693017971922D-01  0.548696700274D-01  0.160609033291D-01 -0.443418721353D-01
 -0.163596845703D-01 -0.446585020606D-02  0.309007177050D+00  0.445479693941D-02
 -0.847529585293D-02  0.827576953135D-02 -0.489685542766D-02 -0.890310247785D-02
 -0.820284030734D-02 -0.226686103143D-02  0.240243900294D-02 -0.207158839637D-01
  0.401661820687D-02  0.165152093957D-01 -0.341814690671D-01 -0.192806905518D-01
  0.355975485611D-01 -0.124955066058D-01  0.752362478080D-01 -0.110929116370D+00
 -0.142818310038D+00  0.320288089811D-02 -0.488545702736D-02  0.344277697683D-02
 -0.718842974518D-02 -0.171571351593D-02 -0.732909610658D-02  0.164053378342D-01
 -0.261179048735D-01  0.339747674292D-01  0.178633861356D-02 -0.105758506265D-01
  0.421630751575D-01  0.274407736466D-01 -0.375066358024D-01 -0.388061407640D-02
 -0.129821434281D-02  0.104808936456D-03 -0.199554224615D-01  0.178500081763D-01
  0.181092444688D-01 -0.517559748248D-01  0.876320922964D-02  0.961999313102D-02
 -0.344747599192D-01  0.536574506083D-01  0.963233430442D-02 -0.390188294990D-01
 -0.166160695099D-01  0.331253360995D-01 -0.452368637053D-01 -0.520262993789D-02
  0.190008254384D-01 -0.961965857354D-01 -0.998799095329D-01  0.383991591509D-01
  0.401695213357D+00 -0.677162734053D-02  0.641896278345D-03 -0.162286283528D-01
 -0.181186800348D-01  0.418635018201D-02 -0.216940403399D-01 -0.237960487580D-01
 -0.140951889282D-01 -0.125004166695D-01 -0.222242548257D-01 -0.116923500705D-01
  0.133499426665D-01  0.228608095648D-02 -0.605264650096D-02 -0.438133600445D-02
  0.249450715714D-02 -0.273124015668D-01 -0.741649072453D-02 -0.781532478201D-01
  0.516423943633D-01  0.144850382470D-01  0.488691255591D-02  0.834366159344D-03
 -0.674533959996D-02 -0.122133243449D-01 -0.443404359737D-01  0.138539964315D-01
 -0.182689015877D-01  0.528802770787D-02  0.315602486571D-01 -0.102268843798D-01
  0.356957443727D-01 -0.125477448749D-01 -0.611351506961D-02  0.269137329232D-01
  0.290237865913D-02 -0.102731473866D-01  0.100043098392D-01  0.167126818064D-01
 -0.812829007103D-03 -0.294095403623D-01  0.494774844587D-01  0.223580554724D-02
  0.847012157943D-04  0.979955239674D-03  0.206485840873D-01  0.826683127144D-02
 -0.784924055135D-02  0.213396936944D-01 -0.263375362046D-01  0.439596242198D-03
  0.415021497262D-01  0.537554958225D-01 -0.435984551314D-01  0.157226333404D+00
 -0.742143405579D-02 -0.531154086749D-01  0.109776767009D-01 -0.869406809146D-02
  0.897873641782D-02  0.175249164555D-01  0.444163403410D-02  0.184961734046D-01
  0.177897855026D-01  0.213432571861D-02  0.127981982739D-01 -0.246392970792D-02
  0.158359218601D-01 -0.413603136349D-02  0.593356226717D-02  0.381974584367D-01
 -0.836468883034D-02 -0.246318070057D-01  0.429511880888D-01 -0.219702409289D+00
 -0.144747878073D+00  0.352318695238D-01 -0.262294653850D-01  0.809384806871D-02
 -0.230092582435D-01 -0.260995748502D-01 -0.305897875735D-01 -0.105558646551D-01
  0.725648902629D-02 -0.153703490162D-01 -0.226694031572D-01 -0.424511652678D-02
  0.156523457597D-01 -0.133826547645D-01  0.496600770078D-01  0.261559223522D-01
 -0.458142906478D-01  0.424405459687D-01  0.233195279648D-01 -0.750114403254D-02
 -0.211336510244D-01  0.333874293608D-01  0.473928799143D-01 -0.172798621036D-01
 -0.686797703769D-02  0.146701499653D-01  0.367065975009D-01 -0.190074317368D-01
 -0.602021181462D-02 -0.226441438673D-01 -0.189909984209D-02 -0.189552101881D-01
 -0.252707847843D-01 -0.348355017471D-01 -0.684220159127D-01  0.306129854067D+00
 -0.108935308979D-01 -0.147281095568D-01 -0.256208024332D-01  0.468579092538D-02
  0.133591020963D-01  0.426459943428D-02  0.101821516884D-01  0.251469996659D-02
  0.631584861876D-02  0.132760262800D-01 -0.375583756325D-02 -0.158548566276D-01
 -0.838359908765D-02 -0.101803777254D-01 -0.369262966768D-02  0.116941867825D-01
  0.219623101496D-01 -0.255004957322D-01  0.155949365664D-01 -0.946920837703D-01
 -0.169779154592D+00 -0.794654860650D-02  0.126554792162D-01 -0.836819169808D-01
  0.120893716996D-01  0.130881493299D-01  0.208717394749D-01 -0.292312950095D-01
  0.223147500159D-01  0.272190041741D-01  0.373425627106D-01 -0.525886417954D-02
  0.878157925795D-02  0.445185243436D-01 -0.325204506747D-01 -0.200926020673D-01
 -0.116007697767D-02 -0.255774450103D-01 -0.212159704182D-01  0.169587898618D-01
 -0.354738285408D-02 -0.746762503355D-02 -0.547204595177D-01 -0.871319167702D-02
 -0.562027987220D-02 -0.295140219966D-01 -0.253682783301D-02 -0.105470456442D-01
  0.536768553709D-02  0.488692545181D-02  0.331120880138D-01  0.311540536709D-01
 -0.646457113510D-02  0.205235410897D-01 -0.720675894540D-01  0.109774540313D+00
  0.328338049745D+00  0.926549983913D-02 -0.300638849672D-01 -0.254879668043D-01
  0.992414436799D-02  0.120540936347D-01  0.987543066309D-02  0.243748562859D-01
  0.645563726218D-02 -0.155624665011D-01  0.926134470967D-02  0.201514590710D-02
  0.437123702164D-02  0.172753631909D-02  0.509697581412D-02  0.180079540872D-01
  0.153471936099D-01  0.361564430576D-01 -0.150272871326D-01 -0.392202076743D+00
  0.266965057567D-01 -0.803638706367D-01 -0.378799715258D-01  0.201764883226D-01
  0.107173331832D-01  0.416463322149D-01  0.218034092328D-01 -0.193532670867D-01
 -0.135909899409D-01  0.219587822349D-01  0.531724166720D-02 -0.564149602445D-02
  0.514338752805D-02 -0.248192261267D-02 -0.344908519217D-01 -0.485825227601D-01
 -0.989330495262D-02 -0.308115752225D-02  0.418356736384D-02 -0.271531799133D-01
 -0.145778683564D-01 -0.293016033653D-01 -0.245057327423D-01  0.254447972532D-02
 -0.121637804803D-01  0.437041990429D-01 -0.736833350681D-02  0.218062655229D-02
  0.219906351086D-01 -0.253102037743D-01  0.129795751849D-01  0.159727865625D-01
 -0.451285062348D-01 -0.208996665075D-01 -0.125855467499D-01 -0.456476065738D-01
  0.315901280216D-01  0.110530414813D-01  0.510827675053D+00  0.105634065527D-03
  0.603524904321D-02  0.125970191215D-01  0.400302661919D-02 -0.793995912944D-02
 -0.189969123882D-01 -0.258821695626D-01 -0.387996600453D-01 -0.179053032021D-01
 -0.367046107587D-02 -0.183476897566D-01 -0.325918818336D-01 -0.168209280153D-01
 -0.101399379677D-01  0.186554066018D-03 -0.178903064247D-01  0.108384027607D-01
  0.236683427563D-01  0.125206187618D-01 -0.545242491020D-01 -0.595722749662D-02
 -0.836358398493D-04  0.178198843715D-01  0.409526041376D-01 -0.894240129100D-03
  0.182428373223D-01  0.222943192774D-02  0.486083506093D-01 -0.138103213320D-01
  0.187981555651D-01  0.255776722469D-01  0.767127547052D-02 -0.101779752690D-01
 -0.185320481399D-01 -0.192416098392D-01 -0.827148757551D-02  0.124731852899D-01
 -0.168452655805D-01 -0.341211666981D-01  0.215291579586D-01 -0.310088781750D-02
 -0.175303445851D-01  0.167669290346D-01  0.313802858285D-01  0.195467600824D-01
 -0.228396093666D-01 -0.701437030550D-02  0.853369682969D-03 -0.405785426501D-01
  0.214082235356D-01 -0.302064127851D-01  0.427384090271D-01  0.164409893480D-01
  0.614376798048D-01  0.303482653841D-01 -0.542455349686D-01  0.741918544059D-02
 -0.674793077929D-01  0.114172338164D+00 -0.972877297982D-02 -0.102868249023D-01
 -0.442574330422D-01 -0.126610157951D-01 -0.392231020490D-02 -0.209563065987D-01
  0.244383979559D-02  0.634648935260D-03 -0.850589180354D-02 -0.138992280842D-01
  0.282870819501D-02  0.101315550036D-01 -0.129180374627D-02  0.208565096501D-01
  0.147488748742D-01 -0.404871383562D-02 -0.112028616587D-01  0.279792892659D-01
  0.243066046638D-03 -0.219487596529D-01 -0.899722804680D-01 -0.236503975384D-01
  0.515556160157D-02  0.192031100036D-02  0.597854866637D-01  0.606724575806D-02
 -0.441829264959D-01 -0.633899454471D-01 -0.379620854907D-02  0.213102623742D-01
 -0.498429130578D-01  0.137710426611D-01 -0.182104439960D-01 -0.177079249291D-01
 -0.130898779033D-01 -0.753596934390D-02  0.161045069837D-01 -0.224580836954D-01
 -0.254212613472D-03 -0.349992096183D-01 -0.162496891171D-01  0.747894471303D-02
  0.192021354464D-01  0.326574246691D-01  0.199859298611D-01 -0.156031265019D-01
  0.479010349918D-01 -0.209927166336D-01  0.455721889398D-01 -0.169386457475D-01
 -0.338710815677D-01 -0.492008179515D-01 -0.985273127420D-02  0.618701276821D-02
  0.612679592948D-01  0.118042069950D-01 -0.603530707393D-01  0.914046863146D-01
 -0.119303907516D-01  0.239350153442D+00
$end
