$coord
    3.19300039053348     -0.68935068914735      0.33539810744732  c
    0.68415680952352     -2.12217575022896      0.58799036863020  c
   -1.43447050102276     -0.54917986471696      1.81071146909734  c
   -2.71510240365444      1.23080568505968     -0.08459702676056  c
   -3.42388109638197     -0.21898300286527     -2.49357222487043  c
   -1.06101223838693     -1.50921409376536     -3.55618196344654  c
   -0.02593957229972     -3.20466450295469     -1.75615206671133  o
   -1.60960423511231     -2.95225994063741     -5.67997708071822  o
   -4.58806723351713      1.28075251639079     -4.49565200938542  n
   -4.82192190111628      2.45452975963323      1.02644986968400  o
   -3.41328072517754     -2.13121162570798      2.75440304766508  o
    4.08435834136128     -0.23795916950263      2.89986500554750  o
    6.76760971788693      1.03542015934388      3.29650778108120  s
    8.51026757317672      0.06506681143296      1.49786507402031  o
    7.19229812738881      0.98584742225556      5.95211980520683  o
    6.23855862723606      3.89303530452588      2.45522798234134  o
    3.01120642560040      1.12633332611226     -0.62269652215638  h
    4.55617513009198     -1.86110178561781     -0.66435207619954  h
    1.05696227185858     -3.73845438021701      1.81962172664774  h
   -0.63725337846689      0.56745571152759      3.35910906046143  h
   -1.38994822983561      2.74029113956254     -0.58571059167040  h
   -4.74189776872594     -1.72847914417146     -1.99369563739154  h
    0.37309582737315     -0.06832554224819     -4.04007430784264  h
   -3.05367209421688     -2.14799040423438     -6.47325772229635  h
   -6.31240012263861      1.90135570942863     -3.94303316498041  h
   -3.54153576853769      2.84151588467339     -4.89090577962499  h
   -5.68197446850510      1.19397307921806      2.03424623082914  h
   -2.84510267239746     -2.99104889909421      4.25369780168491  h
    5.62937516796432      4.83401628595422      3.90530696043308  h
$user-defined bonds
$end
