$energy      SCF               SCFKIN            SCFPOT
     1 -1151.416954041      1069.404964427     -2220.821918468
     2 -1151.426955297      1069.434432309     -2220.861387607
     3 -1151.435353883      1069.437068492     -2220.872422376
     4 -1151.438117768      1069.429120918     -2220.867238685
     5 -1151.439084425      1069.411520582     -2220.850605006
     6 -1151.439957031      1069.373451362     -2220.813408393
     7 -1151.440741146      1069.356955658     -2220.797696805
     8 -1151.441756612      1069.360112238     -2220.801868851
     9 -1151.442412450      1069.362781594     -2220.805194044
    10 -1151.443197920      1069.383798440     -2220.826996360
    11 -1151.444432795      1069.402915635     -2220.847348430
    12 -1151.444891900      1069.411656241     -2220.856548141
    13 -1151.445455492      1069.415059895     -2220.860515388
    14 -1151.446095493      1069.421809288     -2220.867904781
    15 -1151.447010519      1069.413486435     -2220.860496955
    16 -1151.447886819      1069.411129351     -2220.859016170
    17 -1151.448917470      1069.401702878     -2220.850620347
    18 -1151.449777815      1069.409937775     -2220.859715590
    19 -1151.450437999      1069.377372181     -2220.827810180
    20 -1151.451182545      1069.372294134     -2220.823476678
    21 -1151.451581015      1069.369618225     -2220.821199241
    22 -1151.451888698      1069.392091038     -2220.843979737
    23 -1151.452142765      1069.408567349     -2220.860710114
    24 -1151.452453635      1069.432218182     -2220.884671817
    25 -1151.452707259      1069.442887735     -2220.895594994
    26 -1151.452821870      1069.444962603     -2220.897784473
    27 -1151.452943709      1069.425384742     -2220.878328451
    28 -1151.452989492      1069.416181626     -2220.869171118
    29 -1151.453012072      1069.411731492     -2220.864743564
    30 -1151.453084851      1069.410131311     -2220.863216162
    31 -1151.453133495      1069.412371263     -2220.865504758
    32 -1151.453164589      1069.416061041     -2220.869225630
    33 -1151.453197359      1069.420379210     -2220.873576569
    34 -1151.453231096      1069.422746561     -2220.875977656
    35 -1151.453268990      1069.424012544     -2220.877281534
    36 -1151.453319418      1069.422250619     -2220.875570037
    37 -1151.453410713      1069.417998944     -2220.871409657
    38 -1151.453462073      1069.416615947     -2220.870078019
    39 -1151.453494984      1069.416371949     -2220.869866933
    40 -1151.453547157      1069.415889333     -2220.869436490
    41 -1151.453648510      1069.415634803     -2220.869283313
    42 -1151.453704018      1069.411649536     -2220.865353555
    43 -1151.453709942      1069.411576432     -2220.865286375
    44 -1151.453717455      1069.408621923     -2220.862339377
    45 -1151.453728867      1069.405120943     -2220.858849810
    46 -1151.453739723      1069.403841474     -2220.857581197
    47 -1151.453750596      1069.405156800     -2220.858907396
    48 -1151.453766577      1069.411373643     -2220.865140220
    49 -1151.453768489      1069.412654361     -2220.866422850
    50 -1151.453769063      1069.412731860     -2220.866500923
    51 -1151.453769763      1069.412573387     -2220.866343150
    52 -1151.453770546      1069.412228633     -2220.865999179
    53 -1151.453771209      1069.411859562     -2220.865630771
    54 -1151.453771873      1069.412017466     -2220.865789339
    55 -1151.453772038      1069.411925688     -2220.865697726
    56 -1151.453772533      1069.412001455     -2220.865773988
    57 -1151.453772797      1069.412204625     -2220.865977421
$end
