$energy      SCF               SCFKIN            SCFPOT
     1 -492.3941538531      490.2625564985     -982.6567103516
     2 -492.3941879717      490.5518000191     -982.9459879907
     3 -492.3958063936      490.4530923964     -982.8488987900
     4 -492.3962197368      490.4245280920     -982.8207478288
     5 -492.3941538511      490.2622542781     -982.6564081291
     6 -492.3945319176      490.2888298329     -982.6833617505
     7 -492.3948456804      490.3134839450     -982.7083296254
     8 -492.3954014303      490.3604854499     -982.7558868802
     9 -492.3961491212      490.4158192973     -982.8119684185
    10 -492.3963263142      490.4955852429     -982.8919115571
    11 -492.3968162446      490.4633469853     -982.8601632298
    12 -492.3969234878      490.4583526327     -982.8552761205
    13 -492.3970658160      490.4468232758     -982.8438890918
    14 -492.3971670541      490.4379478876     -982.8351149417
    15 -492.3972463293      490.4268586172     -982.8241049465
    16 -492.3973078023      490.4261255211     -982.8234333235
    17 -492.3973698938      490.4290813313     -982.8264512250
    18 -492.3974730569      490.4274997026     -982.8249727595
    19 -492.3975434003      490.4274434819     -982.8249868822
    20 -492.3975723905      490.4276048157     -982.8251772062
    21 -492.3975977813      490.4217953582     -982.8193931395
    22 -492.3976200193      490.4203461880     -982.8179662073
    23 -492.3976364414      490.4191125503     -982.8167489917
    24 -492.3976479988      490.4194503393     -982.8170983381
    25 -492.3976580355      490.4218139408     -982.8194719763
    26 -492.3976748876      490.4242996152     -982.8219745029
    27 -492.3976865742      490.4259121849     -982.8235987591
    28 -492.3976918470      490.4264210463     -982.8241128933
    29 -492.3976957440      490.4250653448     -982.8227610888
    30 -492.3977017496      490.4236683028     -982.8213700524
    31 -492.3977076086      490.4230154233     -982.8207230320
    32 -492.3977119063      490.4233356784     -982.8210475847
    33 -492.3977175652      490.4251804375     -982.8228980027
    34 -492.3977225544      490.4259470791     -982.8236696335
    35 -492.3977250308      490.4273699715     -982.8250950023
    36 -492.3977272064      490.4278569073     -982.8255841136
    37 -492.3977296886      490.4282231676     -982.8259528563
    38 -492.3977337660      490.4280251020     -982.8257588681
    39 -492.3977388354      490.4269046659     -982.8246435012
    40 -492.3977421877      490.4258704772     -982.8236126650
    41 -492.3977450993      490.4246168878     -982.8223619871
    42 -492.3977475949      490.4233443631     -982.8210919580
    43 -492.3977483971      490.4226954261     -982.8204438232
    44 -492.3977492485      490.4235517907     -982.8213010392
    45 -492.3977497241      490.4238675969     -982.8216173210
$end
