$dipgrad          cartesian dipole gradients
  0.37423299389382D+00  0.21438723362723D+00  0.16574474017079D+00
  0.20215364417155D+00  0.61057046965950D+00  0.16962490096782D+00
  0.19617276730198D+00  0.15620400486354D+00  0.43288482653113D+00
  0.56995001729495D+00  -.20853172861010D+00  -.29360117989628D-01
  -.21490808932921D+00  0.43423925854024D+00  0.32671957683181D-01
  0.14915974170347D+00  0.43231185779421D-01  0.25112049945168D+00
  0.40564681158485D+00  -.34141050860679D+00  0.20882382059123D-01
  -.21712701546679D+00  0.45095557107271D+00  -.65880361912978D-01
  0.30584354136653D-01  -.76845686600752D-01  0.27310965761372D+00
  0.23475648726833D+00  0.22053173399259D+00  0.65796800876698D-01
  0.14001292972247D+00  0.68938225644954D+00  0.16983682199744D+00
  0.90602695895464D-01  0.92562100057517D-01  0.22857769204037D+00
  0.33835194089094D+00  0.64818824093582D-01  0.64683922687867D-01
  -.12275167611905D+00  0.33342417772222D-01  -.55919450173518D-01
  0.85365098502552D-01  -.35390079795033D-01  0.64522155003274D+00
  0.10511279673276D+01  -.85857145179241D-02  -.17320219825991D+00
  0.11594767262790D+00  0.51209174048207D+00  0.13961451653392D-01
  -.32317335724454D+00  0.24478482660556D+00  0.10567862175234D+01
  -.12308408775585D+01  0.10544970903207D+00  0.21963976566388D+00
  0.11953305314789D+00  -.60678175345736D+00  -.83103727748519D-02
  0.90405419261801D-01  -.50911324191375D-01  -.48491732822796D+00
  -.58429752365533D+00  0.92992759714181D-01  0.29097416574031D-01
  0.68440432785337D-01  -.38563334005667D+00  -.11511340717787D+00
  0.20022726234818D+00  -.13551962067102D+00  -.10072177929745D+01
  -.57497801961410D+00  0.40355149877414D-01  -.16034902507806D+00
  0.22762419565348D-01  -.32838642397885D+00  0.14035628105454D-03
  -.18260721274391D+00  -.37440941224397D-03  -.84908653181265D+00
  -.51343259809887D+00  -.10594662806331D+00  -.13204519426476D+00
  -.13730598051804D+00  -.98078051959467D+00  -.15034963129688D+00
  -.13800340743615D+00  -.23325196189131D+00  -.37836462302333D+00
  -.67083741408928D+00  0.30397015038265D+00  0.56468767826488D-01
  0.33942704080493D+00  -.71009488708307D+00  0.55597461181482D-01
  0.70716963376135D-01  0.54808679546094D-01  -.40636492158060D+00
  -.56143386553588D+00  -.19887179343570D+00  -.20669340635316D+00
  -.21165307581114D+00  -.77987538568783D+00  -.15155810740445D+00
  -.26162445103487D+00  -.18858290801215D+00  -.47333144217372D+00
  -.46640361537139D-01  0.79186775444151D-01  0.13755664239067D-01
  0.60769757145370D-01  -.69704416204064D-01  -.41219051841779D-01
  -.33674733104313D-01  -.29755991773556D-01  0.27725514002432D-01
  0.21413000638883D-01  -.12940331024798D-01  -.62217000904647D-01
  -.52319070898560D-01  -.18105082691642D-01  0.49110454299231D-01
  -.35388439788383D-01  0.39642294063040D-02  -.15791412083493D+00
  -.84266765821642D-04  -.36054435419476D-02  0.14397725421762D-01
  0.43783600426346D-01  0.13241667949751D-02  0.81198470993939D-02
  -.46839376285317D-01  0.33974003355382D-01  -.93211561043218D-01
  0.79067768213635D-02  0.29864449533636D-01  -.95919430082548D-02
  0.17077949150429D-01  -.68849500277917D-02  0.22970291851704D-01
  -.26728371902642D-01  0.34126200390995D-01  -.12595495818509D+00
  0.15245869001617D-01  -.13968089932060D-01  -.34558819314071D-01
  -.16092455829933D-01  -.11164167319844D-01  0.38581208856572D-01
  -.24388526747085D-01  -.22151544815593D-03  -.10167111156316D+00
  -.15172491115654D+00  -.30906843422224D-01  0.95515470479702D-01
  -.45542883265694D-01  0.74908919718434D-02  0.46184461453244D-01
  0.57375806591067D-01  0.31394441291396D-01  -.78552695304610D-01
  -.69068149051193D-01  0.57166490234967D-01  -.24568865867662D-01
  0.79084782336995D-01  -.84255354484118D-01  0.44305225803908D-01
  -.24715847979444D-01  0.22485227761395D-01  -.34772373099508D-01
  0.30490688999699D+00  -.85539804983039D-01  -.40836331724401D-01
  -.77540246516520D-01  0.18874412638494D+00  0.16112148635592D-01
  -.33514373740863D-01  0.53030749981734D-01  0.29592742568040D+00
  0.34770667526404D+00  -.27756728201775D-01  0.48987748331216D-01
  -.38218494399008D-01  0.19820821184135D+00  -.33205446114412D-01
  0.52254869504675D-01  -.17334902212106D-02  0.29616339417758D+00
  0.22367125826806D+00  -.30991315045764D-01  0.57700265050298D-01
  -.56782319962487D-02  0.31488100134105D+00  -.11706784374751D-01
  0.68243052007914D-01  0.95904098793114D-02  0.18953570564026D+00
  0.29806832295043D+00  -.96083718341933D-01  -.53996829535733D-01
  -.47254264138270D-01  0.24635579910141D+00  -.19114456735597D-01
  -.58650599562528D-01  -.28035193205473D-01  0.26627027378930D+00
  0.21035297586782D+00  -.43584628205310D-01  0.74749062919352D-01
  -.22601797596322D-01  0.29408036918100D+00  -.14839517956996D-01
  0.98200666940231D-01  0.46612230362474D-03  0.22803670334761D+00
$end
