$dipgrad          cartesian dipole gradients
  0.45983823659593D-01  0.59338966497325D-01  -.32827003958420D-02
  -.56236786275702D-01  0.78660245683090D-02  -.76705454093276D-01
  -.63677847880355D-01  -.25707880653800D-01  0.73452933492916D-01
  0.18664307154393D+00  0.68373890464730D-01  0.90048257017243D-01
  0.89014484023469D-01  0.37940871891742D+00  0.14453091236717D+00
  0.22927104452390D+00  0.12572256607432D+00  0.67805196838221D+00
  0.11930195221088D+01  -.33559540461246D+00  0.10933726668746D+00
  -.53321530551697D+00  0.10797214485687D+01  0.60710649230854D+00
  -.20623262672551D+00  0.78239818357654D+00  0.93195549941535D+00
  -.75129643908130D+00  -.59816245641909D-01  -.31129516560475D+00
  0.13825013726552D+00  -.64013403304352D+00  -.24354050931061D+00
  -.80199580621334D-01  -.38151834842153D+00  -.70813874231597D+00
  -.11234115916291D+01  0.67870423961427D+00  0.22503433670030D+00
  0.56294842639035D+00  -.89122435669138D+00  -.37988757198414D+00
  0.26397052588313D+00  -.47361481872169D+00  -.65085173568689D+00
  0.74506518459588D+00  -.45468523600644D+00  -.92198993569785D-01
  -.22347804998718D+00  0.35763776572996D+00  0.81365259356887D-01
  0.64496300495127D-02  0.86898767904689D-01  0.14353210090987D+00
  0.43284615071412D-01  0.66849176799101D-01  -.89463713630573D-02
  0.48382456349760D-01  0.93715130985703D-02  0.68638403360383D-01
  0.33889604123334D-01  -.15569845069511D-01  0.33476002348486D-01
  0.16966556685878D+01  0.31385669052602D-01  0.18161841159836D+00
  0.60317241981711D-01  0.63573399174012D+00  -.51066844879485D+00
  0.13253981153150D+00  -.47542731903921D+00  0.82459249845514D+00
  -.91183267402669D+00  -.79241159753550D-01  0.66272021786421D-01
  -.21118013015848D+00  -.56400846530745D+00  0.27131292318370D+00
  0.21937566863253D+00  0.28137836531629D+00  -.61186880615081D+00
  -.11957866285291D+01  0.14769758474993D+00  -.24604037974849D+00
  0.24991803122835D+00  -.39350306887114D+00  0.76592187951548D-01
  -.40564100087641D+00  0.10788772532632D+00  -.46860708830615D+00
  -.59728802079417D+00  -.71276944370518D-01  -.12026183724942D+00
  -.12640159550157D+00  -.45854011149427D+00  -.20759642588459D+00
  -.15834120619695D+00  -.19493944147144D+00  -.76913224050551D+00
  0.26717354551677D-01  -.43651950168630D-01  0.76271290979944D-01
  0.27655950334379D-03  -.99073877000599D-02  0.37229353730627D-01
  0.57758560046487D-01  0.86772140775643D-01  -.26237947842687D-01
  -.12603899158875D+00  0.56881589403718D-01  -.62816927482743D-02
  0.30092007940350D-01  0.24338412894737D-01  0.14037498865355D-02
  -.12690214678946D-01  0.12607401201976D-01  0.85366715166697D-01
  0.76883789537491D-01  -.32329487830185D-01  -.53774425293631D-01
  -.71271105549699D-02  0.43883476345707D-01  -.17719029972627D-01
  -.33275500826172D-01  -.53925083566627D-01  -.44734590229166D-01
  -.22898602167010D-01  -.15800467416914D-01  0.25846077236738D-01
  -.16615343917338D-01  -.36259360111280D-01  0.76536579086771D-01
  -.12857087476077D-01  0.41088320386743D-01  -.10943057822721D+00
  -.14129275236100D-01  0.42935373907287D-01  0.33345384776792D-02
  -.38787581820401D-01  -.17560382722162D-01  0.71732273946257D-03
  -.47304733728909D-01  -.80068894598770D-03  0.34743176195559D-01
  -.69866307603084D-01  0.57583505124603D-01  0.45128660065340D-02
  0.48623046395313D-01  0.49965621041530D-01  -.19334915072528D-01
  -.26806440586593D-01  -.16027675158811D-01  0.63304996335557D-01
  0.88455278694439D-01  0.44505851503974D-02  -.16327980288679D-01
  0.10940352611286D-01  -.53761700924812D-02  0.71920808109469D-01
  0.87878150995924D-02  0.61602264659043D-01  -.67279501667613D-01
  0.15027152839038D-01  -.10050814784425D+00  -.22340126867755D-01
  -.60286755386270D-01  -.30797673899546D-01  -.43458503341506D-01
  0.30845176849220D-01  -.10407860531761D-01  0.36516789373126D-01
  0.30389685860232D+00  -.59773762361857D-01  0.78428645495638D-01
  -.47203786458433D-01  0.28418520070958D+00  0.43110867826748D-01
  0.47085752780335D-01  0.42850820893652D-01  0.28048079432821D+00
  0.39091621086542D+00  0.38478225243088D-01  0.20045961143343D-01
  0.81769701888145D-01  0.17519883632116D+00  0.18445998546216D-01
  0.17052650077546D-01  0.18732405465164D-01  0.27080775653176D+00
$end
