$hessian (projected)
 1  1   0.5751884185   0.0236613969   0.0093084211  -0.0826730386   0.0296120537
 1  2  -0.0000054048  -0.0094939748   0.0347303651   0.0007612530   0.0001216804
 1  3   0.0003538903   0.0022909835  -0.0067388703   0.0019535450   0.0003225245
 1  4   0.0000474584  -0.0001220125   0.0015337511  -0.0005787962   0.0000676908
 1  5  -0.0002885975   0.0000655688  -0.0004416359   0.0004832766   0.0001023997
 1  6   0.0002227671  -0.0002795020  -0.0000755901   0.0000995688  -0.0001767816
 1  7   0.0050572077  -0.0139942780  -0.0050012033  -0.0999618328  -0.0583978119
 1  8   0.0857874393  -0.3100130418   0.0271073430  -0.0169601197  -0.0741038734
 1  9  -0.0282004620  -0.0750311295   0.0045879723  -0.0154782000  -0.0005387469
 1 10  -0.0001703892   0.0000828868  -0.0000226422  -0.0000575626   0.0001235549
 1 11   0.0001954677   0.0000056668  -0.0000181125  -0.0000002342   0.0000109630
 1 12   0.0000444479   0.0000405132  -0.0000014114  -0.0000003219   0.0000087306
 1 13  -0.0013189544  -0.0014066755  -0.0024279989
 2  1   0.0236613969   0.4740828807  -0.0046819055   0.0194823817  -0.1807130645
 2  2  -0.0041590934   0.0156829994  -0.0073942188   0.0025321726  -0.0022171510
 2  3  -0.0014192710  -0.0032520342  -0.0027627611   0.0011749131   0.0017921237
 2  4   0.0004647995  -0.0001194725   0.0003613079  -0.0001603657   0.0000053988
 2  5  -0.0001240972   0.0001126596  -0.0002052311   0.0002234338  -0.0000138328
 2  6   0.0001691069  -0.0000560204  -0.0001252769   0.0001282117  -0.0001048727
 2  7   0.0018678867  -0.0180912030  -0.0118811309  -0.0594279462  -0.1156592275
 2  8   0.1005515611   0.0307553702  -0.0498954129   0.0034265692  -0.0306642619
 2  9  -0.0809616230  -0.0835088888   0.0047729981  -0.0211299220  -0.0006727615
 2 10  -0.0000815082   0.0000386759  -0.0000608195  -0.0000350236   0.0000502982
 2 11   0.0000669288   0.0000008528  -0.0000012186   0.0000143631  -0.0000016446
 2 12   0.0000249851   0.0000451200   0.0000147207  -0.0000200213   0.0000106353
 2 13  -0.0013262935  -0.0000645842  -0.0005225913
 3  1   0.0093084211  -0.0046819055   0.5857356069  -0.0036838211   0.0089846528
 3  2  -0.0735184824   0.0059306312   0.0024175112   0.0018752751  -0.0007715536
 3  3  -0.0013098286  -0.0010541638  -0.0006823505   0.0001100993   0.0001855776
 3  4   0.0001344241  -0.0000854273   0.0001867319  -0.0001024302  -0.0000178357
 3  5   0.0000092042   0.0002379006   0.0000290633   0.0000580564  -0.0001572776
 3  6   0.0000560244   0.0000319252  -0.0001733874   0.0000053898  -0.0000692877
 3  7   0.0064031100  -0.0443713468  -0.0135923456   0.0862596163   0.0975226668
 3  8  -0.1906389606  -0.0166374132   0.0018829269  -0.0485678840  -0.0776063982
 3  9  -0.0793861095  -0.2584057730  -0.0055995314   0.0229027773   0.0034107395
 3 10  -0.0000007469   0.0000080127   0.0000150069   0.0000080308   0.0000190350
 3 11   0.0000302737  -0.0000051392  -0.0000217677  -0.0000053153   0.0000041596
 3 12   0.0000201640  -0.0000382935   0.0000166814  -0.0000070552   0.0000183319
 3 13  -0.0028829257  -0.0040770474  -0.0056662234
 4  1  -0.0826730386   0.0194823817  -0.0036838211   0.4584172294   0.0002043729
 4  2  -0.0230436027  -0.1568065901   0.0248338328   0.0068636096  -0.0134345212
 4  3  -0.0044359141  -0.0165673058  -0.0156618532   0.0096753377   0.0022388943
 4  4   0.0021269100   0.0001081963  -0.0014184135   0.0003507676   0.0000211644
 4  5   0.0003817611  -0.0006467511   0.0006366869  -0.0004560742   0.0001201629
 4  6  -0.0005670562   0.0003616460   0.0002125823  -0.0001416374   0.0002342937
 4  7  -0.0835701591  -0.0083722819  -0.0590198976   0.0030598153  -0.0132930943
 4  8  -0.0022830554  -0.0077447458   0.0359647407   0.0032180583   0.0007030466
 4  9  -0.0115531794   0.0006332556  -0.1072589263  -0.0569527263   0.0781821108
 4 10  -0.0000562040  -0.0000803595  -0.0000210038   0.0001380874  -0.0001795195
 4 11  -0.0001901617   0.0000221612   0.0000561407   0.0000300546  -0.0000272941
 4 12  -0.0001017009  -0.0000101638  -0.0000371960   0.0000259413  -0.0000270303
 4 13   0.0027665170   0.0046686742   0.0145768456
 5  1   0.0296120537  -0.1807130645   0.0089846528   0.0002043729   0.5151195762
 5  2  -0.0167477616   0.0078922307  -0.0845325345   0.0096009083  -0.0159506006
 5  3   0.0113844310  -0.0124956991   0.0314415901  -0.0060397410  -0.0085609257
 5  4   0.0005844336   0.0022586047  -0.0064082868   0.0018341091  -0.0002966978
 5  5   0.0004762309  -0.0003034661   0.0005685087  -0.0005666892  -0.0004875285
 5  6  -0.0003551010   0.0004208146  -0.0002590260  -0.0000294823  -0.0000616789
 5  7   0.0146204642  -0.0981865017  -0.0194020966   0.0049580086  -0.0206251941
 5  8  -0.0019569748   0.0006859848  -0.0073127010  -0.0018204241   0.0012507600
 5  9  -0.0063162265   0.0003703776  -0.0607488721  -0.1098329789   0.0871832172
 5 10   0.0005020797  -0.0005193879  -0.0002784247   0.0000780754  -0.0003382812
 5 11  -0.0005047943   0.0000204677   0.0000727936   0.0000787125  -0.0000791363
 5 12  -0.0000576219   0.0000301703   0.0000115154  -0.0000510761  -0.0000148193
 5 13  -0.0158675164  -0.0141973238  -0.0383265091
 6  1  -0.0000054048  -0.0041590934  -0.0735184824  -0.0230436027  -0.0167477616
 6  2   0.5134174944  -0.0126776395   0.0182648210  -0.0739527425  -0.0297255856
 6  3  -0.0087910517   0.0007244638   0.0231886922  -0.0167071404  -0.0001238715
 6  4  -0.0023199456  -0.0057366850  -0.0010554085   0.0009427667  -0.0000965125
 6  5   0.0006081833  -0.0000765454   0.0002114047  -0.0005901591   0.0004041237
 6  6  -0.0004503711  -0.0005061587   0.0006835380  -0.0002967108   0.0004539439
 6  7  -0.0367043740  -0.0533852219  -0.1918129498  -0.0071360124   0.0261701612
 6  8   0.0009540947  -0.0011131143   0.0034366988  -0.0010227701   0.0071857325
 6  9  -0.0280443130  -0.0031378597   0.0846398422   0.0863637132  -0.1584779375
 6 10  -0.0006059464   0.0005382693   0.0001228100   0.0000896507  -0.0001743319
 6 11  -0.0004506178   0.0001272197   0.0000964146  -0.0001706375   0.0000467150
 6 12  -0.0001941813   0.0000551905  -0.0000450838   0.0001656946   0.0000583593
 6 13  -0.0038550263  -0.0004638029  -0.0115749450
 7  1  -0.0094939748   0.0156829994   0.0059306312  -0.1568065901   0.0078922307
 7  2  -0.0126776395   0.6934979543   0.0429844739   0.2375174258  -0.3243914271
 7  3  -0.1420784248  -0.2685449047  -0.1447648923   0.0432603501   0.0114786415
 7  4  -0.0282817138   0.0356138206   0.0289995380  -0.0069744842   0.0011000837
 7  5  -0.0023754581  -0.0028245166   0.0037922458  -0.0005757971   0.0006580966
 7  6  -0.0017400594   0.0011139450   0.0011677340  -0.0010949295   0.0011620674
 7  7  -0.0083321810  -0.0012820122  -0.0038202644   0.0013091097  -0.0031759620
 7  8   0.0007942070   0.0012966576  -0.0028943456  -0.0011931044   0.0005209285
 7  9  -0.0010621214  -0.0015695659  -0.0195870532   0.0033066918   0.0036106915
 7 10  -0.0003638092   0.0005918964   0.0018186779   0.0000101400   0.0008845869
 7 11   0.0016995651   0.0001207694  -0.0002244230  -0.0000204421   0.0002098544
 7 12  -0.0000178898  -0.0003686207  -0.0002162445   0.0001289644  -0.0001821165
 7 13   0.0032456423  -0.0016681760  -0.0027974769
 8  1   0.0347303651  -0.0073942188   0.0024175112   0.0248338328  -0.0845325345
 8  2   0.0182648210   0.0429844739   0.4302687371   0.2519833298  -0.1325255171
 8  3  -0.1907794750  -0.1865119311   0.0431260410  -0.1318293928  -0.0611512419
 8  4   0.0384536491  -0.0155988849  -0.0055646309  -0.0043536797   0.0002607722
 8  5  -0.0004503172   0.0019368346  -0.0022149785   0.0077034236  -0.0008947172
 8  6   0.0014674163  -0.0043811305  -0.0046328096   0.0024170324  -0.0052458226
 8  7  -0.0111313623  -0.0037920015  -0.0139460679   0.0006537577   0.0007870859
 8  8   0.0004798767   0.0002208595  -0.0060173441  -0.0008045945   0.0006591143
 8  9  -0.0007937810  -0.0012237935  -0.0211361838   0.0045912391   0.0002122271
 8 10  -0.0067467711   0.0013765675   0.0000943904  -0.0010740628   0.0013474969
 8 11   0.0009576891   0.0006099035  -0.0000534541  -0.0005494516   0.0004214940
 8 12  -0.0005460984  -0.0004488150  -0.0002482762   0.0003381793   0.0001964099
 8 13  -0.0058869455   0.0006976369  -0.0020318820
 9  1   0.0007612530   0.0025321726   0.0018752751   0.0068636096   0.0096009083
 9  2  -0.0739527425   0.2375174258   0.2519833298   0.6189662561  -0.2551099503
 9  3  -0.1919576070  -0.4049389579   0.0120388817  -0.0632994880  -0.1249751490
 9  4   0.0353822161  -0.0034238341   0.0049012970  -0.0057503460   0.0000702273
 9  5  -0.0013384384  -0.0082977576   0.0011570947   0.0115766611   0.0017863207
 9  6   0.0004816085  -0.0068777911  -0.0020531212   0.0029225257  -0.0055049743
 9  7  -0.0350903254  -0.0030996560  -0.0213623999  -0.0008562357  -0.0000867743
 9  8   0.0005949942  -0.0010081693  -0.0018946995  -0.0003723781   0.0013406544
 9  9  -0.0022198994  -0.0016054412   0.0256698299  -0.0033800862   0.0016724025
 9 10  -0.0072915009   0.0000731485   0.0009942294  -0.0011073600   0.0010029025
 9 11   0.0016017975   0.0007188539  -0.0002550091  -0.0005845337   0.0005392582
 9 12  -0.0006670710  -0.0007336196  -0.0007815917   0.0004820862   0.0000334974
 9 13  -0.0052719453  -0.0000218796   0.0000300153
10  1   0.0001216804  -0.0022171510  -0.0007715536  -0.0134345212  -0.0159506006
10  2  -0.0297255856  -0.3243914271  -0.1325255171  -0.2551099503   0.3162845332
10  3   0.1566185638   0.2988104558   0.0347620673  -0.0089868238  -0.0081466206
10  4  -0.0075894878  -0.0008885147   0.0022641654   0.0037270459   0.0009731690
10  5   0.0006396426   0.0011376483  -0.0028043857  -0.0018345690   0.0000501143
10  6   0.0011409807   0.0005746673   0.0008505070  -0.0000156644   0.0012483309
10  7  -0.0122101226  -0.0011505724  -0.0082661527  -0.0002916563   0.0008229822
10  8  -0.0009205262  -0.0000309005   0.0007152881  -0.0000592434  -0.0014432826
10  9   0.0002813393  -0.0004768033  -0.0003578571   0.0001138562  -0.0001924546
10 10   0.0030467771   0.0018050547   0.0000141444   0.0003054453  -0.0004652839
10 11  -0.0006059796  -0.0003319994   0.0000604613   0.0002721133  -0.0004846849
10 12   0.0006453681   0.0009601667   0.0003112109  -0.0002756263   0.0001025916
10 13  -0.0000310902   0.0021030764   0.0012231606
11  1   0.0003538903  -0.0014192710  -0.0013098286  -0.0044359141   0.0113844310
11  2  -0.0087910517  -0.1420784248  -0.1907794750  -0.1919576070   0.1566185638
11  3   0.2062343979   0.2656908940  -0.0055685868  -0.0295474267  -0.0683567978
11  4  -0.0127074009   0.0011996398   0.0002590725   0.0002319643  -0.0002618020
11  5   0.0001311426  -0.0012872120   0.0020083639  -0.0014882363   0.0009574204
11  6  -0.0019197225   0.0002046619   0.0018582681  -0.0008388129   0.0017717286
11  7  -0.0009827804   0.0028482359   0.0018876753  -0.0004331909   0.0004480659
11  8  -0.0004196537   0.0004743522   0.0011110352   0.0008063260   0.0000492575
11  9   0.0009570541   0.0019433372   0.0033749379  -0.0000923115  -0.0002744196
11 10   0.0017259849  -0.0015472476  -0.0003649998   0.0003469799  -0.0002519725
11 11  -0.0000956574  -0.0002446271  -0.0001256442   0.0000495569   0.0000342710
11 12   0.0002610423  -0.0000481213  -0.0000804183   0.0000311111  -0.0000967355
11 13   0.0017926651   0.0003003091   0.0004587136
12  1   0.0022909835  -0.0032520342  -0.0010541638  -0.0165673058  -0.0124956991
12  2   0.0007244638  -0.2685449047  -0.1865119311  -0.4049389579   0.2988104558
12  3   0.2656908940   0.4647411830  -0.0012390521  -0.0713055335  -0.0570179607
12  4  -0.0162445394   0.0061667625  -0.0035345548   0.0018667451  -0.0006495070
12  5   0.0007777691   0.0023993071   0.0009635857  -0.0060687944  -0.0011735169
12  6   0.0002579094   0.0040160264   0.0009308183  -0.0010673527   0.0025384636
12  7  -0.0037193131  -0.0002032980  -0.0011100188   0.0002036535   0.0005478391
12  8  -0.0000595336   0.0004356357   0.0003979327   0.0006108009  -0.0005945758
12  9   0.0015340684   0.0008756516  -0.0041571225   0.0004791271   0.0002571523
12 10   0.0028073729  -0.0009568148  -0.0010143957   0.0005507503  -0.0003592999
12 11  -0.0005557373  -0.0003701950   0.0000772224   0.0004351483  -0.0001177151
12 12   0.0003856265   0.0000064701   0.0003637275  -0.0004840220  -0.0001345530
12 13   0.0020687907   0.0007845244   0.0005055410
13  1  -0.0067388703  -0.0027627611  -0.0006823505  -0.0156618532   0.0314415901
13  2   0.0231886922  -0.1447648923   0.0431260410   0.0120388817   0.0347620673
13  3  -0.0055685868  -0.0012390521   0.3937906544  -0.1120810921   0.0176918721
13  4  -0.1638563218   0.0046996317  -0.0374940556  -0.0302131667   0.0117826451
13  5   0.0015394801  -0.0264276171   0.0065791409  -0.0015701250   0.0062889213
13  6  -0.0010475901  -0.0017588395  -0.0001526607   0.0051798190  -0.0063871289
13  7  -0.0068705821   0.0016777438  -0.0008253485   0.0002225306   0.0004952311
13  8  -0.0003780774  -0.0004647020   0.0027949210   0.0000232052   0.0003567736
13  9  -0.0000751128   0.0001154016  -0.0024478179   0.0000947310  -0.0000514692
13 10  -0.0386693236   0.0100237726  -0.0071861649  -0.0000207725   0.0023533487
13 11   0.0041316352   0.0013508853  -0.0012438104  -0.0014360810   0.0020840535
13 12  -0.0006105495  -0.0010873601  -0.0009952260   0.0002261273   0.0001150060
13 13  -0.0015720797   0.0029147595   0.0012518786
14  1   0.0019535450   0.0011749131   0.0001100993   0.0096753377  -0.0060397410
14  2  -0.0167071404   0.0432603501  -0.1318293928  -0.0632994880  -0.0089868238
14  3  -0.0295474267  -0.0713055335  -0.1120810921   0.2551569276   0.1421763511
14  4   0.0124712306  -0.0801674537  -0.0017896405   0.0298148448  -0.0078768803
14  5   0.0008507115   0.0276376578  -0.0078979843   0.0000140523   0.0025274728
14  6   0.0003346212   0.0024104928   0.0036730878  -0.0047264889   0.0079718415
14  7   0.0017531683   0.0012081550   0.0027923842  -0.0003121246  -0.0002474163
14  8   0.0002285847   0.0004400021  -0.0009433345   0.0001345174  -0.0005841241
14  9   0.0006856572   0.0002779846   0.0026401024  -0.0009501704   0.0004647798
14 10  -0.0164376901   0.0123517987  -0.0024693622   0.0020062998  -0.0019697688
14 11  -0.0049151732  -0.0010534518   0.0008816060   0.0006158869  -0.0004291253
14 12   0.0013361625   0.0021483037   0.0013899517   0.0002811467   0.0002507910
14 13   0.0006413809  -0.0012149303   0.0000395568
15  1   0.0003225245   0.0017921237   0.0001855776   0.0022388943  -0.0085609257
15  2  -0.0001238715   0.0114786415  -0.0611512419  -0.1249751490  -0.0081466206
15  3  -0.0683567978  -0.0570179607   0.0176918721   0.1421763511   0.2639888322
15  4  -0.0224764590  -0.0078121905  -0.0813237529   0.0360972120  -0.0110805971
15  5   0.0049782905  -0.0257494239   0.0098981646  -0.0092099777  -0.0038084604
15  6  -0.0023430380   0.0032053218  -0.0007920103   0.0035994415  -0.0028502902
15  7  -0.0018152197   0.0023107653   0.0049533457  -0.0000285324  -0.0003712225
15  8  -0.0000787227   0.0002596075  -0.0002464357   0.0001262044  -0.0005290456
15  9   0.0004749317   0.0004827963  -0.0007139422   0.0002379308   0.0008173338
15 10  -0.0046229504   0.0010453602  -0.0009235491   0.0021931014  -0.0039563278
15 11  -0.0055918161  -0.0006172369   0.0006179024   0.0028128176  -0.0006069041
15 12   0.0010127401   0.0017027881  -0.0009846151   0.0000675916  -0.0004636680
15 13   0.0006095671   0.0006454740  -0.0006945503
16  1   0.0000474584   0.0004647995   0.0001344241   0.0021269100   0.0005844336
16  2  -0.0023199456  -0.0282817138   0.0384536491   0.0353822161  -0.0075894878
16  3  -0.0127074009  -0.0162445394  -0.1638563218   0.0124712306  -0.0224764590
16  4   0.4890539884   0.0668057986   0.0155985131  -0.0752555489   0.0087691590
16  5   0.0256982016  -0.0646932553   0.0078750923  -0.0145578777  -0.0091524940
16  6  -0.0244910188   0.0321399006  -0.0105370665   0.0197652239  -0.0282750974
16  7   0.0029855765  -0.0002324188   0.0008266813  -0.0000612849  -0.0001012027
16  8   0.0000851037   0.0003290451  -0.0002290462   0.0001459312  -0.0001438207
16  9   0.0000892555   0.0000196227   0.0005562940  -0.0002481460   0.0000652978
16 10  -0.1229318645  -0.1209002125  -0.0270305883  -0.0089126315   0.0129437994
16 11   0.0249091831  -0.0010497230  -0.0008518601  -0.0022142822   0.0051543296
16 12  -0.0085098298  -0.0182222797  -0.0056766232   0.0009501382  -0.0029085210
16 13  -0.0021117661  -0.0009014437  -0.0007554851
17  1  -0.0001220125  -0.0001194725  -0.0000854273   0.0001081963   0.0022586047
17  2  -0.0057366850   0.0356138206  -0.0155988849  -0.0034238341  -0.0008885147
17  3   0.0011996398   0.0061667625   0.0046996317  -0.0801674537  -0.0078121905
17  4   0.0668057986   0.5441456097   0.0274746355   0.0056797244  -0.1004073199
17  5  -0.0501712487   0.0033266287  -0.1222080115   0.0380951557  -0.0100814598
17  6   0.0010651072   0.0279316675   0.0036949676   0.0033644831   0.0100986698
17  7  -0.0023831434   0.0010873634   0.0003285610  -0.0000019445  -0.0000953428
17  8   0.0000441339  -0.0001235137   0.0000374334   0.0000237777   0.0000797870
17  9   0.0000025630  -0.0000230297   0.0012367745  -0.0004446143   0.0002115012
17 10  -0.1137540823  -0.2294458731  -0.0324951775   0.0010269670  -0.0050735894
17 11  -0.0051632987  -0.0054783603   0.0101328286   0.0175953465   0.0097827635
17 12  -0.0132044379  -0.0246991341  -0.0011657480   0.0031831256   0.0006562526
17 13   0.0019437193   0.0002882417   0.0009835616
18  1   0.0015337511   0.0003613079   0.0001867319  -0.0014184135  -0.0064082868
18  2  -0.0010554085   0.0289995380  -0.0055646309   0.0049012970   0.0022641654
18  3   0.0002590725  -0.0035345548  -0.0374940556  -0.0017896405  -0.0813237529
18  4   0.0155985131   0.0274746355   0.4628401341   0.0099318037  -0.0344057759
18  5  -0.1575712074  -0.0062164969   0.0308222321  -0.1313200036   0.0117640305
18  6   0.0237475262  -0.0060852715  -0.0093063608   0.0124296669  -0.0066871286
18  7  -0.0011095516   0.0008399792   0.0007722778   0.0000058212   0.0000225603
18  8   0.0000197317   0.0000968533  -0.0004896036  -0.0000314279  -0.0000301360
18  9   0.0000542560  -0.0000273505  -0.0005297807   0.0003408938  -0.0001727529
18 10  -0.0254930574  -0.0330713617  -0.0545537285  -0.0015542388   0.0039008602
18 11   0.0044189916   0.0101192214  -0.0161569804  -0.0268372700   0.0020861390
18 12  -0.0044599955  -0.0080181266   0.0000314636   0.0015541036   0.0038103229
18 13   0.0007207912   0.0005391811   0.0002684966
19  1  -0.0005787962  -0.0001603657  -0.0001024302   0.0003507676   0.0018341091
19  2   0.0009427667  -0.0069744842  -0.0043536797  -0.0057503460   0.0037270459
19  3   0.0002319643   0.0018667451  -0.0302131667   0.0298148448   0.0360972120
19  4  -0.0752555489   0.0056797244   0.0099318037   0.5739893076   0.0122712714
19  5   0.0316956546   0.0035721108  -0.0064042373   0.0067028528   0.0004632208
19  6   0.0009961385  -0.0011078053  -0.0022347582   0.0015458303  -0.0001206980
19  7  -0.0000036685  -0.0001473031  -0.0000666956   0.0000145665   0.0000120495
19  8  -0.0000193496  -0.0000451062   0.0002266230   0.0000023523   0.0000312562
19  9  -0.0000039914   0.0000230465  -0.0000814751  -0.0000312199   0.0000441204
19 10   0.0077321183  -0.0059001106  -0.0141685915  -0.2911091048   0.0725266149
19 11  -0.0264021055  -0.0483964335   0.0127156471  -0.0157025742  -0.1351310454
19 12  -0.1208542167  -0.0240874431   0.0000613071  -0.0000903286   0.0002400279
19 13   0.0000818870   0.0000906359  -0.0000185428
20  1   0.0000676908   0.0000053988  -0.0000178357   0.0000211644  -0.0002966978
20  2  -0.0000965125   0.0011000837   0.0002607722   0.0000702273   0.0009731690
20  3  -0.0002618020  -0.0006495070   0.0117826451  -0.0078768803  -0.0110805971
20  4   0.0087691590  -0.1004073199  -0.0344057759   0.0122712714   0.5522071706
20  5  -0.0458251230  -0.0084571673   0.0186214791   0.0110451165  -0.0017040973
20  6  -0.0069700413   0.0018805616   0.0022595413  -0.0016943313   0.0005150624
20  7  -0.0000259374  -0.0000715832  -0.0001084704   0.0000042401  -0.0000141898
20  8   0.0000125980   0.0000041019  -0.0000402644   0.0000113914  -0.0000295052
20  9   0.0000101101   0.0000076562   0.0000636707  -0.0000032008  -0.0000274256
20 10   0.0095330337  -0.0107795966  -0.0247073077   0.0735978668  -0.0692729377
20 11   0.0072128647   0.0125210174  -0.1563723291   0.1297772623  -0.1226351683
20 12  -0.2169446293  -0.0331847724  -0.0000124696  -0.0003183215  -0.0005351321
20 13  -0.0001043104   0.0002191943   0.0001057189
21  1  -0.0002885975  -0.0001240972   0.0000092042   0.0003817611   0.0004762309
21  2   0.0006081833  -0.0023754581  -0.0004503172  -0.0013384384   0.0006396426
21  3   0.0001311426   0.0007777691   0.0015394801   0.0008507115   0.0049782905
21  4   0.0256982016  -0.0501712487  -0.1575712074   0.0316956546  -0.0458251230
21  5   0.4984764402   0.0081718870  -0.0081980425  -0.0319436687  -0.0015692140
21  6   0.0020291293   0.0013927264   0.0005957452   0.0006390126  -0.0004068679
21  7  -0.0000433416  -0.0000506292  -0.0004004114   0.0000069556   0.0000331056
21  8  -0.0000027154  -0.0000380629   0.0000972029  -0.0000008604   0.0000195818
21  9  -0.0000313940  -0.0000082172  -0.0001032805   0.0000279615  -0.0000412135
21 10   0.0021094081  -0.0033761177  -0.0057742356  -0.0221606409   0.0056157224
21 11  -0.0504921023  -0.0176570165   0.1327215010  -0.2037086257  -0.0267630222
21 12  -0.0347290964  -0.0551531918   0.0000940227   0.0002833406   0.0004224479
21 13   0.0000462937   0.0000510050   0.0001766941
22  1   0.0000655688   0.0001126596   0.0002379006  -0.0006467511  -0.0003034661
22  2  -0.0000765454  -0.0028245166   0.0019368346  -0.0082977576   0.0011376483
22  3  -0.0012872120   0.0023993071  -0.0264276171   0.0276376578  -0.0257494239
22  4  -0.0646932553   0.0033266287  -0.0062164969   0.0035721108  -0.0084571673
22  5   0.0081718870   0.7963521531   0.1733596141  -0.1329238528  -0.4676941994
22  6  -0.2193751369   0.2150151245  -0.2337025014   0.0273985180  -0.0604060054
22  7  -0.0000664435  -0.0003114657   0.0009385150   0.0000256173  -0.0001522528
22  8   0.0000545886   0.0000910895  -0.0000744023   0.0000015394  -0.0000259967
22  9   0.0000770931  -0.0000107340  -0.0009575797   0.0002578870   0.0002386221
22 10   0.0015145588  -0.0141225597   0.0157960390  -0.0019761647   0.0002082311
22 11   0.0020823082  -0.0016070394   0.0021891053   0.0021679933   0.0004877080
22 12  -0.0002344541  -0.0021169367  -0.0026943759   0.0072193759  -0.0105769478
22 13   0.0000699865   0.0005945116  -0.0007291242
23  1  -0.0004416359  -0.0002052311   0.0000290633   0.0006366869   0.0005685087
23  2   0.0002114047   0.0037922458  -0.0022149785   0.0011570947  -0.0028043857
23  3   0.0020083639   0.0009635857   0.0065791409  -0.0078979843   0.0098981646
23  4   0.0078750923  -0.1222080115   0.0308222321  -0.0064042373   0.0186214791
23  5  -0.0081980425   0.1733596141   0.4598089141  -0.2637195491  -0.2297511673
23  6  -0.2311107451   0.1594692581   0.0113378469  -0.0940216124   0.0395560341
23  7  -0.0011001796  -0.0002102797  -0.0001482997   0.0000694104  -0.0000675429
23  8   0.0000142075  -0.0001334857   0.0001822826  -0.0000305417   0.0001162343
23  9  -0.0000736622  -0.0000571755  -0.0006239730   0.0001775441   0.0000664622
23 10  -0.0023440629  -0.0169109713   0.0236714585   0.0008149202   0.0002085615
23 11  -0.0000011482   0.0019924524  -0.0032885880  -0.0062144194  -0.0003507695
23 12  -0.0004265852  -0.0024511259   0.0366287996  -0.0034528870   0.0151193473
23 13   0.0007514532   0.0005134252  -0.0001580108
24  1   0.0004832766   0.0002234338   0.0000580564  -0.0004560742  -0.0005666892
24  2  -0.0005901591  -0.0005757971   0.0077034236   0.0115766611  -0.0018345690
24  3  -0.0014882363  -0.0060687944  -0.0015701250   0.0000140523  -0.0092099777
24  4  -0.0145578777   0.0380951557  -0.1313200036   0.0067028528   0.0110451165
24  5  -0.0319436687  -0.1329238528  -0.2637195491   0.5388842432   0.2267695766
24  6   0.1614135986  -0.2431413785  -0.0389470629   0.0414928654  -0.1216645238
24  7   0.0008985807  -0.0000778758  -0.0004419910  -0.0000777318   0.0000680115
24  8  -0.0000131855   0.0001160110  -0.0002200202   0.0000076767  -0.0000780639
24  9  -0.0000307348  -0.0000118592   0.0007968869  -0.0002044260  -0.0000748192
24 10   0.0033868102  -0.0044222495   0.0074343019  -0.0003172499   0.0002027017
24 11   0.0008301563   0.0007257820  -0.0012732079  -0.0007717195  -0.0005982603
24 12   0.0016242440   0.0022609093  -0.0468309786   0.0105262596  -0.0158408204
24 13  -0.0011121337  -0.0004058737   0.0000408957
25  1   0.0001023997  -0.0000138328  -0.0001572776   0.0001201629  -0.0004875285
25  2   0.0004041237   0.0006580966  -0.0008947172   0.0017863207   0.0000501143
25  3   0.0009574204  -0.0011735169   0.0062889213   0.0025274728  -0.0038084604
25  4  -0.0091524940  -0.0100814598   0.0117640305   0.0004632208  -0.0017040973
25  5  -0.0015692140  -0.4676941994  -0.2297511673   0.2267695766   0.5671147959
25  6   0.2696618443  -0.2575022301  -0.1038872090  -0.0275396668   0.0150538112
25  7   0.0001138607   0.0002696458  -0.0004883778  -0.0000173239   0.0001139095
25  8  -0.0000438174  -0.0000283531   0.0000121210   0.0000001288  -0.0000037789
25  9  -0.0000383541   0.0000236318   0.0005936060  -0.0001724701  -0.0001841636
25 10   0.0011365403   0.0008598659   0.0006706605   0.0005678412  -0.0000674980
25 11  -0.0005887910   0.0002815701   0.0004590099   0.0006013885  -0.0000154557
25 12   0.0006905158   0.0008362757   0.0034105180  -0.0044627666   0.0070760576
25 13  -0.0001028338  -0.0003382471   0.0005298434
26  1   0.0002227671   0.0001691069   0.0000560244  -0.0005670562  -0.0003551010
26  2  -0.0004503711  -0.0017400594   0.0014674163   0.0004816085   0.0011409807
26  3  -0.0019197225   0.0002579094  -0.0010475901   0.0003346212  -0.0023430380
26  4  -0.0244910188   0.0010651072   0.0237475262   0.0009961385  -0.0069700413
26  5   0.0020291293  -0.2193751369  -0.2311107451   0.1614135986   0.2696618443
26  6   0.2109202741  -0.1834890505  -0.0211370886   0.0290240480  -0.0029484685
26  7   0.0007438096   0.0002610026   0.0002910849  -0.0000413074   0.0000227611
26  8  -0.0000209404   0.0000954460  -0.0001092582   0.0000152545  -0.0000649071
26  9   0.0000285825   0.0000303461   0.0002397425  -0.0000774532  -0.0000147763
26 10   0.0003878457  -0.0008775487   0.0012951250  -0.0000711564   0.0001016584
26 11  -0.0001238020  -0.0004908171   0.0018285669   0.0020496747   0.0002733017
26 12   0.0006817458   0.0008644150  -0.0042376680  -0.0040639336  -0.0031429281
26 13  -0.0004980701  -0.0004210874   0.0000016784
27  1  -0.0002795020  -0.0000560204   0.0000319252   0.0003616460   0.0004208146
27  2  -0.0005061587   0.0011139450  -0.0043811305  -0.0068777911   0.0005746673
27  3   0.0002046619   0.0040160264  -0.0017588395   0.0024104928   0.0032053218
27  4   0.0321399006   0.0279316675  -0.0060852715  -0.0011078053   0.0018805616
27  5   0.0013927264   0.2150151245   0.1594692581  -0.2431413785  -0.2575022301
27  6  -0.1834890505   0.2219504223   0.0063570385  -0.0038067326   0.0343668760
27  7  -0.0004923003   0.0001456288   0.0005823678   0.0000251143  -0.0000700932
27  8   0.0000233944  -0.0000514011   0.0001003284  -0.0000065134   0.0000557386
27  9   0.0000181022   0.0000001524  -0.0004174565   0.0000333650   0.0001202604
27 10  -0.0013363787   0.0036700379  -0.0068559260   0.0001435808   0.0000304937
27 11  -0.0001379975   0.0001730112  -0.0007145267  -0.0009331229  -0.0003061540
27 12  -0.0006298993  -0.0000002674   0.0066579937  -0.0032485141  -0.0010568643
27 13   0.0006343070   0.0000805545  -0.0000881817
28  1  -0.0000755901  -0.0001252769  -0.0001733874   0.0002125823  -0.0002590260
28  2   0.0006835380   0.0011677340  -0.0046328096  -0.0020531212   0.0008505070
28  3   0.0018582681   0.0009308183  -0.0001526607   0.0036730878  -0.0007920103
28  4  -0.0105370665   0.0036949676  -0.0093063608  -0.0022347582   0.0022595413
28  5   0.0005957452  -0.2337025014   0.0113378469  -0.0389470629  -0.1038872090
28  6  -0.0211370886   0.0063570385   0.3919419189  -0.0040206211   0.0573418029
28  7  -0.0003825086   0.0002686155  -0.0003924412   0.0000173698   0.0000932486
28  8  -0.0000473825  -0.0000856050   0.0001030441  -0.0000082729   0.0000380422
28  9  -0.0000445757   0.0000187893   0.0002189297  -0.0000226527  -0.0001888108
28 10  -0.0004333042   0.0012983506  -0.0008872268   0.0009519491  -0.0000061771
28 11  -0.0007763160   0.0007541264  -0.0007568411  -0.0007896183  -0.0001545929
28 12  -0.0000107820   0.0001047847  -0.0448814346   0.0065333805  -0.0121494616
28 13   0.0003740719  -0.0001045001   0.0004789558
29  1   0.0000995688   0.0001282117   0.0000053898  -0.0001416374  -0.0000294823
29  2  -0.0002967108  -0.0010949295   0.0024170324   0.0029225257  -0.0000156644
29  3  -0.0008388129  -0.0010673527   0.0051798190  -0.0047264889   0.0035994415
29  4   0.0197652239   0.0033644831   0.0124296669   0.0015458303  -0.0016943313
29  5   0.0006390126   0.0273985180  -0.0940216124   0.0414928654  -0.0275396668
29  6   0.0290240480  -0.0038067326  -0.0040206211   0.2619021820  -0.2802329963
29  7   0.0005008838   0.0000361547   0.0000960978  -0.0000234220  -0.0000050069
29  8   0.0000046732   0.0000566924  -0.0000627682   0.0000124017  -0.0000304432
29  9  -0.0000057798   0.0000048086   0.0002394690  -0.0000629807  -0.0000022739
29 10   0.0010929156   0.0014088067  -0.0010771379  -0.0002908171  -0.0002933407
29 11   0.0002937181  -0.0003227349   0.0005927232   0.0008260227   0.0002568983
29 12   0.0001100682   0.0004706439  -0.0222378033  -0.1970425096   0.2237966993
29 13  -0.0004180793  -0.0002005962  -0.0001107630
30  1  -0.0001767816  -0.0001048727  -0.0000692877   0.0002342937  -0.0000616789
30  2   0.0004539439   0.0011620674  -0.0052458226  -0.0055049743   0.0012483309
30  3   0.0017717286   0.0025384636  -0.0063871289   0.0079718415  -0.0028502902
30  4  -0.0282750974   0.0100986698  -0.0066871286  -0.0001206980   0.0005150624
30  5  -0.0004068679  -0.0604060054   0.0395560341  -0.1216645238   0.0150538112
30  6  -0.0029484685   0.0343668760   0.0573418029  -0.2802329963   0.3993423180
30  7  -0.0005505284   0.0001574526   0.0001124803   0.0000188943   0.0000259778
30  8  -0.0000201654  -0.0000688630   0.0001099420  -0.0000125148   0.0000511590
30  9  -0.0000286137   0.0000034446  -0.0002098765   0.0000828436  -0.0000359467
30 10  -0.0015633351   0.0003519579  -0.0011023227  -0.0009731918   0.0003537667
30 11  -0.0005769231  -0.0003499000  -0.0000877792  -0.0004186810  -0.0001581670
30 12  -0.0002283308  -0.0003326762   0.0235907720   0.2277707159  -0.2972364778
30 13   0.0005384416   0.0001725699   0.0001012537
31  1   0.0050572077   0.0018678867   0.0064031100  -0.0835701591   0.0146204642
31  2  -0.0367043740  -0.0083321810  -0.0111313623  -0.0350903254  -0.0122101226
31  3  -0.0009827804  -0.0037193131  -0.0068705821   0.0017531683  -0.0018152197
31  4   0.0029855765  -0.0023831434  -0.0011095516  -0.0000036685  -0.0000259374
31  5  -0.0000433416  -0.0000664435  -0.0011001796   0.0008985807   0.0001138607
31  6   0.0007438096  -0.0004923003  -0.0003825086   0.0005008838  -0.0005505284
31  7   0.1817468190  -0.1750087646   0.0644968169  -0.0002114542   0.0003026312
31  8  -0.0000375131   0.0009945629  -0.0011681726   0.0002581067  -0.0000164394
31  9   0.0026291955   0.0001695561   0.0096740098   0.0043113817   0.0035570185
31 10  -0.0002967466   0.0001454304  -0.0002596068  -0.0000986748   0.0000952267
31 11   0.0000348900   0.0000970464  -0.0000162959  -0.0000656500   0.0000274656
31 12   0.0000289789   0.0000345281   0.0000270334  -0.0000667413   0.0000284711
31 13  -0.0886646014   0.1648843203   0.0040066459
32  1  -0.0139942780  -0.0180912030  -0.0443713468  -0.0083722819  -0.0981865017
32  2  -0.0533852219  -0.0012820122  -0.0037920015  -0.0030996560  -0.0011505724
32  3   0.0028482359  -0.0002032980   0.0016777438   0.0012081550   0.0023107653
32  4  -0.0002324188   0.0010873634   0.0008399792  -0.0001473031  -0.0000715832
32  5  -0.0000506292  -0.0003114657  -0.0002102797  -0.0000778758   0.0002696458
32  6   0.0002610026   0.0001456288   0.0002686155   0.0000361547   0.0001574526
32  7  -0.1750087646   0.5211635402   0.1491388616  -0.0009071846   0.0035044953
32  8   0.0001335980  -0.0005722756   0.0024016683   0.0001579538   0.0022042888
32  9  -0.0082567203  -0.0008533642   0.0063675879   0.0094770390   0.0039719660
32 10   0.0004267780  -0.0000998260   0.0000166209   0.0000064925   0.0000522426
32 11   0.0000688319  -0.0000372576  -0.0000388368  -0.0000134266  -0.0000282800
32 12   0.0001070811  -0.0000135920  -0.0000286315  -0.0000376028  -0.0000444565
32 13   0.1908515739  -0.4133624231  -0.0548287913
33  1  -0.0050012033  -0.0118811309  -0.0135923456  -0.0590198976  -0.0194020966
33  2  -0.1918129498  -0.0038202644  -0.0139460679  -0.0213623999  -0.0082661527
33  3   0.0018876753  -0.0011100188  -0.0008253485   0.0027923842   0.0049533457
33  4   0.0008266813   0.0003285610   0.0007722778  -0.0000666956  -0.0001084704
33  5  -0.0004004114   0.0009385150  -0.0001482997  -0.0004419910  -0.0004883778
33  6   0.0002910849   0.0005823678  -0.0003924412   0.0000960978   0.0001124803
33  7   0.0644968169   0.1491388616   0.3095285683  -0.0001702260  -0.0002409806
33  8   0.0016381574   0.0003047918   0.0010470911   0.0004385034   0.0005662186
33  9  -0.0015947746   0.0009508056  -0.0152027892  -0.0130876944  -0.0413699744
33 10   0.0003206532  -0.0001558467  -0.0001963491   0.0000064288   0.0000696523
33 11   0.0001834115  -0.0002003578  -0.0000944012   0.0001301786  -0.0000722340
33 12   0.0002523331   0.0000583950   0.0001088776  -0.0001327617  -0.0000111482
33 13   0.0259570049  -0.0951112167  -0.0490509034
34  1  -0.0999618328  -0.0594279462   0.0862596163   0.0030598153   0.0049580086
34  2  -0.0071360124   0.0013091097   0.0006537577  -0.0008562357  -0.0002916563
34  3  -0.0004331909   0.0002036535   0.0002225306  -0.0003121246  -0.0000285324
34  4  -0.0000612849  -0.0000019445   0.0000058212   0.0000145665   0.0000042401
34  5   0.0000069556   0.0000256173   0.0000694104  -0.0000777318  -0.0000173239
34  6  -0.0000413074   0.0000251143   0.0000173698  -0.0000234220   0.0000188943
34  7  -0.0002114542  -0.0009071846  -0.0001702260   0.1033353113   0.0631687545
34  8  -0.0948286365  -0.0126824534  -0.0164979446   0.0241893845   0.0045715564
34  9   0.0067508905  -0.0075521754   0.0006866232   0.0019805345   0.0001692687
34 10  -0.0000133060   0.0000071535  -0.0000026419   0.0000050113  -0.0000048720
34 11  -0.0000092267   0.0000011668   0.0000064846   0.0000040156  -0.0000013867
34 12  -0.0000062449  -0.0000020633  -0.0000014719   0.0000070815   0.0000001504
34 13  -0.0000065081   0.0000498658  -0.0002193920
35  1  -0.0583978119  -0.1156592275   0.0975226668  -0.0132930943  -0.0206251941
35  2   0.0261701612  -0.0031759620   0.0007870859  -0.0000867743   0.0008229822
35  3   0.0004480659   0.0005478391   0.0004952311  -0.0002474163  -0.0003712225
35  4  -0.0001012027  -0.0000953428   0.0000225603   0.0000120495  -0.0000141898
35  5   0.0000331056  -0.0001522528  -0.0000675429   0.0000680115   0.0001139095
35  6   0.0000227611  -0.0000700932   0.0000932486  -0.0000050069   0.0000259778
35  7   0.0003026312   0.0035044953  -0.0002409806   0.0631687545   0.1286428770
35  8  -0.1105720089   0.0013258955   0.0019843745  -0.0037502818   0.0065123376
35  9   0.0066860845  -0.0082675816   0.0020991732  -0.0058454379  -0.0011284326
35 10   0.0000224738  -0.0000012292   0.0000231804   0.0000014875  -0.0000016616
35 11  -0.0000109082   0.0000112208  -0.0000036955  -0.0000217340  -0.0000000818
35 12   0.0000021568   0.0000022541  -0.0000134412   0.0000070172  -0.0000026982
35 13   0.0001524517   0.0004810266   0.0001069592
36  1   0.0857874393   0.1005515611  -0.1906389606  -0.0022830554  -0.0019569748
36  2   0.0009540947   0.0007942070   0.0004798767   0.0005949942  -0.0009205262
36  3  -0.0004196537  -0.0000595336  -0.0003780774   0.0002285847  -0.0000787227
36  4   0.0000851037   0.0000441339   0.0000197317  -0.0000193496   0.0000125980
36  5  -0.0000027154   0.0000545886   0.0000142075  -0.0000131855  -0.0000438174
36  6  -0.0000209404   0.0000233944  -0.0000473825   0.0000046732  -0.0000201654
36  7  -0.0000375131   0.0001335980   0.0016381574  -0.0948286365  -0.1105720089
36  8   0.2031501418  -0.0012634782  -0.0023395242   0.0021194098   0.0133193770
36  9   0.0147313125  -0.0187195802  -0.0002818978  -0.0009561446   0.0008949361
36 10  -0.0000235465   0.0000114227  -0.0000158781  -0.0000050930   0.0000054209
36 11   0.0000043548   0.0000071872   0.0000064862   0.0000080487   0.0000034790
36 12  -0.0000120020  -0.0000042710   0.0000057737  -0.0000007138  -0.0000006684
36 13   0.0000752180   0.0000540870   0.0001464173
37  1  -0.3100130418   0.0307553702  -0.0166374132  -0.0077447458   0.0006859848
37  2  -0.0011131143   0.0012966576   0.0002208595  -0.0010081693  -0.0000309005
37  3   0.0004743522   0.0004356357  -0.0004647020   0.0004400021   0.0002596075
37  4   0.0003290451  -0.0001235137   0.0000968533  -0.0000451062   0.0000041019
37  5  -0.0000380629   0.0000910895  -0.0001334857   0.0001160110  -0.0000283531
37  6   0.0000954460  -0.0000514011  -0.0000856050   0.0000566924  -0.0000688630
37  7   0.0009945629  -0.0005722756   0.0003047918  -0.0126824534   0.0013258955
37  8  -0.0012634782   0.3353291290  -0.0341500104   0.0191124411  -0.0079947383
37  9   0.0006730149  -0.0001024079   0.0008473853   0.0002853562  -0.0001397713
37 10   0.0000006064   0.0000039921  -0.0000169886  -0.0000116424   0.0000151992
37 11   0.0000186480   0.0000051737  -0.0000067068  -0.0000047233   0.0000039270
37 12   0.0000106407   0.0000096203   0.0000136890  -0.0000168629   0.0000083567
37 13   0.0001900231  -0.0000440526   0.0000824277
38  1   0.0271073430  -0.0498954129   0.0018829269   0.0359647407  -0.0073127010
38  2   0.0034366988  -0.0028943456  -0.0060173441  -0.0018946995   0.0007152881
38  3   0.0011110352   0.0003979327   0.0027949210  -0.0009433345  -0.0002464357
38  4  -0.0002290462   0.0000374334  -0.0004896036   0.0002266230  -0.0000402644
38  5   0.0000972029  -0.0000744023   0.0001822826  -0.0002200202   0.0000121210
38  6  -0.0001092582   0.0001003284   0.0001030441  -0.0000627682   0.0001099420
38  7  -0.0011681726   0.0024016683   0.0010470911  -0.0164979446   0.0019843745
38  8  -0.0023395242  -0.0341500104   0.0556684640  -0.0031056646  -0.0117269795
38  9   0.0008467789   0.0008304353  -0.0003027026   0.0019625319   0.0001338941
38 10   0.0000780813  -0.0000373492   0.0000232760   0.0000277248  -0.0000487064
38 11  -0.0000763980  -0.0000071606   0.0000063497  -0.0000033886  -0.0000133658
38 12  -0.0000025095  -0.0000011646  -0.0000064122   0.0000080920  -0.0000076036
38 13   0.0000406553   0.0002606381   0.0003247743
39  1  -0.0169601197   0.0034265692  -0.0485678840   0.0032180583  -0.0018204241
39  2  -0.0010227701  -0.0011931044  -0.0008045945  -0.0003723781  -0.0000592434
39  3   0.0008063260   0.0006108009   0.0000232052   0.0001345174   0.0001262044
39  4   0.0001459312   0.0000237777  -0.0000314279   0.0000023523   0.0000113914
39  5  -0.0000008604   0.0000015394  -0.0000305417   0.0000076767   0.0000001288
39  6   0.0000152545  -0.0000065134  -0.0000082729   0.0000124017  -0.0000125148
39  7   0.0002581067   0.0001579538   0.0004385034   0.0241893845  -0.0037502818
39  8   0.0021194098   0.0191124411  -0.0031056646   0.0468974184  -0.0280495623
39  9   0.0047068016  -0.0000732157  -0.0006493811   0.0000363645  -0.0000965186
39 10   0.0000100087  -0.0000065749  -0.0000181931  -0.0000020260  -0.0000026535
39 11  -0.0000027136   0.0000041597   0.0000048893   0.0000030079  -0.0000003896
39 12  -0.0000053082   0.0000048403   0.0000013310  -0.0000023944   0.0000031829
39 13  -0.0000445475   0.0001921908  -0.0000060550
40  1  -0.0741038734  -0.0306642619  -0.0776063982   0.0007030466   0.0012507600
40  2   0.0071857325   0.0005209285   0.0006591143   0.0013406544  -0.0014432826
40  3   0.0000492575  -0.0005945758   0.0003567736  -0.0005841241  -0.0005290456
40  4  -0.0001438207   0.0000797870  -0.0000301360   0.0000312562  -0.0000295052
40  5   0.0000195818  -0.0000259967   0.0001162343  -0.0000780639  -0.0000037789
40  6  -0.0000649071   0.0000557386   0.0000380422  -0.0000304432   0.0000511590
40  7  -0.0000164394   0.0022042888   0.0005662186   0.0045715564   0.0065123376
40  8   0.0133193770  -0.0079947383  -0.0117269795  -0.0280495623   0.0765432067
40  9   0.0320140569   0.0840166097   0.0003084972  -0.0002370267   0.0000218711
40 10  -0.0000028351  -0.0000036739   0.0000233214   0.0000098346  -0.0000081341
40 11  -0.0000123979   0.0000003380   0.0000007380  -0.0000000381  -0.0000021039
40 12  -0.0000016088  -0.0000019822  -0.0000063214   0.0000132315  -0.0000043125
40 13   0.0006597102   0.0004508586   0.0003062484
41  1  -0.0282004620  -0.0809616230  -0.0793861095  -0.0115531794  -0.0063162265
41  2  -0.0280443130  -0.0010621214  -0.0007937810  -0.0022198994   0.0002813393
41  3   0.0009570541   0.0015340684  -0.0000751128   0.0006856572   0.0004749317
41  4   0.0000892555   0.0000025630   0.0000542560  -0.0000039914   0.0000101101
41  5  -0.0000313940   0.0000770931  -0.0000736622  -0.0000307348  -0.0000383541
41  6   0.0000285825   0.0000181022  -0.0000445757  -0.0000057798  -0.0000286137
41  7   0.0026291955  -0.0082567203  -0.0015947746   0.0067508905   0.0066860845
41  8   0.0147313125   0.0006730149   0.0008467789   0.0047068016   0.0320140569
41  9   0.0869262484   0.0908699514  -0.0006291885   0.0009333458   0.0006423620
41 10   0.0000451846  -0.0000116347  -0.0000223310   0.0000000229   0.0000084108
41 11   0.0000081542  -0.0000065590  -0.0000020469   0.0000071320  -0.0000105565
41 12   0.0000225405   0.0000092147   0.0000116160  -0.0000160947  -0.0000030287
41 13  -0.0009475682  -0.0006698066  -0.0016950880
42  1  -0.0750311295  -0.0835088888  -0.2584057730   0.0006332556   0.0003703776
42  2  -0.0031378597  -0.0015695659  -0.0012237935  -0.0016054412  -0.0004768033
42  3   0.0019433372   0.0008756516   0.0001154016   0.0002779846   0.0004827963
42  4   0.0000196227  -0.0000230297  -0.0000273505   0.0000230465   0.0000076562
42  5  -0.0000082172  -0.0000107340  -0.0000571755  -0.0000118592   0.0000236318
42  6   0.0000303461   0.0000001524   0.0000187893   0.0000048086   0.0000034446
42  7   0.0001695561  -0.0008533642   0.0009508056  -0.0075521754  -0.0082675816
42  8  -0.0187195802  -0.0001024079   0.0008304353  -0.0000732157   0.0840166097
42  9   0.0908699514   0.2786834750   0.0002195833  -0.0004048141   0.0005574534
42 10   0.0000353499  -0.0000049202  -0.0000168760   0.0000024587  -0.0000026196
42 11   0.0000005821  -0.0000101570  -0.0000009114   0.0000052765  -0.0000034290
42 12   0.0000096503   0.0000030678  -0.0000003686  -0.0000060108  -0.0000023380
42 13  -0.0005205344   0.0000085621   0.0004458056
43  1   0.0045879723   0.0047729981  -0.0055995314  -0.1072589263  -0.0607488721
43  2   0.0846398422  -0.0195870532  -0.0211361838   0.0256698299  -0.0003578571
43  3   0.0033749379  -0.0041571225  -0.0024478179   0.0026401024  -0.0007139422
43  4   0.0005562940   0.0012367745  -0.0005297807  -0.0000814751   0.0000636707
43  5  -0.0001032805  -0.0009575797  -0.0006239730   0.0007968869   0.0005936060
43  6   0.0002397425  -0.0004174565   0.0002189297   0.0002394690  -0.0002098765
43  7   0.0096740098   0.0063675879  -0.0152027892   0.0006866232   0.0020991732
43  8  -0.0002818978   0.0008473853  -0.0003027026  -0.0006493811   0.0003084972
43  9  -0.0006291885   0.0002195833   0.1131864559   0.0620263780  -0.0840254244
43 10   0.0001201575  -0.0000614332  -0.0000589588  -0.0000433808   0.0000200860
43 11   0.0000635317   0.0000182715  -0.0000100009  -0.0000027253  -0.0000014426
43 12   0.0000202573   0.0000266208  -0.0000611261  -0.0000131835  -0.0000326409
43 13  -0.0000015436   0.0004243603   0.0005685128
44  1  -0.0154782000  -0.0211299220   0.0229027773  -0.0569527263  -0.1098329789
44  2   0.0863637132   0.0033066918   0.0045912391  -0.0033800862   0.0001138562
44  3  -0.0000923115   0.0004791271   0.0000947310  -0.0009501704   0.0002379308
44  4  -0.0002481460  -0.0004446143   0.0003408938  -0.0000312199  -0.0000032008
44  5   0.0000279615   0.0002578870   0.0001775441  -0.0002044260  -0.0001724701
44  6  -0.0000774532   0.0000333650  -0.0000226527  -0.0000629807   0.0000828436
44  7   0.0043113817   0.0094770390  -0.0130876944   0.0019805345  -0.0058454379
44  8  -0.0009561446   0.0002853562   0.0019625319   0.0000363645  -0.0002370267
44  9   0.0009333458  -0.0004048141   0.0620263780   0.1204496376  -0.0921096175
44 10  -0.0000259971   0.0000220366   0.0000226811   0.0000073246   0.0000033793
44 11  -0.0000035618  -0.0000092372   0.0000004012  -0.0000094476   0.0000003945
44 12   0.0000006683  -0.0000038057   0.0000130976   0.0000115301   0.0000217298
44 13   0.0007800430   0.0008097166  -0.0003897897
45  1  -0.0005387469  -0.0006727615   0.0034107395   0.0781821108   0.0871832172
45  2  -0.1584779375   0.0036106915   0.0002122271   0.0016724025  -0.0001924546
45  3  -0.0002744196   0.0002571523  -0.0000514692   0.0004647798   0.0008173338
45  4   0.0000652978   0.0002115012  -0.0001727529   0.0000441204  -0.0000274256
45  5  -0.0000412135   0.0002386221   0.0000664622  -0.0000748192  -0.0001841636
45  6  -0.0000147763   0.0001202604  -0.0001888108  -0.0000022739  -0.0000359467
45  7   0.0035570185   0.0039719660  -0.0413699744   0.0001692687  -0.0011284326
45  8   0.0008949361  -0.0001397713   0.0001338941  -0.0000965186   0.0000218711
45  9   0.0006423620   0.0005574534  -0.0840254244  -0.0921096175   0.1929804068
45 10   0.0000546005   0.0000080531   0.0000170989   0.0000090842  -0.0000001750
45 11   0.0000101534  -0.0000328691  -0.0000136942   0.0000296452  -0.0000109704
45 12   0.0000321156  -0.0000019199   0.0000238465  -0.0000222808   0.0000025609
45 13  -0.0006118518   0.0013392788  -0.0004990606
46  1  -0.0001703892  -0.0000815082  -0.0000007469  -0.0000562040   0.0005020797
46  2  -0.0006059464  -0.0003638092  -0.0067467711  -0.0072915009   0.0030467771
46  3   0.0017259849   0.0028073729  -0.0386693236  -0.0164376901  -0.0046229504
46  4  -0.1229318645  -0.1137540823  -0.0254930574   0.0077321183   0.0095330337
46  5   0.0021094081   0.0015145588  -0.0023440629   0.0033868102   0.0011365403
46  6   0.0003878457  -0.0013363787  -0.0004333042   0.0010929156  -0.0015633351
46  7  -0.0002967466   0.0004267780   0.0003206532  -0.0000133060   0.0000224738
46  8  -0.0000235465   0.0000006064   0.0000780813   0.0000100087  -0.0000028351
46  9   0.0000451846   0.0000353499   0.0001201575  -0.0000259971   0.0000546005
46 10   0.1480379177   0.1249313110   0.0295484895   0.0004835663  -0.0003242673
46 11  -0.0005066787   0.0001165782  -0.0004668987  -0.0004598506  -0.0000316455
46 12   0.0012201882   0.0026029684   0.0001128146   0.0001734013   0.0007145195
46 13   0.0006677925   0.0000419998   0.0003138106
47  1   0.0000828868   0.0000386759   0.0000080127  -0.0000803595  -0.0005193879
47  2   0.0005382693   0.0005918964   0.0013765675   0.0000731485   0.0018050547
47  3  -0.0015472476  -0.0009568148   0.0100237726   0.0123517987   0.0010453602
47  4  -0.1209002125  -0.2294458731  -0.0330713617  -0.0059001106  -0.0107795966
47  5  -0.0033761177  -0.0141225597  -0.0169109713  -0.0044222495   0.0008598659
47  6  -0.0008775487   0.0036700379   0.0012983506   0.0014088067   0.0003519579
47  7   0.0001454304  -0.0000998260  -0.0001558467   0.0000071535  -0.0000012292
47  8   0.0000114227   0.0000039921  -0.0000373492  -0.0000065749  -0.0000036739
47  9  -0.0000116347  -0.0000049202  -0.0000614332   0.0000220366   0.0000080531
47 10   0.1249313110   0.2428398898   0.0379888733   0.0002082856   0.0000885217
47 11   0.0000413178   0.0001515184   0.0011836777   0.0001061584   0.0011533646
47 12   0.0004365248  -0.0019308940   0.0000359842   0.0004546447   0.0001677954
47 13  -0.0002305174   0.0000295201  -0.0000856277
48  1  -0.0000226422  -0.0000608195   0.0000150069  -0.0000210038  -0.0002784247
48  2   0.0001228100   0.0018186779   0.0000943904   0.0009942294   0.0000141444
48  3  -0.0003649998  -0.0010143957  -0.0071861649  -0.0024693622  -0.0009235491
48  4  -0.0270305883  -0.0324951775  -0.0545537285  -0.0141685915  -0.0247073077
48  5  -0.0057742356   0.0157960390   0.0236714585   0.0074343019   0.0006706605
48  6   0.0012951250  -0.0068559260  -0.0008872268  -0.0010771379  -0.0011023227
48  7  -0.0002596068   0.0000166209  -0.0001963491  -0.0000026419   0.0000231804
48  8  -0.0000158781  -0.0000169886   0.0000232760  -0.0000181931   0.0000233214
48  9  -0.0000223310  -0.0000168760  -0.0000589588   0.0000226811   0.0000170989
48 10   0.0295484895   0.0379888733   0.0633024633   0.0001926215   0.0004524677
48 11   0.0010679595  -0.0008202842   0.0007371668   0.0013627878   0.0019896106
48 12  -0.0023563672  -0.0040271614   0.0003010164  -0.0005466129   0.0001220602
48 13   0.0001201165   0.0000533004   0.0000598974
49  1  -0.0000575626  -0.0000350236   0.0000080308   0.0001380874   0.0000780754
49  2   0.0000896507   0.0000101400  -0.0010740628  -0.0011073600   0.0003054453
49  3   0.0003469799   0.0005507503  -0.0000207725   0.0020062998   0.0021931014
49  4  -0.0089126315   0.0010269670  -0.0015542388  -0.2911091048   0.0735978668
49  5  -0.0221606409  -0.0019761647   0.0008149202  -0.0003172499   0.0005678412
49  6  -0.0000711564   0.0001435808   0.0009519491  -0.0002908171  -0.0009731918
49  7  -0.0000986748   0.0000064925   0.0000064288   0.0000050113   0.0000014875
49  8  -0.0000050930  -0.0000116424   0.0000277248  -0.0000020260   0.0000098346
49  9   0.0000000229   0.0000024587  -0.0000433808   0.0000073246   0.0000090842
49 10   0.0004835663   0.0002082856   0.0001926215   0.3154631992  -0.0818765650
49 11   0.0249830718  -0.0004461628  -0.0000444913  -0.0005837009  -0.0155512224
49 12   0.0054416169  -0.0014579680   0.0001712827  -0.0001652494   0.0000011081
49 13   0.0001209623  -0.0000066983  -0.0000184179
50  1   0.0001235549   0.0000502982   0.0000190350  -0.0001795195  -0.0003382812
50  2  -0.0001743319   0.0008845869   0.0013474969   0.0010029025  -0.0004652839
50  3  -0.0002519725  -0.0003592999   0.0023533487  -0.0019697688  -0.0039563278
50  4   0.0129437994  -0.0050735894   0.0039008602   0.0725266149  -0.0692729377
50  5   0.0056157224   0.0002082311   0.0002085615   0.0002027017  -0.0000674980
50  6   0.0001016584   0.0000304937  -0.0000061771  -0.0002933407   0.0003537667
50  7   0.0000952267   0.0000522426   0.0000696523  -0.0000048720  -0.0000016616
50  8   0.0000054209   0.0000151992  -0.0000487064  -0.0000026535  -0.0000081341
50  9   0.0000084108  -0.0000026196   0.0000200860   0.0000033793  -0.0000001750
50 10  -0.0003242673   0.0000885217   0.0004524677  -0.0818765650   0.0716402834
50 11  -0.0058116951   0.0191941818  -0.0058635075   0.0004205096  -0.0252480130
50 12   0.0095582156  -0.0018451209  -0.0001423415   0.0001525550   0.0001282357
50 13  -0.0000421581  -0.0000978575  -0.0000495447
51  1   0.0001954677   0.0000669288   0.0000302737  -0.0001901617  -0.0005047943
51  2  -0.0004506178   0.0016995651   0.0009576891   0.0016017975  -0.0006059796
51  3  -0.0000956574  -0.0005557373   0.0041316352  -0.0049151732  -0.0055918161
51  4   0.0249091831  -0.0051632987   0.0044189916  -0.0264021055   0.0072128647
51  5  -0.0504921023   0.0020823082  -0.0000011482   0.0008301563  -0.0005887910
51  6  -0.0001238020  -0.0001379975  -0.0007763160   0.0002937181  -0.0005769231
51  7   0.0000348900   0.0000688319   0.0001834115  -0.0000092267  -0.0000109082
51  8   0.0000043548   0.0000186480  -0.0000763980  -0.0000027136  -0.0000123979
51  9   0.0000081542   0.0000005821   0.0000635317  -0.0000035618   0.0000101534
51 10  -0.0005066787   0.0000413178   0.0010679595   0.0249830718  -0.0058116951
51 11   0.0523707884  -0.0242061179   0.0057099457  -0.0010599224  -0.0045769662
51 12   0.0022601673  -0.0013827234  -0.0002279475   0.0001285222  -0.0001410101
51 13  -0.0000156120  -0.0000417031  -0.0001269053
52  1   0.0000056668   0.0000008528  -0.0000051392   0.0000221612   0.0000204677
52  2   0.0001272197   0.0001207694   0.0006099035   0.0007188539  -0.0003319994
52  3  -0.0002446271  -0.0003701950   0.0013508853  -0.0010534518  -0.0006172369
52  4  -0.0010497230  -0.0054783603   0.0101192214  -0.0483964335   0.0125210174
52  5  -0.0176570165  -0.0016070394   0.0019924524   0.0007257820   0.0002815701
52  6  -0.0004908171   0.0001730112   0.0007541264  -0.0003227349  -0.0003499000
52  7   0.0000970464  -0.0000372576  -0.0002003578   0.0000011668   0.0000112208
52  8   0.0000071872   0.0000051737  -0.0000071606   0.0000041597   0.0000003380
52  9  -0.0000065590  -0.0000101570   0.0000182715  -0.0000092372  -0.0000328691
52 10   0.0001165782   0.0001515184  -0.0008202842  -0.0004461628   0.0191941818
52 11  -0.0242061179   0.0475512573  -0.0151161216   0.0169149121   0.0015719534
52 12  -0.0114669978   0.0153323977   0.0000909144  -0.0002044807   0.0000053002
52 13  -0.0001565208  -0.0000638089   0.0001412286
53  1  -0.0000181125  -0.0000012186  -0.0000217677   0.0000561407   0.0000727936
53  2   0.0000964146  -0.0002244230  -0.0000534541  -0.0002550091   0.0000604613
53  3  -0.0001256442   0.0000772224  -0.0012438104   0.0008816060   0.0006179024
53  4  -0.0008518601   0.0101328286  -0.0161569804   0.0127156471  -0.1563723291
53  5   0.1327215010   0.0021891053  -0.0032885880  -0.0012732079   0.0004590099
53  6   0.0018285669  -0.0007145267  -0.0007568411   0.0005927232  -0.0000877792
53  7  -0.0000162959  -0.0000388368  -0.0000944012   0.0000064846  -0.0000036955
53  8   0.0000064862  -0.0000067068   0.0000063497   0.0000048893   0.0000007380
53  9  -0.0000020469  -0.0000009114  -0.0000100009   0.0000004012  -0.0000136942
53 10  -0.0004668987   0.0011836777   0.0007371668  -0.0000444913  -0.0058635075
53 11   0.0057099457  -0.0151161216   0.1664285295  -0.1408385678   0.0033005055
53 12  -0.0153844375   0.0194206587  -0.0000079771   0.0000068044  -0.0000280404
53 13  -0.0000245532  -0.0000005228   0.0000926991
54  1  -0.0000002342   0.0000143631  -0.0000053153   0.0000300546   0.0000787125
54  2  -0.0001706375  -0.0000204421  -0.0005494516  -0.0005845337   0.0002721133
54  3   0.0000495569   0.0004351483  -0.0014360810   0.0006158869   0.0028128176
54  4  -0.0022142822   0.0175953465  -0.0268372700  -0.0157025742   0.1297772623
54  5  -0.2037086257   0.0021679933  -0.0062144194  -0.0007717195   0.0006013885
54  6   0.0020496747  -0.0009331229  -0.0007896183   0.0008260227  -0.0004186810
54  7  -0.0000656500  -0.0000134266   0.0001301786   0.0000040156  -0.0000217340
54  8   0.0000080487  -0.0000047233  -0.0000033886   0.0000030079  -0.0000000381
54  9   0.0000071320   0.0000052765  -0.0000027253  -0.0000094476   0.0000296452
54 10  -0.0004598506   0.0001061584   0.0013627878  -0.0005837009   0.0004205096
54 11  -0.0010599224   0.0169149121  -0.1408385678   0.2240992585   0.0011782142
54 12  -0.0039846659   0.0055241042   0.0000303733   0.0000537608   0.0001609946
54 13   0.0000808554   0.0000407149  -0.0000814400
55  1   0.0000109630  -0.0000016446   0.0000041596  -0.0000272941  -0.0000791363
55  2   0.0000467150   0.0002098544   0.0004214940   0.0005392582  -0.0004846849
55  3   0.0000342710  -0.0001177151   0.0020840535  -0.0004291253  -0.0006069041
55  4   0.0051543296   0.0097827635   0.0020861390  -0.1351310454  -0.1226351683
55  5  -0.0267630222   0.0004877080  -0.0003507695  -0.0005982603  -0.0000154557
55  6   0.0002733017  -0.0003061540  -0.0001545929   0.0002568983  -0.0001581670
55  7   0.0000274656  -0.0000282800  -0.0000722340  -0.0000013867  -0.0000000818
55  8   0.0000034790   0.0000039270  -0.0000133658  -0.0000003896  -0.0000021039
55  9  -0.0000105565  -0.0000034290  -0.0000014426   0.0000003945  -0.0000109704
55 10  -0.0000316455   0.0011533646   0.0019896106  -0.0155512224  -0.0252480130
55 11  -0.0045769662   0.0015719534   0.0033005055   0.0011782142   0.1418864687
55 12   0.1335762090   0.0274726628   0.0000666944  -0.0000528909  -0.0001195964
55 13  -0.0001025435   0.0000498299   0.0000135698
56  1   0.0000444479   0.0000249851   0.0000201640  -0.0001017009  -0.0000576219
56  2  -0.0001941813  -0.0000178898  -0.0005460984  -0.0006670710   0.0006453681
56  3   0.0002610423   0.0003856265  -0.0006105495   0.0013361625   0.0010127401
56  4  -0.0085098298  -0.0132044379  -0.0044599955  -0.1208542167  -0.2169446293
56  5  -0.0347290964  -0.0002344541  -0.0004265852   0.0016242440   0.0006905158
56  6   0.0006817458  -0.0006298993  -0.0000107820   0.0001100682  -0.0002283308
56  7   0.0000289789   0.0001070811   0.0002523331  -0.0000062449   0.0000021568
56  8  -0.0000120020   0.0000106407  -0.0000025095  -0.0000053082  -0.0000016088
56  9   0.0000225405   0.0000096503   0.0000202573   0.0000006683   0.0000321156
56 10   0.0012201882   0.0004365248  -0.0023563672   0.0054416169   0.0095582156
56 11   0.0022601673  -0.0114669978  -0.0153844375  -0.0039846659   0.1335762090
56 12   0.2342039567   0.0417989361  -0.0000148871  -0.0000397072   0.0000034038
56 13   0.0001509386  -0.0001391205  -0.0001324634
57  1   0.0000405132   0.0000451200  -0.0000382935  -0.0000101638   0.0000301703
57  2   0.0000551905  -0.0003686207  -0.0004488150  -0.0007336196   0.0009601667
57  3  -0.0000481213   0.0000064701  -0.0010873601   0.0021483037   0.0017027881
57  4  -0.0182222797  -0.0246991341  -0.0080181266  -0.0240874431  -0.0331847724
57  5  -0.0551531918  -0.0021169367  -0.0024511259   0.0022609093   0.0008362757
57  6   0.0008644150  -0.0000002674   0.0001047847   0.0004706439  -0.0003326762
57  7   0.0000345281  -0.0000135920   0.0000583950  -0.0000020633   0.0000022541
57  8  -0.0000042710   0.0000096203  -0.0000011646   0.0000048403  -0.0000019822
57  9   0.0000092147   0.0000030678   0.0000266208  -0.0000038057  -0.0000019199
57 10   0.0026029684  -0.0019308940  -0.0040271614  -0.0014579680  -0.0018451209
57 11  -0.0013827234   0.0153323977   0.0194206587   0.0055241042   0.0274726628
57 12   0.0417989361   0.0601674115  -0.0000340729  -0.0001076851  -0.0001594167
57 13  -0.0000316477  -0.0000554853   0.0000684907
58  1  -0.0000014114   0.0000147207   0.0000166814  -0.0000371960   0.0000115154
58  2  -0.0000450838  -0.0002162445  -0.0002482762  -0.0007815917   0.0003112109
58  3  -0.0000804183   0.0003637275  -0.0009952260   0.0013899517  -0.0009846151
58  4  -0.0056766232  -0.0011657480   0.0000314636   0.0000613071  -0.0000124696
58  5   0.0000940227  -0.0026943759   0.0366287996  -0.0468309786   0.0034105180
58  6  -0.0042376680   0.0066579937  -0.0448814346  -0.0222378033   0.0235907720
58  7   0.0000270334  -0.0000286315   0.0001088776  -0.0000014719  -0.0000134412
58  8   0.0000057737   0.0000136890  -0.0000064122   0.0000013310  -0.0000063214
58  9   0.0000116160  -0.0000003686  -0.0000611261   0.0000130976   0.0000238465
58 10   0.0001128146   0.0000359842   0.0003010164   0.0001712827  -0.0001423415
58 11  -0.0002279475   0.0000909144  -0.0000079771   0.0000303733   0.0000666944
58 12  -0.0000148871  -0.0000340729   0.0503175328  -0.0099472540   0.0177358168
58 13  -0.0000115663   0.0000376429  -0.0000570380
59  1  -0.0000003219  -0.0000200213  -0.0000070552   0.0000259413  -0.0000510761
59  2   0.0001656946   0.0001289644   0.0003381793   0.0004820862  -0.0002756263
59  3   0.0000311111  -0.0004840220   0.0002261273   0.0002811467   0.0000675916
59  4   0.0009501382   0.0031831256   0.0015541036  -0.0000903286  -0.0003183215
59  5   0.0002833406   0.0072193759  -0.0034528870   0.0105262596  -0.0044627666
59  6  -0.0040639336  -0.0032485141   0.0065333805  -0.1970425096   0.2277707159
59  7  -0.0000667413  -0.0000376028  -0.0001327617   0.0000070815   0.0000070172
59  8  -0.0000007138  -0.0000168629   0.0000080920  -0.0000023944   0.0000132315
59  9  -0.0000160947  -0.0000060108  -0.0000131835   0.0000115301  -0.0000222808
59 10   0.0001734013   0.0004546447  -0.0005466129  -0.0001652494   0.0001525550
59 11   0.0001285222  -0.0002044807   0.0000068044   0.0000537608  -0.0000528909
59 12  -0.0000397072  -0.0001076851  -0.0099472540   0.2005503998  -0.2365096727
59 13   0.0000180640   0.0000175479   0.0000356484
60  1   0.0000087306   0.0000106353   0.0000183319  -0.0000270303  -0.0000148193
60  2   0.0000583593  -0.0001821165   0.0001964099   0.0000334974   0.0001025916
60  3  -0.0000967355  -0.0001345530   0.0001150060   0.0002507910  -0.0004636680
60  4  -0.0029085210   0.0006562526   0.0038103229   0.0002400279  -0.0005351321
60  5   0.0004224479  -0.0105769478   0.0151193473  -0.0158408204   0.0070760576
60  6  -0.0031429281  -0.0010568643  -0.0121494616   0.2237966993  -0.2972364778
60  7   0.0000284711  -0.0000444565  -0.0000111482   0.0000001504  -0.0000026982
60  8  -0.0000006684   0.0000083567  -0.0000076036   0.0000031829  -0.0000043125
60  9  -0.0000030287  -0.0000023380  -0.0000326409   0.0000217298   0.0000025609
60 10   0.0007145195   0.0001677954   0.0001220602   0.0000011081   0.0001282357
60 11  -0.0001410101   0.0000053002  -0.0000280404   0.0001609946  -0.0001195964
60 12   0.0000034038  -0.0001594167   0.0177358168  -0.2365096727   0.3104307379
60 13  -0.0000355095   0.0000338150  -0.0000155307
61  1  -0.0013189544  -0.0013262935  -0.0028829257   0.0027665170  -0.0158675164
61  2  -0.0038550263   0.0032456423  -0.0058869455  -0.0052719453  -0.0000310902
61  3   0.0017926651   0.0020687907  -0.0015720797   0.0006413809   0.0006095671
61  4  -0.0021117661   0.0019437193   0.0007207912   0.0000818870  -0.0001043104
61  5   0.0000462937   0.0000699865   0.0007514532  -0.0011121337  -0.0001028338
61  6  -0.0004980701   0.0006343070   0.0003740719  -0.0004180793   0.0005384416
61  7  -0.0886646014   0.1908515739   0.0259570049  -0.0000065081   0.0001524517
61  8   0.0000752180   0.0001900231   0.0000406553  -0.0000445475   0.0006597102
61  9  -0.0009475682  -0.0005205344  -0.0000015436   0.0007800430  -0.0006118518
61 10   0.0006677925  -0.0002305174   0.0001201165   0.0001209623  -0.0000421581
61 11  -0.0000156120  -0.0001565208  -0.0000245532   0.0000808554  -0.0001025435
61 12   0.0001509386  -0.0000316477  -0.0000115663   0.0000180640  -0.0000355095
61 13   0.0859034152  -0.1717769329  -0.0164696522
62  1  -0.0014066755  -0.0000645842  -0.0040770474   0.0046686742  -0.0141973238
62  2  -0.0004638029  -0.0016681760   0.0006976369  -0.0000218796   0.0021030764
62  3   0.0003003091   0.0007845244   0.0029147595  -0.0012149303   0.0006454740
62  4  -0.0009014437   0.0002882417   0.0005391811   0.0000906359   0.0002191943
62  5   0.0000510050   0.0005945116   0.0005134252  -0.0004058737  -0.0003382471
62  6  -0.0004210874   0.0000805545  -0.0001045001  -0.0002005962   0.0001725699
62  7   0.1648843203  -0.4133624231  -0.0951112167   0.0000498658   0.0004810266
62  8   0.0000540870  -0.0000440526   0.0002606381   0.0001921908   0.0004508586
62  9  -0.0006698066   0.0000085621   0.0004243603   0.0008097166   0.0013392788
62 10   0.0000419998   0.0000295201   0.0000533004  -0.0000066983  -0.0000978575
62 11  -0.0000417031  -0.0000638089  -0.0000005228   0.0000407149   0.0000498299
62 12  -0.0001391205  -0.0000554853   0.0000376429   0.0000175479   0.0000338150
62 13  -0.1717769329   0.4267509958   0.0961817508
63  1  -0.0024279989  -0.0005225913  -0.0056662234   0.0145768456  -0.0383265091
63  2  -0.0115749450  -0.0027974769  -0.0020318820   0.0000300153   0.0012231606
63  3   0.0004587136   0.0005055410   0.0012518786   0.0000395568  -0.0006945503
63  4  -0.0007554851   0.0009835616   0.0002684966  -0.0000185428   0.0001057189
63  5   0.0001766941  -0.0007291242  -0.0001580108   0.0000408957   0.0005298434
63  6   0.0000016784  -0.0000881817   0.0004789558  -0.0001107630   0.0001012537
63  7   0.0040066459  -0.0548287913  -0.0490509034  -0.0002193920   0.0001069592
63  8   0.0001464173   0.0000824277   0.0003247743  -0.0000060550   0.0003062484
63  9  -0.0016950880   0.0004458056   0.0005685128  -0.0003897897  -0.0004990606
63 10   0.0003138106  -0.0000856277   0.0000598974  -0.0000184179  -0.0000495447
63 11  -0.0001269053   0.0001412286   0.0000926991  -0.0000814400   0.0000135698
63 12  -0.0001324634   0.0000684907  -0.0000570380   0.0000356484  -0.0000155307
63 13  -0.0164696522   0.0961817508   0.0659602881
$end
