$energy      SCF               SCFKIN            SCFPOT
     1 -1589.334266422      1582.671130889     -3172.005397311
     2 -1589.334267492      1582.666416449     -3172.000683942
     3 -1589.334268936      1582.665643137     -3171.999912073
     4 -1589.334270725      1582.661131212     -3171.995401937
     5 -1589.334272122      1582.661032441     -3171.995304563
     6 -1589.334273770      1582.661076375     -3171.995350145
     7 -1589.334275571      1582.663191814     -3171.997467385
     8 -1589.334277157      1582.665736717     -3172.000013874
     9 -1589.334279107      1582.667664345     -3172.001943452
    10 -1589.334281811      1582.669908948     -3172.004190759
    11 -1589.334283796      1582.669276910     -3172.003560706
    12 -1589.334285599      1582.666187388     -3172.000472988
    13 -1589.334287327      1582.665567569     -3171.999854895
    14 -1589.334289142      1582.664575765     -3171.998864907
    15 -1589.334290703      1582.664871574     -3171.999162276
    16 -1589.334292214      1582.665943141     -3172.000235356
    17 -1589.334293301      1582.667565794     -3172.001859094
    18 -1589.334294650      1582.668140655     -3172.002435305
    19 -1589.334295877      1582.667552239     -3172.001848117
    20 -1589.334298233      1582.666711678     -3172.001009911
    21 -1589.334300924      1582.665014631     -3171.999315555
    22 -1589.334302862      1582.664120475     -3171.998423338
    23 -1589.334304250      1582.663988341     -3171.998292592
    24 -1589.334305915      1582.665322559     -3171.999628474
    25 -1589.334306969      1582.666126568     -3172.000433537
    26 -1589.334308064      1582.666527145     -3172.000835209
    27 -1589.334309745      1582.664836031     -3171.999145777
    28 -1589.334310863      1582.664386660     -3171.998697523
    29 -1589.334311883      1582.664138164     -3171.998450047
    30 -1589.334313362      1582.664887748     -3171.999201110
    31 -1589.334315145      1582.665255448     -3171.999570593
    32 -1589.334316183      1582.664265316     -3171.998581498
    33 -1589.334316874      1582.664977483     -3171.999294357
    34 -1589.334317947      1582.664678703     -3171.998996649
    35 -1589.334319285      1582.664857322     -3171.999176607
    36 -1589.334320794      1582.663173879     -3171.997494673
    37 -1589.334320770      1582.661727102     -3171.996047872
    38 -1589.334323277      1582.664383921     -3171.998707197
    39 -1589.334326297      1582.663576334     -3171.997902631
    40 -1589.334329773      1582.663153079     -3171.997482852
    41 -1589.334333811      1582.663537743     -3171.997871554
    42 -1589.334341342      1582.663174378     -3171.997515720
    43 -1589.334346363      1582.663477059     -3171.997823422
    44 -1589.334349807      1582.664241516     -3171.998591323
    45 -1589.334356072      1582.664722006     -3171.999078078
    46 -1589.334358513      1582.664700201     -3171.999058714
    47 -1589.334361504      1582.662419768     -3171.996781273
    48 -1589.334365692      1582.658856000     -3171.993221693
    49 -1589.334369003      1582.657375085     -3171.991744088
    50 -1589.334372407      1582.658372574     -3171.992744982
    51 -1589.334374204      1582.659614587     -3171.993988790
    52 -1589.334376443      1582.662067384     -3171.996443827
    53 -1589.334378967      1582.665414662     -3171.999793629
    54 -1589.334380506      1582.670508939     -3172.004889445
    55 -1589.334382628      1582.669650737     -3172.004033365
    56 -1589.334384462      1582.668081075     -3172.002465536
    57 -1589.334385934      1582.665543093     -3171.999929027
    58 -1589.334387081      1582.667606093     -3172.001993174
    59 -1589.334389824      1582.668096038     -3172.002485862
    60 -1589.334392676      1582.667512822     -3172.001905498
    61 -1589.334395639      1582.667494128     -3172.001889768
    62 -1589.334399643      1582.666885735     -3172.001285379
    63 -1589.334404709      1582.667509431     -3172.001914141
    64 -1589.334408104      1582.669108263     -3172.003516367
    65 -1589.334408415      1582.671045605     -3172.005454020
    66 -1589.334414887      1582.671309560     -3172.005724447
    67 -1589.334418422      1582.673006150     -3172.007424573
    68 -1589.334424042      1582.673247783     -3172.007671825
    69 -1589.334425706      1582.674799127     -3172.009224834
    70 -1589.334429693      1582.676859754     -3172.011289448
    71 -1589.334430966      1582.677502905     -3172.011933871
    72 -1589.334432652      1582.679740803     -3172.014173454
    73 -1589.334434780      1582.677336152     -3172.011770931
    74 -1589.334436191      1582.677292798     -3172.011728989
    75 -1589.334438909      1582.677235959     -3172.011674868
    76 -1589.334441864      1582.676674289     -3172.011116152
    77 -1589.334443798      1582.676217627     -3172.010661425
    78 -1589.334445039      1582.677422613     -3172.011867652
    79 -1589.334448751      1582.678036474     -3172.012485225
    80 -1589.334451978      1582.678776112     -3172.013228090
    81 -1589.334454255      1582.678695825     -3172.013150081
    82 -1589.334457538      1582.678056845     -3172.012514383
    83 -1589.334459480      1582.677340001     -3172.011799481
    84 -1589.334460287      1582.677500731     -3172.011961018
    85 -1589.334462313      1582.676778765     -3172.011241078
    86 -1589.334464043      1582.676319521     -3172.010783564
    87 -1589.334465552      1582.676658311     -3172.011123862
    88 -1589.334466597      1582.678130557     -3172.012597154
    89 -1589.334468446      1582.677730075     -3172.012198521
    90 -1589.334469613      1582.676887296     -3172.011356909
    91 -1589.334472237      1582.673429082     -3172.007901318
    92 -1589.334473716      1582.672032988     -3172.006506703
    93 -1589.334474919      1582.672005450     -3172.006480369
    94 -1589.334476244      1582.671011624     -3172.005487868
    95 -1589.334477451      1582.670835863     -3172.005313314
    96 -1589.334479075      1582.670741100     -3172.005220175
    97 -1589.334479968      1582.671081869     -3172.005561837
    98 -1589.334478529      1582.673310690     -3172.007789219
    99 -1589.334480477      1582.671828058     -3172.006308535
   100 -1589.334482591      1582.669545250     -3172.004027841
   101 -1589.334483435      1582.668100173     -3172.002583608
   102 -1589.334484703      1582.667480684     -3172.001965387
   103 -1589.334485883      1582.666490956     -3172.000976839
   104 -1589.334487659      1582.666428142     -3172.000915801
   105 -1589.334488645      1582.666950480     -3172.001439125
   106 -1589.334488966      1582.668788735     -3172.003277701
   107 -1589.334489758      1582.667919281     -3172.002409039
   108 -1589.334490731      1582.666720938     -3172.001211669
   109 -1589.334491935      1582.666059817     -3172.000551752
   110 -1589.334492386      1582.665835516     -3172.000327903
   111 -1589.334493514      1582.665978583     -3172.000472097
   112 -1589.334494063      1582.666949296     -3172.001443359
   113 -1589.334494753      1582.667691549     -3172.002186302
   114 -1589.334495117      1582.668434556     -3172.002929673
   115 -1589.334495652      1582.669296250     -3172.003791902
   116 -1589.334496049      1582.669798712     -3172.004294760
   117 -1589.334496445      1582.670194834     -3172.004691279
   118 -1589.334496506      1582.670622862     -3172.005119368
   119 -1589.334496908      1582.671012579     -3172.005509487
   120 -1589.334497190      1582.671430308     -3172.005927498
   121 -1589.334497691      1582.670874279     -3172.005371970
   122 -1589.334498592      1582.671584633     -3172.006083225
   123 -1589.334499036      1582.670787544     -3172.005286580
   124 -1589.334500003      1582.669996081     -3172.004496084
   125 -1589.334500945      1582.669349124     -3172.003850069
   126 -1589.334501948      1582.668503984     -3172.003005932
   127 -1589.334502517      1582.669075785     -3172.003578302
   128 -1589.334503399      1582.671317434     -3172.005820833
   129 -1589.334503859      1582.671278448     -3172.005782308
   130 -1589.334504438      1582.670349080     -3172.004853518
   131 -1589.334504567      1582.670528144     -3172.005032711
   132 -1589.334505568      1582.669898053     -3172.004403622
   133 -1589.334506546      1582.670138998     -3172.004645545
   134 -1589.334507064      1582.670414572     -3172.004921636
   135 -1589.334507662      1582.671019544     -3172.005527206
   136 -1589.334507864      1582.671631976     -3172.006139841
   137 -1589.334508341      1582.671593152     -3172.006101493
   138 -1589.334508706      1582.671328962     -3172.005837668
   139 -1589.334509391      1582.670191556     -3172.004700946
   140 -1589.334509934      1582.669529157     -3172.004039091
   141 -1589.334510656      1582.669122570     -3172.003633226
   142 -1589.334511662      1582.667026558     -3172.001538220
   143 -1589.334512176      1582.667886233     -3172.002398409
   144 -1589.334513093      1582.668036337     -3172.002549430
   145 -1589.334513547      1582.668449354     -3172.002962901
   146 -1589.334514126      1582.668123432     -3172.002637558
   147 -1589.334514183      1582.667719583     -3172.002233766
   148 -1589.334514744      1582.667421850     -3172.001936594
   149 -1589.334515008      1582.666623442     -3172.001138449
   150 -1589.334515465      1582.666493264     -3172.001008729
   151 -1589.334515446      1582.665147741     -3171.999663186
   152 -1589.334516180      1582.667206140     -3172.001722320
   153 -1589.334516368      1582.669361470     -3172.003877839
   154 -1589.334517013      1582.668933473     -3172.003450486
   155 -1589.334517355      1582.669635872     -3172.004153227
   156 -1589.334517833      1582.668846336     -3172.003364170
   157 -1589.334517844      1582.669888684     -3172.004406528
   158 -1589.334518978      1582.667485588     -3172.002004566
   159 -1589.334519169      1582.667426130     -3172.001945299
   160 -1589.334519840      1582.665788819     -3172.000308659
   161 -1589.334520658      1582.664342876     -3171.998863534
   162 -1589.334522076      1582.664321021     -3171.998843097
   163 -1589.334525622      1582.660579040     -3171.995104662
   164 -1589.334527732      1582.660595516     -3171.995123248
   165 -1589.334530211      1582.661912815     -3171.996443026
   166 -1589.334531867      1582.660535755     -3171.995067623
   167 -1589.334532938      1582.659989917     -3171.994522855
   168 -1589.334534072      1582.662176375     -3171.996710446
   169 -1589.334534413      1582.661325583     -3171.995859997
   170 -1589.334535207      1582.662372778     -3171.996907985
   171 -1589.334536698      1582.661811747     -3171.996348445
   172 -1589.334538021      1582.661378516     -3171.995916537
   173 -1589.334539764      1582.660129339     -3171.994669103
   174 -1589.334540411      1582.660137833     -3171.994678244
   175 -1589.334541705      1582.664068132     -3171.998609837
   176 -1589.334543154      1582.668328504     -3172.002871658
   177 -1589.334544462      1582.668392693     -3172.002937155
   178 -1589.334545870      1582.669073896     -3172.003619766
   179 -1589.334547178      1582.668985323     -3172.003532501
   180 -1589.334549289      1582.668558823     -3172.003108112
   181 -1589.334550596      1582.669666404     -3172.004217000
   182 -1589.334551921      1582.670343267     -3172.004895188
   183 -1589.334552972      1582.672854732     -3172.007407704
   184 -1589.334554378      1582.673574556     -3172.008128934
   185 -1589.334556122      1582.674742179     -3172.009298301
   186 -1589.334557518      1582.674133402     -3172.008690920
   187 -1589.334558777      1582.673674103     -3172.008232880
   188 -1589.334560763      1582.669810106     -3172.004370870
   189 -1589.334561104      1582.670710386     -3172.005271490
   190 -1589.334562004      1582.677248290     -3172.011810294
   191 -1589.334562731      1582.673026930     -3172.007589661
   192 -1589.334563077      1582.673692108     -3172.008255185
   193 -1589.334563486      1582.672905363     -3172.007468849
   194 -1589.334563275      1582.669539640     -3172.004102915
   195 -1589.334563673      1582.670575424     -3172.005139097
   196 -1589.334563899      1582.670618209     -3172.005182108
   197 -1589.334563929      1582.669933123     -3172.004497052
   198 -1589.334564554      1582.668908189     -3172.003472743
   199 -1589.334564695      1582.669154882     -3172.003719577
   200 -1589.334564826      1582.668892631     -3172.003457457
   201 -1589.334565067      1582.668161806     -3172.002726874
   202 -1589.334565209      1582.668792145     -3172.003357354
$end
