$coord
   -4.36795833026660     -0.41732226423568      1.91457022770662  c
   -2.53525102859432     -1.44928906346912     -0.05037896755042  c
   -0.06179585159473     -0.71820558618091      0.65020261196863  o
    1.82698576391550     -1.41275357665424     -1.09863142713431  c
    4.34670539617132     -0.28325845136680     -0.31319628970935  c
    4.41355667339179      2.45317989582197     -0.70241833676827  n
   -4.40446482576909      2.32780896652798      2.17990163369344  n
   -6.27304859442983     -1.07079419898654      1.44997014456939  h
   -3.88575404372673     -1.23638816102828      3.74990228214172  h
   -2.99468169435346     -0.68987218924376     -1.93341486625700  h
   -2.68086488554994     -3.52333848220172     -0.15505479254974  h
    1.31837324006652     -0.75074861610496     -3.00517693589870  h
    1.99485731523985     -3.48391630945828     -1.18827193728408  h
    4.61740942272397     -0.65604582076812      1.69896467875180  h
    5.84313653433371     -1.30984886228224     -1.33049177377314  h
    4.56935074507864      2.87450648347101     -2.56468838389639  h
    5.91805423964411      3.23566648217085      0.18329775649961  h
   -2.61705402943520      2.96130966736835      2.46384732158854  h
   -5.02755793656837      3.14931008662004      0.56367147676864  h
$user-defined bonds
$end
