$energy      SCF               SCFKIN            SCFPOT
     1 -1162.258447604      1157.125585671     -2319.384033275
     2 -1162.260243093      1157.574297340     -2319.834540433
     3 -1162.263354084      1157.460796181     -2319.724150265
     4 -1162.264580839      1157.414342783     -2319.678923622
     5 -1162.265961783      1157.484926253     -2319.750888036
     6 -1162.266846230      1157.566246724     -2319.833092954
     7 -1162.267293449      1157.574325016     -2319.841618465
     8 -1162.267638013      1157.592660967     -2319.860298980
     9 -1162.267928923      1157.561592167     -2319.829521090
    10 -1162.268195686      1157.542148817     -2319.810344503
    11 -1162.268381408      1157.537607679     -2319.805989087
    12 -1162.268558390      1157.551178217     -2319.819736607
    13 -1162.268758564      1157.575360002     -2319.844118566
    14 -1162.268911145      1157.578080025     -2319.846991170
    15 -1162.269050772      1157.565252475     -2319.834303247
    16 -1162.269176010      1157.545402959     -2319.814578969
    17 -1162.269279224      1157.523520069     -2319.792799293
    18 -1162.269372753      1157.526099665     -2319.795472418
    19 -1162.269462473      1157.542361994     -2319.811824467
    20 -1162.269541982      1157.557650243     -2319.827192225
    21 -1162.269624505      1157.573110239     -2319.842734744
    22 -1162.269699625      1157.568777071     -2319.838476697
    23 -1162.269755072      1157.560621669     -2319.830376740
    24 -1162.269810793      1157.549805708     -2319.819616501
    25 -1162.269877468      1157.548065839     -2319.817943307
    26 -1162.269939389      1157.556324206     -2319.826263595
    27 -1162.269994216      1157.571057526     -2319.841051742
    28 -1162.270038617      1157.581513665     -2319.851552282
    29 -1162.270084819      1157.580903805     -2319.850988624
    30 -1162.270117534      1157.575404428     -2319.845521962
    31 -1162.270145136      1157.567370229     -2319.837515364
    32 -1162.270176079      1157.561220962     -2319.831397041
    33 -1162.270204471      1157.565876444     -2319.836080916
    34 -1162.270219012      1157.571109494     -2319.841328506
    35 -1162.270244002      1157.576684472     -2319.846928473
    36 -1162.270269998      1157.576622281     -2319.846892279
    37 -1162.270273090      1157.576446656     -2319.846719746
    38 -1162.270284808      1157.574916765     -2319.845201572
    39 -1162.270320751      1157.552788542     -2319.823109293
    40 -1162.270330332      1157.552029427     -2319.822359759
    41 -1162.270351531      1157.546317645     -2319.816669175
    42 -1162.270367987      1157.548023936     -2319.818391923
    43 -1162.270392883      1157.552698148     -2319.823091031
    44 -1162.270408438      1157.558661672     -2319.829070110
    45 -1162.270426768      1157.560135251     -2319.830562019
    46 -1162.270444006      1157.565014857     -2319.835458863
    47 -1162.270455228      1157.569379834     -2319.839835062
    48 -1162.270468592      1157.574137214     -2319.844605806
    49 -1162.270477957      1157.581673086     -2319.852151043
    50 -1162.270483313      1157.577174964     -2319.847658277
    51 -1162.270489628      1157.577264786     -2319.847754414
    52 -1162.270498331      1157.575222075     -2319.845720406
    53 -1162.270502901      1157.574965753     -2319.845468654
    54 -1162.270514117      1157.576013243     -2319.846527361
    55 -1162.270522733      1157.577442266     -2319.847964999
    56 -1162.270531969      1157.576824137     -2319.847356106
    57 -1162.270544969      1157.572706401     -2319.843251369
    58 -1162.270552060      1157.569477826     -2319.840029886
    59 -1162.270561060      1157.564467980     -2319.835029040
    60 -1162.270571445      1157.563907978     -2319.834479422
    61 -1162.270579133      1157.560389508     -2319.830968642
    62 -1162.270588172      1157.562363076     -2319.832951247
    63 -1162.270594282      1157.563540038     -2319.834134320
    64 -1162.270602736      1157.560343040     -2319.830945776
    65 -1162.270609025      1157.560292131     -2319.830901156
    66 -1162.270611550      1157.557080630     -2319.827692180
    67 -1162.270613218      1157.557049488     -2319.827662706
    68 -1162.270616558      1157.559908312     -2319.830524870
    69 -1162.270618597      1157.560543344     -2319.831161942
    70 -1162.270619930      1157.563316170     -2319.833936099
    71 -1162.270620991      1157.564850319     -2319.835471310
    72 -1162.270621659      1157.565721433     -2319.836343092
    73 -1162.270622295      1157.566577843     -2319.837200138
    74 -1162.270622728      1157.566494454     -2319.837117181
    75 -1162.270623332      1157.565912454     -2319.836535786
    76 -1162.270623980      1157.565103814     -2319.835727794
    77 -1162.270624870      1157.564887965     -2319.835512835
    78 -1162.270625737      1157.564831485     -2319.835457223
    79 -1162.270626435      1157.564917750     -2319.835544185
    80 -1162.270627028      1157.565216618     -2319.835843647
    81 -1162.270627915      1157.567300610     -2319.837928524
    82 -1162.270628995      1157.568505920     -2319.839134916
    83 -1162.270629516      1157.568957632     -2319.839587148
    84 -1162.270630311      1157.569551828     -2319.840182138
    85 -1162.270630735      1157.569443368     -2319.840074103
    86 -1162.270631769      1157.569203102     -2319.839834871
    87 -1162.270632552      1157.568457863     -2319.839090415
    88 -1162.270633343      1157.567514334     -2319.838147677
    89 -1162.270634495      1157.567456993     -2319.838091489
    90 -1162.270635899      1157.567790766     -2319.838426665
    91 -1162.270637458      1157.568538824     -2319.839176282
    92 -1162.270638452      1157.569096457     -2319.839734909
    93 -1162.270640414      1157.569679214     -2319.840319628
    94 -1162.270641846      1157.569242440     -2319.839884286
    95 -1162.270643344      1157.568194726     -2319.838838070
    96 -1162.270644477      1157.567488177     -2319.838132654
    97 -1162.270645972      1157.567111793     -2319.837757765
    98 -1162.270646722      1157.567429247     -2319.838075970
    99 -1162.270647809      1157.567405047     -2319.838052856
   100 -1162.270648633      1157.567757751     -2319.838406383
   101 -1162.270650456      1157.568820875     -2319.839471331
   102 -1162.270651548      1157.568809051     -2319.839460599
   103 -1162.270651271      1157.568984800     -2319.839636071
   104 -1162.270653121      1157.568487880     -2319.839141001
   105 -1162.270653861      1157.567660080     -2319.838313941
   106 -1162.270655226      1157.566347758     -2319.837002984
   107 -1162.270656166      1157.565259448     -2319.835915614
   108 -1162.270656954      1157.565805521     -2319.836462474
   109 -1162.270658249      1157.566911929     -2319.837570178
   110 -1162.270658699      1157.566785607     -2319.837444306
   111 -1162.270659358      1157.566029137     -2319.836688495
   112 -1162.270659562      1157.565883674     -2319.836543236
   113 -1162.270660295      1157.566138043     -2319.836798338
   114 -1162.270660811      1157.566593147     -2319.837253958
   115 -1162.270661071      1157.566860308     -2319.837521379
   116 -1162.270661762      1157.567064109     -2319.837725870
   117 -1162.270662173      1157.566598827     -2319.837261000
   118 -1162.270662328      1157.566798330     -2319.837460659
   119 -1162.270662689      1157.566497686     -2319.837160375
   120 -1162.270663315      1157.565591262     -2319.836254578
   121 -1162.270663686      1157.565013658     -2319.835677344
   122 -1162.270663944      1157.565086549     -2319.835750493
   123 -1162.270664590      1157.565540886     -2319.836205476
   124 -1162.270664887      1157.566137683     -2319.836802571
   125 -1162.270664867      1157.566224795     -2319.836889662
   126 -1162.270665279      1157.566364478     -2319.837029757
   127 -1162.270665518      1157.566409257     -2319.837074775
   128 -1162.270665667      1157.566613399     -2319.837279066
   129 -1162.270665983      1157.567829501     -2319.838495484
   130 -1162.270666193      1157.568037081     -2319.838703274
   131 -1162.270666304      1157.567881773     -2319.838548077
   132 -1162.270666613      1157.568016642     -2319.838683255
   133 -1162.270666810      1157.567880511     -2319.838547321
   134 -1162.270666922      1157.567831211     -2319.838498133
   135 -1162.270667028      1157.567234954     -2319.837901983
   136 -1162.270667140      1157.566875794     -2319.837542934
$end
